-1.83831 -1.32861 2.6517 2.75946 0.530781 0.473864 1.69461 1.46583 1.47282 1.07285 -0.0376294 0.260281 0.570445 -2.55852 -1.84106 3.93672 4.45006 1.15688 0.724559 2.14808 1.84728 2.47168 1.6177 -0.428457 -0.222132 0.321964 0.541386 0.521847 -0.462864 -0.872871 -0.548625 0.0505755 0.0947316 -0.166324 -0.400373 -0.0669039 -0.0338001 -0.498379 -0.287676 
-1.61691 -1.152 2.43892 2.54864 0.578698 0.435848 1.47173 1.38885 1.68011 1.27057 -0.195013 -0.115597 0.297944 0.768439 0.707101 -0.543434 -1.13838 -0.756621 0.104261 0.0999308 -0.259609 -0.658191 -0.115708 -0.107974 -0.729148 -0.450965 2.60577 2.03873 -4.39043 -4.99531 -1.61955 0.137094 -0.555408 -1.18665 -2.69272 -1.81473 0.515239 -0.409729 -1.6021 
-1.35612 -0.910989 2.23494 2.06019 0.137139 0.509605 1.7288 1.24402 0.976081 0.958438 -0.0591597 -0.221332 0.216536 0.700993 0.594284 -0.803688 -1.44358 -0.98588 0.951099 1.39635 0.276446 -1.74819 -1.01558 0.215117 -0.834963 -2.04155 0.106784 -0.19191 -1.34217 -0.27876 1.5523 0.704954 -0.303211 0.472693 1.29875 0.436858 -0.239866 -0.0491402 -0.786339 
-1.17727 -0.803866 1.85626 1.67199 0.0685589 1.01782 2.41584 1.57685 0.425267 0.437165 -0.0416492 -0.673597 -1.39739 1.01245 0.600989 -2.02649 -1.59144 1.20604 1.13338 -0.321433 0.301989 1.32358 0.494208 -0.49802 -0.868846 -1.62751 0.307889 0.0479267 -1.23649 -0.112506 2.2213 0.21651 -2.03296 -0.30199 2.76507 1.18147 -1.63882 0.103482 1.99687 
-0.719976 -0.558727 0.872859 1.0976 0.740822 1.20915 1.46724 1.45154 1.85768 1.33134 -0.291828 -0.803792 -1.12961 1.18767 0.761428 -2.17382 -1.70487 1.84268 1.28988 -1.29094 -0.157508 2.51185 0.666876 -2.08988 -0.774404 0.831613 -0.0829687 0.0435157 0.574526 0.209334 -0.212841 0.20091 0.164089 -0.454038 -0.794055 -0.83601 -1.1246 -0.0278571 1.95042 
-0.430571 -0.352777 0.40028 0.643482 0.995749 1.81831 1.4738 1.43309 2.13331 0.948033 -1.13602 -1.18788 -0.669632 1.02748 0.763108 -1.46138 -1.48149 0.884037 1.45012 -0.130645 -0.327364 0.0537175 -0.729327 -2.09913 -0.980619 1.17807 -0.250555 -0.141387 0.838946 0.770408 -0.390951 -0.392427 0.568951 -0.334942 -2.37807 -1.4917 0.794243 0.485979 0.221227 
-0.0743457 -0.106603 -0.12901 0.198924 1.18088 2.113 1.33959 1.17794 1.85607 0.726653 -1.3912 -1.46694 -0.109671 1.00049 0.712879 -1.32614 -0.947712 1.29014 0.768029 -0.569796 -0.633808 -1.21914 -1.50112 -1.06439 -0.211967 1.12113 -0.255307 -0.225377 0.677401 1.20356 0.287868 -1.40339 -0.760198 -0.1461 -0.999403 -0.857176 1.29864 1.08002 -0.903838 
0.198024 0.0684072 -0.515391 0.0550229 1.64217 2.2822 1.03792 0.925224 1.24643 -0.273319 -1.67527 -1.29614 0.302289 0.834561 0.618866 -0.786327 -0.22468 1.21011 -0.500578 -1.15065 -0.560982 -1.5352 -1.98335 -0.383195 0.36127 -0.169441 -0.323155 -0.264884 0.696024 0.832103 -0.769783 -1.91065 -0.577003 0.418018 0.127129 0.371677 1.7735 0.789782 -1.66738 
0.449563 0.256671 -0.700598 0.0306795 1.78663 1.75861 0.49602 0.725743 0.749371 -0.879996 -1.56171 -1.16138 -0.226155 0.725691 0.523625 -0.631193 -0.119388 0.247272 -1.8996 -1.34982 -0.142473 -1.05774 -0.985094 1.30155 0.749093 -1.33737 -0.391601 -0.364979 0.182829 -0.0394857 -1.05136 -0.71373 0.132889 0.599558 0.948425 0.977533 0.965911 0.523535 -0.112567 
0.653242 0.373014 -0.988096 -0.0520275 1.75865 1.02541 0.0545636 0.792964 0.471801 -1.08237 -0.933807 -0.710608 -0.799172 0.477174 0.315569 -0.639776 -0.40174 -0.197209 -1.47654 -1.00073 0.163652 -0.0977295 -0.59464 0.87728 0.972985 -0.365613 -0.470021 -0.334 0.430361 -0.170564 -0.424424 0.898938 0.487091 -0.02377 0.666249 0.0869497 -1.3217 -0.0596461 1.49267 
0.747982 0.43312 -1.17877 -0.240469 1.67725 0.774697 -0.242324 0.827508 0.642437 -1.37707 -1.04991 -0.414221 -0.508082 0.273675 0.255624 -0.220131 -0.447648 -0.348592 -0.596312 -0.735909 -0.218884 -0.0586933 -0.879189 -0.569363 0.59561 0.802154 -0.34594 -0.144093 0.780015 0.0728238 -0.395134 0.722415 0.283745 -0.566214 -0.108913 0.00305974 -1.00618 -0.287913 1.12767 
0.823267 0.512538 -1.19879 -0.349857 1.57235 0.609263 -0.497907 0.602291 0.392016 -1.8068 -1.20509 -0.235876 -0.0962581 0.174885 0.263938 0.144926 -0.44925 -0.755163 -0.422742 -0.6532 -0.609859 -0.303071 -0.609571 -0.561729 0.519991 1.24282 -0.218129 -0.11402 0.493107 0.177184 -0.330899 0.134805 0.216777 -0.135376 0.0817097 0.467543 0.109344 -0.113519 0.18281 
0.855677 0.577764 -1.15677 -0.53923 1.28435 0.47051 -0.736744 0.337946 0.392687 -1.88608 -1.31706 0.00592057 0.566471 0.125614 0.238256 0.257982 -0.374777 -0.823405 -0.373006 -0.476101 -0.438721 0.0321404 -0.225074 -0.481395 0.371441 1.03577 -0.121637 -0.15203 0.0562907 0.335769 0.180414 -0.166529 0.20014 0.536534 0.433065 0.266257 0.328095 0.0782828 -0.467704 
0.899876 0.641363 -1.10472 -0.605335 1.14477 0.337157 -0.868025 0.243559 0.375407 -2.00859 -1.42876 0.0770268 0.803677 0.143261 0.203263 0.156259 -0.193451 -0.56817 -0.625324 -0.415187 0.0337824 0.333673 -0.24539 -0.174325 0.547486 0.529908 -0.105744 -0.188864 -0.155352 0.249112 0.107662 -0.266511 0.233157 0.430086 0.0374851 0.333936 1.01348 0.254284 -0.727173 
0.94342 0.685033 -1.12755 -0.689324 0.986468 0.0356528 -1.06411 0.340429 0.585795 -2.10411 -1.37451 0.445911 1.03979 0.113168 0.135616 0.0431541 -0.218938 -0.730576 -0.716897 -0.194837 0.0681223 0.054261 0.236592 0.84419 0.629869 -0.0546853 -0.164303 -0.156017 0.0763567 -0.0148758 -0.332779 0.136489 0.336517 -0.183757 -0.233585 0.808393 1.08725 -0.0514838 -0.53214 
0.968631 0.706963 -1.1476 -0.770242 0.764365 -0.156767 -1.04073 0.272294 0.374183 -1.84152 -0.934873 0.576489 0.783972 0.0601524 0.138045 0.189034 -0.342123 -1.04542 -0.399638 0.00147686 -0.24823 -0.065375 0.899688 1.25224 0.404713 -0.276764 -0.196505 -0.0903294 0.399027 -0.00823311 -0.307605 0.333367 0.0668819 -0.365816 0.319111 0.802246 -0.0518254 -0.356819 0.139131 
0.978726 0.75213 -1.07744 -0.925825 0.446076 -0.253632 -1.09903 0.127322 0.501363 -1.40723 -0.659738 0.782833 0.83279 -0.00879864 0.145239 0.420733 -0.359948 -1.17524 -0.212955 -0.131388 -0.447855 0.513951 1.37282 0.711542 0.0864619 0.115374 -0.25128 -0.154949 0.483942 0.263495 -0.0332161 0.419277 0.24912 -0.253156 0.0682197 0.424348 -0.482168 -0.728404 0.127321 
0.960433 0.77849 -0.949794 -1.0171 0.158003 -0.325637 -1.1689 -0.0934208 0.692676 -0.766611 -0.512787 0.683666 0.907688 -0.127911 0.0740451 0.657354 -0.169693 -1.13493 0.225724 0.303653 -0.619426 0.00449886 1.49159 0.530519 -0.626254 -0.123888 -0.247179 -0.218357 0.275609 0.354475 0.288001 0.616857 0.592726 -0.0147511 -0.37433 -0.149151 -0.55049 -0.750716 -0.151311 
0.895376 0.779804 -0.728812 -1.06211 -0.139802 -0.139543 -0.921854 -0.369554 0.46553 -0.23742 -0.335642 0.3755 0.754723 -0.191913 0.00899463 0.666429 -0.0825707 -0.848992 0.691655 0.620903 -0.512676 -0.103777 1.13864 -0.1037 -0.97378 -0.137174 -0.103332 -0.24144 -0.298358 0.49371 0.797447 -0.126623 0.202961 0.803062 0.100289 -0.942551 -0.866302 -0.341589 -0.401703 
0.836702 0.766094 -0.595385 -1.10275 -0.282577 0.0889873 -0.769062 -0.508689 0.581536 0.121192 -0.532003 0.0254543 0.818417 -0.137447 -0.0884981 0.289711 0.268292 -0.149293 0.0795431 0.545361 0.366733 0.1242 0.114587 -0.717021 -1.14968 -0.740768 -0.0407724 -0.179488 -0.325979 0.451229 0.673878 -0.614591 -0.336197 0.640571 0.294382 -0.720905 -0.329784 0.222193 -0.193296 
0.806009 0.707354 -0.614526 -0.943848 -0.224832 -0.119746 -0.575034 -0.112539 0.512948 -0.167828 -0.686858 -0.409692 0.156409 -0.125959 -0.0829636 0.26927 0.306412 -0.0232946 -0.144192 0.156328 0.264664 0.317491 0.0809017 -0.61683 -0.757459 -0.450812 -0.115611 -0.0466649 0.109897 -0.212033 0.0670545 0.538046 -0.380243 -0.7692 0.1644 0.488827 0.282198 0.753693 0.907613 
0.754583 0.697053 -0.494128 -0.962337 -0.30358 -0.0355286 -0.695294 -0.329703 0.76339 0.163869 -0.828986 -0.476595 0.464637 -0.1618 -0.0291261 0.358327 -0.107802 -0.109024 0.872767 0.0230874 -0.667639 0.343511 0.79936 -0.392443 -0.23597 0.547471 -0.0778655 -0.00290696 0.148955 -0.231381 -0.0592772 0.673792 -0.104223 -1.01595 -0.556975 0.461594 0.76842 0.74669 0.954848 
0.701277 0.671476 -0.456503 -1.04416 -0.289398 0.4117 -0.594784 -0.646272 0.712899 0.448893 -0.862376 -0.535279 0.644535 -0.104765 0.0262636 0.379624 -0.0920011 -0.14654 0.840887 -0.00436632 -1.08681 -0.584016 0.726448 0.37331 0.147059 0.906154 -0.0433806 0.0276384 0.451456 0.282581 -0.502845 -0.554804 -0.0228101 -0.395736 -0.999222 -0.0239974 1.0635 0.375989 0.305718 
0.685837 0.695295 -0.32253 -1.05347 -0.38721 0.475353 -0.734313 -1.18388 0.318241 0.722334 -0.58999 -0.325673 1.25526 -0.0989935 0.114903 0.791932 0.0866434 -0.806391 0.121419 -0.0309585 -1.22207 -1.24513 0.745455 1.00161 0.182147 0.959922 -0.0157048 -0.0734204 0.104865 0.533193 -0.187763 -1.00509 0.301337 0.740379 -0.731284 -0.645639 1.01396 0.103748 -1.1962 
0.636172 0.724317 -0.0220967 -1.03147 -0.70833 0.458509 -0.652467 -1.60385 -0.192057 1.02254 -0.283272 -0.359026 1.4805 -0.00856166 0.0551519 0.442863 0.391528 -0.436087 -0.546865 0.366212 -0.181204 -1.75635 -0.222874 1.69956 0.207966 -0.866762 -0.0891925 -0.20497 -0.245537 0.329213 0.275201 -0.21897 0.67336 1.19415 -0.00364219 -0.821641 -0.00990543 -0.0634006 -1.23223 
0.677789 0.71133 -0.110623 -0.863584 -0.617973 0.0911041 -0.513233 -1.34575 -0.942274 0.522296 0.366926 -0.130782 0.550688 -0.0914674 -0.00608872 0.480734 0.33488 -0.496712 -0.15528 0.826961 0.26668 -1.28691 -0.457382 0.926344 0.0237383 -0.865419 -0.275097 -0.213924 0.271718 0.0512399 -0.281705 0.314686 0.690031 0.926729 0.940143 -0.28446 -1.3422 -0.337439 0.0720268 
0.575816 0.70263 0.213949 -0.87451 -0.969899 0.32684 -0.107999 -1.42332 -1.12607 0.635136 0.25509 -0.29713 0.777064 -0.225365 -0.0760409 0.684401 0.319121 -0.847227 -0.0693247 1.24597 0.96388 -0.331748 -0.651952 -0.199404 -0.310012 -0.794342 -0.166606 -0.242467 -0.174092 0.220275 0.251826 -0.0957303 0.391489 1.12169 0.783932 -0.512594 -0.836268 -0.218966 -0.342007 
0.532952 0.646554 0.255242 -0.71578 -1.05766 0.014879 0.325327 -0.632231 -1.21197 -0.0205737 0.295903 -0.30982 -0.0928084 -0.177355 -0.169802 0.24588 0.457456 -0.217287 -0.257799 1.31564 1.66231 -0.105012 -1.21507 -0.280084 -0.338789 -1.39544 -0.0658552 -0.164054 -0.334628 0.111501 0.554345 0.162077 -0.087677 0.0406485 0.173345 0.173165 0.131726 -0.0404878 -0.121453 
0.46127 0.580098 0.300297 -0.646308 -1.08948 0.129045 0.779459 -0.175877 -1.23807 -0.357659 0.140394 -0.496941 -0.37337 -0.189678 -0.150416 0.278 0.316225 -0.176244 0.192526 1.10695 0.970254 -0.0985382 -0.421861 -0.0807991 -0.438357 -1.00344 -0.0107488 0.022162 0.0320003 -0.125761 0.0626774 0.0342782 -0.812877 -0.889035 0.603623 1.23825 0.0613088 -0.282597 0.0579972 
0.410631 0.535964 0.362063 -0.569659 -1.15638 0.107553 1.06631 0.086159 -1.31947 -0.379602 0.289083 -0.58151 -0.912652 -0.0751719 -0.0320132 0.231256 0.180877 -0.182683 -0.176572 0.226623 0.473938 0.796731 0.549187 -0.257869 -0.784808 -1.34343 0.0829232 0.159085 0.109031 -0.339262 -0.437467 -0.348207 -0.927321 -0.714114 0.731427 0.858355 -0.487061 -0.414845 0.0540431 
0.411194 0.542441 0.377324 -0.578849 -1.19148 -0.016357 0.902566 0.163094 -0.722902 0.0591754 0.0377234 -1.01873 -1.47994 0.0255386 0.143376 0.345691 -0.206629 -0.788991 -0.266829 -0.131982 0.00667482 1.00178 0.795183 -0.809217 -1.0579 -0.957191 -0.0349879 0.0703927 0.349216 -0.131417 -0.569105 -0.11971 -0.190628 -0.588703 -0.473512 0.0406598 0.329939 0.412613 0.736898 
0.424098 0.606344 0.512032 -0.727412 -1.56647 -0.0960663 0.937724 0.0679196 -0.661687 0.233782 -0.112041 -1.30045 -1.69349 -0.00223765 0.160727 0.555608 -0.102226 -0.965812 -0.312983 -0.0472598 -0.328474 0.0249018 0.588415 0.13206 -0.318636 -0.303593 -0.226569 -0.233009 0.290496 0.73862 0.701797 -0.0122736 -0.132127 -0.269877 -0.714048 -0.381009 0.95758 1.2767 1.10229 
0.407136 0.62351 0.661095 -0.675925 -1.69142 -0.249747 0.833441 -0.111358 -0.744545 0.507353 0.146127 -1.204 -1.70956 -0.132707 -0.00956216 0.607295 0.513862 0.0728434 -0.251395 -0.32923 -0.38601 -0.143778 0.227035 0.439854 0.542055 0.614308 -0.216411 -0.273362 0.0717215 0.693651 0.898711 0.0253549 -0.179726 -0.0305067 -0.119671 -0.0239622 0.686909 0.770339 0.306141 
0.337722 0.582517 0.828749 -0.466428 -1.53862 -0.289731 0.670691 -0.250517 -0.800648 0.393219 0.162976 -0.864378 -1.14899 -0.148225 -0.0381865 0.58343 0.566392 0.150892 -0.244367 -0.306862 -0.413542 -0.197155 0.534561 1.01062 0.616913 0.109475 -0.118478 -0.189197 -0.265223 -0.0414137 0.099983 0.166553 0.223552 0.121156 -0.0782054 0.162877 0.636447 0.217803 -0.56213 
0.310969 0.582051 0.962601 -0.384411 -1.62391 -0.438879 0.582107 -0.450841 -0.920631 0.912501 0.730111 -0.713888 -1.59082 -0.160519 -0.112583 0.27506 0.334578 0.155733 0.0167822 -0.0605472 -0.276175 -0.301408 0.442306 1.24934 0.752616 -0.236 -0.205409 -0.256371 -0.20123 -0.0336875 0.18774 0.405538 0.121073 -0.295787 -0.44192 -0.203416 0.15958 0.352347 0.369997 
0.233798 0.495231 0.933697 -0.30964 -1.46865 -0.310415 0.59224 -0.484987 -1.04924 0.724655 0.876183 -0.276304 -1.32161 -0.280937 -0.217741 0.319578 0.39602 0.347369 0.361578 -0.172425 -0.839525 -0.919898 0.22222 1.16736 1.00401 0.615455 -0.130096 -0.147597 0.0964543 0.400696 0.407791 -0.312985 -0.639201 -0.489816 -0.150318 0.0371451 0.0878561 0.100314 0.0571603 
0.13107 0.429989 1.09592 -0.191914 -1.45656 -0.237162 0.425132 -1.11598 -1.59939 1.06809 1.39894 0.055668 -1.04536 -0.202351 -0.168207 0.329312 0.665271 0.637027 -0.392792 -0.922049 -0.951506 -0.571082 0.476471 1.3079 0.809019 -0.185212 0.10963 -0.041523 -0.526718 0.256177 1.09543 -0.400925 -1.12094 -0.171443 0.765459 0.175391 -0.562316 -0.196021 0.204616 
0.103482 0.373682 1.07323 0.0393405 -1.15411 -0.595284 -0.0908783 -1.23573 -1.4854 1.08339 1.62109 0.352487 -1.4514 -0.0334933 -0.152511 -0.29209 0.56001 1.7187 -0.172286 -1.665 -1.10571 0.233294 0.455517 0.335927 0.671589 0.880799 0.0850663 -0.0860397 -0.874766 -0.328326 1.09783 0.784496 -0.5593 -0.519649 0.739823 0.442951 -1.69046 -1.35237 0.82452 
0.107291 0.318109 0.839367 0.0958911 -0.592373 -0.379799 -0.779443 -1.98461 -1.47609 1.41008 1.6177 0.585249 -0.276122 0.0154515 -0.153696 -0.654279 0.155031 2.01146 0.74875 -1.67888 -1.66518 0.54228 1.09516 -1.06778 -1.04065 0.982121 0.183748 -0.0198245 -0.827203 -0.169682 0.411244 -0.154639 0.305068 1.0081 0.333269 -0.751479 -1.20688 -1.39425 -1.67563 
0.110584 0.261071 0.585806 0.0917783 -0.141161 -0.143832 -1.3052 -2.53205 -1.1472 1.93646 1.08 -0.354001 -0.596706 0.303387 -0.0625585 -1.22485 0.232768 2.20446 -0.358063 -1.28953 0.143938 0.714981 -0.646259 -1.37781 -1.23303 -1.5897 -0.262829 -0.613936 -0.634347 1.09303 -0.116759 -2.8098 0.483983 2.94405 -0.863173 -3.32988 1.33563 2.51381 -0.785712 
0.296063 0.261637 -0.0117416 0.193508 0.518653 -0.642267 -1.72049 -1.89791 -1.01778 0.871763 0.908783 -0.260118 -1.59039 -0.186548 -0.740639 -1.38096 1.28434 1.81381 -3.18968 -1.06904 2.07239 -0.834975 -3.72056 0.698781 2.18252 -0.19351 -3.44147 -3.35584 1.82949 2.1056 -3.31526 -1.71038 2.85391 3.00172 0.585066 -0.436066 1.56131 3.0206 2.96879 
-0.009762 -0.213087 -0.364805 0.800551 0.771359 -2.23276 -2.09149 -0.971111 -1.76689 -1.05821 1.49517 1.26632 -0.733489 -3.73425 -3.77346 0.681315 2.53008 -2.1331 -2.74263 2.42485 3.95561 1.58789 -1.29371 0.697675 2.65511 2.69765 -2.6614 -2.52902 0.551162 -0.495423 -2.1884 3.13183 3.09841 0.422679 2.52444 3.57748 -1.16217 -1.53355 1.72192 
-2.06266 -2.08069 0.352156 1.62629 -0.574443 -2.44284 -0.0545043 1.1027 0.0476411 -0.183869 1.32336 1.70137 0.711098 -3.28288 -3.50952 -0.840808 0.581351 -1.06521 1.26945 2.96563 2.56971 3.0512 1.41313 -0.953758 0.0951136 2.27959 2.95784 2.73869 -2.53896 -2.7212 2.96734 2.55777 -2.2649 -3.29613 -1.00855 0.629638 -0.633993 -1.65316 -1.10118 
-2.08369 -2.39283 -0.97112 1.10076 0.220906 -1.44544 -0.0459382 0.970021 0.316269 0.048909 1.01581 1.37974 1.21542 -0.0499031 -0.540619 -2.08063 -0.740357 1.66109 0.905154 -0.566275 -0.326148 -0.0152349 -0.406113 -0.23187 0.410756 1.063 2.70648 3.02082 0.709071 -0.260633 1.07585 -1.54317 -2.97061 -2.24826 -2.42675 -1.64381 1.35667 1.07198 -1.48312 
-2.09679 -2.43164 -1.04443 1.15834 0.260469 -1.8905 -0.487913 0.830027 -0.00191769 -0.530314 1.23477 2.04265 1.634 0.0981572 0.04477 -0.131917 0.149196 0.28077 -0.878801 -0.949957 -0.365414 -0.755425 -0.973968 0.841612 1.42645 0.0891909 0.246603 0.766292 2.24166 0.755069 -0.784141 -0.146708 0.305271 -0.232268 -0.36797 0.315674 0.925248 0.414321 -1.23594 
-2.02441 -2.38318 -1.12558 1.1498 0.354413 -2.0438 -0.748644 0.66733 -0.248096 -0.75125 1.5083 2.45426 1.31706 0.362824 0.444988 0.265977 -0.000893082 0.59963 0.730585 -0.190543 -0.670501 -0.623081 0.0292478 0.972944 0.87917 -0.76774 -0.0957057 0.163353 0.858496 -0.254813 -0.56784 1.73582 1.56302 0.0161119 0.407344 1.37763 -0.314424 -1.12509 0.364242 
-1.87052 -2.17547 -0.945272 1.12016 0.556003 -1.45077 -0.657606 0.294106 -0.474237 -0.528909 1.79835 2.72208 1.01293 0.0978238 0.343425 0.73665 -0.276246 -0.500722 1.60728 1.07339 -0.390573 -0.158645 0.991042 0.349508 -0.125016 0.586798 2.06423 2.63599 1.2879 -1.49991 -1.25876 1.08583 0.918233 0.281829 0.899182 0.471773 -3.14252 -3.53376 -0.297088 
-1.96534 -2.18958 -0.726414 0.951591 0.0908059 -1.03857 -0.0312095 0.345406 -0.397397 0.0186248 1.73442 2.40877 1.83835 2.96886 3.56082 1.59341 -1.86256 -1.07614 2.29802 0.988154 -0.354184 0.73788 0.689456 -3.39039 -3.83272 -1.2324 -0.176497 -0.4002 -0.643677 0.353495 0.422801 -1.16042 -0.800954 0.33961 0.125354 -0.674602 -0.210251 0.152607 -0.381029 
