-3.0682 -2.70207 0.711794 2.56859 0.677573 -1.41808 1.24343 1.99764 -0.135759 -0.800558 2.25185 1.05151 -1.02442 -4.61512 -4.85786 1.19946 4.75256 2.2845 -2.21808 2.30878 3.52816 -1.42414 -2.96937 1.33087 1.77686 -1.15829 0.940961 0.474925 -1.29381 -0.154984 1.11786 0.378201 0.337937 0.22629 -1.33299 -1.62323 -1.04108 -0.331504 0.633192 
-2.85508 -2.60468 0.646163 2.73799 0.786122 -1.54555 1.6543 2.41698 -1.0486 -2.02656 1.16383 0.89218 -0.774572 1.13707 0.606085 -1.56996 -0.294855 1.19814 0.544127 0.400717 0.210868 -1.68443 -1.90169 -1.6065 -0.481378 0.841808 5.53371 5.46193 -2.53866 -5.36257 -1.90167 2.54979 -1.9959 -3.36513 0.751737 2.3447 -1.04661 -0.834181 2.33611 
-2.25695 -2.27818 -0.086285 2.32309 1.06563 -1.05106 1.45363 2.06059 -1.37617 -2.07567 0.852357 0.787026 -0.478575 1.50715 1.06592 -1.77018 -1.17064 0.305832 0.734014 0.0653213 -0.278731 -0.38851 -0.173203 -0.283571 0.675712 1.74302 0.228799 0.390943 0.175665 -0.641067 -1.19241 -0.221956 -0.320507 -0.185615 1.4128 1.74744 1.4501 1.34296 0.307988 
-1.80795 -1.92592 -0.256331 1.97482 0.847213 -1.04704 1.61066 2.1325 -1.33405 -2.08514 0.918803 1.22036 0.366231 1.50113 1.12262 -1.48768 -1.11507 -0.0343215 0.42277 0.055434 -0.039066 0.213716 0.187353 0.364624 1.10174 1.29032 -0.0755696 -0.119169 -0.451018 -0.0180011 1.68949 1.16834 -0.313138 -0.418682 1.02182 0.657885 -0.0779774 -0.495376 -1.52085 
-1.21366 -1.568 -0.841455 1.59278 1.00208 -0.768064 1.40251 1.94618 -1.21784 -1.88049 1.17298 1.33341 0.363365 1.54083 1.03852 -2.39253 -1.31745 2.10538 2.15429 -0.271613 -0.7894 0.999511 0.625854 -0.506943 -0.00770999 -0.0202514 -0.208294 0.194894 0.444196 -0.426303 1.64766 2.16259 -0.876975 -1.87039 0.345152 0.762612 -1.33807 -0.938555 0.607413 
-0.73936 -1.26234 -1.48338 1.12489 1.5677 0.434865 1.31202 1.48563 -0.596672 -1.58135 0.478847 1.19848 0.342964 1.39074 1.4301 -1.10347 -1.70316 1.72122 2.94552 -0.920313 -2.17377 0.718849 1.1104 -1.66838 -0.128089 2.10095 -0.6826 0.203348 2.59489 -0.0727148 -2.38137 -0.685185 -0.952245 -1.25414 -0.213474 0.980529 -0.206677 -0.129823 1.97 
-0.24073 -0.687375 -1.39626 0.514851 1.5818 1.2617 0.612902 0.316927 -0.687283 -1.03566 -0.280514 1.24988 1.74046 0.915606 1.35502 0.409873 -1.52338 -0.377985 1.51928 -1.33264 -2.23471 0.775775 1.80691 -0.915143 -0.24043 2.43829 -0.975524 -0.869906 1.08688 0.922968 -2.17915 -2.36604 0.287502 1.27427 0.297181 0.213329 1.27712 -0.0445147 -1.38854 
-0.0692689 -0.423343 -1.24898 0.153222 1.37822 1.47709 0.210347 -0.186859 -0.0241632 -0.246312 -0.317328 1.05741 1.94277 0.447566 0.602183 0.0033587 -0.832969 -0.549384 0.446695 -0.576738 -0.790517 1.16139 1.38312 0.0543318 -0.255629 0.497691 -0.534722 -0.923862 -0.231258 1.26629 0.140348 -1.40599 0.978024 1.6175 -1.15381 -1.15612 1.43039 0.72927 -2.32112 
0.131041 -0.265655 -1.37386 -0.048716 1.32952 1.56126 0.0833272 -0.330733 0.169385 0.00110865 -0.230668 1.10103 2.05913 0.450899 0.469562 0.0346199 -0.282134 -0.208272 0.0850046 -0.20672 -0.467474 -0.674872 0.458258 1.02767 0.586052 -0.292824 -0.252661 -0.266037 0.606741 0.867049 0.0872046 -0.612984 0.565422 0.482659 -2.1146 -1.37434 0.707704 0.95762 -0.823516 
0.304627 -0.0751318 -1.21028 -0.0847514 1.25093 1.52622 -0.0391835 -0.605279 -0.520633 0.139529 0.581915 1.33967 1.73955 0.289021 0.418173 0.570333 -0.0232142 -0.435583 -0.108253 0.0817135 -0.292847 -1.54284 -0.223892 0.959292 0.852393 -0.422233 -0.309341 -0.341508 0.282024 0.520506 -0.184042 -0.505954 0.587369 0.686138 -0.828435 -1.30555 -0.679143 -0.458516 -0.229771 
0.401759 0.0540715 -1.05579 -0.133645 1.11894 1.47657 0.0520941 -0.625233 -0.966689 -0.0931534 0.608901 1.5197 1.77048 0.230831 0.205077 0.236489 0.153078 -0.379848 -0.351263 0.476597 0.25783 -1.70098 -1.06731 -0.059043 -0.0519229 -0.494677 -0.0639826 -0.177344 -0.155321 0.127819 -0.494281 -0.661686 0.120741 0.551904 0.331499 -0.55644 -1.20864 -1.96034 -0.205847 
0.538256 0.12648 -1.0663 -0.065475 1.06078 1.27327 0.228447 -0.509005 -1.77324 -0.54834 0.532823 1.29515 1.40308 0.335277 0.328737 0.280461 -0.0124163 -0.933557 -0.717203 0.236353 0.282288 -1.05552 -0.862544 -0.887847 -1.63722 -0.595153 -0.15188 -0.0260368 0.154504 -0.272718 -0.611749 -0.179222 -0.373657 -0.0720271 1.27475 0.608218 -0.70376 -1.36894 0.230963 
0.70196 0.324225 -0.888877 -0.212191 0.725888 0.970244 0.137898 -0.511603 -1.74366 -0.636905 -0.163454 0.663195 1.36768 0.181679 0.276981 0.294979 -0.269023 -1.00141 -0.425234 0.0710961 0.134968 0.0170539 -0.327059 -1.18111 -1.81239 -0.139322 -0.359979 -0.351166 -0.191199 0.00811809 0.37032 0.0731302 -0.363653 0.201796 1.74206 0.744118 0.338201 0.482911 -0.6586 
0.740557 0.367946 -0.891822 -0.295699 0.642862 0.969098 0.189178 -0.499916 -1.75983 -0.715212 -0.495453 0.348925 1.30121 0.0602442 0.0539526 -0.0497502 -0.130991 -0.521894 -0.511354 -0.157814 0.465754 1.27223 0.038609 -0.513538 -1.11448 -1.31563 -0.35631 -0.262935 0.265945 0.125667 -0.249646 -0.300566 -0.190906 0.253707 1.38378 1.0156 0.847031 0.0280521 -1.70109 
0.826861 0.442071 -0.894173 -0.360825 0.483681 0.606447 -0.0746192 -0.26778 -0.805312 -0.546416 -0.609165 0.0744361 0.489235 -0.089371 0.0962787 0.47877 -0.26055 -1.24201 -0.633758 -0.127352 0.376507 1.87733 0.895513 -0.0760626 -1.85046 -2.12058 -0.335613 -0.130286 0.674939 0.153254 -0.37806 -0.0642806 -0.206786 -0.499847 -0.0400896 1.02671 0.530108 -0.893625 -0.326006 
0.770096 0.509253 -0.621497 -0.520915 0.136788 0.520547 -0.000284379 -0.319426 -0.375586 -0.0216256 -0.559396 -0.616798 -0.108648 -0.188341 0.0146955 0.593904 -0.0927024 -0.897593 -0.457872 -0.374254 -0.135715 1.27472 1.27434 0.136373 -2.28892 -1.63387 0.00694761 -0.155342 -0.26941 0.512713 1.35355 -0.0807328 -1.04503 -0.498413 -0.234348 -0.232015 -0.0667501 1.03617 1.13166 
0.793319 0.538158 -0.563806 -0.486827 0.103808 0.27968 -0.450946 -0.450775 0.134868 0.413794 -0.487724 -1.11587 -0.599305 0.0338767 0.0303036 0.06062 0.166239 0.2041 -0.598519 -1.2935 -0.223357 1.62636 0.640965 -0.283311 -0.645592 -0.675928 0.032768 -0.0164461 -0.181387 0.128387 0.857148 0.230264 -0.499862 -0.257574 -0.174197 -0.596555 -0.22715 1.82219 1.16735 
0.878191 0.613991 -0.569235 -0.493859 0.160601 0.0963958 -1.07233 -0.564614 0.823718 0.492808 -0.804197 -0.965392 -0.564778 -0.0370665 0.0968266 0.274725 -0.0812902 0.0262582 -0.0777853 -0.922742 -0.466151 1.10223 0.588195 -0.301229 -0.114935 -0.146056 -0.300259 -0.0685757 0.59731 -0.157991 -0.7691 0.458825 1.017 -0.0819594 -0.996576 0.150409 0.405884 -0.121708 0.0506754 
0.856196 0.679768 -0.399889 -0.606084 0.062456 0.216088 -1.24239 -0.868256 0.94794 0.891087 -0.748161 -1.19266 -0.705625 -0.176334 0.0568484 0.61699 -0.131866 -0.58301 0.0350082 -0.123418 -0.357331 0.38087 0.839193 0.1882 -0.868306 -0.538612 -0.195642 -0.208862 0.110529 0.119104 -0.523374 -0.134934 0.980824 0.574275 -0.77121 -0.459279 0.303213 -0.0486701 -0.276251 
0.852302 0.733442 -0.226829 -0.643011 -0.104001 0.110903 -1.25882 -0.904873 1.10522 1.14676 -0.63753 -1.42806 -0.930254 -0.13372 -0.0262176 0.28377 -0.0799115 -0.502326 -0.102647 0.206349 0.134011 0.150786 0.0645772 0.0228343 -0.247599 -0.404121 -0.171396 -0.262165 -0.34706 -0.0383122 0.0352284 0.191739 0.744198 0.514986 -0.489233 -0.876496 -0.179465 0.698396 0.410479 
0.857468 0.753178 -0.231256 -0.724526 -0.172581 0.135282 -1.1793 -0.859847 1.0599 0.999853 -0.725802 -1.3374 -0.982313 -0.246669 -0.123032 0.111533 -0.300622 -0.523892 0.372377 0.737582 0.176504 -0.202664 -0.178393 -0.18092 -0.0798885 0.0338476 -0.505742 -0.350282 0.24217 -0.114177 -0.25126 0.623152 0.956554 0.179602 -0.254897 -0.162775 -0.20648 0.0343996 0.607126 
0.781583 0.753189 -0.148016 -0.891913 -0.346941 0.359006 -0.793662 -0.86631 0.956722 1.08452 -0.792978 -1.4869 -0.917806 -0.566971 -0.300059 0.440829 -0.330662 -0.74462 0.713094 1.30794 0.292649 -0.126997 -0.107993 -0.385083 -0.277843 0.406162 -0.629526 -0.615518 0.157234 0.421488 0.132126 -0.0683457 0.66147 0.822825 0.682942 -0.267173 -0.0365429 0.304203 -0.132465 
0.582595 0.674802 0.0192831 -0.991184 -0.496401 0.619299 -0.28247 -0.738864 0.967154 0.987162 -1.05941 -1.49764 -0.724072 -0.814282 -0.679698 0.173091 0.0275727 -0.362831 0.421351 1.50485 1.05472 0.743202 -0.474565 -0.344787 0.222516 -0.0503244 -0.420136 -0.604443 -0.231099 0.580485 0.262832 -0.590413 0.317116 0.961661 0.735827 -0.195401 0.373574 0.597102 -0.113832 
0.349079 0.464386 -0.0371014 -0.946821 -0.530864 0.641019 0.252193 -0.204541 1.50523 0.813828 -1.09143 -1.39085 -0.960927 -0.907302 -0.844914 0.0657547 0.169376 -0.446044 0.183174 1.68507 1.32618 0.88787 -0.319191 0.0400271 0.385686 0.344524 0.16386 0.167579 0.43264 0.305527 -0.627491 -0.877022 -0.264536 -0.0495996 -0.90829 -0.100921 0.699623 1.02173 0.944352 
0.0908018 0.294423 0.0742226 -0.962274 -0.710816 0.736397 0.89978 0.11554 1.62226 0.825828 -1.02205 -1.31801 -0.506522 -0.520713 -0.401339 0.54431 0.230437 -1.00095 -0.426376 1.22298 0.95695 -0.387098 -0.573902 0.548567 1.40959 1.1678 0.488261 0.804412 1.49265 0.374358 -0.869933 -1.20435 -1.38348 -0.841252 -1.29887 -0.248218 0.413373 1.04753 0.238802 
0.10369 0.329873 0.267402 -0.881819 -0.948611 0.336061 1.08472 0.387846 1.22082 0.473225 -0.610281 -0.686786 -0.199871 -0.261613 0.112505 1.62883 0.446633 -1.33924 -1.02751 0.135463 0.342781 -0.752047 -0.592922 0.522292 1.60456 0.709359 0.123863 0.506147 1.60323 0.608744 -0.0994669 -0.913143 -1.74973 -0.795591 0.235577 0.0879768 -0.623994 -0.841488 -0.661342 
0.0105577 0.444723 0.944299 -0.76948 -1.25252 0.0152095 0.909227 0.272098 1.06893 0.471839 -0.563835 -0.514081 -0.0481172 -0.270559 0.238038 2.23172 0.761017 -1.08355 -1.31415 -0.741571 0.024629 -0.0249344 -0.449592 -0.458949 0.299433 0.444006 0.18284 -0.0498253 -0.491906 0.364774 1.12057 -0.176933 -0.819183 -0.147492 0.44026 -0.103971 -0.797273 -1.56665 -0.656791 
0.0177431 0.549754 1.45188 -0.503195 -1.39662 -0.583601 0.430391 0.318635 1.20329 0.220113 -1.00835 -0.55134 0.083354 0.0525572 0.159044 0.960511 0.713531 -0.138246 -1.09894 -0.774807 0.135496 -0.122821 -0.69587 -0.734073 -0.399671 -0.00892873 0.155567 -0.355414 -1.94014 -0.440456 1.29223 1.09175 0.548038 -0.232039 -0.93268 0.106142 0.655764 0.0063221 -0.90528 
0.130559 0.62082 1.46585 -0.418925 -1.35415 -0.755439 0.229746 0.281561 0.97926 0.0453937 -1.202 -0.736714 -0.0639091 0.0140081 -0.0412755 -0.0649602 0.157625 0.298048 0.0211917 -0.102815 -0.27724 -1.18706 -0.303776 0.371418 0.234571 -0.574803 -0.143316 -0.288649 -0.866479 -0.442612 0.251013 0.595979 0.123386 -0.337149 -0.147676 0.659899 1.09632 1.38461 -0.238973 
0.113174 0.614817 1.43865 -0.481231 -1.33838 -0.57866 0.2595 0.0352106 0.329388 0.0696283 -0.6818 -0.449116 -0.306015 0.0127014 -0.049077 -0.12897 0.10781 0.147896 -0.313334 -0.617171 -0.283961 -0.260708 0.105571 0.728985 1.23481 -0.221911 0.0402389 -0.0483034 -0.0448381 0.281046 0.0125345 -0.899505 -1.03325 0.0979782 1.34121 0.574457 0.103731 -0.121985 -0.419316 
0.225157 0.681558 1.41924 -0.426407 -1.35093 -0.982126 -0.330431 -0.00663361 0.787987 0.183011 -0.563409 -0.122171 -0.220307 0.173392 0.00688585 -0.230607 0.334031 0.333289 -0.851465 -1.25562 -0.209916 0.617684 0.396506 0.409001 0.0115147 -1.00589 -0.0657093 -0.0914202 0.0815584 0.183368 -0.0200071 -0.154153 -0.123674 -0.363663 -0.951251 0.0733342 0.0508472 -1.33315 -0.459895 
0.310193 0.706575 1.33904 -0.354996 -1.26723 -1.17795 -0.783881 -0.200439 0.785399 0.412009 -0.322447 -0.46114 -0.979978 0.0570836 -0.0468914 -0.152499 0.178645 0.1489 -0.359507 -0.739447 -0.733079 -1.44706 0.212544 0.69062 -0.481533 -0.702075 -0.421424 -0.273432 0.343748 0.0525285 0.148658 0.715474 0.346038 -0.890361 -1.86776 0.555126 1.40336 1.23803 1.04839 
0.348043 0.743508 1.36036 -0.392018 -1.34734 -1.24078 -0.983151 -0.613534 -0.277507 0.395917 0.0417009 -0.386734 -0.693698 -0.168337 -0.18501 0.0406646 0.263455 0.511744 0.0666474 -0.845726 -1.24826 -1.76449 1.0739 2.313 1.46527 0.338048 -0.498025 -0.414202 0.470335 0.633636 0.670895 -0.196959 -0.604203 -0.108721 0.933592 1.07172 1.425 1.79897 0.105853 
0.289401 0.691969 1.3809 -0.270477 -1.13069 -1.14154 -1.51704 -1.17292 -0.514007 1.23115 1.69845 0.271445 -0.766704 -0.367792 -0.388891 0.261103 0.736128 0.876796 -0.453145 -1.40615 -0.896991 -0.17416 1.50156 2.6257 1.66382 -0.498027 -0.42853 -0.454781 0.157736 0.416955 -0.444616 -0.976499 0.15084 1.3255 1.73441 -0.702842 -1.02351 -0.887594 -1.09904 
0.200123 0.615895 1.51718 -0.0281071 -1.07704 -1.56428 -2.14046 -1.33675 -0.405003 1.51605 2.33548 0.447548 -1.03238 -0.517778 -0.570279 0.102787 0.58675 0.0660212 -0.891384 -0.656986 0.192307 0.553283 0.261914 0.731742 0.298269 -0.915092 -0.182051 -0.919614 -2.75241 -0.407811 2.07167 2.34625 3.83013 2.63265 0.511843 -3.18063 -3.61626 -1.97087 1.65437 
0.0458825 0.463815 1.45515 0.00513883 -1.15747 -1.76847 -2.10735 -1.12314 -0.105452 1.4788 2.33945 0.406295 -1.38072 -0.449693 -1.26982 -2.94887 0.168018 3.07843 2.27325 2.95113 2.0059 0.548464 -2.24402 -2.67907 -0.838788 1.57879 0.370419 0.441346 0.0110675 -0.425058 -0.083714 0.69137 0.564129 -0.134103 -0.466048 -0.238238 -0.431967 -0.182989 0.693789 
