-2.36226 -2.5316 1.21121 2.17262 0.954085 0.0785703 0.997138 1.2926 1.99771 2.33545 1.49591 1.21582 -0.367212 -4.21892 -4.38817 2.76289 4.24436 2.77801 0.264021 2.13514 2.01134 2.18744 3.14224 2.93654 1.71674 -1.78884 0.234367 0.427453 0.776741 0.356855 0.177579 0.244812 0.786283 0.0231734 -0.740402 0.108813 0.809126 0.316735 -1.0334 
-2.21222 -2.33986 1.3455 2.28851 1.11105 0.118836 1.0874 1.37299 1.67408 2.50818 2.02499 1.5632 -1.33765 0.352907 0.560478 0.726908 0.272425 0.165376 0.365183 0.611683 0.0314049 -1.12503 0.0306078 0.847007 0.382422 -1.45823 4.62805 4.5189 -3.47284 -4.52616 -2.22821 1.2641 -0.742792 -1.21649 -2.32787 -3.51583 -3.19836 -1.38526 1.9756 
-2.12648 -2.17209 1.55872 2.28622 0.988546 0.260701 1.27717 1.26733 1.03311 2.32445 2.07505 1.56342 -1.46043 0.552647 0.422469 -1.02419 -0.8411 0.355217 1.93635 1.52019 0.457398 -1.38816 -1.82024 -1.06006 -0.245609 1.27383 -0.162032 -0.629279 -1.87788 -0.743847 0.611104 0.83102 0.38513 0.237194 -0.116905 -1.3367 -1.37619 -0.173874 1.628 
-1.8695 -2.05564 0.834665 1.79238 1.22374 1.28401 1.84891 1.64857 0.499871 0.998742 1.28454 1.33865 -0.410952 0.307162 0.0232313 -1.36598 -0.662895 0.797143 1.48213 0.90156 0.33651 -1.28757 -1.93003 -0.947244 0.088954 1.08218 -0.552521 -0.302257 1.4661 1.006 -0.785345 -2.23693 -1.88247 0.355001 1.73516 1.0472 -0.0595634 -1.32814 -1.76554 
-1.9152 -2.10564 0.880358 1.88768 1.28334 1.14168 1.71083 1.45753 -0.0609659 0.726125 1.41265 1.64367 -0.675423 0.114192 0.22493 0.434962 0.143597 -0.51533 -0.881087 -0.00900686 0.91316 1.30832 -0.49697 -1.26298 -2.12926 -1.28441 1.41368 1.82657 0.796781 -0.69284 -2.36816 -2.09635 -1.81383 0.474321 1.99253 0.0194595 -2.03728 -2.60743 0.114728 
-1.76154 -1.87916 1.03907 1.83544 0.9777 0.68638 1.8 2.24601 1.47365 0.56062 0.403672 -0.601947 -1.37566 1.84609 2.0371 -0.617785 -1.54225 -1.77622 -1.15503 -0.572578 0.944865 1.80622 -2.02251 -3.54051 -3.55712 1.34896 2.59689 2.44299 -2.2285 -2.42112 -0.247241 1.03614 -1.46317 -1.49295 -1.34762 -0.935523 -0.363167 1.43383 2.68996 
-0.879895 -0.940669 0.568737 1.00763 0.517729 0.372643 1.36325 2.07737 1.30944 -0.947076 -1.04415 -1.59773 0.306827 2.84305 2.87913 -2.03036 -2.63211 -0.806979 0.4989 -1.20185 -0.994321 -0.75407 -1.90497 -1.83286 -0.207872 2.85155 0.16273 -0.199023 -1.51594 -0.320051 2.84812 2.23377 -1.46049 -2.45923 -1.64986 1.75607 3.23702 3.45966 -0.40908 
-0.19241 -0.254882 0.0350478 0.35862 0.611483 0.952174 1.11893 1.49636 0.804547 -1.01742 -0.87152 -0.792113 0.71751 2.12695 1.9468 -2.32621 -2.01256 1.26215 1.76082 -1.76326 -2.19835 -0.722734 0.277252 0.240941 1.15517 0.828747 -1.71694 -1.92352 0.318229 1.44829 1.96507 0.158252 -0.870731 -0.581951 0.491383 1.80348 1.5013 0.0492634 -2.03207 
0.305797 0.175047 -0.580309 -0.12995 1.00414 1.42799 0.384658 0.477409 0.665296 -0.758387 -0.884376 -0.546138 0.90446 1.23356 0.997438 -1.79049 -1.16211 1.2814 0.753077 -1.91943 -1.73678 0.0224006 0.460097 -0.149264 -0.193934 -0.107152 -1.73741 -1.6126 1.53148 1.46785 -0.777429 -1.44152 0.908964 1.28628 0.699865 -0.264593 -0.439759 -0.84628 -0.552523 
0.514914 0.342979 -0.851401 -0.313281 1.10582 1.377 0.0575815 0.222368 0.753975 -0.680702 -0.98175 -0.969581 0.623197 0.496869 0.388083 -0.797609 -0.521098 0.400118 -0.0365747 -1.05316 -0.551624 0.375568 -0.206522 -0.421504 -0.0646408 0.0930124 -1.02002 -0.764759 1.42026 0.753905 -1.29299 -0.819767 1.14708 0.808483 0.027 -0.450971 -0.0451429 0.53793 0.578749 
0.618658 0.440519 -0.980074 -0.450853 1.13533 1.35875 -0.217611 0.0403966 0.896054 -0.961361 -1.18298 -0.605817 0.958137 0.32495 0.319456 -0.380018 -0.454024 -0.135282 -0.246973 -1.01831 -0.701081 0.0820064 -0.280419 -0.33476 0.49322 0.856805 -0.297524 -0.128457 0.703133 0.203037 -0.684924 -0.253588 -0.0280373 -0.409248 -0.413159 0.264359 0.231255 0.222508 0.411033 
0.735721 0.571016 -1.04647 -0.597456 1.01639 1.17612 -0.526217 -0.320194 0.750884 -0.943503 -1.22033 -0.521037 1.24158 0.314861 0.371087 -0.148889 -0.417451 -0.362394 -0.310547 -1.09473 -1.07322 -0.244296 0.0383571 -0.272935 0.187968 0.804981 -0.156354 -0.225379 0.107169 0.430479 0.154432 -0.555079 0.198274 0.304155 -0.401252 -0.0445581 0.39773 -0.21749 -0.728673 
0.834062 0.69672 -1.06186 -0.715002 0.952311 1.11809 -0.841908 -0.764976 0.633034 -0.966081 -1.37879 -0.435364 1.5382 0.284915 0.201777 -0.364343 -0.100816 0.00519274 -0.907582 -0.878331 -0.310344 -0.519477 -0.461086 0.015017 0.139663 -0.143587 -0.290049 -0.43617 -0.111074 0.412387 0.133489 -0.487916 0.999965 1.02982 0.00230405 -0.139694 0.499471 -0.0948705 -0.798096 
0.93509 0.734863 -1.23387 -0.688225 0.984847 0.56191 -1.03583 -0.586811 0.268658 -1.35257 -1.21689 -0.394591 1.12033 0.140371 0.0344398 -0.365036 -0.0840934 -0.24445 -0.885026 -0.31163 0.245532 -0.222813 -0.273362 0.19981 0.00333969 -0.299716 -0.389315 -0.342354 0.221975 0.026735 -0.417025 0.311254 1.02362 0.399415 0.474432 0.499971 0.309715 0.26467 0.153826 
0.956035 0.769288 -1.24959 -0.796615 0.817896 0.517995 -1.05119 -0.639025 0.387127 -1.22317 -1.24748 -0.433111 1.30152 0.0105946 -0.0374136 -0.226719 -0.190615 -0.469111 -0.457194 -0.0762514 0.202216 0.230826 0.108357 0.258416 0.450358 0.181941 -0.281639 -0.228931 0.307082 0.190702 -0.142796 -0.100282 0.0628501 0.111483 0.392987 0.393246 0.397959 0.744057 0.294108 
0.987574 0.768237 -1.3538 -0.828166 0.757856 0.229498 -1.12038 -0.49145 0.384116 -1.30062 -1.04503 0.014905 1.23975 -0.0256615 -0.0869288 -0.13701 0.0060195 -0.423736 -0.962398 -0.280287 0.389872 0.401763 0.149063 0.549865 0.974465 0.236578 -0.248731 -0.104301 0.55356 0.163075 -0.267881 -0.0298612 -0.325183 -0.338469 0.27549 0.460894 0.0677349 0.209318 0.253373 
0.989105 0.775652 -1.32554 -0.828885 0.609602 -0.130511 -1.24387 -0.411138 0.638752 -1.13826 -0.873945 0.453858 1.46134 -0.122343 -0.0293176 0.263121 -0.130816 -0.782965 -0.444256 -0.35619 -0.228864 0.674025 0.62397 0.209347 0.684795 0.657033 -0.216545 -0.0379544 0.493266 -0.0680247 -0.22372 0.727196 0.146092 -0.686275 -0.141382 0.375628 -0.207269 -0.391187 -0.140791 
0.968876 0.806026 -1.23362 -0.935363 0.401534 -0.0948193 -1.35328 -0.700524 0.852621 -0.831229 -0.907117 0.637979 1.71043 -0.12623 -0.00991247 0.288785 -0.187755 -0.690081 0.0214012 -0.182168 -0.486 0.201438 0.547219 0.168416 0.381614 0.119455 -0.121286 -0.137939 0.0335289 0.158004 0.428873 0.361685 0.318589 -0.0776893 -0.383461 -0.101649 0.101819 -0.278204 -0.752417 
0.968326 0.824027 -1.19279 -0.96726 0.291555 -0.163477 -1.38455 -0.801806 0.730799 -0.731008 -0.764357 0.800727 1.53456 -0.127111 -0.0561644 0.200575 -0.0765811 -0.347244 0.0708061 -0.119693 -0.326447 0.100004 0.364659 0.201475 0.247596 -0.379033 -0.127851 -0.265576 -0.101196 0.453451 0.533673 -0.258608 0.644845 0.425898 -0.739296 -0.232748 0.487492 -0.390947 -0.867291 
0.947625 0.829172 -1.1441 -1.01286 0.224761 -0.0968736 -1.46085 -0.978514 0.863867 -0.571775 -0.774654 0.862754 1.4151 -0.1376 -0.169348 0.0831313 0.190658 -0.141615 -0.25901 0.316053 0.0604293 -0.921882 0.107314 0.626683 -0.210905 -1.0892 -0.0940344 -0.180457 0.000435065 0.340361 0.19903 -0.183416 0.857447 0.361263 -0.786192 -0.130836 0.432721 -0.485851 -0.585442 
0.941458 0.785433 -1.16084 -0.898428 0.199515 -0.37189 -1.26118 -0.806577 -0.0719793 -0.679901 -0.337671 0.607797 0.714182 -0.104472 -0.127179 0.102875 0.177745 -0.15879 -0.113178 0.549078 0.137323 -1.09571 0.0651412 0.593543 -0.475669 -1.16423 -0.152598 -0.0109176 0.375458 -0.0427816 -0.0264332 0.580695 0.0503901 -0.183238 0.778892 0.457779 -0.438946 -0.262338 0.335224 
0.938496 0.81358 -1.10248 -0.951102 0.125643 -0.214042 -1.21399 -0.928982 -0.0773795 -0.554811 -0.3709 0.428618 0.539255 -0.173858 -0.0642461 0.383788 0.0245818 -0.195717 0.536914 0.3374 -0.172134 0.298413 0.618635 -0.0347807 -0.626247 -0.491135 -0.367426 -0.174181 0.694004 0.172604 -0.0896639 0.590523 0.28303 -0.232185 0.662158 0.665376 -0.260292 -0.29178 0.264272 
0.895175 0.80417 -0.981514 -0.920534 0.0851804 -0.0823112 -1.12651 -0.975588 0.0973176 -0.214828 -0.368685 0.0364821 0.335976 -0.356779 -0.191674 0.741898 0.248 -0.280916 0.69535 0.75705 -0.157837 -0.0556136 0.862435 0.148009 -0.931572 -0.672759 -0.341362 -0.252996 0.469673 0.219273 -0.273132 0.374157 1.03544 -0.195411 -0.84763 0.178843 0.256105 -0.564611 -0.275588 
0.794268 0.762808 -0.747617 -0.850871 -0.0237996 0.174666 -0.856919 -1.0879 -0.190097 0.107642 -0.275432 -0.420855 0.0267669 -0.399953 -0.210613 0.784522 0.146045 -0.51522 1.06797 1.14896 -0.420265 -0.992142 0.745711 0.143823 -1.45802 -0.810784 -0.184625 -0.155377 0.146571 0.0147455 -0.356385 0.138837 0.895633 0.286045 -0.371775 -0.418257 -0.237749 -0.383714 -0.0605578 
0.72783 0.743067 -0.605762 -0.876131 -0.160811 0.539538 -0.561745 -1.31983 -0.761429 0.353126 -0.276114 -1.29259 -0.278559 -0.425245 -0.236635 0.799426 0.145045 -0.689983 0.924629 1.45645 0.209741 -0.611593 0.166984 -0.270279 -1.51413 -0.669335 -0.2485 -0.254488 0.219594 0.29435 -0.244761 -0.487911 0.897428 1.1983 0.325484 -0.983498 -0.236522 0.900177 0.45672 
0.61338 0.687511 -0.364559 -0.807015 -0.341806 0.70683 -0.129192 -0.98722 -0.745702 0.207058 -0.469399 -1.80105 -0.48319 -0.532658 -0.35853 0.919618 0.349885 -0.804201 0.493497 1.8498 1.11395 -0.471769 -0.728381 -0.272982 -0.271812 -0.0301714 -0.141023 -0.290684 -0.10671 0.438586 -0.0801366 -1.22581 0.327213 1.19736 -0.0361654 -0.639681 0.837176 1.53386 -0.132744 
0.489427 0.601279 -0.163789 -0.720112 -0.525883 0.801952 0.374439 -0.58059 -1.20565 -0.272346 -0.471951 -1.54101 -0.315957 -0.449862 -0.422152 0.587915 0.507149 -0.80186 -0.596137 1.69987 1.74276 -0.649495 -0.833487 0.61063 0.545079 -0.774369 -0.091681 -0.143155 -0.084594 0.0687613 -0.149609 -0.579824 -0.72437 -0.0475146 0.760216 1.24724 0.926889 0.211747 -0.628151 
0.41931 0.511019 -0.0851781 -0.564883 -0.705913 0.287484 0.727537 0.196096 -1.3315 -0.503507 -0.0538211 -1.30526 -1.0708 -0.507652 -0.390796 0.731599 0.306199 -0.990817 -0.198845 1.24963 1.05496 0.719698 0.870459 0.716358 -0.0340276 -0.879532 -0.373083 -0.126324 0.818869 0.145659 -0.251224 0.041052 -1.52288 -1.01095 1.37406 1.61425 -0.153561 -0.20251 0.754835 
0.264414 0.441891 0.186021 -0.588014 -0.967854 0.631183 0.992559 0.11699 -0.700764 0.396604 0.016785 -1.5728 -0.98132 -0.707858 -0.436934 1.35957 0.547839 -1.09779 -0.492259 0.459138 0.451671 1.48956 1.27092 0.294096 0.212161 0.454148 -0.150048 -0.0993165 0.422344 0.439496 0.00193842 -1.15132 -1.47719 -0.0543671 -0.0101356 -0.80161 -0.275243 0.897644 0.472775 
0.087096 0.326464 0.572448 -0.30047 -1.19197 -0.0668676 0.926727 0.467625 -0.213351 0.489652 0.142731 -1.11277 -0.750123 -0.541346 -0.377522 1.08206 0.669301 -1.0144 -1.62408 0.0455463 0.9872 0.721977 -0.353074 0.252753 1.14869 -0.0747984 -0.0525691 -0.20101 -0.200416 0.443991 0.894474 -0.455735 -0.701461 -0.281903 -1.55782 -1.38558 -0.00969555 0.314357 -0.722723 
0.0213594 0.289743 0.707618 -0.257092 -1.41954 -0.431322 0.972562 0.766719 -0.19406 0.0749807 0.18473 -0.527112 -1.05171 -0.643519 -0.529298 1.04853 0.915872 -0.161176 -1.02547 -0.122652 0.0929293 -0.897311 -0.75706 0.151442 0.591307 -0.537304 -0.104511 -0.118987 0.0274801 0.10032 0.131447 -0.0692659 -0.816582 -0.967059 -0.767171 0.369555 0.0999362 -0.708212 -0.265292 
-0.210667 0.0915258 1.07761 0.165465 -1.29207 -0.754837 0.817591 0.485806 -0.996556 -0.159038 0.240574 -0.574862 -1.16246 -0.529242 -0.384682 1.01309 0.660242 -0.89865 -1.66167 -0.628595 -0.247752 -0.444372 0.0367156 0.242605 0.119085 -0.378979 0.345052 0.318189 -0.463973 -0.657765 -1.00871 -0.577946 -0.912622 -0.185951 0.790713 0.697138 0.104288 0.420307 1.15234 
-0.215214 0.13369 1.19541 0.0688685 -1.82353 -1.51735 0.595297 0.544305 -0.616458 0.0689313 0.345653 -0.419414 -1.347 -0.179297 -0.0823229 0.457523 0.0750058 -1.27202 -1.7154 -0.873837 -0.143104 0.341233 0.0839881 0.146553 1.11642 1.28844 0.11067 -0.0628403 -0.593063 0.0183101 1.13702 0.492749 -0.129747 0.0700079 0.140656 -0.138665 0.151351 0.98312 1.08092 
-0.259862 0.100402 1.29307 0.17097 -1.84991 -1.87448 0.310358 0.337297 -0.793149 -0.126816 0.335034 0.441427 -0.224958 -0.300735 -0.333517 0.284962 0.561198 0.298898 -0.978533 -0.751754 -0.156453 -0.209316 -0.273586 0.294598 1.41956 1.33947 -0.109298 -0.264518 -0.42081 0.191549 1.49205 1.25081 0.71125 -0.318527 -0.613323 0.527836 0.868554 0.0346568 -0.766091 
-0.329433 0.00554647 1.32629 0.340596 -1.73405 -2.17595 0.152763 0.386369 -0.851614 -0.188339 0.542553 0.873043 -0.371766 -0.172009 -0.240659 -0.087632 0.166048 0.307471 -0.0601173 -0.322345 -0.548682 -0.587624 0.691817 1.06539 1.11023 0.231835 0.115592 0.155378 -0.195601 -0.422577 0.260304 1.33014 0.268989 -0.996021 -0.290519 1.29342 0.748024 -0.534298 -1.01831 
-0.305154 0.0229104 1.24132 0.226326 -1.7569 -1.95845 0.095394 -0.0976384 -1.32966 0.397505 1.06528 1.45208 -0.068644 -0.0672782 -0.0556681 -0.0209709 -0.0216086 0.55327 0.778493 -0.555046 -1.42844 -0.639862 1.38886 1.06775 0.629548 -0.0960881 0.148832 -0.0560967 -0.950711 -0.30497 1.60057 1.31044 -1.0806 -1.31975 -0.251094 0.528011 -0.417571 -1.52576 -1.10696 
-0.318647 0.0289626 1.30721 0.293198 -1.53975 -1.73522 -0.185524 -0.669867 -1.42974 0.900313 1.27444 1.44579 -0.457899 0.0948771 -0.182489 -1.19566 -0.287715 2.00371 1.67165 -1.20828 -2.23467 -0.957309 1.29989 0.429758 -1.04567 -1.33692 -0.0985117 -0.558927 -1.26925 0.233511 1.50687 -0.172717 -0.35072 0.334247 -0.204675 -0.482049 -0.378676 -1.2488 -0.882354 
-0.207541 -0.0228512 0.646442 0.033216 -0.964915 -0.958896 -0.589082 -1.72325 -2.16066 1.41412 1.3557 0.498667 -1.07217 -0.0491422 -0.519834 -1.46736 0.115476 2.14871 0.608231 -0.855471 -0.999222 -0.937891 0.605538 0.479137 -1.1448 -1.32738 -0.822025 -0.662218 1.64364 1.62295 -0.473303 -2.30364 1.21236 3.03642 1.82034 -1.28193 -0.403569 1.34501 0.931783 
-0.298149 -0.200813 0.579153 0.320862 -0.688019 -1.40102 -0.683024 -1.42298 -2.24527 1.35478 1.59903 0.402055 -1.45437 -0.614614 -0.753953 0.452087 1.37393 1.46887 -1.23134 -0.254798 1.65021 1.87066 -0.585313 -0.188947 0.753369 0.157454 0.39906 0.647807 0.378397 -0.471512 -0.345441 1.28962 2.8006 2.40808 2.47747 -1.53568 -2.19177 0.55041 2.14349 
-0.489827 -0.380333 0.859244 0.749968 -0.393325 -1.77568 -0.768249 -0.605285 -0.738928 0.904474 1.21802 1.18421 -0.970852 0.469394 0.269546 -1.16358 -0.521024 1.75141 2.3133 1.3721 2.08212 2.90449 -1.62921 -2.30086 -0.440456 1.98754 0.494594 0.613703 -0.333194 -1.14358 -1.3415 0.920225 0.341401 -1.29177 -1.22342 0.511492 0.264663 -0.507703 -0.167634 
