-3.05497 -2.47311 2.02659 2.24513 0.392968 -0.643145 0.973881 0.988242 0.388074 -0.0403771 1.45852 1.43517 -0.562127 -4.76405 -4.91164 2.10743 4.48427 1.98189 -0.693948 2.06036 2.22185 0.969374 -0.345681 1.24584 2.11825 -0.42945 1.3001 0.503902 -1.78793 0.552565 2.01758 -0.332091 0.445397 1.28063 -0.461271 -0.873607 0.0460563 -0.962654 -0.164684 
-2.42525 -2.11164 1.27356 2.04832 0.717472 -0.496136 1.14106 1.35545 0.860174 -0.234572 1.10401 1.07878 -0.341791 1.53452 0.566763 -2.24983 0.366942 2.12324 -0.293265 0.519351 1.29394 -0.697498 -1.20633 -0.0205997 -1.14114 -0.151412 5.4918 5.39154 -3.55835 -4.45227 -1.25797 -0.925713 -0.820431 -0.158547 -2.42091 -1.30188 0.254116 -1.66445 -0.470388 
-2.15703 -2.13524 0.642432 2.34972 1.16549 -0.870193 1.20387 1.75438 -0.256058 -0.9751 1.4573 0.813899 -0.705214 1.33456 0.242823 -2.23997 0.5427 0.749823 -1.66595 1.15541 2.03833 -2.58337 -2.1222 1.51614 0.195487 -0.974887 -0.143111 0.314017 0.497372 -1.49914 -2.64544 -0.284248 0.527639 -0.148963 -0.568551 -0.279594 0.335311 1.83497 0.270028 
-1.63281 -1.91862 -0.10459 2.23588 0.955076 -1.64504 1.74711 2.59435 -1.48591 -1.91436 2.44391 1.15468 -1.07339 1.49761 0.955293 -1.79206 -1.03237 -0.530085 -0.531829 1.13124 1.12026 -1.55131 -1.62183 0.363222 0.833537 0.25748 -0.552467 0.568109 1.16656 -2.31907 -0.331061 3.00362 -0.517078 -2.51128 1.67954 0.731546 -2.67552 0.644026 2.74102 
-1.27856 -1.62365 -0.462513 1.79373 0.904598 -1.25745 1.79563 2.41021 -1.67073 -2.24783 1.79104 1.22259 -0.556079 0.851926 0.869852 -0.989359 -1.56246 0.467231 1.85477 0.591796 -0.5605 -0.161648 -1.19151 -2.30962 0.843764 2.61889 -1.0447 -0.47111 1.10686 -0.07743 1.58267 2.48371 -0.580403 -1.80407 1.71332 1.01262 -1.92467 -0.856524 1.33691 
-1.09501 -1.44523 -0.719925 1.42964 1.08262 -0.429529 2.01993 2.18272 -1.64645 -2.83703 0.445054 1.56871 0.763368 0.479008 0.606879 -0.612184 -1.20777 1.14765 2.39444 0.496371 -0.752552 0.919634 -0.316927 -2.41274 -0.189403 2.04149 -0.303907 0.120555 0.987508 0.266907 -0.143572 -0.112058 -1.97343 -1.37461 1.87219 2.9586 1.36332 -1.48266 -1.55698 
-0.937516 -1.26785 -0.847789 1.15493 1.29715 0.320487 2.01203 1.87661 -0.855443 -2.45901 -0.297808 1.09774 0.868026 0.639933 1.07679 0.049112 -1.44143 0.376693 1.81308 -1.61049 -1.99242 2.54078 2.70416 -0.488485 -0.876524 0.672932 0.2241 0.799297 0.947409 -0.40354 -1.12966 -0.384103 -1.91748 -1.93186 -0.0472383 1.93876 1.33666 -0.124591 -0.480515 
-0.669063 -0.879321 -0.701842 0.680531 1.17489 0.75799 0.990725 0.861676 0.631873 -0.590517 0.0355083 1.08545 1.20941 0.84193 1.45091 0.378779 -1.66391 0.0470135 2.0417 -1.64296 -2.75655 0.825394 2.22098 -0.628885 -0.397163 1.483 0.113592 0.0992699 0.168583 0.358238 -0.214517 -0.132162 0.868085 -0.211056 -2.859 -1.74241 -0.220501 0.220104 0.462253 
-0.404991 -0.534664 -0.628625 0.300793 1.26102 1.66154 0.963632 0.0702652 -0.125206 -0.605572 -0.829882 0.864513 1.893 0.88253 1.26376 0.117331 -1.24178 0.213484 1.74841 -0.615537 -2.22985 -1.65029 0.341142 -0.88177 -0.700386 1.32959 0.0107321 -0.768984 -0.93945 1.06063 -0.244813 -2.04283 0.189171 1.86916 -0.667905 -0.982929 1.2041 0.500608 -1.52809 
-0.115117 -0.229814 -0.642148 0.0256746 1.2036 1.90208 0.549755 -0.610156 -0.872129 -0.26635 -0.717259 0.694075 2.12474 0.972529 0.822901 -0.865785 -0.85959 -0.147231 -0.207586 -1.41192 -0.858421 -0.173176 0.869105 0.969625 0.0913834 -0.425718 -0.374223 -1.06404 -0.756011 0.840153 -0.440416 -1.77834 0.12855 2.02997 1.27426 0.436896 1.53664 0.590992 -1.9178 
0.196439 -0.0822734 -1.16859 -0.173637 1.14924 1.49203 0.051831 -0.530571 -0.296152 0.148099 0.033072 0.886109 1.55387 0.593974 0.358802 -0.909896 -0.627265 -0.181126 -0.198467 -0.452699 -0.166636 0.180936 0.879547 1.18169 -0.111176 -1.08144 -0.815554 -0.692298 0.973516 0.997899 -0.301018 0.0364315 1.46832 0.704834 -0.382398 -0.404159 0.0226251 0.413812 0.156138 
0.286583 0.0150685 -1.20901 -0.339079 1.07862 1.73869 0.205057 -0.771638 -0.723498 0.495815 0.330766 0.610019 1.317 0.203433 0.266872 0.156109 -0.109273 -0.399048 -0.0794906 0.258423 -0.15559 -0.755753 0.28777 0.916265 0.483261 -0.163619 -0.592584 -0.281837 1.25793 0.961971 -0.545613 -0.263999 0.772126 0.435502 -0.489759 -0.832034 -0.595695 0.588151 1.00788 
0.392085 0.121506 -1.08524 -0.293855 0.93938 1.40855 0.12756 -0.685037 -0.992858 0.428847 0.849459 1.1121 1.40206 0.0676569 0.188046 0.448968 0.0921225 -0.683495 -0.413878 0.434285 0.259698 -0.55807 -0.271438 0.263829 0.47487 0.27848 -0.212725 -0.115792 0.336606 0.10896 -0.567453 -0.438184 0.0275212 0.579185 0.332032 -0.94952 -1.28168 -0.827662 -0.173484 
0.410592 0.183602 -0.947038 -0.364221 0.757973 1.43064 0.384758 -0.662354 -1.2418 0.321641 0.577769 0.831637 1.48114 0.0907222 0.251971 0.423399 -0.124217 -0.923788 -0.494061 0.307584 0.418248 -0.297385 -1.01963 -0.960699 -0.507534 -0.326374 0.12069 0.144914 -0.101978 -0.230576 -0.169656 -0.330645 -0.852868 -0.176196 0.082523 -0.496104 -0.794888 -1.13742 -0.783204 
0.528264 0.318622 -0.838859 -0.421128 0.525143 1.04665 0.232353 -0.475057 -1.2759 -0.35399 0.0278097 0.821313 1.13394 0.317982 0.41785 0.196631 -0.215118 -0.800752 -0.705491 -0.507161 0.0580624 -0.463244 -0.975182 -0.932534 -0.860911 -0.670149 0.0153596 -0.0634633 -0.155834 0.0994928 0.390416 -0.0506249 -0.86478 -0.484481 0.592025 0.894331 0.0522034 -1.78364 -0.442258 
0.666676 0.454887 -0.838976 -0.534407 0.391657 0.926757 0.00786088 -0.681129 -1.67453 -0.425038 -0.219301 0.356529 0.967333 0.22636 0.286186 0.107254 -0.147312 -0.467335 -0.465504 -0.647266 -0.0998727 0.539801 0.127782 -0.972704 -2.56304 -0.835555 -0.245207 -0.524535 -0.224015 0.663741 0.646852 -0.267733 -0.198523 0.605919 1.5384 1.09905 0.386615 -1.39027 -0.887086 
0.736007 0.531036 -0.785313 -0.559304 0.288687 0.703934 -0.227376 -0.594137 -0.803403 -0.203394 -0.804317 -0.541601 0.501919 0.169904 0.01929 -0.200295 0.247532 -0.0816179 -0.925171 -0.712344 0.659347 1.75284 0.444783 -0.476983 -2.47831 -1.75267 -0.177721 -0.368639 -0.110509 0.403845 -0.0674677 -0.444151 0.318742 0.635646 0.157985 0.264842 1.0302 0.993928 -0.613299 
0.844632 0.547966 -0.973019 -0.486183 0.30543 0.275339 -0.490343 -0.318027 -0.107294 -0.0165585 -0.618809 -0.96219 -0.320119 0.151763 0.0339544 -0.155191 0.0916014 -0.479915 -0.886896 -0.270426 0.531929 0.744576 0.437123 0.382672 -1.52506 -1.56519 -0.321159 -0.0370919 0.533128 -0.338332 -0.581577 0.456275 0.311327 -0.639614 -0.653676 0.0782699 0.310608 1.27427 0.767311 
0.904392 0.630673 -0.891845 -0.584692 0.047331 0.0782196 -0.464311 -0.311958 -0.146102 0.198854 -0.453599 -1.36312 -0.651546 -0.0608744 0.0782587 0.299833 -0.152473 -0.620826 -0.317035 -0.343846 -0.0180339 0.775001 0.50573 -0.1277 -1.1281 -0.702827 -0.440167 -0.0687251 0.660153 -0.234073 0.146007 0.791844 -0.52369 -0.824771 0.55654 0.126916 -0.651271 1.31376 1.1164 
0.900827 0.667412 -0.802009 -0.626795 0.00919193 0.0323276 -0.770685 -0.385131 0.577464 0.441503 -0.713495 -1.57666 -0.857282 -0.208596 0.0632312 0.495434 -0.21865 -0.273822 0.104922 -0.841484 -0.335533 1.53006 0.562835 -0.612894 -0.130884 -0.0653991 -0.312414 -0.188689 0.298242 0.039253 0.224575 0.429281 -0.107574 -0.341238 0.130199 -0.0185837 -0.200203 1.0225 0.597238 
0.882647 0.743399 -0.601527 -0.756545 -0.113756 0.118583 -1.03886 -0.580707 1.22008 0.703371 -0.971717 -1.45746 -0.733162 -0.28213 -0.00506597 0.52167 -0.227426 -0.334252 0.260236 -0.446693 -0.389102 0.939293 0.437732 -0.492606 -0.0583006 0.127809 -0.0883095 -0.387506 -0.340869 0.426577 0.259534 -0.161738 0.676689 0.409581 -0.713151 -0.260715 0.377562 -0.29913 -0.265948 
0.840285 0.749601 -0.495688 -0.802791 -0.175431 0.176996 -1.11183 -0.687901 1.41049 0.844247 -1.12664 -1.63314 -0.800819 -0.185838 -0.20671 -0.0399385 0.0398326 0.0485628 0.00643477 -0.0618844 0.06419 0.465563 0.172476 -0.17 -0.533035 -0.347331 0.0702191 -0.39262 -0.605471 0.683452 0.393113 -0.808165 0.0815675 0.878713 -0.161071 -0.288882 0.638461 0.614339 -0.210472 
0.87291 0.735429 -0.63776 -0.806373 -0.149279 0.0928057 -1.15251 -0.595591 1.62557 0.890325 -1.10332 -1.76155 -1.01626 -0.0867594 -0.279807 -0.327199 0.252193 0.124965 -0.577363 -0.33672 0.492233 0.679195 0.00987222 0.315064 0.556911 -0.08262 -0.310486 -0.0403768 0.682089 0.00901461 -0.789448 -0.0794796 0.31815 0.00247738 -0.225749 -0.187853 0.206113 2.13925 1.25505 
0.882822 0.708948 -0.707137 -0.752367 -0.181198 -0.240845 -1.38796 -0.430933 2.00879 0.898922 -0.834922 -1.36873 -0.894742 -0.404994 -0.150825 0.636676 -0.0611517 -0.703578 0.00199982 0.31429 0.0459806 0.111227 -0.120879 0.0331829 1.78053 1.33117 -0.660467 0.169322 1.76904 -0.353353 -1.53333 0.952076 1.5849 -0.589115 -0.949466 -0.353413 -0.637357 0.661126 1.35172 
0.747543 0.752447 -0.261292 -0.903874 -0.477748 0.0640496 -1.04375 -0.622039 1.7113 0.838632 -1.0576 -0.858915 -0.0998021 -0.68699 -0.027091 1.63722 -0.160743 -1.38917 0.597661 1.46479 -0.133305 -0.729618 -0.503901 -0.661049 1.22423 1.72047 -0.241453 -0.103094 0.596141 0.441111 -0.374158 0.0251005 1.08402 0.320161 -0.802704 -0.446019 -0.117369 -1.31344 -0.949929 
0.608671 0.78129 0.279613 -0.896883 -0.776691 0.130429 -0.59901 -0.571246 1.33567 0.535636 -1.39507 -0.756252 0.299943 -0.548985 -0.153808 1.21146 0.209843 -1.03032 0.11714 1.55221 0.353906 -1.08375 -0.757944 -0.21591 0.24871 0.167646 0.139548 -0.409528 -0.69941 0.997137 0.845715 -0.968544 -0.484067 0.65379 -0.173739 0.0471061 0.964942 -0.756095 -1.71657 
0.546205 0.768131 0.465767 -0.873442 -0.933475 0.112618 -0.203113 -0.452923 0.718581 0.268679 -1.22927 -0.755259 -0.0148683 -0.416131 -0.317703 0.677048 0.588918 -0.46633 -0.423312 0.938315 0.517123 -1.00817 -0.484443 0.603089 0.313142 -0.43118 0.0251575 -0.181764 -0.201196 0.509 0.283472 -0.703503 -1.02484 -0.0623401 0.410099 0.690722 0.785879 0.0608761 -0.430718 
0.477429 0.723693 0.680707 -0.687497 -1.01276 -0.183955 -0.121319 -0.29847 0.41116 0.188179 -0.851988 -0.618989 -0.0430838 -0.402679 -0.230632 0.84157 0.539281 -0.683411 -0.600791 0.417266 0.269155 -0.511635 0.118392 0.797871 0.247511 -0.32666 -0.0796548 0.0485143 0.168446 -0.262861 -0.388815 -0.147438 -0.771811 -0.370863 0.80161 0.677146 -0.0450978 -0.247803 -0.0997677 
0.42206 0.749465 0.967211 -0.687489 -1.25409 -0.320956 -0.033474 -0.337633 0.242185 0.411636 -0.516206 -0.652229 -0.283198 -0.38395 -0.178382 0.745106 0.253884 -0.808082 -0.50545 0.088073 0.115642 0.134384 0.373818 0.455042 -0.0318436 -0.498921 -0.152707 -0.231053 -0.0961484 0.0335837 -0.100025 -0.339211 -0.469796 0.271473 0.821457 0.0535215 -0.3206 0.0849879 -0.0447053 
0.363165 0.728389 1.12331 -0.636274 -1.38193 -0.5535 -0.146304 -0.280676 0.517778 0.538929 -0.438113 -0.661666 -0.434523 -0.45004 -0.353722 0.596139 0.459448 -0.729341 -0.902198 -0.0931513 0.527096 0.659839 0.146391 0.264633 0.273166 -0.32343 -0.128813 -0.345584 -0.152285 0.664053 0.676317 -0.316981 -0.450522 0.138041 -0.219211 -0.459294 -0.0348183 0.498824 -0.0339417 
0.272927 0.675763 1.31895 -0.539224 -1.59259 -0.956947 -0.165601 -0.0585234 0.823013 0.577371 -0.268502 -0.535817 -0.54922 -0.405293 -0.408974 0.433165 0.716803 -0.0587647 -0.78144 -0.400656 0.236602 -0.210426 -0.280919 0.321368 0.454715 -0.481818 0.172547 0.182495 -0.155302 -0.0821822 0.7048 0.429749 -0.650229 -0.983458 -1.08131 -0.358668 0.0336576 0.549202 0.044012 
0.237641 0.629983 1.37565 -0.366516 -1.45925 -1.10839 -0.460233 -0.18606 0.313215 0.357041 -0.140895 -0.45056 -0.813739 -0.14325 -0.0886422 0.280624 0.279955 0.0491521 -0.324391 -0.80659 -0.503275 -0.941075 -0.374378 0.226698 0.815833 -0.205852 -0.00332355 0.0493259 -0.0588637 -0.300592 0.200545 0.476537 -0.269116 -0.815061 -0.374574 0.44536 0.309957 0.0328138 0.170835 
0.285659 0.720584 1.47825 -0.475694 -1.62789 -1.2049 -0.719525 -0.433806 -0.040941 0.319454 -0.0539044 -0.136357 -0.731213 -0.289999 -0.26889 0.231908 0.349287 0.203195 -0.150137 -0.685269 -0.620892 -0.781603 0.268754 0.669741 0.422262 -0.200777 -0.338595 -0.489138 0.0788371 0.64788 0.328485 -0.259033 -0.399281 -0.090028 0.679341 1.36193 1.21273 -0.0177222 -0.384364 
0.172947 0.594211 1.50523 -0.270255 -1.43455 -1.23932 -0.942429 -0.636041 -0.40682 0.622319 0.460349 -0.256381 -0.992104 -0.393013 -0.453979 0.242513 0.72895 0.442167 -0.534124 -1.23766 -0.616451 0.023332 1.39557 1.83727 0.727096 -0.640412 -0.0812891 -0.0789028 0.0616793 -0.000722176 -0.448591 -0.539834 -0.580599 0.128867 0.768204 0.726071 0.880512 1.02412 -0.749865 
0.166614 0.602055 1.6143 -0.200201 -1.51011 -1.5937 -1.52831 -0.880966 -0.0345436 1.50141 1.56625 0.216819 -1.22377 -0.259597 -0.249167 0.173469 0.239921 -0.199789 -0.680932 -1.32036 -0.50935 0.31228 1.19215 1.81583 1.49386 -1.10643 -0.192012 -1.25204 -2.31107 -0.0589462 3.43466 2.50624 3.49702 2.05723 0.0388465 -2.44507 -2.55065 -0.919258 1.81606 
0.124294 0.567258 1.59916 -0.225624 -1.5668 -1.72671 -1.8001 -1.01518 -0.139654 1.63879 2.06179 0.496731 -1.81771 -0.483171 -1.5354 -2.62713 0.569461 4.017 2.41791 2.71536 1.47475 0.0545199 -1.90293 -1.81391 -0.365714 1.76117 0.129205 0.165541 -0.0354103 -0.152376 0.139852 0.519942 1.15728 0.516368 -0.196885 -0.862955 -1.23795 -1.27936 0.811215 
