-1.69308 -1.61274 1.0939 1.6502 0.923225 0.779422 1.32155 0.767332 0.270202 1.30773 0.992201 1.30205 0.273559 -2.86188 -2.27574 2.46491 3.97658 2.46483 1.58754 2.22071 1.50554 1.64068 1.55791 0.952293 1.26299 0.674451 0.266177 0.430594 0.699331 0.453482 0.436431 0.318438 0.12997 0.255992 1.00209 0.689844 -0.136307 -0.620199 -0.222225 
-1.5177 -1.34907 1.41829 1.80176 1.20559 1.00064 1.45188 1.28483 1.23686 1.30595 0.548623 0.961479 0.575861 0.396809 0.579835 0.780439 0.347507 0.476854 0.436977 0.0837377 0.251182 1.51584 0.983578 -0.225876 -0.895493 -0.353434 2.79534 2.20965 -1.9875 -4.09923 -2.72146 -1.19832 -1.51834 -0.946102 -0.621274 -0.245811 -0.143274 -1.26064 -1.22275 
-1.48916 -1.2861 1.52133 1.79111 1.13557 1.03721 1.37438 0.99221 1.41213 2.13039 0.88086 0.648089 -0.0409104 0.132954 0.202444 0.17077 -0.322707 -0.84919 -0.0394806 0.283572 0.172011 0.649734 1.15464 0.71901 -0.466058 -1.20523 -0.605304 -0.690792 -0.483374 -0.196435 -0.730579 -0.367331 0.333296 0.244884 -1.04154 -1.06062 0.18615 1.17014 0.0518638 
-1.45317 -1.24389 1.4871 1.63595 0.755416 0.950807 1.63553 1.44281 1.72016 2.27255 0.96657 0.628911 -0.476415 -0.101591 -0.0369099 0.207491 0.0316653 -0.447223 -0.0592367 0.416759 0.487721 -0.12408 -0.627424 -0.108912 0.539183 -0.288761 -0.53862 -0.605774 -0.147872 0.863038 1.23891 -0.0300499 -0.43197 -0.490542 -0.957395 -0.59339 0.338225 0.872511 0.318527 
-1.54854 -1.32139 1.61174 1.78748 0.886231 0.974622 1.64523 1.41697 1.30699 1.59742 0.835038 1.06786 -0.299362 -0.296946 -0.323581 -0.0182585 0.442819 0.591 -0.0767236 -0.321648 -0.560956 -0.86025 0.23618 0.997663 0.581248 -0.733779 -0.324433 -0.515676 -0.724265 -0.136304 0.184068 -0.480114 -0.959663 -0.78444 0.278037 1.30191 0.981578 -0.54545 0.0242337 
-1.61577 -1.4474 1.44472 1.82049 1.02479 0.876928 1.42295 0.981413 1.0552 2.46629 1.54061 1.08016 -1.12033 -0.311473 -0.466796 -0.641111 -0.222803 -0.273317 -0.708925 -0.835429 -0.632689 0.273688 1.26338 0.853761 -0.259024 -0.266237 -0.0826372 -0.125552 -0.410101 -0.857939 -1.03225 -0.0780205 0.0195561 -0.0968588 0.0333927 -0.477824 -1.56264 -0.768741 1.00834 
-1.71882 -1.60894 1.20299 1.6674 0.723777 0.492567 1.09628 0.894955 1.50432 2.65552 1.32847 0.89024 -0.538303 -0.258449 -0.337185 -0.507359 -0.548197 -0.695221 -0.179245 -0.373282 -0.774934 -0.840261 -0.510988 -0.744709 -0.507578 0.789943 1.5837 1.72625 0.812203 -0.551458 -0.580962 -0.0972051 -0.182401 -0.453104 -2.16485 -3.34285 -3.22831 -0.545807 0.737396 
-1.75803 -1.65889 1.11464 1.55148 0.651547 0.736857 1.17657 0.339202 0.40543 2.0313 1.13864 0.716522 -0.444433 1.43873 1.49557 0.268488 -0.901005 -1.01779 -0.837553 -1.13467 -1.3163 -3.10085 -3.73041 -2.65957 -1.05769 0.844176 2.58911 2.41476 0.210551 -0.727343 -0.0556148 -0.706275 0.157948 1.80831 0.540592 -1.89371 -2.05845 -1.44166 -0.617355 
-0.964423 -0.744938 1.32928 1.23693 0.189368 -0.0725361 0.351431 -0.204722 -0.864507 -0.488542 -0.14613 0.114881 0.18457 2.52454 2.35986 -0.286238 -1.40592 -0.809041 -1.13669 -0.255242 1.52266 -0.0370564 -3.35681 -3.01423 -2.47223 -0.16624 0.616161 0.0612009 -2.10932 -1.93256 0.930844 1.70211 1.64059 2.15189 3.34113 2.22874 0.964045 -0.239027 -0.130431 
-0.429984 -0.287713 0.914622 0.889947 0.221432 -0.0213833 1.00747 1.6385 0.366461 -0.798393 -0.534631 -1.1175 -0.596759 2.19506 1.68124 -2.16506 -2.98885 0.0525819 1.48232 0.801141 1.43422 2.02693 -0.465836 -1.71553 -1.45708 0.630768 -1.06926 -1.32169 -1.65376 -1.11526 1.4614 2.03067 -0.539923 -2.1211 0.6348 2.50177 1.60772 1.76372 1.44687 
0.189551 0.228017 0.0240924 -0.149031 0.18974 0.860169 0.87393 1.01985 0.666082 -0.885538 -1.09192 -0.959388 0.722594 1.54955 1.06992 -2.19847 -2.65957 0.898226 1.63028 -0.992816 -1.35986 0.911625 0.312444 -1.38584 -0.264991 2.02644 -1.36865 -1.12789 0.898389 2.18293 1.12413 -0.961347 -1.91988 -2.04198 -1.06841 0.735344 1.53587 0.787062 -0.408872 
0.382957 0.326505 -0.410218 -0.345324 0.644309 1.00685 0.355485 0.502021 1.04891 -0.540482 -1.29574 -1.29959 1.15016 0.912524 0.598087 -1.15683 -0.876159 1.35498 0.17777 -1.62831 -1.344 0.345524 0.585184 -0.163533 -0.520991 -0.00738583 -0.86057 -0.543394 1.33707 2.0155 -0.0132755 -1.15442 -0.243585 0.199523 -0.717264 -0.298644 1.29117 0.535078 -1.40607 
0.665939 0.565359 -0.688028 -0.568125 0.840822 0.950602 -0.1941 -0.103232 0.918045 -0.398122 -1.16834 -1.33307 0.707863 0.788932 0.610452 -0.688256 -0.717766 0.835232 0.0629998 -1.36707 -1.18312 -0.227549 -0.169139 -0.0940089 0.343138 -0.132885 -0.517714 -0.302715 0.654111 0.472093 -0.892609 -0.296483 0.658563 0.66761 -0.274334 -0.753292 -0.191041 0.679263 0.199118 
0.794049 0.671103 -0.846709 -0.69193 1.03571 1.02319 -0.541516 -0.485111 0.865085 -0.687813 -1.33321 -1.02654 1.02673 0.504098 0.395442 -0.428139 -0.509657 0.236396 -0.222033 -0.896497 -0.550181 -0.109678 -0.57029 -0.447602 0.274798 0.281914 -0.608591 -0.475095 0.408582 0.527524 -0.64899 -0.258464 0.661316 0.622446 0.0499269 -0.0391225 -0.0940235 -0.288254 0.131538 
0.926548 0.783786 -0.971511 -0.819489 0.933033 0.782905 -0.783024 -0.555522 0.82385 -0.883013 -1.40388 -1.11117 0.943718 0.287156 0.223868 -0.240526 -0.294688 0.00909839 -0.285068 -0.631884 -0.44884 -0.182028 -0.266053 -0.274928 -0.120321 0.0533255 -0.548805 -0.491318 0.201372 0.680891 0.380629 0.146386 0.337221 0.0883452 -0.125188 0.313297 0.554986 0.146588 -0.0692391 
0.940043 0.788848 -1.01983 -0.844914 1.01436 0.814792 -0.957201 -0.851766 0.715872 -0.916695 -1.47203 -1.10035 1.06458 0.0637358 -0.00845221 -0.217523 0.0699583 0.646263 -0.0191838 -0.558663 -0.520006 -0.33457 -0.144838 0.0615135 0.377297 0.161851 -0.299839 -0.288258 0.0627462 0.32745 -0.0582695 -0.0494778 0.463462 0.401479 -0.113961 0.175075 0.778592 0.473713 -0.0551889 
0.954505 0.765201 -1.1311 -0.805593 1.23002 0.746177 -1.15077 -0.982313 0.558637 -1.0099 -1.35424 -0.812555 1.07558 0.102538 0.0366493 -0.18854 -0.0758173 -0.107908 -0.348749 -0.139275 -0.00586427 -0.389582 -0.0454774 0.471928 0.40794 -0.0453047 -0.0536957 0.0263135 0.168001 -0.305815 -1.09172 -0.227155 0.36322 0.292966 0.155109 0.3304 0.540687 0.317126 -0.0179791 
0.9885 0.796729 -1.16238 -0.897732 0.934546 0.565282 -1.05038 -0.844097 0.408824 -0.959968 -1.19249 -0.778804 1.01701 0.131963 0.139994 -0.0450925 -0.357523 -0.711347 -0.324646 -0.188953 -0.220081 -0.126627 0.305964 0.555426 0.701755 0.119982 -0.152556 -0.0668572 0.181475 0.0106744 -0.112883 0.0322873 -0.244984 -0.237071 0.290463 0.176033 0.103876 0.770091 0.307956 
1.01851 0.833726 -1.18927 -0.987334 0.848718 0.512228 -1.27648 -1.15566 0.451553 -0.757437 -1.02792 -0.271111 1.17117 0.0692129 0.0856771 -0.000692102 -0.180269 -0.290475 -0.301164 -0.515243 -0.404683 0.0273731 0.176518 0.501417 1.32194 0.410022 -0.224491 -0.177453 0.196293 0.400092 0.0934645 -0.10626 0.150539 0.3464 0.249722 -0.0623782 -0.197546 -0.136357 0.0702018 
1.01935 0.833381 -1.19443 -0.998353 0.763519 0.346494 -1.3897 -1.17344 0.41885 -0.816435 -0.896429 0.2268 1.36383 0.0247439 0.0710097 0.159712 -0.0645105 -0.646205 -0.465596 -0.0799978 0.150285 0.227416 0.17458 0.264441 0.435995 0.212628 -0.164353 -0.134079 0.127084 0.262505 0.0777249 0.106479 0.394591 0.385705 0.2186 0.0770169 -0.181391 -0.537343 -0.176383 
1.02586 0.861771 -1.12696 -1.03498 0.49996 0.187277 -1.33085 -1.01605 0.613701 -0.615536 -0.864607 0.0714322 1.34701 0.0237696 0.0629758 0.124916 -0.027687 -0.244229 -0.15262 -0.107072 0.0174981 0.333359 0.25175 0.227608 0.534289 0.126517 -0.161978 -0.15438 -0.0345794 0.137267 0.609663 0.455891 -0.0134562 -0.248595 -0.0334877 -0.0141534 -0.028588 0.325616 -0.0636355 
1.02619 0.856711 -1.15259 -1.02914 0.615598 0.223614 -1.4618 -1.14603 0.661562 -0.609597 -0.753747 0.642909 1.46508 -0.0182593 0.026646 0.100327 -0.039754 0.0386039 0.158426 -0.172106 -0.263726 0.144129 0.114677 0.153094 0.771503 0.101113 -0.158014 -0.112447 0.0833507 -0.0222218 -0.282178 0.116451 0.384826 0.255907 0.00727584 -0.195702 -0.517898 -0.733626 -0.204885 
1.0105 0.863782 -1.09959 -1.07129 0.493349 0.265221 -1.44552 -1.22628 0.712513 -0.524042 -0.763664 0.665076 1.42626 -0.0151622 0.0633564 0.20048 -0.165715 -0.630025 0.00949429 0.289128 0.268568 0.313018 -0.07725 -0.40398 -0.508832 -0.200466 -0.0564661 -0.135821 -0.0932417 0.329984 -0.0122365 -0.332448 0.420364 0.532881 -0.358082 -0.0355686 0.310515 -1.08377 -0.617696 
1.01247 0.880265 -1.0663 -1.1231 0.274924 0.205401 -1.27451 -0.90646 0.888806 -0.679606 -0.964854 0.278328 1.28311 0.0471219 0.00208574 -0.0261868 0.181703 -0.0231429 -0.290318 0.267664 0.352476 -0.440398 0.0230308 0.402285 -0.727334 -0.855589 -0.17729 -0.196336 -0.00671316 0.409581 0.736999 0.295588 0.0153432 -0.276493 -0.227528 0.332275 0.437539 -0.0636967 -0.0319386 
1.02968 0.851381 -1.14663 -1.00626 0.455888 0.053436 -1.27228 -0.915803 0.366823 -0.509666 -0.523134 0.136964 0.676834 -0.0738941 -0.0257767 0.172982 0.136983 0.207644 0.415378 0.232329 -0.18222 -0.0699068 0.376331 -0.0197358 -0.680024 -0.263629 -0.282203 -0.10965 0.386124 0.00201112 -0.196945 0.541071 0.280174 -0.219149 0.283151 0.326877 -0.196047 0.13772 0.209556 
0.967711 0.851514 -0.996186 -1.07853 0.35277 0.449244 -1.1244 -1.04782 0.824855 -0.367935 -0.960724 -0.214376 1.04642 -0.11938 0.00545164 0.395844 0.0684085 -0.306622 0.449618 0.535557 -0.0227166 -0.0347322 0.46861 0.112893 -0.636377 -0.550366 -0.210619 -0.132632 0.257016 0.131108 -0.677827 -0.00571351 0.89362 0.475999 -0.764246 -0.306171 0.604282 -0.0399549 -0.649002 
0.960895 0.840956 -0.945425 -0.99307 0.276793 0.319386 -0.923658 -0.922376 0.329621 -0.120344 -0.44471 -0.323074 0.191787 -0.166863 -0.0469345 0.447273 0.155454 -0.653107 0.411251 1.25233 0.358996 -1.28163 -0.116408 0.541792 -0.820315 -1.26809 -0.37331 -0.200602 0.453895 0.0937954 -0.841856 0.256863 0.98723 0.299566 -0.724178 -0.487209 -0.170871 -0.0985101 0.135854 
0.873839 0.810347 -0.764728 -1.02551 0.000563231 0.690423 -0.306519 -0.731833 -0.160549 -0.470894 -0.642048 -0.812077 -0.0602962 -0.379469 -0.0882335 0.895427 0.0487952 -1.36428 0.802804 1.67032 0.285909 -1.18458 -0.292469 -0.149732 -0.852879 -0.357571 -0.355864 -0.215197 0.364099 0.228994 -0.316618 -0.0293218 0.00531967 -0.0494643 0.282468 0.135777 -0.142145 0.505494 0.672148 
0.754699 0.775554 -0.450351 -0.98886 -0.430732 0.813368 0.167884 -0.668154 -0.581984 -0.371455 -0.513398 -0.945146 -0.126266 -0.409031 -0.156193 0.8441 0.273833 -1.08025 0.374999 1.18324 0.207498 -0.87702 0.0459196 0.309708 -0.250691 -0.257206 -0.0741656 -0.189887 -0.230217 0.434281 0.531078 -0.694061 -0.699899 0.20193 0.585604 0.271645 0.518152 0.527873 0.000194876 
0.652024 0.705066 -0.299846 -0.918314 -0.565052 0.908196 0.466134 -0.54387 -0.838268 -0.437258 -0.453375 -0.98346 -0.291415 -0.332269 -0.170485 0.612171 0.376703 -0.773808 -0.138021 0.736614 0.465821 -0.31187 0.0712448 0.320222 -0.254128 -0.371717 0.0118623 -0.0971738 -0.212207 0.299833 0.29856 -0.697114 -0.555873 0.306721 0.549758 0.210709 0.346242 -0.0417594 -0.451902 
0.573439 0.661886 -0.121895 -0.834583 -0.843243 0.699913 0.648138 -0.261902 -0.829936 -0.316508 -0.318836 -1.1191 -0.456571 -0.273461 -0.139514 0.581453 0.464515 -0.7689 -0.569981 0.426109 0.525555 -0.05966 0.319313 0.596884 -0.393331 -0.960999 -0.0980802 -0.0651632 0.193649 0.261615 -0.498072 -0.665595 -0.103046 0.369568 0.30012 0.139406 0.258051 0.0580974 -0.216893 
0.501833 0.609572 0.0105407 -0.723849 -0.975111 0.515848 0.743104 -0.0871425 -0.894427 -0.173567 -0.103838 -1.2616 -1.13214 -0.309635 -0.11965 0.813951 0.528378 -1.41877 -1.04011 0.534666 0.86673 0.119998 0.238951 0.513633 -0.266802 -0.717018 -0.18851 -0.11099 0.260453 0.188251 -0.644727 -0.638637 -0.278577 0.139081 0.525682 0.402465 0.30003 0.484675 0.286816 
0.404137 0.578048 0.325253 -0.610892 -1.57799 0.00402986 0.99618 0.483124 -0.749473 -0.12044 -0.0159339 -1.30254 -1.08597 -0.343719 -0.137579 0.859677 0.54131 -1.58992 -1.43539 0.00895433 0.622615 0.720521 0.876932 0.834928 0.149198 -0.53792 -0.0260319 -0.0663387 -0.168587 0.0119641 0.423939 -0.196585 -0.88451 -0.511893 0.36431 0.0678984 -0.309973 0.263133 0.0625704 
0.314524 0.515213 0.484586 -0.494241 -1.79537 -0.435242 0.746968 0.451602 -0.357297 0.559349 0.379041 -1.1337 -1.60641 -0.212991 -0.070069 0.601219 0.425243 -0.956915 -1.30397 -0.625381 0.105615 0.650989 0.300667 0.103114 -0.0126159 -0.636013 0.0822793 0.0642168 -0.025494 0.111157 0.616588 0.269427 -0.208567 -0.499546 -1.0379 -1.31162 -1.24305 0.114292 0.591987 
0.285894 0.523306 0.647266 -0.4344 -2.08199 -0.862215 0.584752 0.584995 -0.26522 0.127561 0.0570123 -1.29575 -1.6452 -0.135815 0.0513119 0.810689 0.539417 -0.896794 -1.0651 -0.322365 -0.122222 -0.913784 -1.10611 -0.567649 0.209663 0.350679 0.0156334 -0.0381451 -0.0993725 0.284236 0.947161 0.396591 -0.0331536 -0.278866 -0.526384 -0.378159 0.0206821 0.962985 1.05848 
0.237055 0.531699 0.929815 -0.265498 -2.26933 -1.14726 0.533922 0.360946 -1.06297 -0.376427 0.0762528 -0.960545 -1.31099 -0.0735468 0.00959612 0.46769 0.600006 0.133041 -0.760647 -0.741639 -0.348301 -0.193428 -0.298776 0.0441509 1.15245 0.964197 -0.0678071 -0.223398 -0.549556 0.142416 1.82284 0.757885 -0.532127 -0.461416 0.653571 0.612697 0.485306 1.16221 0.706299 
0.241322 0.515312 0.890733 -0.177929 -2.04142 -1.37766 0.0972125 0.303297 -0.423102 -0.128857 0.0969298 -0.417 -0.81837 -0.0820832 -0.0666977 0.162008 0.56943 1.24437 -0.0301282 -1.05038 -0.816792 0.0638827 -0.236884 -0.132618 1.63402 1.41366 -0.173689 -0.216826 -0.211963 0.0975526 0.951676 0.816684 0.180542 -0.505311 -0.606475 -0.0355094 0.168988 0.0527322 0.022946 
0.187973 0.478935 0.993472 -0.0230197 -1.67351 -1.19106 -0.155747 -0.316635 -1.02518 -0.580765 0.0171515 0.27862 -0.0948504 -0.128581 -0.101401 0.205322 0.584227 1.22842 0.354341 -0.595898 -1.10074 -1.16152 -0.390334 0.142869 1.13279 0.984757 -0.0129255 -0.015811 -0.0495217 -0.289325 -0.766332 0.00450889 0.602085 0.0897806 -0.630914 0.202958 0.617362 -0.643853 -0.596773 
0.167675 0.442184 0.979869 0.0713209 -1.45357 -1.17323 -0.294913 -0.614225 -1.31717 -0.462319 0.192145 0.447036 0.0262711 0.0280242 0.0367991 0.0855236 0.158778 0.277369 -0.0203439 -0.387814 -0.784725 -0.94195 0.0250204 0.442817 0.707737 0.48887 -0.161595 -0.133774 0.0288451 -0.0705243 -0.490925 -0.11743 0.296877 0.47478 0.822199 0.851953 0.429415 -1.00484 -1.14181 
0.197063 0.486904 1.01214 0.0315243 -1.56083 -1.22853 -0.411642 -0.967119 -1.75228 -0.564715 0.280386 0.82454 0.320265 -0.17119 -0.123777 0.218514 0.396899 0.592032 0.198191 -0.307527 -0.56113 0.0765408 0.833527 0.518476 -0.263321 -0.771448 -0.51979 -0.483658 0.0536372 0.578057 0.950135 0.478915 0.20891 0.499376 1.34665 0.745149 -0.175369 -0.873577 -0.704851 
0.0715161 0.355924 1.07677 0.23484 -1.18368 -1.06961 -0.498245 -1.07577 -1.26975 0.234072 0.497761 0.2662 -0.650272 -0.382533 -0.358922 0.127086 0.633434 1.37089 0.635009 -0.207294 -0.212693 1.10597 1.09057 0.17541 -0.517535 -0.600782 -0.0994479 -0.462458 -0.909669 0.5546 1.04029 -1.10226 -0.753351 0.470998 -0.430155 -0.83899 0.595375 1.24933 0.508123 
-0.0107524 0.262658 1.05525 0.303294 -0.901798 -0.842887 -0.549353 -1.13422 -0.922033 0.347976 0.393829 0.453445 -0.208452 -0.149961 -0.496876 -0.842248 0.847613 1.79378 -1.2981 -1.30677 -0.0265076 -0.61928 -0.44897 1.07053 1.27443 -0.0107778 -0.047947 -0.982334 -2.33632 0.870602 1.22321 -2.9271 -0.922222 1.34215 -2.38016 -2.09303 1.75485 -0.0556332 -1.93659 
-0.0134271 0.0507251 0.549692 0.604628 -0.313358 -1.93206 -1.35577 -1.08554 -1.75148 -0.148731 1.11262 1.23624 -0.667941 -0.308401 -1.28676 -2.56621 1.40668 2.79223 -3.34453 -1.41358 1.47036 -2.60104 -2.05069 1.96024 -0.678232 -3.56938 -2.15087 -2.51989 -1.7443 0.0987768 -0.0298095 0.590269 2.61201 2.6325 1.06326 0.694176 0.905377 -0.954717 -0.658399 
-0.179402 -0.506056 -0.485902 0.928939 0.467367 -3.0266 -1.4768 0.120882 -2.91078 -1.38264 1.50706 -0.0379179 -3.3085 -2.23601 -3.06536 -2.85809 0.833084 1.71094 -0.491219 1.82003 3.3576 0.991027 0.54103 1.95219 -0.0564519 -1.02957 -1.69882 -0.89643 0.946778 -2.24369 -3.09049 4.06499 3.7355 0.70228 3.14172 2.0671 -1.2539 2.84577 4.54918 
-1.20047 -1.7617 -1.16315 0.967767 0.515571 -2.27356 -0.166217 1.76432 -1.00864 0.30153 2.22134 1.21023 -1.56806 -1.93009 -2.12293 -1.50262 -0.998729 -0.96479 2.19074 3.09065 2.30988 2.21882 0.974284 0.546129 2.93732 3.35569 1.31024 2.33507 3.01413 -1.16896 -2.33097 1.70613 -0.0618702 -2.08809 0.17503 -0.363002 -2.78174 1.12113 1.89609 
-1.20482 -1.76545 -1.40142 0.453752 -0.0405633 -1.63651 0.544612 2.0854 -1.23428 -0.567809 1.82817 2.17666 -0.410214 -0.766708 -0.453347 0.571212 -0.475386 -1.13432 1.83412 1.66856 0.518599 1.22973 -0.0359463 -1.08635 1.31444 1.84837 0.364133 1.09792 2.82829 1.82962 0.420317 -0.165001 -1.60824 -2.33732 -0.56711 0.684106 -0.64275 -2.30339 -1.96926 
-1.61125 -2.04136 -0.858791 0.732087 -0.0770601 -1.11372 0.924174 2.21517 -0.084283 0.266278 1.628 2.21021 0.0246159 -1.43266 -0.831023 1.71402 0.753359 -0.507281 1.96985 1.04329 -0.857681 1.31151 1.94936 -0.218203 -0.148897 0.33726 3.60574 3.59392 0.84099 -0.949716 1.15578 -0.0551855 -2.44816 -2.32778 -0.694945 -0.158965 -1.66112 -3.22777 -1.21455 
-1.96744 -2.26673 -0.424832 0.780405 -0.319911 -0.38903 1.22564 1.37326 -0.247732 1.06753 1.72113 2.08146 -0.12642 3.06059 3.50193 1.51375 -1.56008 0.206073 1.76267 -1.40857 -2.63638 0.125023 -0.310493 -2.93342 -2.97488 -0.0187988 1.27457 0.665997 -1.48054 -0.625094 0.461777 -1.45026 -0.78928 0.716057 -0.828867 -1.2889 0.28137 0.182237 -0.211622 
