-2.88673 -2.49274 1.38852 2.00217 0.765315 0.250272 0.912029 0.839445 1.53127 -0.383212 -0.411126 1.45132 1.28049 -4.49791 -4.78502 1.32147 4.04729 3.04667 -0.0316032 1.66528 2.3441 2.27019 -0.972698 -0.31317 1.44242 0.0573079 1.54197 0.833528 -1.40961 0.864553 1.21618 -1.85821 -0.128462 1.79426 -0.894571 -1.6131 1.01944 0.0234093 -1.9486 
-2.15237 -2.02984 0.734961 1.98191 1.07536 -0.0562888 0.966285 1.33295 1.63564 -0.534325 -0.197456 0.761143 -0.00156631 1.69944 0.844699 -1.88632 0.657612 1.13442 -1.87261 -0.110902 1.71013 -1.14728 -1.90563 1.31989 -0.0255036 -2.51065 4.90204 5.20397 -2.33531 -3.78011 -1.97902 -1.27088 -1.84277 -1.07683 -2.41349 -1.17556 0.648972 0.249031 -0.343201 
-1.99345 -2.06246 0.381898 2.29582 1.14117 -0.943321 0.7664 1.79554 0.606489 -1.46814 0.660731 1.4026 -0.581635 0.631728 -0.0979484 -1.7337 0.533704 1.15556 -1.29678 -0.337785 1.31568 -0.804255 -2.36726 0.506282 1.69987 -0.375925 -1.02438 -0.801105 0.0496616 -1.37392 -0.658743 1.56611 0.106505 -0.725821 1.81076 0.999979 -0.972193 0.960217 1.75013 
-1.78381 -2.01148 -0.188803 2.21385 1.45894 -0.894158 0.678624 2.05457 0.967849 -1.8917 0.242017 1.66432 -0.317022 0.778973 0.252276 -1.93005 -0.695059 0.493488 -0.203708 0.0375419 1.01652 1.1379 -0.759086 -0.0505852 1.12385 -0.235072 -0.0794689 0.588495 0.796105 -1.43127 -1.99999 1.10795 0.826723 -0.691592 0.990951 1.72302 -0.44612 -1.00551 0.351204 
-1.55253 -1.89106 -0.648469 1.91576 1.28256 -1.10593 0.713699 2.33932 1.3938 -1.87639 0.667372 1.98798 -0.795039 0.67589 0.531325 -0.834917 -0.870472 -0.755396 -0.101725 0.605598 0.654709 0.44077 -0.376184 -0.153553 0.383994 0.0894175 -0.635241 0.21851 1.84663 0.00561366 -0.409024 1.94777 1.18998 -1.62748 -1.54597 0.213243 -1.30238 -1.34307 1.66196 
-1.39355 -1.71814 -0.624597 1.74642 1.14349 -0.993765 0.981533 2.38328 1.23286 -2.07397 0.168626 1.84153 -0.295324 0.255762 0.556269 0.295203 -0.808828 0.0890096 1.85991 1.38187 -0.53714 -0.835854 -0.531482 -1.86708 -0.615369 1.92642 -0.104497 0.522192 0.890928 -0.473851 0.861465 2.17898 -0.142625 -2.29026 -0.948457 0.967249 -0.34868 -0.22085 1.71834 
-1.36874 -1.58682 -0.470694 1.47904 1.27599 0.00629099 1.50256 1.95955 0.702339 -2.15032 -0.737879 1.61383 0.557621 0.694501 1.10231 0.183595 -1.41483 0.0431521 2.20102 0.479065 -1.53113 -0.774878 0.732126 -0.681763 0.0521647 2.32386 0.701724 1.1083 0.153621 -0.892713 -0.243179 0.400784 -1.21234 -1.56078 0.027404 1.49076 0.830733 -0.00563868 -0.175785 
-0.994144 -1.17529 -0.507418 1.00788 1.12015 0.329178 1.20523 1.41264 0.58708 -1.60213 -0.315323 1.83565 1.34529 1.09742 1.64254 0.382738 -1.72935 -0.15843 2.32361 0.0746351 -2.02717 -0.813354 1.18831 -0.802101 -0.677302 1.70983 0.617163 0.736514 -0.286258 -0.75757 0.00314611 0.533567 -0.323461 -0.964896 -0.253255 0.709722 -0.746607 -2.25094 -1.12169 
-0.771318 -0.807891 -0.245395 0.58384 1.17891 1.40497 1.47308 0.694046 0.0277352 -1.40924 -1.31536 1.2055 1.75335 1.44983 1.86172 -0.284293 -2.21398 0.0289579 2.80204 0.152933 -2.45279 -1.10847 1.53964 -1.7475 -2.82561 0.88324 0.682343 -0.0270143 -1.65669 -0.239515 0.508531 -1.01168 -1.04323 0.0380207 0.252993 0.791921 0.479978 -1.4039 -0.987954 
-0.223535 -0.300584 -0.644266 -0.128698 1.09161 2.02341 1.22477 -0.105871 -0.30863 -0.65371 -1.62763 0.242093 1.94213 1.91929 1.73068 -1.81555 -2.06326 0.305925 1.3265 -1.04594 -1.99221 -0.504633 2.09183 -0.210932 -2.49279 0.442274 -0.359074 -1.20178 -0.671784 1.80428 0.357011 -2.85143 -1.06797 1.84318 0.580587 -0.646598 1.77726 1.90555 -0.424125 
0.230004 0.00955311 -1.2136 -0.477664 1.25169 2.18767 0.742104 -0.550675 -0.415569 -0.134926 -1.43335 -0.204441 2.03071 1.20855 0.917026 -1.23897 -0.712439 0.349838 -0.0977681 -0.994948 -0.695995 -0.384107 0.762916 0.596077 -0.490717 0.34529 -1.45953 -1.60173 1.25197 2.21699 -0.821429 -1.81902 1.1927 2.47743 -0.214205 -2.19466 0.718575 2.33085 -0.662257 
0.428499 0.161303 -1.29943 -0.517413 1.18046 1.92625 0.525712 -0.580073 -0.661635 -0.163698 -1.11837 -0.0632903 2.14922 0.554586 0.434373 -0.341167 -0.191073 -0.489059 -0.505571 0.301386 0.369562 -0.78868 -0.493081 0.702542 0.375468 -0.403824 -0.939421 -0.769636 0.865327 0.408198 -0.984148 0.168482 1.74456 1.11204 -0.327163 -1.09522 -0.213103 0.368977 -0.809153 
0.56065 0.260526 -1.38133 -0.606709 1.03366 1.83858 0.854573 -0.391468 -1.07169 -0.386186 -0.841333 -0.0319425 1.69504 0.374815 0.352269 -0.252789 -0.464662 -0.599224 0.125677 0.961497 0.36341 -0.811473 -0.537806 0.251009 -0.0828432 -0.690894 -0.25238 -0.0404736 0.480767 -0.024502 -0.483824 -0.0705403 -0.302926 -0.193141 0.463601 0.176567 -0.469792 -0.291233 0.0461134 
0.670798 0.376398 -1.41918 -0.782721 0.922129 1.96712 1.05142 -0.424522 -1.33483 -0.441354 -0.877307 -0.143646 1.60556 0.422227 0.510675 0.159445 -0.331887 -0.964365 -0.529328 -0.00207897 0.184037 -0.212744 -0.308315 0.0107306 -0.0446294 -0.333275 0.0126253 0.15158 0.524966 0.41413 -1.01994 -1.57889 -1.46362 0.0157555 0.992414 0.585408 0.0119934 -0.472555 -0.572376 
0.826249 0.544843 -1.27726 -0.805887 0.641766 1.47481 0.777069 -0.342544 -1.2963 -0.528401 -0.787033 -0.0912154 1.41048 0.512993 0.597419 0.303633 -0.211557 -1.58218 -1.45805 -0.623089 0.377138 0.435408 0.124501 0.210009 -0.730337 -1.42068 -0.285826 -0.341989 0.256533 0.50115 -0.48405 -0.855965 -0.386646 0.239095 0.552468 0.676169 0.329634 -0.88964 -1.15313 
0.981003 0.698621 -1.23682 -0.921967 0.304234 1.02963 0.585154 -0.260811 -1.07384 -0.328126 -0.668115 -0.58123 0.533147 0.255724 0.321893 0.376923 -0.000633369 -1.43989 -1.36539 -0.39795 0.410794 0.475943 0.460003 0.398809 -1.21519 -1.81458 -0.7747 -0.836694 0.350472 0.75473 0.961711 0.39365 -0.298122 -0.373259 0.714391 1.00685 0.226914 -0.0732146 0.373687 
1.01002 0.746663 -1.05512 -0.840081 0.0759215 0.59456 0.451743 -0.158826 -1.00494 -0.217164 -0.431094 -0.796297 0.0526839 -0.152588 -0.0262937 0.639726 0.347427 -0.688705 -1.00173 -0.921252 0.0198085 1.32954 1.27907 0.459331 -0.877017 -0.926248 -0.694248 -0.757295 0.16816 0.609146 1.59237 0.626549 -1.02905 -0.769067 1.21841 1.20548 0.124766 0.323486 0.449471 
0.964114 0.748288 -0.872001 -0.782806 0.0131742 0.374027 -0.0677657 -0.30951 -0.142951 0.466514 -0.265135 -1.09974 -0.181033 -0.327725 -0.232014 0.482816 0.427607 0.0507566 -0.668201 -1.50288 -0.324073 2.00956 1.84658 0.510146 -0.864368 -1.22208 -0.34566 -0.387435 -0.00520404 0.188756 0.871206 0.47135 -0.342157 -0.413008 -0.308366 -0.59818 -0.239363 0.959199 0.413256 
0.907062 0.706434 -0.775482 -0.660985 0.0553611 0.145005 -0.565281 -0.411942 0.435425 0.912411 0.0113826 -1.30783 -0.875831 -0.380173 -0.25503 0.526716 0.398131 0.119066 -0.465056 -1.26802 -0.375435 0.926023 0.558905 0.0787902 0.271056 -0.380609 -0.0884235 -0.00524608 0.042095 -0.264412 -0.0155735 0.398187 0.240598 -0.0341595 -0.618626 -1.46298 -0.930223 1.33814 1.5471 
0.835379 0.698001 -0.568533 -0.618392 0.0176017 0.0499669 -0.937767 -0.593159 0.485616 0.836122 -0.157935 -0.984844 -0.499882 -0.292705 -0.124741 0.42953 0.0713387 0.0188366 -0.207191 -1.20643 -0.357956 1.21239 0.116299 -0.80363 0.758941 0.790779 -0.095332 -0.152194 -0.0514549 0.123737 0.35539 0.167318 -0.0206215 0.0384034 0.654452 0.452145 -0.410563 -0.614752 0.158484 
0.821313 0.713081 -0.524778 -0.659332 0.0231242 -0.0197555 -1.39672 -0.6852 1.27854 1.0208 -0.567289 -0.923763 -0.345977 -0.352206 -0.276949 0.355308 0.390444 0.438411 -0.242815 -1.25989 -0.340105 1.74411 1.06556 -0.533012 -0.554767 -0.16465 0.0963741 -0.256669 -0.472236 0.365758 0.202077 -0.108443 1.09894 0.467727 -1.11615 0.276942 1.13336 -1.07256 -1.33629 
0.720389 0.638135 -0.358126 -0.457806 0.138847 -0.136801 -1.80268 -0.855806 1.7271 1.50475 -0.526266 -1.32556 -0.662262 -0.0690302 -0.238512 -0.273188 0.281002 0.19301 -0.270148 0.0374158 0.0868792 -0.216025 0.418306 0.670143 -0.641023 -0.927532 0.389635 0.112737 -0.759496 -0.594358 -0.913159 0.0808202 2.22676 1.09147 -2.25783 -1.522 1.0847 0.668239 -0.636025 
0.845487 0.670011 -0.655596 -0.553255 0.0546008 -0.223408 -1.4495 -0.694031 1.05147 1.30743 -0.000453147 -1.31207 -1.06109 0.170851 -0.0659486 -0.710125 -0.262136 -0.443432 -0.110032 1.22878 0.699682 -1.13285 -0.733662 0.875032 0.228411 -0.976802 -0.242825 0.0186074 0.392587 -0.510156 -0.973907 0.385931 0.917156 0.50182 0.175159 -0.683379 -0.462457 0.721803 0.482187 
0.862451 0.670474 -0.726168 -0.622244 -0.0624897 -0.24154 -1.10965 -0.500361 0.81313 1.1115 0.199823 -1.2342 -1.41307 -0.191634 -0.110268 0.116082 -0.295959 -0.746356 0.178187 1.08061 0.564234 -0.00605736 -0.401375 -0.011761 0.209331 -0.292693 -0.596172 -0.10589 1.1319 0.0480389 -0.649876 0.321748 -0.135363 -0.228715 0.989762 0.0169919 -1.3513 0.0285593 1.49798 
0.809409 0.682983 -0.575071 -0.734538 -0.257547 -0.150097 -0.849228 -0.419102 0.981704 1.11029 0.036365 -1.23123 -1.31624 -0.312475 -0.0471587 0.612652 -0.337804 -1.07597 0.271923 1.11026 0.480224 0.110668 -0.735285 -1.00755 0.209366 0.972496 -0.321447 -0.045261 0.790939 0.269383 -0.671722 -0.124336 0.386857 0.21659 -0.607722 -1.36816 -0.928798 0.871977 1.53595 
0.766986 0.711024 -0.376043 -0.824369 -0.495213 -0.110321 -0.490811 -0.275372 0.830819 0.717293 -0.537347 -1.15334 -0.751558 -0.394502 -0.0381748 1.00834 -0.172846 -1.39958 0.0987931 1.5385 0.769526 -0.78939 -2.02091 -1.32361 1.24802 1.70573 -0.325491 -0.317092 0.454866 0.74742 0.144876 -0.230586 0.255834 0.102163 -0.917263 -0.504311 0.615771 0.654584 -0.306197 
0.673632 0.727459 -0.0101172 -0.854505 -0.808649 -0.125831 0.0376886 -0.02214 0.325055 -0.0426755 -0.946469 -0.577339 -0.123476 -0.519471 -0.214052 1.08056 0.214615 -0.955963 0.0826432 1.42353 0.576371 -1.0654 -1.34581 -0.232946 0.97542 0.587147 -0.194114 -0.444772 -0.141319 0.732653 0.873699 -0.296037 -0.672378 -0.437789 0.219567 1.73284 1.65297 -0.866068 -1.97742 
0.569794 0.678644 0.22812 -0.751356 -0.884037 -0.0960329 0.324135 0.00677138 -0.0326224 -0.0372355 -0.672448 -0.649843 -0.369241 -0.467378 -0.317321 0.723463 0.366312 -0.58945 -0.158177 0.827248 0.350645 -0.523078 -0.0183593 0.85207 0.10702 -0.842221 -0.0756542 -0.208356 -0.0820924 0.350578 0.109498 -0.717504 -1.0959 -0.282081 0.825988 1.33624 0.907799 -0.28682 -0.735023 
0.502041 0.649951 0.400169 -0.705938 -1.0634 -0.260313 0.479354 0.125823 -0.132069 -0.0137616 -0.238227 -0.552946 -0.776776 -0.471415 -0.285347 0.870466 0.410647 -0.869452 -0.610217 0.244822 0.30601 -0.0296784 0.193498 0.936136 0.560857 -0.353112 -0.148643 -0.00805283 0.303692 -0.0874924 -0.605844 -0.374991 -0.760802 -0.414859 0.594149 0.621693 -0.0653276 0.225879 0.829302 
0.396219 0.615108 0.718218 -0.580707 -1.24121 -0.509768 0.401194 0.128201 -0.120083 0.116714 0.101135 -0.375064 -0.668168 -0.493834 -0.212515 1.00049 0.168928 -1.1803 -0.496804 0.0184024 -0.0463648 0.218494 0.686329 0.706623 0.335435 0.241792 -0.131113 -0.00826963 0.202969 -0.152757 -0.102308 0.327564 -0.112783 -0.445371 0.219952 0.346696 -0.755565 -0.860532 0.355125 
0.317448 0.618243 0.960859 -0.65568 -1.53429 -0.603986 0.414672 0.0377869 -0.0335952 0.43105 0.356963 -0.402534 -0.644678 -0.479976 -0.180732 1.02031 0.154652 -0.983501 -0.222247 0.151227 -0.120103 0.237121 0.57698 -0.141707 -0.5732 0.117305 0.168735 -0.00794441 -0.324305 0.436479 1.47523 0.115613 -0.715896 -0.169052 0.20359 -0.436332 -0.854199 -0.397748 -0.0497676 
0.218437 0.597288 1.28967 -0.53756 -1.64011 -0.68383 0.419661 -0.00366708 -0.00765336 0.496989 0.0369514 -0.725954 -0.626265 -0.196288 -0.107614 0.484558 0.442103 0.199423 -0.328037 -0.740878 -0.208914 0.464534 0.155208 -0.504458 -0.218244 0.188269 0.366723 0.0561668 -0.665351 0.396869 1.60809 -0.223015 -1.28628 -0.587659 -0.724236 -0.540666 0.495677 1.15503 0.284672 
0.279083 0.632374 1.24144 -0.469364 -1.50046 -0.843401 -0.125332 -0.146875 0.249216 0.562401 0.0108265 -0.557592 -0.55136 0.0196905 -0.0194664 0.0737521 0.392255 0.522025 -0.403697 -1.23761 -0.681935 -0.694042 -0.0760073 0.470669 0.82047 0.496553 -0.226533 -0.263016 0.183521 0.372885 0.0767024 -0.00342338 -0.0303993 -0.850442 -2.0225 0.00336665 1.67369 1.10393 0.159175 
0.286213 0.649939 1.34721 -0.376072 -1.48828 -0.969984 -0.431304 -0.469511 -0.592866 0.49188 0.448744 -0.307944 -0.309585 -0.30226 -0.226966 0.609847 0.658167 0.254879 -0.282381 -0.743543 -1.0214 -2.11384 0.13767 1.69922 1.11134 0.405122 -0.461296 -0.481956 0.149515 0.0748217 -0.247361 0.178705 0.437645 0.0185072 -0.14058 0.346008 0.723458 0.451546 -0.223365 
0.188637 0.594351 1.59004 -0.175436 -1.44636 -1.05461 -0.667003 -0.81451 -1.39973 0.683402 1.37752 0.0208945 -0.300926 -0.325945 -0.331304 0.156103 0.34064 0.270626 -0.169679 -0.723673 -0.665583 -0.884677 0.306671 1.39074 1.33189 0.218392 0.0166378 -0.434117 -1.20657 -0.458305 1.06436 0.320168 -0.168694 0.685016 1.44574 -0.139255 -0.331168 0.321927 -0.857459 
0.184128 0.566321 1.44947 -0.240291 -1.42841 -1.11157 -0.960537 -0.925635 -1.32091 0.712623 1.57567 0.392223 -0.194442 -0.159986 -0.496744 -1.02009 0.127771 1.24555 0.0979407 -0.89885 -0.369304 -0.291791 -0.0464555 1.19466 1.46021 -0.693572 -0.346214 -0.748196 -0.421671 0.877185 1.82729 0.260398 0.0246956 0.335624 0.183194 -0.0143071 0.348117 -0.222676 -1.08651 
0.168112 0.438437 1.05371 -0.145677 -1.02985 -1.03087 -1.3059 -1.09451 -1.68357 0.695734 2.35205 0.791855 -0.846525 -0.554095 -0.877211 -0.482768 1.0096 1.98371 0.148827 -0.665527 -0.346752 -0.664514 0.26849 1.80379 0.997774 -1.1767 -1.03586 -0.669676 1.62932 1.25234 -0.590221 -0.285888 0.268769 0.129216 0.745516 0.50162 -1.24411 -1.56524 1.14188 
-0.0300796 0.244148 1.20486 0.228669 -0.741887 -1.0564 -1.45337 -1.19223 -1.884 0.910831 3.02365 0.908053 -1.09008 -1.09217 -0.973618 0.930772 1.13364 0.669498 -0.148533 -0.571309 -0.247354 0.641831 0.517984 -0.543119 -0.557629 0.794928 -0.757555 -0.045038 1.73021 0.0191754 -2.131 -0.39054 -0.302804 -0.211532 1.45021 0.160138 -2.85719 -1.91981 1.63706 
-0.310531 0.0741356 1.57655 0.385065 -0.824075 -1.1594 -1.73975 -1.30203 -1.26793 1.04119 1.97586 0.449556 -0.313666 -1.20217 -0.804922 1.59548 0.908007 -0.0513037 -0.205881 -0.968858 -0.54982 1.1632 0.434066 -2.11299 -1.46472 0.952567 1.45027 0.62801 -2.97812 -1.91517 1.80316 1.96826 3.11777 2.66369 0.906254 -1.99312 -1.48123 -0.111272 -0.242199 
-0.56278 -0.0464352 2.08859 0.647033 -0.799782 -1.22035 -2.13609 -1.57954 -1.07773 1.20676 1.42726 0.0653021 -0.443009 0.513655 -0.309604 -2.93605 -0.705109 2.35973 1.93628 2.90082 2.29207 1.77939 -1.83152 -2.60121 -0.752037 0.492394 1.05487 0.788283 -1.17928 -0.878778 0.0723171 0.1515 0.849804 0.577792 -0.90712 -0.353239 1.60656 1.21169 -0.744535 
