-3.33836 -2.85501 2.18556 1.94396 -0.529992 -0.182274 0.915876 0.147028 0.305578 0.728616 0.763783 1.39245 0.219751 -4.55778 -4.6594 2.73741 3.99953 1.41118 0.561221 2.2147 1.70731 0.716275 -1.03157 0.178343 2.32313 0.366882 2.17054 1.50996 -2.13924 0.656389 4.06355 0.705074 0.684777 1.6283 -0.0739331 -2.10307 0.0921081 1.03209 -0.146945 
-2.34564 -2.12777 1.50797 2.16894 0.572431 0.310254 1.34651 1.17024 0.653179 -0.597227 0.14351 1.31061 0.187124 2.3526 1.55211 -2.53949 0.504858 3.92311 0.831079 0.808454 1.9281 -0.0719327 -2.74923 0.0464104 0.993309 -0.13878 5.02796 4.84692 -4.00016 -3.991 0.0700247 -0.884274 -2.13312 -0.57435 -0.10151 -0.0241055 0.154089 -0.986084 -0.407239 
-2.02998 -2.0634 0.765502 2.20122 1.04852 0.29315 1.35735 1.47487 0.202155 -0.884928 0.816551 1.94976 0.105744 0.737283 0.0889316 -1.9047 0.0138449 1.46409 -0.368512 -0.160286 1.06003 0.605683 -1.07636 0.295425 1.18802 -0.0661327 -1.95815 -2.00978 0.469221 -0.658851 -3.02312 -1.19655 -0.663556 -0.378851 1.52005 1.80685 -0.782615 -1.98788 -0.00590348 
-1.8914 -2.02385 0.440146 2.15761 1.16606 0.0514556 1.16452 1.87844 1.2002 -1.22095 0.367547 1.97822 0.11638 0.453627 -0.267069 -2.13173 -0.261136 0.978396 -0.444614 0.0936694 1.50941 2.09074 -0.412203 -0.90455 -1.19831 -0.118129 -0.024518 0.143984 0.12342 -0.587807 -0.512326 0.470196 -0.229884 -0.83109 -0.0446982 0.921786 -0.642387 -1.71008 1.09236 
-1.72572 -2.12679 -0.428299 2.03947 1.44761 -0.0122279 1.33881 2.50384 2.17468 -1.11568 0.215264 1.26561 0.00403631 0.829495 0.332679 -1.88765 -0.683502 0.95264 0.202349 -0.385143 0.112573 0.574734 0.109323 -0.495645 -0.710619 1.19599 0.280893 1.25356 1.47785 -0.987593 -0.329798 2.47427 0.186989 -2.33594 -2.47729 -0.696935 -0.839737 1.03675 2.35917 
-1.38839 -1.80536 -0.618222 1.76481 1.55483 0.142058 0.837824 1.91035 1.71751 -1.14313 0.0474976 1.57033 0.797251 0.860339 1.03945 -0.584348 -1.34478 0.643833 2.34653 0.339762 -1.19754 -1.35046 -1.33225 -1.92064 -0.200095 2.57597 0.320231 1.34103 1.50527 -1.21806 -1.02031 1.98609 0.598119 -1.08435 -0.810611 -1.18468 -1.92712 0.264211 0.897884 
-1.20641 -1.57612 -0.763492 1.28494 1.7127 1.39074 1.47865 1.60057 0.843997 -1.89081 -1.08488 1.14691 1.50671 1.27672 1.72299 -0.309288 -1.98983 -0.0511128 2.45265 0.325411 -1.131 -0.529949 -1.44521 -2.75159 -0.527135 2.23827 0.787533 1.12422 0.171171 -0.686462 -0.930135 -0.943081 -1.36673 -0.518898 0.766039 1.03193 0.495957 0.537425 -0.782972 
-0.648909 -0.933437 -0.800792 0.657423 1.54158 1.60998 0.968425 1.05457 1.17444 -1.98509 -1.82415 1.26637 2.09882 1.78877 2.22209 -0.513352 -2.13745 -0.272528 1.35165 -1.16941 -1.77998 -0.244836 -0.00328111 -1.41376 0.271525 1.71823 -0.027842 -0.268572 -0.225763 0.494762 -0.0222759 -1.11433 -0.900294 -0.561516 -0.401289 2.14812 2.57681 -0.36365 -1.65966 
-0.196165 -0.469622 -1.05929 0.0967996 1.61077 2.18479 0.647211 0.281553 0.574603 -1.87961 -2.03639 1.29536 2.49859 1.3655 1.57158 -0.686781 -1.64114 -0.0876508 1.26804 -0.656821 -1.76327 -1.0608 1.33577 0.127915 -1.00581 0.389534 -0.848976 -1.25317 0.239852 1.45324 -0.299227 -1.43188 0.554566 0.892886 -0.0736527 1.17633 1.8436 -1.45123 -1.89741 
0.137524 -0.132674 -1.19282 -0.259228 1.5137 2.35285 0.466881 -0.252516 0.121797 -1.18159 -1.71533 0.691262 2.29943 1.03199 1.12761 -0.364755 -0.862636 -0.577464 -0.184768 -0.508058 -0.711742 -0.316376 1.51352 0.629727 -1.35413 -0.399254 -0.73411 -0.939217 0.735704 1.66315 -0.795036 -2.36741 0.357289 1.92693 0.869022 -1.08323 -0.0779105 -0.292378 -1.29935 
0.413911 0.122479 -1.27264 -0.393988 1.38671 2.03845 0.241409 -0.274948 0.236537 -0.970929 -1.58242 0.522937 2.22947 0.727004 0.777808 0.0220685 -0.163498 -0.873085 -1.30483 -0.218337 0.513994 0.189196 -0.0867848 -0.0195318 -1.40931 -1.05192 -0.630884 -0.63839 0.740441 0.891736 -0.903732 -1.1486 0.736932 1.1342 -0.307388 -1.45398 -0.0824706 0.0378728 -1.10253 
0.586334 0.29502 -1.19153 -0.367569 1.17123 1.52097 0.247537 0.0659235 0.269031 -1.2198 -1.70791 -0.112417 1.64164 0.499783 0.621982 0.349447 -0.130373 -1.46824 -1.40735 0.359316 0.638646 -0.71559 -0.391322 0.477081 -1.40935 -1.61822 -0.476101 -0.53655 0.151041 0.0900168 -0.561071 -0.0380069 0.531709 0.00670243 -0.66727 0.206815 0.819691 0.152303 -0.294735 
0.742573 0.476936 -1.08969 -0.484209 0.80587 1.14382 0.393829 0.132469 -0.484734 -1.18933 -1.23345 -0.280763 1.23443 0.354192 0.369722 0.0703201 -0.205897 -1.43178 -1.297 0.417193 0.546094 -0.714537 0.168823 0.856478 -1.34385 -1.35776 -0.354059 -0.648374 -0.458274 0.244773 0.592373 -0.147205 -0.444371 0.0360342 0.645933 0.575947 0.402634 0.736648 0.0902014 
0.838011 0.530915 -1.16346 -0.499103 0.604993 0.693879 0.437207 0.407276 -0.45123 -1.10676 -1.09799 -0.879014 0.801711 0.252646 0.106789 -0.290755 -0.0232388 -0.909108 -1.52049 -0.107851 0.705041 0.221659 0.344475 0.877557 -0.727623 -1.48893 -0.466334 -0.547483 0.00660632 0.262846 0.737588 0.358826 -0.694556 -0.667906 0.174332 0.703303 0.515828 1.12816 -0.21031 
0.940556 0.589254 -1.26198 -0.515824 0.448974 0.179941 0.245591 0.587279 -0.306339 -0.97236 -0.60903 -0.69829 0.316381 -0.008563 -0.0488346 -0.0446227 -0.0813004 -0.731919 -0.849523 -0.332613 -0.210569 -0.438427 1.07029 1.38602 -0.24923 -1.56816 -0.560008 -0.419515 0.460152 0.17427 0.770023 1.13067 -0.559383 -1.40238 -0.55591 1.01514 0.578557 0.674728 -0.184565 
0.897873 0.570091 -1.19918 -0.56248 0.319066 0.140673 0.144316 0.208517 -0.906452 -0.460337 -0.123861 -1.02555 -0.163517 -0.206571 -0.189197 0.106754 0.0157718 -0.177814 -0.217903 -0.704949 -0.910375 -0.525959 1.6516 1.47862 -0.1112 -1.67024 -0.248906 -0.192704 0.277204 0.407834 0.847611 0.28255 -0.705593 -0.434617 0.365275 0.0399319 -0.259459 0.880231 0.29082 
0.895716 0.56246 -1.21369 -0.5261 0.384978 0.0133245 -0.286926 -0.111008 -0.845583 0.0180176 0.428792 -0.766637 -0.709636 -0.147418 -0.127576 0.146177 0.183391 0.074567 -0.486551 -1.09489 -0.694466 0.105368 1.10881 1.03157 0.583922 -1.2121 -0.115493 -0.0156138 0.388606 0.347756 0.0235437 -0.45368 -0.335717 0.533123 1.21792 -0.751173 -1.69481 -0.0917337 1.74861 
0.884312 0.572259 -1.12902 -0.481063 0.356154 -0.190373 -0.639158 -0.335653 -0.839684 0.208878 0.606484 -0.700136 -0.916702 -0.208042 -0.0983166 0.423425 0.222413 -0.169948 -0.670588 -1.04937 -0.262777 1.21316 0.660999 -0.512435 -0.303103 0.333691 -0.34299 -0.16428 0.479253 -0.108727 -0.620481 0.0589713 0.362239 0.680919 1.5864 -0.229132 -1.89228 -0.626912 1.94246 
0.850099 0.57838 -0.989699 -0.423338 0.324132 -0.430363 -1.04111 -0.347034 0.284553 0.422268 0.0971944 -0.94369 -0.542277 -0.383157 -0.179092 0.565268 -0.0510449 -0.541703 -0.371279 -0.650812 0.125938 2.36106 0.797312 -1.18465 -0.172392 1.01096 -0.283523 -0.119757 0.281865 -0.481246 -0.73288 0.69273 0.844779 0.121841 0.26305 0.425397 -0.00563267 0.35862 0.472268 
0.746098 0.550214 -0.826317 -0.52789 0.146412 -0.450865 -1.13683 -0.294211 1.39232 0.693783 -0.187452 -0.803146 -0.346018 -0.382544 -0.107187 0.619492 -0.37197 -0.895145 0.146815 -0.0601567 -0.0960556 1.61364 1.20095 -0.57747 -0.0200534 0.894863 0.0907643 0.0575532 -0.112789 -0.0598179 0.295392 0.869531 0.787705 -0.518584 -1.77606 -0.0356531 1.01946 0.169201 -0.180695 
0.71221 0.59013 -0.65691 -0.645718 -0.0271703 -0.37375 -1.15865 -0.464053 1.79912 1.146 -0.279133 -0.960405 -0.0407318 -0.172232 -0.0181303 0.315423 -0.238222 -0.270383 0.642 0.273921 -0.456135 -0.0970882 0.737504 -0.0808652 -0.089107 0.834031 0.228801 0.034689 -0.44196 0.233763 1.0673 0.749692 0.589763 -0.358398 -2.28161 -1.31642 0.924346 1.08755 -0.770939 
0.719416 0.603821 -0.662249 -0.677107 0.0453406 -0.0911695 -1.03937 -0.668258 1.26475 1.1433 -0.222222 -0.858978 0.119302 -0.0294747 0.0318739 -0.00227655 -0.275474 0.124245 1.02733 0.640958 -0.490836 -1.55324 -0.524956 0.417869 1.03174 0.0507263 -0.0791695 -0.0322952 0.0914335 -0.225011 -0.640934 0.112514 0.843636 0.2898 -1.08959 -1.03253 0.612291 0.874967 -1.24686 
0.761014 0.667238 -0.669126 -0.815313 0.0298146 0.221788 -0.824968 -0.862869 0.273785 0.848535 0.0291188 -0.381317 -0.0418838 -0.136299 0.056772 0.296325 -0.585017 -0.906474 0.816591 1.26184 -0.0930331 -1.59288 -0.619098 0.558664 0.738493 -0.548083 -0.435538 -0.205369 0.666293 -0.269828 -1.68319 -0.39614 0.788888 0.699067 0.564245 0.0079229 -0.243699 -0.585784 -0.342766 
0.711735 0.692631 -0.508778 -1.01603 -0.3105 0.375386 -0.306104 -0.78312 -0.298625 0.79013 0.182867 -0.446005 -0.238451 -0.360517 -0.0589981 0.628147 -0.665574 -1.52191 0.638388 1.56703 0.350786 -0.730507 -0.528079 0.0813878 0.318805 -0.309408 -0.450802 -0.381129 0.423078 0.217525 -0.415489 -0.29041 0.152051 0.646636 1.19896 -0.0601436 -0.762227 -0.194972 0.433211 
0.634772 0.701637 -0.331535 -1.1983 -0.572522 0.579272 0.104711 -0.660929 -0.461805 0.54922 0.105944 -0.206082 -0.257502 -0.483059 -0.202447 0.651945 -0.504211 -1.32408 0.544789 1.46846 0.687286 0.119659 -0.710765 -0.36905 0.437713 -0.0310617 -0.154686 -0.319471 0.083453 0.869179 0.509851 -0.814881 -0.431269 0.367862 0.440773 -0.0316721 -0.125279 -0.486792 0.137553 
0.520696 0.65961 -0.157982 -1.31075 -0.833601 0.675583 0.560141 -0.340983 -0.218139 0.382722 -0.0501122 -0.203413 -0.28831 -0.402347 -0.25916 0.600032 0.044893 -1.04276 -0.214466 1.11466 0.805159 -0.0808716 -0.582709 -0.120069 -0.289735 -0.126595 0.0466595 -0.113075 0.326374 1.42511 0.552416 -1.54241 -0.886384 0.0291576 -0.368263 0.042017 0.27054 -1.18888 -0.106604 
0.486412 0.641961 -0.00954397 -1.19265 -0.982947 0.414759 0.743258 -0.134653 -0.573809 0.217582 0.04421 -0.375563 -0.364252 -0.317552 -0.204918 0.898301 0.743425 -0.803675 -1.11408 0.501946 0.745641 -0.364895 -0.669536 -0.119189 -0.91126 -0.124241 -0.105173 -0.108372 0.488658 0.970996 0.244206 -0.996727 -0.69912 0.00407206 0.159138 0.19281 0.00534823 -0.718929 -0.326673 
0.417173 0.625427 0.329511 -0.92298 -1.14827 -0.0395468 0.804356 0.142808 -0.602778 -0.000290714 -0.111241 -0.724964 -0.393657 -0.393192 -0.257126 1.02975 0.85374 -0.821042 -1.26878 0.3597 0.834184 0.173939 -0.345319 -0.172584 -1.14309 -0.468538 -0.30467 -0.290134 0.165987 0.144748 0.0678878 -0.155481 -0.477855 0.0310677 1.11588 0.687451 -0.161172 0.238055 -0.03932 
0.342892 0.58324 0.550887 -0.744533 -1.30457 -0.39506 0.895926 0.412341 -0.44122 0.0264041 -0.0536425 -1.02844 -0.674634 -0.513831 -0.37698 0.963439 0.75391 -0.752834 -1.23639 -0.00304948 0.806229 1.23118 0.211311 -0.361572 -0.75536 -0.141363 -0.0818547 -0.196237 -0.403882 -0.190709 0.675037 0.508252 -0.361542 -0.237949 0.603766 0.463971 -0.0899621 0.259256 -0.244094 
0.209863 0.510376 0.853148 -0.529475 -1.44257 -0.829541 0.723566 0.669847 0.544655 0.137884 -0.339076 -1.1582 -0.509202 -0.360023 -0.339252 0.451005 0.540089 -0.181801 -0.655761 -0.0138936 0.580234 1.05207 0.244813 -0.333772 -0.964833 -0.717134 0.374045 0.311514 -0.568415 -0.428142 0.935262 0.914245 -0.401116 -0.932971 -0.709152 0.393659 0.432876 -0.0129032 -0.472048 
0.216911 0.485921 0.790187 -0.467994 -1.37016 -0.829672 0.808157 0.778063 0.534292 0.184401 -0.262358 -1.58034 -1.13306 -0.0111934 0.0272304 0.198792 0.210839 0.138596 -0.173577 -0.421351 -0.260351 0.26873 0.709977 0.0733868 -0.864127 -0.647637 0.34398 0.50136 -0.0443505 -0.412108 0.326757 0.423082 -0.830348 -1.01898 -0.446493 0.186098 0.154514 1.41812 1.26639 
0.268334 0.585301 0.952501 -0.433044 -1.37984 -0.969027 0.373566 0.435552 0.768234 0.571114 -0.267754 -1.65306 -0.926241 0.111654 0.246798 0.278487 0.0125111 0.119915 -0.137096 -0.917106 -0.586906 0.457848 0.473471 -0.216206 0.435583 0.741699 -0.139145 -0.112365 0.0534028 -0.00640481 0.289487 0.395508 -0.0412325 -0.310065 -0.66363 -0.706128 0.338259 2.32232 0.785198 
0.340341 0.664043 0.93376 -0.480053 -1.31491 -0.94683 0.139099 0.31067 0.939406 0.477693 -0.390213 -1.33895 -0.722726 -0.0370204 0.0254401 0.136724 0.0752725 0.404193 0.314539 -0.433084 -0.59862 -0.629901 -0.222024 0.400462 1.48988 0.267267 -0.466375 -0.534457 0.201753 0.402667 0.25531 0.464088 0.596935 -0.259411 -1.66031 -0.941054 0.790498 1.57918 -0.238823 
0.313149 0.659386 1.01741 -0.410771 -1.21073 -0.809758 0.0160152 -0.0402019 0.129215 0.452889 0.0285251 -0.814449 -0.798439 -0.251143 -0.159282 0.384036 0.27221 0.352391 0.426998 -0.20789 -0.86595 -1.83803 -0.764135 0.626517 2.00586 0.499061 -0.303924 -0.331864 0.239258 0.326164 -0.266243 -0.433655 -0.288016 -0.345523 -0.420072 0.47585 0.565762 -0.066538 -0.130668 
0.271933 0.651309 1.1359 -0.350051 -1.16655 -0.718728 -0.0735213 -0.355906 -0.859302 0.0387061 0.0615439 -0.20806 -0.456888 -0.232531 -0.186592 0.284649 0.261051 0.131223 -0.115961 -0.723614 -0.978347 -1.18709 0.38356 0.986939 1.32455 0.146887 0.174376 -0.122474 -0.81174 -0.25019 0.126033 -0.539368 -1.03349 -0.688347 0.400929 2.53627 1.68067 -1.42215 -1.48774 
0.254582 0.633816 1.16441 -0.286873 -1.15095 -0.91398 -0.528515 -0.787008 -1.04465 0.692981 0.728175 -0.0694961 -0.742326 0.0458823 -0.170755 -0.655539 -0.0989146 0.459581 -0.12062 -1.3406 -1.64651 -1.24426 2.52177 2.48423 0.410873 -1.15534 -0.0564862 -0.420978 -0.659719 0.381655 0.926236 -0.369366 -0.691498 -0.0740832 0.361969 0.738681 0.709954 -0.268203 -0.834328 
0.360584 0.633183 0.761204 -0.423063 -0.975255 -0.825802 -1.01513 -1.57965 -2.08804 1.54395 1.79101 0.0193279 -1.17627 -0.173239 -0.48398 -0.583161 0.500447 1.0139 -0.475236 -1.46997 -1.0407 -0.647927 1.33105 1.73783 0.94654 -0.768905 -0.838949 -0.865888 0.948935 1.58262 0.401654 -0.671849 0.780086 1.86025 1.39351 -2.03569 -1.77339 1.01714 1.56465 
0.227368 0.468475 0.82987 -0.0320188 -0.737636 -1.2381 -1.55338 -1.57832 -1.70097 1.49369 1.94427 0.461327 -1.23158 -0.700577 -0.894288 0.294236 1.30092 0.833881 -0.81501 -0.424475 0.552778 0.74102 -0.139801 0.403575 1.38842 0.640652 -0.645129 -0.471631 0.904568 0.543076 -0.571289 -0.0351876 1.11297 1.28284 1.1349 -1.19839 -2.06851 -0.85814 1.47984 
0.0545276 0.274999 0.913516 0.269669 -0.634045 -1.35788 -1.36714 -1.23353 -1.41111 1.47438 2.08943 0.800458 -0.826115 -0.72011 -0.829884 0.316484 0.895817 0.445308 -0.46428 -0.177774 0.483471 0.974805 -0.24131 -0.679333 -0.0536305 0.931212 -0.135032 0.160035 0.553155 -0.166671 -0.0569878 0.391371 -0.813848 -1.23121 -0.912567 -0.605306 -1.01746 -0.961382 -0.610362 
-0.0890169 0.140561 0.994527 0.439113 -0.552058 -1.55551 -1.74662 -1.28167 -0.799626 1.36406 1.49789 0.425592 -0.70839 -0.722169 -0.635168 0.796827 1.01049 0.763703 -0.331478 -1.30905 -0.862504 -0.506596 -0.940648 -0.815154 0.279364 -0.0219703 -0.533857 -0.239979 1.0117 0.587525 0.375653 0.388908 -0.65666 -1.10272 -0.94401 0.0704054 0.801062 1.39192 -1.37924 
-0.262946 0.0386006 1.3447 0.803531 -0.320943 -1.59402 -2.28845 -1.89765 -1.93177 0.93095 1.54962 0.953351 -0.870559 -1.1524 -0.953907 1.33718 1.33414 0.79441 0.0165232 -0.884769 -0.781586 -0.316891 -0.163152 0.175437 1.31916 -0.600547 0.951882 0.328886 -2.72428 -2.39634 0.0356278 2.65389 4.38383 3.04872 1.79981 -0.493147 -1.23627 -1.76152 1.33508 
-0.633984 -0.245643 1.72554 1.15002 -0.226658 -1.57865 -2.39487 -1.88803 -1.13819 1.28067 1.6394 1.16749 -1.09739 0.375504 -0.214318 -2.40369 -1.43435 0.783281 2.65866 3.67829 2.72636 2.04827 -1.59559 -2.28338 -1.67353 1.51452 1.00502 0.885414 -1.07513 -1.24684 -0.804298 -0.0599904 0.752329 0.647719 0.203422 0.135742 -0.102458 -1.1606 0.507102 
