-2.77646 -2.98277 1.65993 2.743 1.43177 0.811035 1.64192 1.55007 0.38319 2.08908 2.33715 1.49569 -1.84139 -4.88746 -5.02711 3.55492 4.6896 3.19309 1.72073 2.8544 1.90864 1.65147 3.43268 2.73853 1.04675 -2.14195 0.597469 0.76458 0.0173622 -0.741804 -0.553882 0.479861 -0.289696 -0.960462 -0.760786 -1.1504 -1.52613 -0.172228 1.90276 
-2.8056 -2.93287 1.80845 2.66321 1.31677 1.0578 1.6177 1.45579 1.19935 2.76244 1.80794 0.808641 -1.49788 0.767104 0.993357 -0.116968 -0.893721 -0.61701 0.696466 -0.434376 -1.56367 -1.17913 -1.62698 -1.83366 -0.256294 2.7846 5.85197 5.85425 -4.16356 -5.15666 -3.99933 -2.76406 -3.64673 -1.83564 -2.0825 -4.49599 -3.56389 -0.43374 3.2394 
-2.25528 -2.30681 1.57661 2.16139 1.10695 1.19607 1.32467 0.228908 -0.575684 0.699745 1.09721 1.28603 0.138254 1.47951 1.7545 -0.0317734 -0.767491 -1.27627 -1.99963 -1.76047 -1.0338 -1.60803 -2.72882 -1.37055 0.516246 2.53605 -0.057891 -0.141279 0.132211 0.510676 -0.126498 -1.13828 0.732458 2.57468 2.31488 1.16976 0.210719 -1.36192 -2.23641 
-1.86529 -1.80067 1.76902 2.15497 0.707914 -0.328037 0.520251 0.558392 -0.0865465 0.468979 0.876713 1.2027 0.306319 0.835773 0.956522 -0.138623 -0.492829 -0.756163 -0.810284 0.40413 2.44194 2.48281 -0.109271 -1.72792 -1.76007 -0.294083 -0.295691 -0.589749 -1.94422 -1.13366 0.335354 2.65299 2.74995 2.19602 2.93982 2.16205 -1.14312 -2.79916 -1.65874 
-1.69371 -1.65293 1.48214 1.81278 0.722185 0.591426 1.50076 2.11121 1.25753 0.555788 -0.072244 -0.0987816 -0.0552656 1.29475 1.20764 -1.77665 -2.06625 -0.899027 1.65571 1.59041 2.37527 3.03755 0.13382 -2.77653 -2.49458 0.275665 0.738863 0.452031 -2.37146 -1.57048 0.27347 1.45476 -0.52397 -1.85607 -1.20327 0.0697081 0.326195 0.741934 0.917983 
-1.03368 -0.99626 0.830633 0.891938 0.261593 0.687052 1.39428 2.38737 2.16964 0.524495 -0.991759 -0.756115 0.514969 1.75356 1.59443 -2.23806 -2.2431 -0.448113 1.21357 -0.321986 -0.532669 0.607211 -0.0825426 -1.49324 -1.05779 1.09555 -0.111557 -0.22524 0.108055 0.892594 1.63856 -0.281116 -1.97995 -2.67626 -2.47939 0.196578 2.55056 1.91054 -0.0744952 
-0.592164 -0.616676 0.306027 0.446965 0.47014 1.31611 1.24964 1.61458 1.66067 0.433765 -1.08526 -0.934789 0.732118 1.30623 1.07532 -1.81835 -1.27059 0.93533 1.31605 -0.948832 -1.89147 -0.846642 0.332504 -0.0580648 -0.566945 0.259415 -0.77678 -0.818404 1.02686 1.61887 1.35956 -0.953882 -1.08466 -0.511284 -0.617358 0.171105 1.3953 0.783976 -0.727902 
-0.195322 -0.271171 -0.12924 0.0913124 0.605606 1.47904 0.774358 0.804058 1.46427 0.743044 -1.04807 -1.20854 0.712148 1.05609 0.787533 -1.51725 -0.696736 1.07429 -0.0421071 -1.74633 -1.3887 -0.346164 0.0816164 -0.0647677 -0.311438 0.153724 -0.615424 -0.647855 0.803301 1.12487 0.0867125 -1.6517 -0.295445 1.11675 0.0599617 -1.26824 0.259771 1.36131 -0.227888 
0.0990326 -0.0640935 -0.498719 -0.020157 0.874025 1.21603 0.160517 0.433355 1.3369 0.446444 -1.14603 -1.18754 0.854693 0.780718 0.462379 -1.28307 -0.234848 1.03457 -0.889768 -1.39037 -0.182696 -0.733924 -1.45418 0.102448 0.784789 0.0258789 -0.558698 -0.552009 0.6057 0.596981 -0.336612 -0.525854 0.993449 1.11322 -0.359744 -0.979992 0.62968 1.05924 -0.47202 
0.333862 0.0865058 -0.813336 -0.107378 0.992375 0.822195 -0.105341 0.587322 0.84485 -0.5045 -0.997373 -0.604616 0.744481 0.591039 0.283594 -1.14596 -0.206635 0.700211 -0.714996 -0.58281 0.314514 -0.894058 -1.31439 0.508793 0.723553 -0.425635 -0.521688 -0.35446 0.747845 0.0275014 -0.533385 0.68801 0.861891 0.0308872 0.33689 0.927191 0.0475128 -0.682796 -0.17646 
0.516622 0.186414 -1.11217 -0.202451 1.11674 0.673971 -0.244058 0.614259 0.595383 -0.686388 -0.824464 -0.631472 0.568314 0.355106 0.183104 -0.793817 -0.333384 0.440474 0.0901086 -0.39068 -0.184588 -0.185325 -0.265247 0.0259485 -0.00687366 -0.134808 -0.462738 -0.206832 1.1137 0.147427 -0.412619 0.411498 0.0278692 -0.419441 0.43256 0.651979 -0.488387 -0.278066 0.442323 
0.612644 0.276777 -1.24537 -0.363334 1.12318 0.808955 -0.396877 0.369073 0.643714 -0.776445 -0.997677 -0.619357 0.663389 0.228251 0.172208 -0.353084 -0.181212 0.241147 -0.111612 -0.621724 -0.396829 -0.194874 -0.498466 -0.166104 0.35628 0.290207 -0.307659 -0.108604 1.08868 0.421532 -0.287515 -0.463067 -0.461653 -0.261209 -0.0979093 -0.38648 -0.154236 0.842202 0.547954 
0.720771 0.370154 -1.31714 -0.36997 1.16166 0.528236 -0.671527 0.226272 0.386966 -1.1497 -0.952791 -0.362419 0.787228 0.15759 0.183429 -0.0217034 -0.0246351 0.121289 -0.497292 -1.03919 -0.64665 -0.321093 -0.856823 -0.275827 0.800538 0.730664 -0.264339 -0.0831436 0.721954 0.0444537 -0.346578 0.051105 -0.220524 -0.186155 0.257024 -0.121905 -0.272583 0.770878 0.376819 
0.77522 0.467243 -1.2796 -0.439856 1.11646 0.409895 -1.06996 -0.218707 0.33906 -1.53382 -1.19915 -0.00312854 1.19321 0.076902 0.201488 0.114686 -0.262226 -0.144078 0.00107081 -0.969961 -0.740651 0.228017 -0.731444 -0.600029 1.0889 0.91326 -0.249349 -0.163221 0.344951 -0.0686293 -0.491216 0.256923 0.605328 0.300095 0.370427 0.566345 0.270546 0.0954878 -0.181855 
0.835876 0.571446 -1.28111 -0.584572 1.04061 0.456514 -1.30388 -0.436684 0.500987 -1.80419 -1.37038 0.479158 1.44594 0.0222171 0.12164 0.133194 -0.222536 -0.425655 -0.104373 -0.359002 -0.224432 0.280293 -0.156967 -0.103283 0.824963 0.562336 -0.224262 -0.246126 0.203298 0.231708 -0.340454 -0.23206 0.695619 0.535858 0.152124 0.801273 0.77048 -0.400763 -0.525786 
0.858152 0.620671 -1.23404 -0.631391 0.874093 0.268915 -1.34286 -0.46882 0.492939 -1.71691 -1.2856 0.632188 1.60421 -0.0317349 0.0454157 0.152026 -0.149686 -0.522455 -0.271797 -0.17733 0.0529904 0.485799 0.286827 0.130753 0.592971 0.257741 -0.174382 -0.199687 0.0807276 0.178352 -0.00967689 -0.0955592 0.170668 0.112386 0.0905511 0.585851 0.534452 -0.290069 -0.615422 
0.887066 0.679183 -1.22584 -0.733769 0.756534 0.205565 -1.46989 -0.464931 0.811557 -1.62313 -1.30082 0.93318 1.64194 -0.0332613 0.018381 0.0688132 -0.165148 -0.434191 -0.191385 -0.22009 -0.0979304 0.441159 0.569327 0.363945 0.445103 -0.220156 -0.189267 -0.251467 0.169461 0.413324 -0.0321516 -0.297241 0.511727 0.00121533 -0.917921 0.190003 1.15074 -0.447127 -0.882194 
0.908445 0.712203 -1.22164 -0.789574 0.628047 0.0707825 -1.53403 -0.617765 0.769473 -1.30403 -1.06059 0.970654 1.46288 -0.103077 -0.116731 0.161284 0.150579 -0.55612 -0.633414 0.386301 0.00435287 -0.940659 0.4766 1.28614 0.0484252 -0.902644 -0.268012 -0.251577 0.479013 0.476876 0.0792065 -0.13031 0.302056 -0.147252 -0.654488 0.196809 0.76866 -0.229803 -0.428072 
0.896283 0.689725 -1.1658 -0.708464 0.457955 -0.282903 -1.3043 -0.532076 0.0345072 -1.28634 -0.461063 0.961653 1.01885 -0.188524 -0.14389 0.334968 0.200808 -0.343347 -0.325712 0.0824393 -0.380465 -0.570657 0.768325 1.09269 0.128437 -0.73726 -0.240741 -0.0678416 0.451498 -0.164965 0.14221 0.811602 -0.448525 -0.515753 1.0796 0.85698 -0.989964 -0.433978 0.432451 
0.867391 0.706465 -1.07212 -0.735078 0.421141 -0.215579 -1.54721 -0.992665 0.274536 -0.727864 -0.349784 1.06165 0.95653 -0.229276 -0.070049 0.404605 -0.146899 -0.394831 0.514743 -0.245864 -0.858719 0.77696 1.57037 0.0511677 -0.482334 -0.200786 -0.190369 -0.0450387 0.440053 -0.190494 -0.46902 0.475406 0.362716 -0.00945438 0.456662 0.401743 -0.599052 -0.700633 0.0316561 
0.831254 0.72825 -0.980401 -0.856041 0.228867 -0.0172317 -1.51063 -1.28946 0.567076 -0.0520349 -0.444555 0.575352 0.891186 -0.26104 -0.0712755 0.568789 -0.123058 -0.865472 0.364688 0.460508 -0.445912 0.166463 1.24508 0.294226 -0.681929 -0.603142 -0.239475 -0.148035 0.702482 0.301842 -0.591447 -0.149077 0.971043 0.280773 -0.803745 -0.233511 0.650579 -0.210492 -0.60651 
0.783673 0.744255 -0.802131 -0.8688 -0.0107233 -0.0484682 -1.33795 -1.41991 0.341624 0.239516 -0.171249 0.519376 0.544853 -0.354126 -0.114567 0.856216 0.038134 -1.05384 0.354862 0.88975 -0.46694 -0.469785 1.18613 0.648065 -0.778751 -0.970654 -0.256129 -0.222613 0.474975 0.350674 -0.181746 -0.0205766 0.81833 0.312226 -0.622744 -0.309341 0.361012 -0.482314 -0.719856 
0.69277 0.740089 -0.562333 -0.896085 -0.284156 0.143426 -1.04883 -1.73351 0.149049 0.866968 -0.0301462 -0.0425903 0.220092 -0.403638 -0.200607 0.831592 0.11245 -1.0664 0.379771 1.40595 -0.00458163 -0.795389 0.75806 0.567787 -1.26337 -1.53357 -0.130951 -0.212127 -0.10576 0.24798 0.304731 0.0746462 0.631658 0.601615 -0.28329 -0.819959 -0.184589 -0.138549 -0.32878 
0.61606 0.704519 -0.396749 -0.865654 -0.529157 0.12855 -0.572447 -1.4942 -0.324663 0.807261 0.189645 -0.477283 -0.523587 -0.363319 -0.231974 0.63707 0.167493 -0.71084 0.499598 1.60273 0.430295 -0.89734 0.00702825 0.312396 -0.999731 -1.34711 -0.104081 -0.158028 -0.115586 0.179927 0.600445 0.396133 0.238683 0.24156 0.0900502 -0.473305 -0.477789 0.281473 0.544203 
0.548878 0.681551 -0.257169 -0.860949 -0.649397 0.399149 -0.167549 -1.46001 -0.594972 0.818443 0.160501 -0.833222 -0.716731 -0.384196 -0.25649 0.604292 0.171466 -0.392759 0.962234 1.62956 0.325421 -0.635311 0.0488045 -0.0952757 -1.04393 -0.673409 -0.172376 -0.183737 0.103767 0.207075 0.225295 -0.0854597 -0.199732 0.0754904 0.358076 0.127287 -0.238479 0.210531 0.649073 
0.459885 0.631286 -0.108472 -0.82821 -0.757352 0.688145 0.324618 -1.30457 -0.868897 0.793017 0.108532 -1.30245 -0.984864 -0.41666 -0.317094 0.591809 0.254571 -0.456655 0.426338 1.28039 0.498671 -0.315394 0.111798 -0.0834475 -0.854674 -0.338396 -0.116582 -0.194842 -0.00566069 0.352057 -0.0467146 -1.19033 -0.651347 0.629984 0.627322 -0.0928243 0.236083 0.98657 0.299265 
0.373604 0.57199 0.0246773 -0.775208 -0.905122 0.606753 0.52408 -1.13183 -0.895281 0.855889 0.087273 -1.5105 -0.941531 -0.378076 -0.35424 0.468218 0.408404 -0.442707 -0.615389 0.744822 1.26735 0.370425 -0.144759 0.0387862 -0.0851349 -0.160215 -0.117765 -0.168525 0.162355 0.417385 -0.136613 -1.21097 -0.399937 0.787416 0.454607 -0.298045 0.405276 1.11076 -0.105447 
0.307311 0.499459 0.109699 -0.653067 -1.00707 0.211516 0.70115 -0.361642 -0.646295 0.61994 0.116787 -1.37835 -1.08389 -0.411801 -0.384915 0.595171 0.559034 -0.607119 -1.17939 0.708727 1.68862 0.418491 -0.359915 0.23954 0.234336 -0.39849 -0.127087 -0.0449812 0.525516 0.251429 -0.167102 -0.342534 -0.282777 -0.262025 -0.143412 0.163489 0.204861 0.123626 0.109653 
0.201189 0.421775 0.308255 -0.512524 -1.22567 -0.240329 0.879376 0.148002 -0.636031 0.506263 0.229353 -1.33674 -1.20875 -0.383151 -0.281559 0.772966 0.541327 -0.62726 -1.03868 0.319062 0.804002 0.163035 0.00907855 0.137985 -0.0312048 0.0843876 0.0363559 0.0554927 -0.0021889 0.00676405 0.546478 0.542315 -0.515752 -1.14295 -0.685784 0.202186 0.236698 -0.134338 0.0511496 
0.151752 0.411199 0.484877 -0.400673 -1.3363 -0.543139 0.827188 0.210727 -0.58182 0.573098 0.191169 -1.41211 -1.01026 -0.24269 -0.19797 0.461978 0.439063 0.00618103 -0.397892 -0.00715486 -0.16255 -0.642586 -0.15363 0.374289 0.0177716 -0.23676 -0.0264225 0.020511 0.107187 -0.0433616 0.203857 0.541074 0.119173 -0.518177 -0.733884 -0.316182 0.576877 0.705442 -0.516016 
0.128267 0.38362 0.523211 -0.319563 -1.28199 -0.5741 0.813486 -0.0526217 -1.18581 0.325907 0.461258 -1.33222 -1.36181 -0.280945 -0.134398 0.730543 0.369544 -0.397044 -0.258864 0.393848 -0.0628889 -0.973749 -0.487217 0.652585 0.632803 -0.557292 -0.0955483 -0.000900951 0.530929 0.192572 -0.412755 -0.73355 -0.349061 0.406335 0.579437 0.0846647 0.410116 1.62458 0.337085 
0.0563229 0.411151 0.838199 -0.248114 -1.56634 -0.785593 0.997226 0.0898057 -1.3841 0.119012 0.60859 -0.92696 -1.38957 -0.214154 -0.0751598 0.771218 0.51115 -0.453035 -1.35357 -0.515458 0.427041 0.287779 -0.10663 0.70268 1.64556 0.330008 0.0260153 -0.173255 -0.610798 0.297716 0.774597 -0.878066 -1.20141 0.364232 0.99735 0.0635612 -0.177006 1.31769 1.34109 
0.0721335 0.419082 0.897489 -0.0847078 -1.53615 -1.53559 0.448538 0.218275 -1.02622 0.184118 0.912074 -0.0556293 -1.1148 -0.122855 -0.207598 0.0922683 0.550313 0.471314 -1.41132 -1.17588 0.460372 0.614406 -0.46882 0.325384 1.93879 1.43169 -0.205479 -0.458912 -0.889682 0.138976 0.996441 0.558878 0.289665 -0.0119041 -0.546515 -0.686527 -0.166586 0.11393 0.587703 
0.053904 0.367225 0.862681 0.00950167 -1.42225 -1.78501 0.243723 0.387359 -0.975472 -0.319977 0.807895 0.578784 -0.364914 -0.302774 -0.473224 -0.0985026 0.527838 0.663366 -0.549521 -0.228359 0.357735 -0.554089 -1.10488 0.387113 1.68932 1.25179 -0.370406 -0.38187 0.0722338 0.0124897 -0.317636 0.423325 0.898323 -0.0320999 -0.632368 0.240379 0.781066 -0.426869 -1.20846 
-0.0361375 0.215932 0.823685 0.159846 -1.30931 -1.96895 0.252503 0.433746 -1.50853 -0.7768 1.15253 1.25516 -0.217129 -0.387242 -0.518047 0.0208384 0.43626 0.11845 -0.791828 -0.130819 0.359249 -0.362594 -0.210769 1.06799 1.41549 -0.190861 -0.0657398 0.0368388 0.190374 -0.316218 -0.566011 0.268897 0.0205727 -0.419301 0.205106 1.02814 0.224616 -1.30265 -1.6405 
-0.104063 0.137208 0.850362 0.200834 -1.43019 -2.37753 0.105075 0.604039 -1.31177 -0.547219 1.50223 1.67558 -0.485573 -0.242469 -0.307494 -0.0718886 0.0740191 0.0327946 -0.140299 -0.276359 -0.353386 -0.212916 0.220884 0.508371 0.247699 -0.982762 0.101427 0.139848 0.0315344 0.101226 1.30335 1.11884 -0.853139 -1.51915 -0.213638 0.769693 -0.59363 -1.92033 -0.76377 
-0.10893 0.112126 0.763593 0.140658 -1.35416 -2.13353 0.0282275 0.0805019 -1.7307 -0.649842 1.47381 1.43936 -0.896769 -0.148784 -0.235168 -0.0843677 0.413928 1.57801 0.774661 -1.26685 -2.08459 -0.680519 0.764699 0.275573 -0.673818 -1.18349 0.167501 -0.121094 -1.48707 -0.0793776 2.90207 2.53803 0.326701 0.248564 1.6156 0.520136 -2.2956 -1.90913 1.51355 
-0.121737 0.0767553 0.783841 0.379187 -0.809278 -1.94113 -0.70195 -1.13372 -1.89047 0.0259741 1.66833 1.13964 -1.3069 0.0664053 -0.321373 -1.43738 -0.134992 3.27987 3.35851 0.0568598 -0.0123488 2.34836 0.858109 -2.18449 -1.82987 1.25051 0.0172833 0.0978964 0.259965 -0.277626 -1.41338 -0.600599 1.07643 1.3553 0.420702 -0.514211 -0.13077 0.714798 0.772461 
