-2.97381 -3.25589 2.09441 3.10601 0.782541 0.762688 1.86835 1.53886 1.10498 0.47451 0.647751 0.945837 0.403345 -4.71703 -4.78504 4.12933 4.72349 -0.262519 -0.766456 2.69725 2.6379 3.48589 1.86522 1.22771 1.52805 0.00511243 0.761937 1.27677 0.443604 -0.747845 -1.95418 -0.53506 -0.0317468 0.010751 0.675653 1.07241 0.687954 -0.101225 -1.20019 
-2.7163 -2.77737 2.29259 2.79014 -0.146691 -0.665564 1.51502 1.73043 2.72715 1.18639 0.927858 1.23205 0.011358 0.926271 1.49782 0.341709 -0.96669 -2.08659 -0.639874 -0.0313584 0.0353965 0.898577 1.07424 0.840836 -0.176233 -1.74591 5.64916 5.58382 -5.04957 -5.51215 0.166056 2.29335 -1.73907 -2.40828 -3.69201 -1.62792 0.17942 -1.59176 -1.87691 
-2.35587 -2.28306 2.23959 2.4444 -0.269291 0.200113 1.75704 1.46392 1.76368 1.16682 1.28388 0.773954 -1.17396 1.30616 1.33122 -1.23716 -1.61191 -0.0802063 2.12985 0.839341 -0.295415 -1.87913 -0.0907691 1.39202 -0.523573 -2.71427 0.529929 -0.135178 -1.93825 -0.683227 1.99299 1.33861 0.287795 0.187166 -0.806427 -1.49332 -1.12411 -1.49836 0.0745282 
-1.87391 -1.90398 1.54261 1.73713 -0.202914 1.02536 1.92268 1.42601 1.16519 1.15098 1.97961 0.774039 -2.44452 1.61058 1.4816 -1.79167 -1.86056 0.050755 1.06279 0.279139 0.287295 -0.328275 -0.730701 -0.729016 -2.11034 -1.65812 0.130675 0.0736931 -0.0841434 0.338872 1.0437 -0.961793 -1.3663 0.000205036 1.38927 -0.805473 -2.75713 -1.22755 2.35165 
-1.33361 -1.31991 1.17523 1.24056 -0.260529 1.02286 1.8308 1.56373 1.44157 0.731681 0.736253 -0.991185 -2.67162 1.57408 1.53898 -1.44386 -1.35402 1.04129 0.956457 -0.619762 -0.272961 0.0428294 -1.12384 -2.35035 -2.11695 0.64918 -0.381281 -0.315424 0.509913 0.69651 1.38295 0.210987 -1.39192 -1.31722 -0.325597 0.148315 -0.405644 1.80135 2.67022 
-0.873212 -0.906581 0.675454 0.840565 0.297372 1.76159 1.46067 1.13716 1.13976 0.470272 0.209405 -0.996545 -1.84881 1.34458 1.2721 -1.38106 -1.19967 1.53529 1.35565 -1.20738 -1.30704 -0.865577 -0.693454 -1.34306 0.107246 2.1636 -0.450919 -0.581952 0.104478 0.456492 0.602087 -0.174481 -0.446124 -0.397674 -0.512307 -0.279473 0.334146 1.44476 0.61529 
-0.468515 -0.481806 0.343671 0.437624 0.484891 2.08388 1.01855 0.557536 0.689909 0.31981 -0.274398 -0.929548 -0.701912 1.23546 1.04369 -1.45455 -0.963587 1.69021 0.767392 -1.09444 -0.738796 -0.762231 -1.56664 -1.9802 -0.348027 1.51486 -0.516279 -0.740624 0.174456 0.767202 -0.0778548 -1.38068 0.517271 1.08338 0.0295933 -0.677572 0.422986 -0.29066 -1.36548 
-0.0725905 -0.204819 -0.197769 0.180841 1.11966 2.344 0.715736 0.525158 0.470722 -0.487027 -1.28169 -1.30995 -0.467695 0.937789 0.606664 -1.31903 -0.459108 1.45659 -0.341455 -0.651379 0.0447245 -0.893505 -1.58299 -0.854723 -0.307335 0.179925 -0.893675 -0.857592 0.886513 0.713692 -1.7208 -2.03147 0.310079 0.796682 0.880232 1.42005 1.83051 0.619626 -0.99858 
0.156236 -0.0408996 -0.452722 0.083924 1.19126 1.7641 0.537693 0.489067 -0.0840803 -0.647705 -0.916817 -1.20943 -0.53195 0.435076 0.252824 -0.652592 -0.283326 -0.14664 -1.74335 -0.760098 0.261119 0.42973 -0.102291 0.380646 0.382717 0.0589702 -0.860725 -0.416506 1.37664 0.173497 -2.0805 -0.388246 -0.111808 -0.403004 0.934307 1.4258 0.172031 0.708351 0.673435 
0.255141 0.0248822 -0.616318 -0.0662274 1.03047 0.883613 0.17008 0.606804 0.754601 -0.529633 -0.992569 -1.02139 -0.407473 0.171774 0.288778 -0.00776536 -0.387572 -0.765172 -0.797776 -0.768389 -0.427652 0.376003 -0.112186 -0.700249 0.535043 1.12925 0.00625684 0.0593674 0.176824 0.213787 0.462051 0.218103 -0.141028 -0.368171 -1.07142 -1.13895 -0.199605 1.20401 0.630141 
0.3284 0.210262 -0.505683 -0.226382 0.795142 1.07305 -0.0129052 0.0929081 0.156846 -0.696491 -1.44275 -0.795388 0.49931 0.573243 0.445217 -0.588105 -0.166389 0.352423 -1.44159 -0.908368 -0.168509 -1.17714 -1.50957 0.0407112 1.84873 0.946012 0.400246 -0.12696 -1.0014 0.511151 1.77685 -1.37844 -0.226807 0.92831 -0.495122 -1.16547 1.20495 1.20109 -0.726344 
0.664506 0.369421 -0.998306 -0.24236 1.18893 -0.331257 -0.46395 0.390414 -0.246145 -1.45128 -0.959779 0.47483 0.457544 0.720835 0.281373 -1.16763 0.0644527 1.14088 -2.49208 -1.00843 0.7338 -0.404412 -1.54923 0.828381 1.99739 0.0649714 -0.412369 -0.421098 0.270055 0.252238 0.0181945 0.44805 0.5525 0.390523 0.903971 0.986907 0.0900049 -1.0863 -0.675803 
0.824967 0.457003 -1.21623 -0.262483 1.34485 -0.996513 -0.706574 0.502456 -0.226135 -1.64292 -0.816014 0.823283 0.564977 0.274821 0.122408 -0.426739 -0.00612408 0.376507 -0.852349 -0.314681 0.332956 0.0488608 -0.53128 0.0860614 0.433079 -0.0455578 -0.729636 -0.306682 1.11248 -0.0541519 -1.02252 1.814 0.802242 -0.336956 0.894231 1.09774 -1.07202 -1.42328 -0.190654 
0.897553 0.521277 -1.28881 -0.321274 1.35934 -1.06671 -0.744125 0.521894 -0.266754 -1.76185 -0.892792 0.804878 0.42293 0.0915328 0.0812518 -0.130859 -0.120541 0.0512792 -0.195069 -0.147559 0.34248 0.807623 -0.446565 -0.672179 0.157742 -0.228708 -0.401487 -0.168744 0.567316 -0.0914514 -0.606732 0.715319 0.140105 -0.145541 0.726134 0.432889 -0.3583 0.302921 0.0338233 
0.949722 0.584293 -1.33898 -0.410804 1.35387 -1.19719 -0.887139 0.640542 0.359853 -1.90057 -1.32078 0.926517 0.364195 -0.0122517 0.0701972 0.0435247 -0.233149 -0.268155 0.0710467 -0.162187 0.176546 1.01983 -0.174692 -0.464994 0.765343 -0.0163245 -0.344787 -0.233676 0.397922 0.0178746 -0.614102 0.417534 0.203645 -0.584321 -0.622484 1.11354 1.25549 0.56801 0.2848 
0.960989 0.641969 -1.31269 -0.537905 1.20985 -1.05086 -0.933408 0.544871 0.488885 -1.84969 -1.24133 1.40863 0.414838 -0.136407 -0.0405851 0.16338 -0.22437 -0.601269 0.356024 0.0729129 -0.352414 -0.15544 0.673834 0.923678 0.823543 0.161557 -0.325971 -0.308273 0.248459 0.155922 -0.0451733 0.448447 0.0312085 -0.612385 -0.465447 1.04853 0.614858 -0.393087 0.344545 
0.939802 0.63886 -1.29491 -0.622109 1.03908 -0.949478 -0.936297 0.296576 0.175914 -1.45837 -0.622186 1.57822 0.517492 -0.220568 -0.13163 0.182451 -0.181419 -0.311882 0.660789 -0.126193 -0.552788 0.281972 0.872745 0.278599 0.221888 0.459885 -0.215181 -0.11569 0.314321 0.132488 0.0909878 0.0771823 -0.422121 -0.136932 1.01675 0.400806 -0.874567 -0.435928 0.243167 
0.901344 0.642191 -1.2578 -0.723155 1.03867 -0.55519 -1.10124 0.0619036 0.654637 -1.28324 -1.02916 1.56471 0.838802 -0.229179 -0.0359053 0.370745 -0.199046 -0.499287 0.481598 -0.37608 -0.498258 1.23229 0.994419 -0.314197 0.226185 0.491933 -0.180408 0.0365131 0.490171 -0.107228 -0.875449 0.434807 0.441139 -0.0349951 0.327435 0.46933 -0.491194 -0.711239 0.234427 
0.87507 0.696219 -1.13327 -0.818052 0.774904 -0.599601 -1.25307 -0.148563 1.10141 -0.815929 -0.857017 1.73783 0.970532 -0.277076 0.0362568 0.57255 -0.426222 -1.2441 1.23348 0.348357 -0.573533 0.681173 1.27023 -0.449254 -0.721866 0.777689 -0.206455 -0.15402 0.280123 0.0761674 -0.419705 0.808304 0.962106 -0.199886 -1.08361 0.258687 0.0470093 -1.28183 0.31052 
0.808313 0.742624 -0.981752 -1.05691 0.404894 0.406432 -0.986223 -0.435454 1.13953 -0.468515 -1.36583 0.943351 1.5511 -0.312852 -0.0723275 0.542574 -0.237188 -0.943807 1.52125 0.655818 -0.721362 -0.392063 1.15552 -0.326047 -1.4355 0.919197 -0.0248406 -0.282741 -0.0480105 0.896105 0.846901 -1.35582 -0.059279 0.022783 -1.91141 -0.405044 1.83565 0.325818 -0.749481 
0.760901 0.731838 -0.874216 -1.03713 0.290145 0.596155 -0.954796 -0.748471 0.728297 -0.0728511 -1.10078 0.528609 1.81122 -0.171341 -0.138193 0.403401 0.459592 -0.333205 -0.432538 0.287544 -0.523371 -2.13032 0.68651 1.91843 -0.360793 -0.319868 0.0124455 -0.127628 0.0458263 0.663533 0.428056 -1.49285 -0.1615 0.446192 -0.864443 -0.791242 1.28543 0.90737 -1.13604 
0.777753 0.738928 -0.801599 -0.85331 0.223128 0.0125501 -0.907454 -0.898014 -0.623237 -0.0184023 0.0828687 0.619433 1.26761 -0.168232 -0.0804489 0.470935 0.386551 -0.481123 -0.316094 0.485646 -0.151579 -1.70212 0.138425 1.30964 -0.342711 -0.734428 -0.286706 -0.0796073 0.396395 -0.253692 -0.636156 0.891831 0.48605 0.386657 1.34672 -0.16794 -1.50664 -0.39824 0.0686851 
0.732179 0.76261 -0.655775 -0.877844 0.0349791 0.297014 -0.757952 -0.953116 -0.692141 0.034905 -0.111145 0.219587 1.15161 -0.338708 -0.0948224 0.696054 0.0497447 -1.00935 0.71154 0.810141 -0.0266513 -0.269379 0.368866 -0.16032 -0.910731 -0.240486 -0.372397 -0.295586 0.333513 0.0501177 -0.410666 0.381624 0.471414 0.423349 0.982012 0.150643 -0.768545 -0.373773 0.122028 
0.648307 0.76112 -0.455526 -0.898333 -0.294157 0.549513 -0.517201 -1.016 -0.898265 0.233297 -0.0359305 -0.157506 1.05614 -0.424966 -0.268672 0.698244 0.319055 -0.91597 0.190104 0.992585 0.39017 -0.364195 0.178285 0.212813 -0.861865 -0.578312 -0.405963 -0.381805 0.413314 0.338547 -0.457945 -0.170778 0.580189 0.419313 0.196306 0.118477 -0.115926 -0.490366 -0.00409316 
0.551769 0.681032 -0.308459 -0.759501 -0.435967 0.409726 -0.258957 -0.781947 -1.04297 0.167559 0.0514206 -0.517097 0.633637 -0.630449 -0.375498 1.00629 0.307269 -1.49479 0.527104 1.43345 0.510144 -0.0582279 0.372629 -0.388932 -1.57658 -0.265796 -0.291151 -0.384384 0.115016 0.314997 -0.289783 -0.65688 0.575618 0.96479 0.454351 -0.536462 0.0743755 0.234571 -0.765074 
0.346492 0.615779 0.066437 -0.787139 -1.05233 0.936415 0.244563 -0.7616 -1.00449 0.487346 -0.327116 -1.48295 0.821712 -0.596969 -0.552113 0.698503 0.550041 -1.22146 -0.602075 1.61101 1.59639 0.217016 -0.552904 0.237371 -0.615598 -1.6983 0.120833 -0.247545 -0.597048 0.442698 0.856929 -1.95408 -0.478783 1.26511 0.810778 -1.06921 0.786305 1.63868 -1.32288 
0.269734 0.43027 0.0390035 -0.501037 -1.0585 -0.122094 0.608634 0.225985 -0.929147 -0.156519 0.232504 -1.05091 -0.900475 -0.37279 -0.512207 0.26661 0.682156 -0.573166 -1.88689 0.92384 2.08493 1.03413 -0.956397 0.582747 0.436342 -2.1882 0.114298 0.242919 0.164089 -0.0375669 -0.0661098 -0.715263 -1.38782 -0.805616 0.734304 0.926799 -0.388602 0.108419 1.27519 
0.196909 0.388836 0.169035 -0.448532 -1.35317 -0.640754 0.702584 0.585234 -0.237418 -0.0887698 0.114401 -1.15021 -1.15688 -0.346126 -0.162897 0.749756 0.383737 -1.28759 -1.46725 0.128877 0.629918 1.1997 0.357936 -0.353997 -0.528055 0.116654 -0.079088 0.225896 0.598547 0.0193694 0.223961 0.880415 -1.25346 -2.16613 -1.0849 1.05538 -0.444596 -0.227079 2.14904 
0.135906 0.411828 0.415524 -0.343456 -1.71385 -1.35783 0.592833 0.563469 -0.0297086 0.0883531 -0.0323389 -1.51262 -0.787917 -0.323631 -0.141246 0.769327 0.580011 -0.328888 -0.757082 -0.414551 -0.55121 -0.592073 0.0987292 -0.0831132 0.10176 0.883786 -0.0768168 -0.0720527 0.0261046 0.12878 1.1609 1.30184 -0.366285 -1.17577 -1.35914 -0.0769285 0.320447 0.868357 0.492757 
0.076372 0.383318 0.556652 -0.171889 -1.53279 -1.29869 0.362883 0.103362 -0.770425 -0.00580962 0.0538208 -1.0931 -0.348316 -0.294598 -0.111426 0.657624 0.404883 -0.0406817 0.189439 -0.260381 -0.790822 -0.819787 0.142421 -0.00207723 0.515644 0.806068 0.0213939 -0.0361213 -0.304667 -0.342662 0.227038 1.11613 0.358437 -0.161927 0.157698 1.07871 0.959031 0.123295 -0.714536 
0.0325226 0.42411 0.73981 -0.173048 -1.75046 -1.24566 0.345023 -0.0846232 -0.744763 0.198605 -0.0318135 -1.11456 -0.0498693 -0.169678 -0.0512449 0.333476 0.069907 -0.0813167 0.667417 -0.0284785 -0.727729 -0.436289 1.18004 1.11835 0.208018 -0.163503 0.131383 -0.0436473 -0.606491 -0.395511 0.255634 0.42958 0.0451827 0.00273917 0.242007 0.978885 1.27948 0.182501 -0.945849 
0.0467951 0.431522 0.69716 -0.204681 -1.58956 -0.797628 0.253294 -0.500963 -1.17889 0.752585 0.899216 -0.948447 -0.489939 -0.0259359 -0.0294952 -0.0918665 -0.164775 0.23749 0.755594 -0.209438 -0.765258 -0.543097 1.11171 1.6257 0.696395 -0.573966 0.0374326 -0.140559 -0.464189 -0.120324 0.516957 -0.0749315 -0.35779 0.0628146 0.260773 -0.326037 -0.105022 0.509297 0.0581625 
0.0878731 0.485295 0.639168 -0.348202 -1.64904 -0.672858 0.127576 -0.714982 -1.23862 0.914317 1.19615 -0.567598 -0.563897 0.00100198 -0.0732323 -0.268142 -0.189654 0.476502 0.602812 -0.408649 -0.628439 -0.132686 0.684986 0.904247 0.799945 -0.0992574 -0.372685 -0.511039 0.0760087 0.554872 1.06801 -0.0561752 -0.381408 0.0835436 0.538068 -0.401524 -0.784505 0.371845 0.658933 
0.118061 0.466601 0.496577 -0.394927 -1.36954 -0.349128 -0.0828886 -1.03641 -1.34464 1.20175 1.58316 -0.316187 -0.573273 -0.282971 -0.448749 -0.132141 0.336517 1.385 0.714439 -0.614875 -0.640529 0.158171 0.531945 0.507643 1.11538 0.354493 -0.660227 -0.840771 0.403741 1.15442 1.17151 -1.13673 -0.87149 -0.135398 -0.0128258 -0.349904 -0.0688177 0.945373 0.730194 
-0.00864118 0.29623 0.515691 -0.219265 -0.978197 -0.133537 -0.331524 -1.25881 -1.17184 1.26788 1.58104 0.324507 -0.235554 -0.555913 -0.846057 0.0321442 0.987245 1.73477 -0.789294 -1.33839 -0.772401 -0.221447 0.163146 0.738307 1.94055 0.931711 -0.343859 -0.510224 -0.0811927 0.341017 0.686909 -0.651659 -1.23102 -0.620747 0.498821 0.484071 -0.703911 -0.847665 0.446755 
-0.139716 0.0403846 0.466243 0.12875 -0.525135 -1.03327 -0.973225 -1.67172 -1.58135 1.32494 2.14198 1.25566 0.278768 -0.509943 -0.867128 -0.335771 0.596823 2.12469 -0.0712123 -1.92926 -1.38013 0.803156 0.945968 -0.5032 -2.50337e-005 0.977732 0.0511614 0.0736959 -0.202143 -0.480978 -0.307146 0.847362 0.330844 0.058403 0.620838 -0.119729 -1.91141 -2.75585 -0.34824 
-0.239258 -0.142563 0.276766 0.067577 0.0596945 -0.233437 -1.57403 -2.31571 -0.58942 1.88006 1.20369 0.297778 0.658242 -0.370915 -0.638299 -0.29717 0.321278 1.4107 0.299187 -0.981838 -0.678525 0.598521 -0.100398 -1.87894 -1.57574 0.411342 0.63633 0.788244 0.0505384 -0.408468 -2.07127 0.304438 4.41462 3.94345 0.0551769 -3.44037 -0.767812 -0.22267 -1.17568 
-0.28819 -0.261822 0.249203 0.248443 0.158459 -0.83181 -1.65105 -2.24191 -1.16253 1.28352 0.727241 -0.0690895 0.65869 0.285332 0.106839 -0.402514 0.012565 -0.0872018 0.338485 2.79625 3.48159 0.811917 -3.04391 -1.59905 -0.329061 -0.732918 0.22943 0.475208 0.400743 -0.175093 -1.32258 -0.262562 0.915314 0.5348 -0.368286 0.20459 1.46827 1.29122 -0.272449 
