-2.23302 -1.92127 0.447641 0.866601 -0.548182 -0.937569 -0.282066 0.457673 -0.588892 -0.755933 0.74555 1.1779 -0.414374 -1.96805 -2.46906 -0.340711 2.2727 0.706688 -2.15042 -0.577321 2.56876 -0.338873 -2.81354 2.53555 3.39342 -1.55879 0.625591 -0.188834 -0.815625 2.43775 3.14645 -0.283973 1.10022 2.77278 0.844159 -1.53802 1.455 1.14316 -1.34848 
-1.05023 -1.19934 -0.186165 1.26235 0.32679 -1.13354 -0.326646 1.56216 -0.176156 -1.35853 1.49973 1.79415 -1.19877 0.809965 -0.102534 -1.00665 2.54655 3.56595 -0.179536 1.30435 3.27033 1.0985 -1.83674 1.53817 1.22431 -1.64666 0.237022 0.586123 0.636939 -0.136103 1.0635 2.73056 1.9114 -1.31165 -0.143592 1.838 -2.31044 -3.56145 0.710959 
-1.77812 -1.95931 -0.0841069 2.28204 1.08487 -1.03019 0.409177 2.44794 0.14158 -1.63351 1.65496 1.81432 -1.68034 -1.60664 -1.75899 0.421603 2.04696 1.91108 0.537475 1.64003 0.930833 -0.547804 -0.506765 -0.143923 -0.845003 -0.596208 -0.945744 -0.153005 0.998782 -2.05192 -2.94173 0.308454 -1.04112 -3.05033 -1.82188 1.35088 -1.33124 -1.48927 1.10636 
-1.90464 -2.05023 0.0232623 2.39851 1.20381 -0.847473 0.546188 2.1248 -0.484096 -1.58126 1.41355 1.32611 -1.66142 -0.193967 -0.167498 0.196322 0.257281 0.229386 0.204448 0.198552 -0.456982 -1.33188 -0.127826 -0.0445066 -0.608013 -0.183114 1.59754 1.7563 -0.658658 -1.81735 -1.26538 -0.400392 -1.31867 -0.724294 -0.415114 -0.638206 -0.294215 0.939648 0.817631 
-1.86714 -2.02922 0.00841397 2.4177 1.1936 -0.920015 0.50224 2.16371 -0.660922 -1.66967 1.62761 1.47277 -1.82708 0.325313 0.178107 -0.393893 0.0103348 0.475088 0.247201 0.22184 -0.00127673 -1.11613 -1.23913 -0.565034 0.143002 0.501528 1.44691 1.14297 -1.8983 -1.68902 0.391552 1.45134 1.07239 0.248844 0.613087 -0.524455 -1.39053 -0.425507 0.571082 
-1.71232 -1.95055 -0.190501 2.39611 1.42479 -0.714717 0.651848 2.11865 -1.15051 -2.1646 1.07811 1.3854 -1.28459 1.5641 1.12647 -2.12884 -1.64111 0.671952 1.67555 1.47158 -0.21967 -0.539243 -0.720577 -1.69359 -1.20515 0.602253 1.75218 1.52631 -2.12293 -2.33774 0.319274 2.15159 1.01549 -0.626748 0.358977 0.522612 -1.02912 -0.687847 0.786249 
-1.00365 -1.46416 -1.10568 1.49209 1.50452 -0.0328807 1.28395 2.02428 -0.963461 -1.99768 0.624213 0.812504 -1.37323 2.43578 1.87404 -2.99261 -2.58679 0.835708 2.38439 1.43082 -0.816165 -0.659843 -0.546774 -1.80931 -0.758752 1.55951 0.299125 0.666409 0.577727 -0.456526 -0.170492 0.50443 -1.15502 -1.5659 -0.174871 1.62199 1.24275 1.17674 1.08327 
-0.376552 -1.01864 -1.75284 0.941827 1.81052 0.546786 1.41151 1.61523 -1.52912 -2.40703 0.00621935 0.963396 -0.0987018 1.9972 1.92073 -1.43863 -2.21199 0.477296 2.24595 0.237585 -2.16314 -0.789576 1.32108 -0.393155 0.0581462 2.03655 -1.25701 -0.671303 2.06861 0.989495 -0.251739 -0.164106 -0.983177 -0.870822 1.49229 2.59661 0.85462 -0.318815 -0.506895 
0.0944949 -0.50934 -1.8616 0.247331 1.72651 1.15551 1.39813 0.698898 -1.4239 -1.32043 0.390511 0.826506 0.177468 1.07253 1.2656 -0.486777 -1.60016 0.548938 2.31887 0.390241 -1.92436 1.29654 2.69107 -0.943619 -1.23201 0.979105 -1.16343 -0.951353 1.52635 1.45145 -0.398406 -1.41121 -0.590656 0.561993 0.768251 -0.073035 -0.856205 -1.03803 -0.395762 
0.22061 -0.385305 -2.0148 0.0391071 2.06524 1.77368 1.60827 0.435556 -0.673731 -1.05524 -0.55329 0.288801 0.64334 0.74198 1.01863 0.406828 -0.727787 0.0242412 0.994178 -0.361201 -1.54952 0.208448 1.28237 -1.44375 -1.25023 1.59695 -0.232536 -0.110692 1.13012 0.891406 -1.54128 -2.85404 -1.39472 0.372763 -1.92167 -1.51749 0.90491 0.969889 0.657815 
0.512564 0.00280199 -1.65984 -0.167701 1.74153 1.68277 1.18839 -0.252037 -1.25483 -0.662243 -0.465014 0.142186 1.39199 0.891902 1.24501 0.876145 -0.719176 -1.19986 -0.30532 -1.11355 -1.53813 -1.26593 0.87953 -0.0215953 -0.208886 1.87436 -0.281968 -0.37231 0.177844 0.312695 -1.07199 -1.60155 0.320341 1.11299 -0.692787 -0.858647 1.31996 0.620342 -1.06038 
0.719906 0.237924 -1.5695 -0.371111 1.52102 1.61463 0.991548 -0.50843 -1.43463 -0.595397 -0.567074 0.160279 2.07001 0.504289 0.723707 0.610045 -0.470133 -1.1925 -0.43864 0.0653694 -0.273765 -0.727422 0.279457 -0.0568238 -0.632982 0.315298 -0.670626 -0.766911 0.155562 0.47642 -0.289078 -0.373492 1.65261 1.52537 0.502476 -0.382577 0.357457 -0.823164 -2.56416 
0.801852 0.370219 -1.35262 -0.438695 1.20067 1.45331 1.20941 -0.424471 -1.67607 -0.497863 -0.499649 -0.212691 1.6264 0.205558 0.536311 1.05223 -0.285174 -1.52896 -0.570007 0.812537 0.233179 -0.6197 0.460911 0.287229 -1.26776 -1.31254 -0.370133 -0.360216 0.243132 0.305509 -0.120413 -0.292836 0.263303 0.513113 0.603586 0.298743 0.38712 -0.493125 -1.53655 
0.847342 0.513383 -1.03281 -0.538706 0.826452 1.31578 1.41675 -0.371512 -1.78792 -0.341674 -0.398071 -0.533401 1.05956 0.164822 0.441465 0.89277 -0.22022 -1.33037 -0.626607 0.427742 0.281119 0.0526445 0.697047 0.285226 -1.30863 -1.56965 -0.161369 -0.319357 -0.295666 0.26381 0.398268 -0.39154 -1.17377 0.0017472 1.02813 0.315582 0.0864111 0.334303 0.112813 
0.907217 0.599134 -0.898684 -0.569978 0.59682 1.12457 1.42645 -0.258299 -1.60527 -0.127873 -0.331832 -0.928185 0.419334 0.107082 0.296913 0.678792 -0.080175 -1.07878 -0.851861 -0.442567 0.173555 0.722316 0.899168 0.292456 -0.982652 -1.10778 -0.110033 -0.253563 -0.354649 0.109192 0.324587 -0.345492 -1.31594 -0.183803 0.781351 0.0486057 -0.033648 0.885977 0.822854 
0.921424 0.671363 -0.68992 -0.591698 0.337546 0.868074 1.163 -0.270979 -1.29473 0.127835 -0.225975 -1.07491 0.205698 0.125607 0.271057 0.447504 -0.18176 -0.96373 -0.864659 -0.987375 -0.0014816 1.06801 0.807634 0.155975 -0.382949 -0.465295 -0.0288005 -0.166728 -0.444416 -0.0535612 0.39294 0.114838 -0.633935 -0.220585 0.217288 -0.265876 -0.274195 0.736764 0.683736 
0.991336 0.744426 -0.675816 -0.679761 0.160474 0.670099 0.877986 -0.264578 -0.894031 0.296567 -0.240516 -1.14961 0.0567977 0.161639 0.217559 0.124206 -0.217016 -0.63464 -0.652046 -1.09007 -0.153246 0.991061 0.62378 -0.106231 -0.230224 -0.179687 -0.0817314 -0.208368 -0.293336 0.178964 0.610455 0.247089 -0.350629 -0.122103 0.0784202 -0.343108 -0.342293 0.347272 0.16364 
1.02506 0.790403 -0.634823 -0.72119 0.0515469 0.525897 0.558979 -0.369868 -0.632024 0.46175 -0.289853 -1.21482 0.0615757 0.119062 0.14804 0.0769068 -0.0681486 -0.272982 -0.539047 -1.316 -0.209937 1.15294 0.437458 -0.318988 -0.0827782 -0.196146 -0.0350619 -0.178017 -0.234646 0.35695 0.699095 0.0573182 -0.395654 0.138039 0.191215 -0.555921 -0.190647 0.479667 -0.0787446 
1.07191 0.829352 -0.645264 -0.72603 0.0396993 0.387603 0.151749 -0.398062 -0.129219 0.538742 -0.43032 -1.21083 -0.0999113 0.208968 0.126367 -0.174918 0.0883036 0.156605 -0.506944 -1.46937 -0.0490878 1.2253 -0.00758981 -0.411336 0.223676 -0.217632 0.00458807 -0.0886059 -0.174558 0.191332 0.463181 0.18492 0.0405395 0.0225558 -0.454264 -0.475828 0.262963 0.528904 0.0357861 
1.15435 0.864692 -0.734952 -0.679997 0.12703 0.260356 -0.250223 -0.405198 0.178426 0.484796 -0.534315 -1.11247 -0.111565 0.212162 0.150604 -0.14904 0.0587848 0.250793 -0.272569 -1.20436 -0.244556 0.532791 -0.0956121 -0.116006 0.428294 -0.0889843 -0.212778 -0.0439989 0.314911 -0.166779 -0.103624 0.605223 0.583748 -0.414486 -0.709142 0.0815378 0.171549 0.163983 0.349522 
1.20292 0.915535 -0.731964 -0.701339 0.158212 0.245845 -0.514094 -0.552672 0.24443 0.518448 -0.499983 -0.999265 -0.174671 0.0511468 0.175705 0.195222 -0.170485 0.0377615 0.159328 -0.746328 -0.6089 0.267778 0.143416 -0.310747 0.311021 0.287024 -0.395874 -0.080107 0.591921 -0.345454 -0.398383 0.765744 0.695781 -0.430165 0.0847349 0.276568 -0.810993 -0.228433 0.785756 
1.19812 0.963193 -0.643002 -0.783477 0.148218 0.346702 -0.668294 -0.78214 0.384917 0.582192 -0.719242 -0.963501 0.101221 -0.157019 0.162079 0.558449 -0.392454 -0.202235 0.54639 -0.355219 -0.82321 0.626083 0.294762 -1.11596 0.0599863 0.968368 -0.303189 -0.174525 0.316563 -0.120193 -0.396561 0.313991 0.962296 0.0714844 -0.118053 0.104113 -0.509364 -0.512239 0.373455 
1.13391 1.00735 -0.451522 -0.928908 0.0697579 0.536617 -0.720594 -1.06039 0.676924 0.690363 -1.1615 -0.984282 0.55916 -0.211042 0.0881743 0.567375 -0.379095 -0.413201 0.548578 0.402783 -0.584721 0.0926513 0.322129 -0.972845 -0.386827 0.822003 -0.116795 -0.24669 -0.0473954 0.239201 -0.339578 -0.350524 1.31555 0.73178 -0.875363 -0.148351 0.804241 -0.403079 -0.440398 
1.09985 1.01874 -0.357928 -1.00358 -0.0366164 0.63863 -0.464752 -1.14433 0.480947 0.767583 -1.29605 -1.187 0.723122 -0.20404 -0.00112142 0.487364 -0.213962 -0.588593 0.303551 1.1915 -0.00555336 -0.551454 0.163617 -0.306693 -0.511111 0.472219 -0.276271 -0.237924 0.364218 0.326996 -0.321945 -0.463414 0.624278 0.79677 0.216564 -0.24462 0.509759 0.303297 -0.226746 
1.03943 1.01908 -0.207968 -1.05669 -0.195205 0.699135 -0.0903973 -1.06916 0.366682 0.797707 -1.34402 -1.27411 0.91357 -0.442157 -0.0658341 0.997563 -0.106038 -0.779567 0.198357 1.17145 0.311034 0.360438 0.0728293 -0.493428 -0.137718 0.596544 -0.474353 -0.219 0.751828 0.194648 -0.288524 -0.155542 -0.14818 0.198649 0.759768 -0.137877 -0.0343934 0.832599 0.258131 
0.876351 0.998714 0.150387 -1.07103 -0.388827 0.745589 0.154599 -0.959901 0.745884 0.830225 -1.5891 -1.27753 1.17261 -0.663815 -0.135287 1.38959 -0.0834565 -0.917068 0.24618 1.09073 0.17144 0.435342 0.0453279 -0.436779 0.352595 0.861085 -0.258637 -0.233864 0.174435 0.17226 -0.0648777 -0.18683 -0.130156 -0.0127281 -0.297811 -0.075999 0.708673 0.620461 -0.294814 
0.69584 0.964969 0.503786 -1.11152 -0.610233 0.831352 0.48529 -0.969913 0.678865 0.846807 -1.60355 -1.10295 1.56536 -0.652915 -0.215586 1.19663 0.000352303 -0.854482 0.111224 1.09097 0.234015 -0.0526242 0.0304847 0.208792 0.479665 0.284845 -0.0550319 -0.2621 -0.225691 0.530319 0.409561 -0.68671 -0.907076 0.241712 0.178459 -0.216369 0.44591 0.271972 -0.489166 
0.538666 0.9052 0.762004 -1.079 -0.775262 0.806531 0.730414 -0.822474 0.75028 0.872017 -1.46652 -1.03856 1.38373 -0.639539 -0.314646 1.10138 0.408599 -0.454085 -0.316441 0.135802 0.400181 0.652692 -0.169298 -0.0288784 0.565331 0.303148 0.106618 0.0211839 -0.0132637 0.315075 -0.0426395 -1.00381 -1.28515 0.367464 1.44124 0.353032 -0.129686 -0.118326 -0.407194 
0.365403 0.822845 1.06597 -0.891269 -0.813746 0.666424 0.544408 -0.731086 1.12814 0.790232 -1.62164 -0.818251 1.79047 -0.442036 -0.0978991 1.16711 0.260569 -0.904184 -0.753023 -0.289494 0.613872 1.8362 0.514705 -0.028031 0.239208 -0.169236 0.393177 0.441247 -0.0823539 -0.552164 -0.892971 -0.400451 0.23623 0.102767 0.319974 1.03999 0.684321 -0.695611 -1.20636 
0.315236 0.869438 1.3583 -0.941508 -1.1844 0.411023 0.559468 -0.453246 1.94606 1.15223 -1.48412 -0.927915 1.2476 -0.0978654 0.243511 0.987718 -0.265287 -1.46786 -0.606771 0.467703 0.461952 1.05736 1.15805 0.646065 -0.345438 -1.16346 0.427065 0.145702 -0.756982 0.0126825 0.739985 0.372554 -0.2699 -0.847512 -2.18126 -0.239216 0.938087 -0.0360022 -0.733164 
0.328444 0.95462 1.56918 -1.04775 -1.4804 0.348159 0.783069 -0.454564 1.83266 1.38721 -1.24025 -1.01966 0.894034 0.138757 0.150355 0.231873 0.195079 -0.0665797 -0.308068 -0.527259 -0.466308 -1.06987 0.272038 0.931155 0.0943413 -1.03631 0.0302936 -0.442648 -0.84767 0.997476 2.16751 0.234663 -2.14882 -1.2703 -1.94637 -0.923984 0.516048 0.77351 0.0625772 
0.406479 0.955499 1.46927 -0.840624 -1.21088 0.250517 0.259903 -0.743175 1.30883 1.31295 -0.933988 -0.894596 0.448386 0.0249076 -0.125168 -0.057961 0.729943 0.988218 -0.292978 -1.88485 -1.12629 -1.53781 0.0749434 1.13253 0.449656 -1.02235 -0.0926287 -0.350583 -0.585747 0.258746 0.742689 -0.0951592 -1.20206 -0.482991 -0.338403 -0.0861273 0.554277 0.79584 0.606018 
0.358004 0.905476 1.52974 -0.647853 -1.025 0.195622 -0.250886 -1.14723 0.900273 1.45089 -0.570934 -0.796694 0.105501 0.119632 -0.121786 -0.49483 0.394624 0.774091 -0.308003 -1.8142 -1.10844 -1.53666 0.217263 1.46044 0.915364 -0.206683 0.286939 -0.183914 -1.2886 -0.275103 -0.0847143 -0.729762 0.0215828 0.868745 -0.330751 -0.887359 1.24605 1.25198 -0.372552 
0.48736 0.908015 1.20313 -0.628187 -0.8533 0.0900453 -0.735834 -1.42495 0.377161 1.44671 -0.0705893 -0.423069 0.283619 0.443944 -0.222542 -1.64061 0.354479 0.890813 -0.896551 -1.79454 -0.144045 -1.99447 -0.963212 2.43667 1.80033 -1.43254 -0.522745 -1.1858 -1.27329 0.372001 -0.324282 -1.55945 1.00502 2.45826 -0.00401811 -2.3557 0.804567 1.13396 -1.60652 
0.614597 0.808549 0.66901 -0.457858 -0.614088 -0.275689 -1.23599 -1.24051 -0.320158 1.00341 0.870273 0.147166 -0.996718 -0.396005 -1.26972 -2.05884 0.716156 0.405075 -1.70078 -0.617001 1.78393 -1.56085 -2.62304 2.27007 2.12899 -2.18027 -2.67097 -2.35656 1.82777 1.49384 -0.637022 -0.737627 0.776559 1.13316 1.76742 -0.195038 -1.04183 0.460363 1.72121 
0.28887 0.297216 0.125362 -0.236001 -0.664304 -0.806016 -1.08394 -0.341722 -0.569761 0.181978 1.27201 0.69621 -1.39041 -2.55153 -2.59812 0.571921 1.88435 0.167226 -1.50761 -0.854481 1.15595 0.326096 -1.15166 1.17815 2.23181 0.810002 -1.55771 -0.436869 3.24687 0.699077 -0.872783 0.552273 -0.178009 -1.17943 1.38943 1.33588 -2.34342 -0.793347 2.88793 
-0.751754 -0.454124 0.956444 0.587389 -0.533753 -1.06972 -1.71256 -0.540491 -0.0768826 0.463149 1.56659 1.32132 -0.383994 -2.10637 -1.63234 1.88191 1.38998 -0.585808 -1.08488 -0.75134 0.30489 0.259392 -0.93253 -0.446349 1.10474 1.54048 1.79409 2.08494 -0.172874 -1.64751 -1.19407 0.413447 0.881898 -0.114217 0.316205 0.61487 -1.44382 -2.50592 -0.86281 
-0.836293 -0.491528 1.0926 0.532878 -0.927995 -1.37679 -1.50473 -0.161044 -0.368559 -0.250393 1.00683 1.26881 -0.219075 -0.392688 -0.31641 0.348025 0.0306606 -1.18792 -1.02375 0.204141 0.956972 0.725772 -0.346074 -0.53063 -0.780996 -0.221331 1.55976 1.35296 -1.41433 -1.5278 -0.313336 0.7254 1.25922 0.486024 1.27562 1.7659 0.698126 -1.57609 -1.78199 
-0.948447 -0.597114 1.12769 0.596358 -1.07252 -1.60822 -1.61648 0.0381059 0.41849 0.319534 1.25152 0.887446 -0.559963 -0.21803 -0.118172 0.146147 -0.334757 -0.942415 -0.304292 0.731972 0.827222 1.929 1.28575 0.244058 -0.828396 -0.655427 0.662065 0.751195 -0.130706 -0.343918 0.714321 1.20583 0.289526 -0.653803 -0.488465 0.125654 -0.0573815 0.0278205 -0.494863 
-0.938357 -0.537239 1.15908 0.337564 -1.3546 -1.5353 -1.12311 0.338376 0.885752 0.40946 1.15028 0.809635 -0.727011 0.459381 0.566753 0.175482 -0.418923 -0.379416 0.213823 0.596028 0.109572 0.0603508 -0.140922 -0.686465 -0.851756 -0.786487 0.952758 0.843655 -0.27007 0.376251 1.47026 0.52483 -0.899622 -0.618818 -1.57923 -1.9192 -1.03431 0.610397 0.585904 
-0.68349 -0.306718 1.2094 0.353992 -1.24192 -1.49309 -1.3084 0.0995949 0.494146 0.27693 0.844216 0.415803 -1.16812 0.969606 0.861944 -0.196117 -0.00864827 0.723141 0.285509 -0.214566 0.0218638 -0.180207 -1.01882 -1.00604 -0.222699 0.148718 -0.103497 -0.477639 -0.994992 -0.0128475 0.385427 -0.445045 -0.70145 0.686914 1.04069 -0.860875 -0.0983648 1.60803 1.24054 
-0.396961 -0.101986 1.04795 0.324557 -1.0203 -1.38231 -1.25352 0.346343 0.809675 -0.0653985 0.553824 0.67374 -0.619992 0.427712 0.161383 -1.04961 -0.511912 0.0562052 -0.118926 -0.127461 0.873313 1.41898 -1.14657 -0.888205 0.912343 0.847062 -1.37631 -1.58326 -0.164531 0.40582 -0.393639 -0.774379 -0.283009 0.445143 1.1169 0.943216 1.00772 0.420678 -0.225863 
-0.435691 -0.215244 0.655356 0.0596425 -1.21231 -1.5537 -1.39169 0.627141 1.42676 -0.26083 0.317504 0.885717 -0.527061 -0.531353 -0.702757 -0.409853 0.34931 0.27549 -0.360503 -0.467086 0.495069 1.2793 0.189754 0.0311451 0.162706 -0.0756219 -1.59529 -1.70804 0.650086 1.74713 1.70879 0.994042 0.202337 -1.29079 -1.94505 1.61918 1.89539 -0.910693 -1.17377 
-0.668783 -0.434564 0.825906 0.511663 -0.8905 -1.57051 -1.52054 0.643073 1.65419 0.0548137 0.571256 0.743548 -0.684533 -1.32604 -1.53416 -0.271284 1.29077 1.9922 0.917192 0.166293 -0.739555 -1.17445 0.891633 1.14326 -0.248167 -0.578243 -0.960948 -1.23629 -0.917356 -0.27208 0.761177 1.7406 1.33028 -0.943252 -1.61287 0.456648 0.248825 -0.587322 -0.0219327 
-1.13807 -0.95581 0.505219 0.773056 -0.298227 -1.06709 -1.31608 0.170468 0.723568 0.204969 0.993171 0.736229 -0.975971 -1.55284 -1.90363 -1.5404 -0.0228972 1.13712 1.38575 1.09621 -0.700163 -0.874429 0.801146 0.218291 -0.622323 -0.0415883 2.86661 3.20569 -0.550885 -2.39517 -1.1878 1.06025 1.97872 0.441653 -0.0101466 -1.15147 -2.4355 -0.857991 1.42184 
-1.49404 -1.35644 0.0171781 0.49069 -0.367066 -0.836437 -0.941886 0.210439 1.14023 0.476059 0.699456 0.39436 -0.723047 2.07089 1.92274 -0.955531 -1.36822 0.644168 2.01628 2.45942 -0.270544 -1.20674 -0.470682 -1.67631 -1.34748 1.285 1.26912 1.72439 1.27585 0.094743 -1.00177 -1.55206 -1.0326 0.634007 0.674876 -0.69425 -0.113141 0.624716 -0.0159698 
