-2.28605 -2.44567 1.26062 1.0419 -0.870926 1.10716 1.95134 0.935034 -0.179538 -0.355624 -0.113896 0.944379 0.366895 -3.16654 -2.93483 2.86139 2.60416 0.985743 2.60875 2.73077 0.560106 -1.26033 -0.761271 0.210233 0.807406 -0.160441 0.940552 1.06925 0.226793 0.737222 1.62561 0.655709 -0.64179 -1.30924 -1.25847 -0.546473 -0.0254346 -0.0225999 0.171292 
-1.78034 -1.81268 1.27128 1.25544 0.890385 1.9796 1.85291 0.397237 -0.642506 -0.648149 0.0899064 0.887397 -0.0666927 1.15309 1.34496 0.212891 0.832929 2.52518 0.762479 -0.911234 -1.62037 -1.2598 -0.608783 0.0585971 -0.139443 0.123837 3.30052 3.1005 -2.68713 -1.88087 -0.130934 -2.4151 -3.21789 -1.41977 1.00815 0.717753 -0.337884 -1.01905 -0.0172527 
-1.5319 -1.51599 1.27763 1.38834 1.49341 1.65118 1.27267 -0.106213 -0.821757 -0.880345 -0.117922 0.832298 0.497935 0.604317 0.723879 0.186998 0.437359 0.798803 -0.72545 -1.26423 -1.18611 -0.279241 0.262881 -0.0129148 -0.801875 -0.263435 -0.211597 -0.173249 -0.449632 -1.52577 -2.5161 -1.01439 0.996169 1.90943 1.1989 0.27362 -0.0364171 -0.159013 -0.915778 
-1.34817 -1.28097 1.27602 1.39888 1.60178 1.36666 0.928864 -0.357525 -0.758236 -0.467326 0.0415818 0.0760641 -0.205024 1.02817 1.27461 -0.244459 -0.927008 -1.34447 -0.703078 0.138275 0.423946 -0.0901303 -0.158294 0.107291 -0.480104 -1.06014 -0.179859 -0.209263 -0.155978 -0.353167 -0.375052 0.635419 1.02532 0.362626 -0.997608 -0.75316 0.0881154 0.268389 0.025992 
-0.851047 -0.63139 1.07805 0.831587 0.152706 1.05563 1.32351 0.201198 -0.835948 -1.04043 -0.0917845 0.360621 -0.194551 0.514603 0.612508 0.0206167 0.0209543 0.234945 0.00996046 -0.179828 -0.902943 -1.28114 -0.612867 0.148074 -0.512089 -0.314403 -0.855619 -1.14982 0.251519 1.39951 1.75961 0.556529 -0.820058 -1.58894 -0.548407 0.57023 0.303805 -0.810174 -0.116287 
-0.968648 -0.82062 1.20197 1.32862 1.77331 1.32555 0.758598 -0.925477 -1.41191 -0.995354 0.0929829 -0.429376 -0.378806 0.188878 0.0918714 -0.00706731 0.664753 1.3876 -0.0729128 -0.986359 -1.51488 -0.647927 0.67531 0.462773 -1.78127 -1.28228 0.308121 0.306483 -0.399538 -0.668741 -0.990431 -1.22618 -0.500081 0.773738 1.69014 1.16118 1.22059 0.571157 0.0818164 
-0.662637 -0.50465 0.990886 1.09172 1.42786 0.950077 0.592624 -0.770456 -1.14964 -0.525779 0.154559 -1.48455 -1.04155 0.966176 1.08861 -0.387098 -0.757025 -1.27906 -1.73814 -0.921428 -0.151691 0.374196 0.984032 1.33025 0.224302 -0.29821 0.5473 0.694622 -0.234582 -0.889096 -1.42095 -1.58217 -0.587195 0.504843 0.415046 -0.208884 1.61136 2.48441 1.36846 
-0.324168 -0.0551975 0.934838 0.859097 0.495223 -0.0748168 0.0728407 -0.99782 -1.17679 -0.230816 0.876693 -0.157494 -0.541325 0.905758 1.01009 -0.251333 -0.365703 -0.791131 -2.29593 -1.83224 -1.06979 -0.25321 0.502573 1.99732 1.7773 0.281824 -0.313489 -0.62873 -0.413347 0.56328 1.11443 0.350811 -0.209787 -0.164936 -0.974891 -1.29251 -0.0472522 0.712575 -0.740427 
-0.0536065 0.210461 0.788046 0.82303 0.616947 -0.884003 -0.726243 -1.44848 -1.25139 -0.150944 1.35149 0.42665 -0.800619 0.728234 0.499435 -0.808494 -0.123393 0.456844 -1.38241 -1.31553 -0.469188 -0.605242 -0.58837 1.36918 1.16929 -1.27123 -0.574366 -0.814771 -0.487353 -0.140993 0.487082 1.76784 1.4992 1.20166 0.806181 0.0930459 -1.82879 -1.67101 -1.4236 
0.180702 0.332698 0.468139 0.714756 0.879206 -1.19859 -0.886856 -1.27962 -1.46756 -0.739015 1.68451 1.11191 -1.38064 0.37844 0.209003 -0.746059 -0.539005 -0.0238515 -0.0497844 -0.180564 0.168684 0.5282 0.719824 0.429781 -0.79366 -1.5131 -0.519786 -0.218533 0.459939 -0.847722 -1.04193 1.51259 1.31412 0.426259 2.50449 2.53216 -1.84054 -2.1994 1.0243 
0.246027 0.412256 0.350915 0.465397 0.540682 -0.971573 -0.897021 -1.30946 -0.933583 0.399738 1.5774 -0.376012 -1.80816 0.26146 0.377504 -0.364588 -1.10644 -1.13667 0.523211 0.114591 -0.113566 1.8552 2.77935 -0.20896 -2.18109 -0.121172 0.119891 0.308234 0.135421 -0.562814 -0.822648 -0.145206 0.111922 0.377445 1.23973 0.568202 -1.39393 -0.208125 2.00405 
0.4117 0.642463 0.211664 0.0659124 -0.262548 -0.840617 -0.852471 -1.32681 -0.437253 1.47869 1.51475 -1.1553 -1.42001 0.621221 0.687101 -0.623704 -1.19562 -1.2788 -0.355784 -0.189556 0.468727 1.73824 1.55081 -0.745637 -1.20677 0.815672 0.396576 0.127585 -0.741169 0.0534532 0.314094 -0.815336 -0.18612 1.32632 -0.346189 -2.165 -1.08602 1.39379 0.747612 
0.68811 0.920403 -0.0282711 -0.22921 -0.737152 -1.29708 -1.07405 -0.972511 0.0339277 1.62304 1.07518 -1.61474 -1.19591 0.811151 0.649828 -1.11081 -1.05696 -0.636489 -0.676791 -0.251177 1.26685 1.49732 0.0799963 -1.10672 -0.231256 0.696015 -0.125674 -0.416047 -0.672924 0.0482515 0.706955 0.710087 0.48658 0.668575 -0.435113 -1.16898 -0.188684 1.05018 0.202192 
0.96522 1.12673 -0.398205 -0.557534 -0.925392 -1.41572 -1.07233 -0.463329 0.400904 1.51149 0.788855 -1.3643 -0.890992 0.591612 0.340187 -1.3023 -1.15209 -0.172036 0.479238 0.249942 1.10024 1.29245 0.137963 -0.834247 0.236221 0.976684 -0.765638 -0.778364 0.371915 0.42695 0.711487 1.33281 0.37901 -0.546074 -0.110165 0.104525 -0.210236 0.377556 0.626201 
1.11282 1.20626 -0.728828 -0.901479 -0.955299 -0.973299 -0.945581 -0.218939 0.762082 1.70275 0.518078 -1.33028 -0.471666 0.0716673 -0.109792 -0.754123 -0.579527 0.477272 0.988985 0.0595524 0.515395 1.37279 0.312074 -1.21477 0.219561 1.36714 -0.808265 -0.739688 0.89435 0.923453 0.532054 0.116721 -0.223306 -0.332488 -0.233305 -0.714873 -1.13029 0.513855 0.739458 
1.08486 1.12425 -0.839155 -0.935963 -0.521849 -0.695586 -1.07621 -0.0955883 1.1722 1.73213 -0.00396669 -1.09742 0.104836 -0.195156 -0.375379 -0.427958 -0.105781 0.66468 0.522668 -0.16034 0.591977 1.04617 -0.688333 -1.77193 0.888088 1.78406 -0.251733 -0.308251 0.23631 0.393647 -0.156236 -0.686697 0.0634693 0.278339 -1.12796 -1.35607 -0.514664 0.272668 0.114197 
1.0759 1.0336 -1.01531 -1.03678 -0.37232 -0.615753 -1.1023 0.199323 1.358 1.11364 -0.619885 -0.357713 0.814158 -0.0977728 -0.333918 -0.531801 -0.140255 0.251266 -0.0394025 -0.00744095 0.7026 0.242025 -1.34242 -1.59732 0.51566 1.42228 -0.133418 -0.172882 0.245209 0.369183 -0.0955374 -0.146622 0.631555 0.178213 -1.34777 -0.371518 0.975568 -0.409112 -0.533432 
1.10508 0.978152 -1.17482 -1.08896 -0.334699 -0.775084 -1.12664 0.395653 1.33635 0.613584 -1.03377 -0.517985 1.13902 -0.233356 -0.44531 -0.196818 0.305461 0.532393 0.21478 0.452702 0.66518 -0.301909 -1.07114 -0.810703 0.178512 1.06007 -0.704035 -0.660053 0.650205 0.497362 0.125817 0.985598 1.38979 0.733376 -0.310345 0.28753 1.12853 -0.0453159 -1.1521 
1.01657 0.816126 -1.19234 -0.961033 0.0839991 -0.497608 -0.832893 0.665879 1.2301 0.214677 -1.16241 -0.134166 1.5964 -0.768924 -0.958773 0.100633 0.417849 0.460751 1.16317 1.51326 1.4079 -0.080413 -0.873963 -0.498159 0.342709 -0.0460032 -0.650623 -0.509412 0.435676 -0.26697 -0.653639 0.685854 1.04984 0.667813 0.104947 -0.0962704 0.440012 0.531136 -1.52212 
0.731515 0.43167 -1.21097 -0.955532 0.0530252 0.0804933 -0.120037 1.35219 1.32738 -0.12578 -1.38268 -0.121114 1.15193 -0.845261 -0.898573 0.223047 -0.0121818 -0.461604 1.01747 1.56646 1.29583 -0.213771 -1.09841 -0.332398 0.855869 -0.853372 0.548713 0.704791 -0.450011 -1.20519 -1.13565 -0.405264 -0.523653 -1.20198 -0.940837 -0.360668 0.418487 0.607035 -0.376076 
0.598217 0.308218 -1.17052 -1.0483 -0.411399 0.244679 0.210697 1.54848 1.14952 -0.706364 -1.40864 0.804388 1.04774 -0.0504764 -0.0289666 -0.357093 -0.974775 -1.27748 0.510238 0.743442 -0.0903548 -1.02618 -1.24275 -0.0392637 1.13202 -0.580685 -0.0153763 -0.0301474 0.0372148 0.0526627 -0.235384 -0.755673 -0.748369 -0.917449 -0.40844 0.297782 0.541219 0.109029 1.19222 
0.779487 0.48098 -1.4639 -1.5368 -1.22354 0.428374 0.351466 1.32031 0.810591 -1.16365 -1.44732 1.10894 0.792932 -0.752524 -0.805918 0.248094 0.0364006 -0.809814 -0.102933 0.527647 0.121541 -0.63319 -0.616717 0.237168 0.910589 0.498707 -2.02171 -1.95704 2.07037 2.07759 0.2248 -0.72727 0.169854 0.529438 0.670441 0.956781 0.679905 -0.282523 1.2761 
0.234272 -0.14032 -1.13684 -1.11063 -1.2402 0.115783 0.5322 1.65639 0.843749 -1.23751 -1.30205 1.8007 1.43952 -2.18325 -2.13119 1.68253 1.39391 -0.915163 -0.572278 0.803798 0.382744 -0.378972 0.0901415 0.65536 0.609174 0.872313 0.100261 0.695288 2.36285 2.00507 1.38969 0.0968074 -0.906545 -2.23495 -0.997656 1.61655 2.04973 -1.72441 -2.1201 
-0.423916 -0.816755 -0.750905 -0.902463 -2.15321 -0.0654655 0.864923 1.60054 0.641312 -1.12265 -1.08168 1.78709 1.44458 -0.531518 0.113064 2.57751 2.32199 1.35109 -0.0860689 -0.700517 -2.55282 -1.63513 1.56836 2.16701 -1.73915 -2.13414 1.86926 1.75949 -1.68611 -1.20631 0.582862 0.513137 -0.55204 -0.222242 0.399121 -0.144939 -0.817198 -0.341046 -0.65672 
