-1.23666 -0.682882 2.895 2.2415 0.882438 0.868516 1.40907 0.104429 -1.57825 -0.527291 -0.178764 0.62528 0.734818 -1.56385 -0.664362 3.34447 2.94672 0.945893 0.638548 0.682941 -0.402127 0.266277 1.43625 0.627714 2.23611 2.73644 1.70075 1.21543 -1.45368 -1.59465 0.231267 -0.0928393 -2.10761 -1.33276 0.55288 1.56496 0.803373 1.36019 1.46259 
-0.702561 -0.311352 2.15098 1.57812 0.658148 0.310965 0.334072 -0.166276 0.271015 0.975406 0.452648 1.632 1.94957 2.00024 1.47051 -1.77082 -2.02379 0.332433 -0.0897447 -2.80008 -1.66818 0.974347 2.29472 0.942308 1.56252 2.06625 2.0459 1.13137 -3.12925 -2.96174 -0.15442 0.460332 -0.726824 -0.432054 -0.723204 -1.05447 -0.372535 -1.55933 -2.05268 
-0.365664 -0.0703182 1.64292 1.11408 1.09423 0.778725 -0.0136246 -0.629277 -0.562804 1.03788 0.492982 1.76265 2.2015 0.817384 0.711575 -0.395118 -0.717779 0.725417 1.23748 -0.32839 -0.967086 -0.962284 -0.187528 0.0986341 0.286663 -0.313568 -1.41217 -0.891861 1.6269 1.45858 -0.36382 0.25498 2.33818 1.37502 -0.679303 -1.77358 -0.999885 -1.94775 -2.31833 
-0.3538 -0.0272358 1.81411 1.16159 1.15588 0.951504 0.158049 -0.585759 -0.749612 0.835266 0.536819 1.83249 1.7015 0.564339 0.570034 0.0779925 -0.38328 -0.188233 0.253535 0.159159 -0.0197719 -0.178427 -0.404817 -0.371761 -0.854169 -1.37039 0.0662606 -0.0146123 -0.177357 0.0195479 -0.148118 -0.851296 -0.785694 0.0774804 0.779395 0.402789 -0.501946 -1.12757 -0.415733 
-0.128624 0.152543 1.62081 0.879631 0.927178 0.877829 0.0562627 -0.624186 -0.759326 0.748465 0.249548 1.1254 1.19193 1.01342 0.79812 -0.666279 -0.804309 0.513976 0.203485 -1.41598 -0.907946 0.403098 0.368656 -0.592375 -1.14341 -0.981097 0.262311 0.0463324 -0.759799 -0.268041 1.02641 0.279404 -1.86389 -1.21381 0.863638 1.12989 -0.266232 -0.117346 0.687825 
0.0815121 0.294335 1.29686 0.697968 1.49976 1.02307 -0.566533 -0.978736 -0.334751 1.07723 0.13974 0.982839 0.972436 0.976787 0.725151 -0.877529 -0.814957 1.2841 0.627221 -2.32519 -1.54226 1.33238 1.23907 -0.767827 -1.06902 -0.43176 -0.108764 -0.117469 -0.0967148 -0.02192 0.0109768 -0.237515 -0.52627 -0.0543001 0.677941 0.281968 -0.295226 0.0033786 0.591822 
0.290513 0.442535 0.96301 0.410209 1.83141 1.18256 -1.1269 -1.30145 0.632535 1.5884 -0.269724 0.330383 0.858691 1.01627 0.768938 -0.842686 -0.940606 0.530608 -0.0663761 -2.16751 -1.01022 1.59334 0.744098 -1.02472 -1.21303 -0.182191 -0.288078 -0.171453 0.431953 0.175737 -1.19408 -1.06887 1.00513 1.05921 -0.571823 -0.910797 0.233581 0.116299 -0.0223657 
0.518079 0.603276 0.66224 0.160153 1.85574 0.946135 -1.67017 -1.41755 1.33147 1.57712 -0.558445 0.0820658 0.81902 0.781697 0.63523 -0.43276 -0.714038 -0.426801 -0.677645 -1.09285 -0.280662 0.365152 -0.169795 -0.538488 -1.0028 -0.526767 -0.416487 -0.268696 0.409367 0.0906848 -0.997443 -0.157103 1.81869 1.04605 -1.00102 -1.0182 0.396358 0.422478 0.125709 
0.623517 0.693611 0.601106 -0.00428125 1.49077 0.769267 -1.6885 -1.41329 1.0075 1.46045 -0.629274 -0.416013 0.456994 0.679434 0.569604 -0.424455 -0.941762 -0.8984 -0.236127 0.118766 0.235268 -0.114813 -0.825429 -0.5917 -0.778512 -0.0616838 -0.265815 -0.211186 0.0146176 -0.146175 -0.294933 0.666757 1.36987 0.499679 -0.359619 -0.238316 0.186474 0.492553 0.5576 
0.805934 0.825951 0.305861 -0.378291 1.17197 0.775794 -1.62065 -1.29815 1.20182 0.998737 -0.955054 -0.499629 0.752434 0.61118 0.500604 -0.478353 -0.999459 -0.848713 0.178283 0.612002 0.295602 -0.235751 -0.572665 -0.368092 -0.483986 0.222332 -0.373194 -0.338063 0.146712 0.45744 0.288816 0.190722 0.42007 0.00127087 -0.427597 0.492988 0.864339 0.583613 -0.167483 
0.881237 0.886424 0.20887 -0.574131 0.84315 0.826962 -1.39021 -1.26685 0.750712 1.05571 -0.870153 -0.781431 0.595053 0.390389 0.292224 -0.314839 -0.502759 -0.483467 0.0271536 0.593186 0.201063 -0.833066 -0.134314 0.426893 -0.150156 -0.3679 -0.373753 -0.378084 0.110711 0.693513 0.565485 -0.255614 -0.183185 0.091235 -0.173744 0.0811832 0.693502 0.881642 -0.132687 
0.966174 0.928583 0.0224059 -0.677779 0.790103 0.750328 -1.33185 -1.19409 0.317049 0.895154 -0.642268 -0.619909 0.465206 0.321519 0.178194 -0.411038 -0.277135 -0.0371551 -0.11411 0.304933 0.371588 -0.515777 -0.497584 0.436736 0.502879 -0.0332411 -0.309194 -0.242235 0.179121 0.286281 0.0613604 -0.199239 -0.162606 0.181271 0.495601 0.112864 0.0475344 0.643971 0.390833 
1.01107 0.939708 -0.138583 -0.750808 0.786025 0.723763 -1.2468 -1.08636 0.199518 0.702564 -0.550511 -0.422175 0.548961 0.17199 0.122663 -0.167143 -0.269171 -0.394607 -0.195056 0.312774 0.387329 0.0424013 -0.0118412 0.423436 0.550807 0.138479 -0.383038 -0.121696 0.645348 0.0306835 -0.693124 -0.0539226 0.0366246 -0.304053 0.355092 1.09602 0.413697 0.0919807 -0.283907 
1.02999 0.957834 -0.162791 -0.850121 0.472894 0.602588 -1.18449 -1.00654 0.352693 0.875712 -0.331889 -0.225459 0.542846 0.0216082 0.144256 0.284468 -0.350301 -1.0299 -0.155405 0.282616 -0.0365887 0.117128 1.09563 0.89145 0.539837 -0.508907 -0.22726 -0.120765 0.277707 0.132449 -0.161658 -0.0538751 -0.0630238 -0.142949 0.0853401 0.269991 0.0348124 -0.144632 -0.365722 
1.00849 0.978304 -0.0233372 -0.96731 0.00656961 0.597841 -1.11464 -1.08881 0.313726 1.44396 0.0858148 -0.0357801 0.160133 0.0440326 0.0897721 0.0963897 -0.220204 -0.625458 -0.236291 0.161367 0.176478 0.209633 0.345684 0.404061 0.303136 -0.456262 -0.101312 -0.254288 -0.351028 0.395063 0.724942 -0.161073 -0.136863 0.434707 -0.0298811 -1.36276 -0.931716 -0.131484 0.675883 
1.03731 0.972851 -0.172668 -0.99581 -0.0122853 0.432156 -1.11348 -0.913492 0.564156 1.10189 -0.0350031 -0.0128777 0.19195 0.0326762 -0.0388666 -0.190754 0.0138409 0.01025 -0.330098 0.0355528 0.460095 0.0854533 -0.989336 -0.337321 0.307982 0.412346 -0.192686 -0.22842 -0.0372067 0.385897 0.456622 -0.0147801 -0.0347002 0.0521199 -0.341716 -0.730658 -0.394412 -0.0701154 0.435936 
1.0108 0.937649 -0.224242 -0.985604 -0.0160632 0.375791 -1.1071 -0.868645 0.394633 0.752974 -0.133633 0.18036 0.435104 -0.0457615 -0.0642449 -0.0100965 0.132937 0.0300368 -0.228855 0.0466519 0.204555 -0.360364 -0.7937 -0.152393 0.145104 0.115762 -0.1029 -0.0806279 0.0885697 0.1374 0.0306332 0.0514052 0.181584 0.0100862 -0.0575503 0.387099 0.176298 -0.719726 -0.697969 
1.00499 0.921214 -0.253387 -0.949279 -0.0205211 0.265817 -1.10034 -0.807861 0.176354 0.545307 -0.125658 0.0836575 0.253221 0.0419909 -0.0265975 -0.149454 0.0687507 0.0550608 -0.240263 0.201024 0.436688 0.00601285 -0.456625 -0.179658 -0.631485 -0.665962 0.00317516 -0.0742617 -0.196698 0.0242444 -0.0124435 -0.223957 0.316084 0.685987 0.443607 -0.168307 -0.0788869 -0.103879 -0.262163 
1.01722 0.902305 -0.397672 -0.974011 -0.00609132 0.203174 -1.01609 -0.658974 0.39202 0.427963 -0.243277 -0.29337 -0.0668886 0.0806429 -0.044813 -0.303982 0.0520434 0.0130942 -0.481836 0.386362 1.00902 0.425345 -1.09184 -0.314038 -0.0535427 -0.328256 -0.0408975 -0.0491432 0.000959375 0.0174616 -0.289136 -0.336385 0.452662 0.693774 -0.0591726 -0.752018 0.269822 1.38175 0.433344 
1.02848 0.877986 -0.529619 -0.946779 -0.0410844 -0.0397295 -0.91586 -0.34168 0.614604 -0.216103 -0.328891 0.0343222 -0.00544103 0.119746 0.0210961 -0.211096 -0.020283 -0.35854 -0.633214 0.717665 1.25069 -0.0762281 -1.62796 0.0950286 0.956979 -0.0977113 -0.10444 0.0471529 0.294127 -0.27766 -0.482758 0.499475 0.446181 -0.306447 -0.0311859 0.767979 0.290381 0.0231222 0.160546 
1.05797 0.887601 -0.612109 -1.01088 -0.297059 -0.185671 -0.664509 -0.0844805 0.302944 -0.701765 -0.161617 0.399341 -0.159434 0.0882582 0.111227 -0.0211562 -0.391179 -0.678076 0.165831 0.894607 0.597907 0.391417 0.0106432 -0.0136259 -0.0994165 -0.157047 -0.335258 -0.0987418 0.444531 -0.153367 -0.0551155 1.1862 0.146164 -0.932003 0.691927 1.79032 -0.620793 -1.75979 0.433115 
1.05533 0.902288 -0.617696 -1.18553 -0.564549 0.0111143 -0.475029 -0.0597539 1.01718 -0.220098 -0.322902 -0.0486991 -0.14074 -0.127423 0.0129845 0.248453 -0.314335 -0.436656 0.869409 0.837252 0.0733714 1.13816 1.00389 -0.744692 -1.23361 0.470207 -0.403169 -0.322178 0.264927 0.59336 0.801546 0.704773 0.173339 -0.269188 -0.286826 -0.4234 -0.650829 -0.490349 0.518456 
0.989599 0.869386 -0.520823 -1.2078 -0.644864 0.252328 -0.252606 -0.037644 1.49061 -0.0233963 -0.664777 -0.516541 0.157229 -0.233874 -0.148281 0.22736 0.210947 0.471891 1.06909 1.0494 0.232433 -0.0838232 -0.669101 -0.890929 -0.76296 0.53508 -0.219094 -0.302522 -0.0578424 0.685716 0.752084 -0.118448 0.149336 0.276507 -0.741942 -0.681598 0.595066 0.681972 -0.539398 
0.939953 0.814282 -0.540442 -1.09654 -0.251288 0.558991 0.0438766 0.058372 0.920124 -0.691083 -0.927909 -0.618973 0.222666 -0.246367 -0.224408 0.11772 0.398631 0.642405 0.747781 0.960947 0.376286 -0.122752 -0.062106 -0.0630335 -0.486935 -0.37731 -0.211404 -0.215065 -0.0726453 -0.0764549 -0.589835 -0.642522 -0.0889256 0.048548 0.173948 0.936805 0.563889 -0.435054 -0.554678 
0.868709 0.748434 -0.516509 -1.01665 -0.207536 0.623401 0.221687 0.144955 1.35262 -0.0773713 -0.693198 -0.884125 -0.136779 -0.344329 -0.287272 0.0792344 0.00920033 -0.372783 0.295006 0.864436 0.256135 0.236373 0.685937 -0.248282 -1.35999 -0.334677 -0.348976 -0.226334 0.14516 -0.295304 -1.03239 -0.61493 -0.279905 -0.348515 -0.311959 -0.492736 -0.829259 -0.8764 0.422124 
0.775813 0.666125 -0.561731 -1.11736 -0.552618 0.680915 0.469491 0.187121 1.1597 -0.231148 -1.08535 -1.62766 -0.040622 -0.508679 -0.376078 0.225513 -0.0657659 -0.836704 0.00805068 0.52858 -0.0863499 -0.641378 -0.845573 -1.1636 -1.61487 0.174611 -0.156526 -0.122081 0.0532138 0.0636351 -0.093799 -0.399325 -0.605559 -0.308974 -0.409741 -0.892947 -0.213306 0.79784 0.110426 
0.632008 0.561844 -0.440484 -1.07828 -0.846419 0.587423 0.477902 0.120206 0.669374 -0.669593 -1.48811 -2.07997 -0.0331051 -0.394209 -0.321643 0.0789909 -0.0244186 -0.506354 -0.176304 0.0101983 -0.158071 -0.451056 -0.696221 -0.578122 -0.473931 -0.236413 -0.386002 -0.305173 0.365297 0.766737 0.662783 0.0319573 -0.180733 -0.0579527 0.0704556 0.764698 1.43339 2.19279 -0.154869 
0.58965 0.503092 -0.583183 -1.15648 -0.951136 0.543493 0.464245 0.130228 0.676549 -0.720763 -1.4725 -1.98569 -0.233108 -0.811862 -0.616453 0.591963 0.744437 0.114337 0.0736737 0.224686 -0.193094 -0.499841 0.252003 0.567035 0.949215 -0.113247 -0.868879 -0.452346 1.32243 0.999059 -0.290135 -0.0172184 0.624826 -0.0338436 -0.214674 0.776617 0.793096 0.960111 0.858477 
0.261451 0.271226 -0.120671 -0.698896 -0.793317 0.587555 0.580839 0.0476162 0.134934 -0.507773 -1.07772 -1.39296 -0.136844 -1.23041 -0.727607 1.57006 1.0646 -0.921386 -0.171903 0.74987 -0.235285 -0.80174 0.419186 0.351327 0.607326 0.950595 -0.0667812 0.0745132 0.327277 -0.358301 -1.25954 -0.482431 0.66523 0.552439 0.294057 -0.0213452 -0.458997 -0.953808 0.1971 
0.034304 0.16437 0.38733 -0.602825 -1.65163 0.408493 0.832075 0.0387284 -0.17529 -0.444088 -1.21234 -1.54974 0.429694 -0.762677 -0.429629 0.91374 0.204436 -1.69041 -0.5011 1.0167 0.447792 0.0277 0.173707 -0.0702334 -0.271836 0.111166 0.48573 0.185006 -0.653114 0.0716564 0.592777 -0.428115 0.31594 1.52354 0.828759 -0.94403 -0.143896 -0.106848 -1.51089 
-0.0873917 0.0614603 0.413211 -0.613447 -2.05336 0.271408 1.08325 0.262263 0.155122 -0.399743 -1.11116 -1.6026 -0.0788853 -0.571342 -0.416464 0.739893 1.04061 -0.0707039 -0.679055 1.08939 1.59505 0.648859 -1.03939 0.108338 0.405108 -1.31087 -0.159231 -0.336176 -0.213589 1.05117 1.60967 -0.0922778 -0.280483 0.617594 0.160152 -0.583374 0.563018 1.16272 -0.698506 
-0.230063 -0.0396984 0.805557 -0.0622318 -1.73317 -0.00557701 1.37115 0.767559 0.497951 -1.16946 -1.12141 -1.26228 -0.536977 -0.815542 -0.704887 0.600007 1.356 0.618061 -0.590146 0.583584 1.16848 0.324079 -0.74535 0.571323 1.05315 -0.967924 -1.07029 -1.22636 -0.958066 -0.191321 -0.428209 -0.811223 -1.08011 -1.32942 -1.46035 0.808875 1.63467 1.70972 1.07383 
-0.459574 -0.267429 0.738376 0.098815 -1.63375 -0.0937382 1.36721 0.799915 0.486907 -0.92311 -0.697781 -0.839267 -0.798454 -1.62986 -1.69329 -0.448589 0.701009 -0.683675 -1.66316 -0.3796 -0.0690354 -1.85224 0.124273 2.09083 2.38809 0.189581 -1.7618 -2.63036 -2.52583 1.67531 1.88371 -2.30801 -0.53072 1.09594 -2.24714 -1.22017 2.42394 1.0158 -0.711653 
-0.96177 -0.796344 0.433122 0.29351 -2.26071 -0.961171 1.1693 0.750571 -1.45833 -1.09539 0.350219 0.481329 -0.422517 -2.63738 -3.56142 -2.43057 3.25662 3.31938 -3.43771 -0.173703 2.47508 -3.53526 -2.61701 3.54142 2.2014 -2.06615 0.607749 -0.359614 -2.21715 1.04918 3.05843 -0.791471 -0.0563555 2.70896 1.50219 -0.485064 0.769943 -0.741574 -2.27996 
-1.6361 -1.83255 -0.952615 1.84562 0.75137 -2.02581 1.26921 1.92316 -3.2388 -2.73232 1.78411 0.767243 -2.30934 -0.836108 -1.99492 -3.11648 1.85019 3.70169 -2.62268 -0.522368 3.21324 0.760897 -0.647718 2.99131 1.42234 -3.19123 3.27889 3.7998 1.27177 -3.66516 -2.51701 2.25601 -1.13062 -2.14911 3.63872 3.01568 -2.68377 -1.2517 1.61685 
-1.34303 -1.68353 -1.71418 1.27477 0.40258 -2.44476 0.895441 2.20466 -0.667296 -1.55169 2.44898 1.51577 -2.74406 1.10487 0.816862 -0.999031 -1.25209 -0.288028 -0.603206 -1.70814 -0.192994 2.76618 1.8479 0.120341 0.621999 0.22463 0.830868 1.94038 2.77725 -1.90994 -2.71682 2.91019 0.739831 -2.86195 -0.150163 0.395395 -3.23119 -1.25711 3.58954 
-1.16042 -1.50287 -1.69124 1.13826 0.511708 -2.39814 0.39727 1.85062 -0.339525 -1.47411 1.88339 1.21397 -2.16962 0.203932 0.291258 0.0839817 -0.552008 -0.19216 1.02625 0.366287 -0.327946 0.521578 -0.102596 -1.11475 -0.16356 1.97068 -1.61027 -1.06463 1.30825 0.923721 0.0417401 2.02068 2.30088 -0.668589 -2.3315 -0.891769 -0.4023 -1.00072 0.305913 
-1.26511 -1.58131 -1.73231 0.948474 0.232673 -1.92045 1.0698 2.07163 -0.127871 -1.63348 1.6881 1.38564 -1.34625 -0.549701 -0.278006 0.475377 -0.253482 -0.227294 1.93831 1.20279 -1.04767 -1.23878 0.467503 -0.445983 -0.655484 0.607413 -0.84468 -0.489773 0.933731 0.525475 -0.374258 0.269926 -0.0615355 -1.35064 -0.942319 1.5243 0.678811 -1.00057 -0.91038 
-1.41523 -1.64701 -1.44899 0.974455 0.316236 -1.37196 0.993544 1.39502 -1.65085 -1.16424 1.58827 0.722619 -1.7541 -0.605555 -0.156817 1.11833 -0.0313532 -0.727789 1.38813 0.216809 -2.01803 -1.08524 2.13129 -0.328299 -1.44086 0.58322 0.029033 0.142013 0.535226 0.284334 -0.831904 -1.9514 -1.43405 0.256839 1.59668 1.047 0.0560035 0.35333 0.58147 
-1.54459 -1.67301 -1.06232 0.90558 -0.326963 -1.19702 1.16876 1.18113 -1.27777 -0.180577 1.47494 0.317573 -0.948158 -0.394754 -0.0152352 1.04149 -0.0222302 -1.41899 -0.465282 -0.72472 -0.768845 1.53748 1.98738 -0.438842 -0.304142 1.39125 0.403505 0.265331 -0.00672041 0.42534 -0.0534453 -1.70811 -0.381639 1.57182 0.633671 -1.53462 0.251869 1.83644 -0.00181858 
-1.60163 -1.67744 -0.830119 0.936527 -0.746323 -1.66839 0.617621 1.06439 -0.0433597 0.189794 1.29812 0.489264 -0.773784 -0.0372527 0.244704 1.04767 0.369125 -0.80351 -0.712578 -0.34735 -0.128567 0.0285747 -0.210775 -0.0760762 0.694561 0.518118 0.100278 0.0278928 -0.0775331 0.332798 1.07509 1.48027 1.54214 0.280134 -1.5301 -1.05657 0.587278 0.619324 -0.124954 
-1.57315 -1.59094 -0.439338 1.08067 -0.941694 -1.62954 0.983178 1.13746 -1.25666 -0.336688 1.43743 0.817585 -0.596974 -0.161164 0.119135 0.887622 0.267185 0.123117 1.40345 1.20329 -0.461488 -1.08403 0.36045 0.233071 0.367173 1.14694 -0.456317 -0.548892 -0.643447 -0.139054 1.0682 1.66175 0.290067 -0.654747 -0.41694 -0.48669 -0.979767 -1.2215 0.0490438 
-1.68491 -1.64972 -0.313612 1.05613 -0.686834 -0.93653 1.21414 0.871506 -1.19198 0.426118 1.47592 0.748868 0.0304889 -0.418051 -0.269888 0.228858 0.0922504 0.728729 1.38208 -0.041344 -0.966288 -0.671281 -0.985198 -1.36497 -0.848503 0.527043 3.51684 3.23954 -0.20614 -1.70816 0.600811 0.278002 -2.71729 -1.20701 1.2781 -0.613581 -1.84737 -1.08041 -0.753082 
-1.76984 -1.73158 -0.361088 1.10506 -0.441556 -0.90943 0.951935 0.718331 -1.97134 -1.02483 0.502278 0.184495 -0.239359 3.84374 3.86704 0.582641 -1.89284 0.985317 1.77539 -2.38661 -1.97564 1.14227 -0.603794 -2.14143 -1.00617 -0.0115865 0.267388 0.148339 -0.141354 0.0147813 -0.508957 -1.13089 0.0857663 0.818107 0.377322 0.689575 1.14116 0.766621 -0.319207 
