-2.19121 -2.15044 2.07828 1.70192 0.884951 2.14098 1.50572 -1.03557 -1.59496 -0.0893936 -0.0629466 -2.54009 -1.11541 -1.70638 -1.62805 1.91453 1.9168 1.22249 1.19445 0.336746 -1.37901 -1.93832 -0.716634 -0.165979 -1.10671 0.241258 1.28507 1.23643 -1.10929 -0.41155 0.847116 -1.17056 -1.44407 -0.519032 0.195831 0.0737247 0.731839 1.51099 0.558688 
-1.1805 -1.05722 1.31368 1.15648 0.874843 1.14826 0.405365 -0.907317 -1.25204 -1.09259 -0.360297 -0.763856 0.642138 1.53028 1.37622 -1.36058 -0.446403 1.11941 -1.64852 -2.17068 -0.602651 0.264043 0.264476 1.12402 2.26087 0.731458 2.16146 2.01928 -2.38352 -2.19052 -0.675199 -1.75642 -1.19912 0.826983 2.09358 1.71609 1.29317 1.1518 -0.583551 
-0.623799 -0.763481 0.657545 1.07897 1.66752 0.178437 -1.28263 -1.30384 -1.10339 0.157011 0.973957 0.204123 0.164291 0.840502 0.608968 -0.951452 -0.424747 0.363226 -1.22812 -1.48014 -0.46932 0.617759 2.10657 1.70819 0.613875 -0.794614 -0.758601 -0.554873 0.552746 -0.617943 -1.89117 0.890102 1.70292 1.38671 0.859979 0.476926 -0.848195 -1.67607 -0.827202 
-0.198714 -0.294479 0.234531 0.549839 0.980454 -0.35429 -1.50344 -1.06584 -0.48044 1.66786 1.30932 0.264652 -0.0630037 0.689929 0.782774 -0.75758 -1.11268 -1.32034 -0.574411 0.203935 0.935942 1.33022 1.15712 0.136548 -0.272117 -0.681403 -0.152228 0.265694 0.389101 -0.482098 -1.47153 0.577969 1.64491 1.49463 -0.190526 -1.85004 -1.55381 -0.754715 0.125929 
0.230156 0.140668 -0.259739 -0.0456544 0.265961 -0.608816 -1.04643 -0.305643 0.232269 1.62167 0.941327 0.309676 -0.393606 0.703533 0.917794 -0.541789 -0.946304 -1.5311 -0.566415 0.810691 1.19053 0.415173 -0.626098 -0.222247 -0.533241 -0.732743 -0.137788 -0.0303318 0.41856 0.559741 0.235477 0.176264 0.481752 0.169253 -1.01539 -1.60461 -0.648409 -0.351794 -0.0371641 
0.66679 0.719518 -0.502586 -0.449516 -0.609777 -1.13279 -0.494411 0.141919 0.130776 0.698832 0.888076 0.0981873 -0.687675 0.56971 0.766099 -0.313114 -0.52436 -0.995927 -0.443455 0.81478 1.10663 0.131395 -1.19317 -0.58394 -0.813175 -0.871878 -0.594738 -0.913377 0.234326 0.564467 1.12971 0.95665 0.0514024 -0.000482985 0.440056 -0.278393 -0.934981 0.267016 0.438459 
0.982045 1.03125 -0.805934 -0.727298 -0.845173 -1.25277 -0.0321896 0.833053 0.618819 -0.121277 0.128336 -0.148402 -1.19924 0.0532583 -0.0698513 -0.31498 -0.352954 -0.0443711 0.595616 0.799968 1.1705 0.974182 -0.910206 -1.3257 -0.143509 -0.18731 -0.937607 -1.13334 0.504801 0.397112 0.77413 1.36635 -0.107086 -0.960197 0.00729218 0.334249 -0.479996 0.961594 1.62253 
0.980212 0.929997 -1.05034 -1.0021 -0.869056 -0.639791 0.50096 1.33319 1.18456 -0.657936 -0.728314 0.337714 -0.602941 -0.478287 -0.463406 0.233241 -0.109293 0.0286216 1.25989 0.575149 0.00829511 0.167727 -0.522809 -1.07937 0.621314 1.5056 -0.849308 -0.705811 0.882421 0.491741 -0.170771 0.561687 -0.0640792 -1.36893 -1.07704 0.270742 0.219942 0.501174 1.42083 
0.844185 0.921546 -0.895973 -1.09641 -1.03911 -0.0329251 0.676829 1.06768 1.03413 -0.949336 -1.22125 0.887856 1.08734 -0.892314 -0.829263 0.677503 0.16292 -0.247988 1.23581 0.622452 -0.387077 -0.299107 -0.338785 -0.885755 0.598434 1.8781 -0.751358 -0.922681 1.04197 1.8345 1.04557 -0.743851 -0.694497 -1.39078 -1.53865 0.739895 1.66689 -1.22005 -1.59063 
0.490844 0.522642 -0.76946 -1.16624 -1.31062 0.553712 1.27023 1.24237 1.23028 -1.23485 -1.8682 1.35014 2.16811 -1.31024 -1.46128 1.41422 1.83702 1.40598 0.175152 -0.512899 -1.57383 -1.66307 0.779531 1.29423 -1.22574 -1.08847 0.735095 0.739003 -0.531115 -0.145445 0.176675 -0.858194 -0.372136 0.361844 0.224863 0.121421 0.553544 -0.389939 -1.12789 
