-1.45713 -1.42875 1.29295 1.43291 0.393916 2.44797 1.79592 0.892379 -0.806336 -0.329181 -0.0989075 -0.45939 -0.654759 -1.71506 -1.30102 2.77002 2.45427 1.01529 1.73287 1.9605 0.240955 -1.28968 -0.687258 0.284851 0.924585 0.0490214 1.07819 1.41593 0.107072 -0.523778 -0.378618 -0.421077 -1.14851 -1.10443 -0.0368808 0.507832 0.865455 1.28373 0.132777 
-0.980101 -0.780304 1.426 1.36983 0.666096 1.9774 1.11263 0.141528 -1.16019 -0.566938 0.216167 0.7351 0.089808 1.20385 1.534 0.0194547 -0.720651 -0.49565 -0.707536 -1.47759 -1.54447 0.0363015 0.837562 1.11082 1.66668 0.220444 2.11472 1.79358 -2.43483 -2.6673 -2.00711 -2.42119 -2.44698 0.30155 2.5695 1.91154 0.222917 -0.476182 -0.0323655 
-0.791933 -0.558011 1.28498 1.01502 -0.00351171 1.49056 0.934075 -0.0691465 -0.798846 0.332406 0.682934 0.842116 -0.369994 0.519423 0.607162 -0.256413 -0.727241 -1.64088 -2.27052 -1.06037 0.606601 2.37656 2.27255 0.565871 0.2881 0.00921941 -1.27853 -1.55464 0.229847 0.741785 -0.428079 -1.03594 0.610492 1.6973 1.30503 0.991479 0.307413 -0.975446 -0.551186 
-0.700692 -0.449333 1.27422 0.948227 -0.537439 -0.859635 0.490391 0.508956 0.908174 1.2508 0.624794 0.984398 0.13435 0.0643807 0.124735 0.186027 0.011622 -1.05692 -2.42826 -0.864528 0.717399 1.9415 2.40634 1.50096 0.376813 -0.636961 -0.798902 -0.866451 0.425229 0.784069 1.13542 1.64836 1.22202 -0.844868 -2.29059 -0.995692 0.862725 0.186139 -0.392499 
-0.769018 -0.507993 1.36386 1.00945 -0.796005 -1.53617 0.424308 0.366733 0.886399 2.25794 1.73197 1.15913 -1.06035 -0.143144 -0.120241 0.144281 0.0535767 -0.127857 0.432026 0.279511 -0.585241 -0.725909 0.836954 1.67316 0.518382 -0.598113 -0.260402 -0.3043 -0.0125738 0.158068 1.2765 2.41542 1.18916 -1.08848 -2.44504 -2.43556 -1.51245 0.00213356 1.14234 
-0.794753 -0.541983 1.33133 0.966284 -0.675984 -0.446614 0.637637 0.140053 0.244447 1.91189 1.79177 1.40946 -0.511822 -0.0627491 -0.0456837 0.0621141 0.0737615 0.643289 1.53826 0.436304 -0.805412 -1.37607 -1.20617 -0.459138 0.366291 1.17444 0.00588693 0.026236 0.169189 0.340497 0.504464 -0.195536 -0.316581 0.11761 0.0644418 -0.929993 -1.51057 -0.333643 0.938571 
-0.817763 -0.557223 1.37813 1.03887 -0.391757 0.207202 0.6616 -0.138193 -0.349868 1.27292 1.4386 1.4681 0.309387 -0.00549917 0.0368383 0.238169 0.325153 0.548082 0.0961433 -0.209294 -0.46949 -0.548494 -0.499315 -0.284507 0.0684346 0.892173 0.0441716 0.0381986 0.0911533 0.229358 -0.0324105 -0.966801 -0.611815 0.308504 0.638173 0.322985 -0.122746 -0.393463 -0.19955 
-0.811227 -0.543154 1.43739 1.13726 -0.33875 -0.437522 0.504167 -0.157339 -0.263044 1.49638 1.618 1.4911 0.536894 0.112963 0.123248 0.062494 0.217745 0.606955 -0.0685306 -0.403399 -0.430318 -0.399608 -0.648074 -0.624519 -0.161941 0.871173 0.221015 0.0654664 -0.525364 -0.236672 0.552197 0.350785 -0.197452 -0.169444 -0.296107 -0.726117 -0.496318 -0.102399 -0.226888 
-0.767463 -0.508071 1.3926 1.14937 -0.0130834 0.0182579 0.416655 -0.411383 -0.726249 0.737553 1.03198 1.3739 1.33422 0.34605 0.232787 -0.500207 -0.065887 1.28735 0.660504 -0.556509 -0.743722 -0.87322 -1.52734 -0.932332 -0.0788874 0.545825 0.460503 0.242619 -0.774813 -0.283382 1.07089 0.475602 -0.574245 -0.551148 -0.408328 -0.320698 0.429089 0.358031 -0.350669 
-0.629544 -0.430209 1.1585 1.08805 0.51884 0.250264 0.171292 -0.624152 -1.0565 0.252596 1.00056 1.46029 1.19171 0.702638 0.494721 -0.97479 -0.22692 2.03437 0.701505 -1.19845 -1.22312 -0.880626 -1.06316 -0.0772412 0.293292 0.329761 0.76125 0.614982 -0.828978 -0.549713 0.721319 0.14145 -1.18755 -0.942755 0.750158 1.84864 0.903658 -0.77723 -0.713645 
-0.384782 -0.242583 0.866301 1.00948 1.37032 0.755352 -0.284881 -1.17437 -1.52622 -0.13224 1.00016 1.62716 1.74331 1.23476 0.973202 -1.6024 -0.816312 2.25099 0.879916 -2.0805 -2.06855 0.259202 1.33736 0.22782 -1.10935 -0.567597 0.454949 0.457485 -0.402034 -0.600521 -0.429853 -0.34375 -0.805107 -0.276327 1.46366 1.95867 0.0269966 -1.45698 -1.38402 
0.0530799 0.113934 0.305007 0.61629 2.05472 1.20191 -1.0368 -1.90946 -0.852716 1.31686 1.17767 0.642975 0.580246 1.28679 1.07909 -1.56538 -1.03568 1.47075 0.12139 -2.26789 -1.64256 1.2455 1.96791 -0.0492399 -1.62674 -1.84009 -0.400753 -0.203462 0.641396 0.0117855 -1.89986 -1.08016 0.995075 1.34356 -0.184627 -1.2791 -0.775676 -0.101927 -0.402825 
0.327169 0.363224 0.0321018 0.414207 2.357 0.794806 -1.60059 -2.1965 -0.453888 1.44005 0.987518 0.414948 -0.315353 0.968079 0.902694 -0.942676 -0.922112 -0.262899 -0.913679 -1.01034 -0.287261 0.0897349 -0.526713 -0.780777 -1.25605 -1.1912 -0.593928 -0.407869 0.627963 -0.131928 -2.13705 -0.283539 2.11071 1.77542 -0.727042 -2.18169 -1.50013 0.105391 1.1796 
0.585383 0.617015 -0.204552 0.0849602 1.82112 -0.00339923 -1.63031 -2.09427 -0.798172 0.879276 0.664025 -0.286313 -0.740441 0.828032 0.806049 -0.921759 -1.30647 -1.35782 -0.359507 0.128248 0.725436 0.320608 -1.26078 -1.99342 -1.50213 0.0300212 -0.48868 -0.454829 0.16893 -0.145548 -0.591709 0.782061 1.28586 1.16372 0.877501 -0.142223 -1.10253 0.399613 1.4129 
0.780531 0.810021 -0.466553 -0.333543 1.35271 0.255936 -1.54021 -1.75565 -0.196033 0.41103 -0.356626 -0.702161 -0.247153 0.61397 0.58313 -0.849098 -1.20854 -1.04126 0.361348 0.405424 1.2497 1.39951 -0.671961 -2.21149 -0.746402 1.04657 -0.535315 -0.604028 0.299556 0.635543 0.57275 0.105192 0.256844 0.338305 0.329625 0.800589 1.35945 1.26741 0.408374 
0.918085 0.93399 -0.665326 -0.607649 1.03965 0.324625 -1.41075 -1.32952 0.409782 0.324663 -0.829462 -0.826607 0.483871 0.427553 0.338658 -0.671655 -0.696163 -0.591288 -0.199843 0.320983 1.14102 0.867346 0.0193963 -0.244648 0.14319 0.684775 -0.46444 -0.520249 0.390214 0.777772 0.46224 -0.493824 -0.154297 -0.28796 -0.625393 0.710752 2.38808 1.12473 -0.735651 
1.00816 0.984622 -0.83482 -0.737647 0.887962 -0.0909226 -1.36915 -1.05806 0.543289 0.413432 -0.503095 -0.563467 0.565692 0.283964 0.198747 -0.490362 -0.434949 -0.421336 -0.466062 0.1095 0.814458 0.616182 0.472394 0.865701 0.712195 -0.101531 -0.409061 -0.311109 0.509549 0.427749 0.0613616 0.0218699 -0.0280247 -0.285972 -0.0826323 0.256894 0.358552 0.185953 -0.393884 
1.06477 1.02711 -0.939078 -0.864669 0.69453 -0.342386 -1.36114 -0.833681 0.927925 0.692039 -0.215492 -0.253616 0.402458 0.15261 0.161492 -0.169923 -0.324417 -0.503214 -0.177478 0.175139 0.708474 0.839929 0.477568 0.211535 0.373227 0.0752615 -0.363473 -0.246412 0.492794 0.321128 -0.018965 0.425458 0.503354 -0.097038 -0.48247 -0.580853 -0.689626 -0.343062 0.19441 
1.0808 1.05605 -0.941515 -0.932429 0.485211 -0.410886 -1.28184 -0.627694 1.25847 0.784977 -0.337139 -0.249195 0.685343 0.0543492 0.085684 -0.008707 -0.185609 -0.439832 0.221345 0.595222 0.638595 0.0319055 -0.336013 -0.03177 0.249922 0.21604 -0.199161 -0.219845 0.13466 0.249623 0.187719 0.169998 0.380275 0.0645132 -0.718025 -0.865298 -0.250887 0.0252952 -0.0409152 
1.08203 1.05439 -0.961725 -0.981293 0.336392 -0.182728 -1.03258 -0.446487 0.931543 0.408094 -0.216167 -0.0334571 0.682214 0.0863738 0.0747521 -0.11741 -0.157168 -0.2475 0.0889757 0.514576 0.752089 -0.0724077 -0.760889 -0.119332 0.393016 0.0219861 -0.177576 -0.178857 0.14029 0.205476 0.149113 0.0677563 0.128441 0.0614399 -0.180977 -0.384026 -0.32699 -0.0972076 -0.0242486 
1.11612 1.07696 -1.02083 -1.03304 0.262451 -0.410415 -0.999599 -0.170383 1.17023 0.158716 -0.397783 0.0801806 0.744404 0.00957484 0.0395553 0.0505517 -0.0690431 -0.235338 0.319322 0.635344 0.678035 -0.132477 -0.846839 -0.46092 0.109393 0.189029 -0.181341 -0.18609 0.123642 0.190744 0.210564 0.227505 0.193427 -0.0066513 -0.151372 -0.0736909 -0.12611 -0.435613 -0.206 
1.07406 1.0548 -0.953479 -1.03228 0.122193 0.0947562 -0.680983 -0.0349274 0.790403 -0.287417 -0.510752 0.0794417 0.931252 0.0378554 0.0214568 -0.0780995 -0.0575152 0.0385208 0.450191 0.631937 0.699023 -0.19556 -0.802524 -0.289058 -0.190377 -0.291444 -0.0484599 -0.176228 -0.23076 0.0702789 0.459592 0.124433 -0.0792899 -0.00581007 -0.0118547 0.115025 0.32381 0.0076693 -0.18021 
1.12408 1.06683 -1.07966 -1.07754 0.241015 0.0244509 -0.649956 0.254144 0.973534 -0.501089 -0.574666 -0.0357225 0.447003 0.093182 -0.00396915 -0.334809 -0.107689 0.38107 0.510693 0.428569 0.626111 -0.0613214 -0.603157 -0.0496033 0.106115 -0.0837586 -0.153446 -0.173655 0.00950871 -0.00455015 -0.153244 -0.111504 -0.133587 -0.112112 0.258677 0.46889 0.25966 0.281363 0.121527 
1.1132 1.02986 -1.14613 -1.10503 0.341871 0.602381 -0.448133 0.344554 0.711925 -0.786595 -0.523641 0.189838 0.870051 0.0170738 -0.0195175 -0.175552 -0.182069 -0.158124 0.252777 0.360628 0.502681 0.252369 -0.0238368 0.0394122 0.164523 -0.0887293 -0.343307 -0.279747 0.274443 0.086116 -0.276847 0.00547858 -0.266009 -0.575974 0.300264 0.72865 -0.309321 -0.561476 -0.191432 
1.12033 1.03284 -1.18929 -1.19217 0.0811654 0.221909 -0.456125 0.557369 1.1713 -0.533519 -0.526592 0.119254 0.380149 -0.116381 -0.150061 -0.114798 -0.128154 0.0204408 0.506047 -0.000128833 -0.20042 0.444526 0.568257 -0.455934 -0.641993 -0.374232 -0.313897 -0.282965 0.243925 0.128705 -0.427783 -0.260898 0.0655761 -0.116526 -0.260368 -0.484539 -1.09875 -0.961328 -0.0404144 
1.03423 0.919845 -1.22409 -1.1893 0.307709 1.10442 -0.461481 0.213396 1.0789 -0.341984 -0.814812 -0.270764 0.478496 -0.163246 -0.168798 0.00788972 -0.153639 -0.719001 -0.19081 0.326032 0.300342 -0.022583 -0.686629 -1.38641 -1.10686 -0.141215 -0.293232 -0.0884857 0.714969 0.305871 -0.995825 -0.618392 0.635298 0.396816 -0.789801 -1.11064 -0.707063 -0.470902 -0.0554064 
1.01494 0.911908 -1.20328 -1.29079 -0.473474 -0.114088 -0.282161 0.735587 1.12693 -1.09995 -1.45501 -0.696164 0.253602 -0.276154 -0.106649 0.633084 0.10367 -1.29406 -0.526629 0.642414 0.294652 -0.567775 -1.04113 -1.37592 -1.27157 -0.450344 -0.529825 -0.400725 0.551351 0.248892 -0.350799 0.50176 0.599118 -0.348742 -0.319083 0.641657 0.715215 0.0322642 -0.125548 
0.865196 0.835111 -0.91215 -1.14304 -0.651703 0.364569 -0.105821 0.388099 0.554433 -1.19403 -1.73605 -1.2119 0.000380028 -0.558266 -0.434756 0.559712 0.0127702 -1.17774 0.62233 0.925573 -0.217479 -0.379308 0.353263 -0.469618 -1.07795 -0.327862 -0.588993 -0.833065 -0.218591 0.279772 0.757105 0.812465 0.623821 0.516591 0.595698 0.889458 0.668699 0.00498769 -0.0841607 
0.686885 0.636093 -0.929592 -1.29571 -1.35101 0.527791 0.236115 0.593891 0.768428 -0.828555 -1.75555 -1.48952 -0.0852165 -0.730005 -0.800973 0.262306 0.305531 -0.28294 0.7985 1.27132 0.952447 0.349528 0.373409 -0.519205 -1.27836 -0.57177 0.0198349 -0.23093 -0.266041 0.625162 1.39195 -0.326384 -0.173664 0.811272 0.202569 -0.22798 0.480504 -0.0258893 -0.730728 
0.440339 0.346021 -0.793509 -0.983113 -0.899409 1.21831 0.611013 0.969193 0.837756 -0.906405 -2.07055 -2.15821 -0.615832 -0.406753 -0.532479 0.132075 0.611155 0.675623 0.0708327 0.606631 0.840661 -0.00952142 0.0783594 0.144059 -1.12515 -1.46821 -0.0915328 0.0665057 0.598469 0.461069 -0.626279 -1.86789 -1.25276 -0.603018 -0.44962 0.0693497 1.79537 2.25964 0.490238 
0.444236 0.303367 -0.878845 -0.963693 -0.924005 0.506444 0.571225 1.10592 0.735565 -0.778647 -1.63581 -2.31889 -1.72094 -0.689226 -0.603994 0.870588 0.71553 -1.10716 -2.29314 -0.330176 0.0891744 -0.188999 0.548035 1.79254 1.66548 0.211993 -0.713613 -0.667874 0.633674 0.580996 -0.82991 -1.40639 -0.208508 0.166932 -0.515885 -0.319731 1.53198 1.75734 -0.182991 
0.0384687 -0.0283539 -0.357748 -0.592327 -1.72727 -1.64593 0.408121 1.01695 0.646842 -0.478086 -0.821822 -0.857614 -0.340678 -0.984516 -1.06313 0.782543 1.15883 -0.418757 -2.26033 0.246275 1.02342 -0.640336 -0.335261 2.11565 1.16133 -1.74538 -0.579866 -1.09544 -0.919759 -0.0970378 0.813366 1.59437 2.01182 1.35199 -0.770591 -1.26343 -0.315889 -0.960208 -1.24578 
-0.12408 -0.338397 -0.488985 -0.323293 -1.26731 -2.31833 0.699384 1.73086 0.147196 -1.06199 -0.165797 -1.40309 -3.67188 -1.134 -1.55828 -0.340381 0.484796 -0.0214006 0.320428 1.94842 1.88191 -1.17455 -1.29236 1.37773 0.395557 -1.74002 -2.05289 -1.79113 1.78034 1.51064 0.782158 2.3182 1.16687 -1.96483 -1.62635 -0.128861 -0.534869 1.19214 3.4307 
-0.614109 -0.958479 -0.553309 -0.331462 -1.79088 -1.36712 1.51381 2.17228 -0.411962 -1.53254 0.142819 -0.526299 -2.28553 -2.89394 -2.70671 2.80703 2.77379 0.625602 1.54599 1.52061 -1.68996 -2.81771 -0.460306 1.41803 2.70815 3.67222 -0.999622 -0.246834 2.74569 2.29723 1.63558 0.201822 -1.91164 -3.08136 -0.131555 1.14561 -1.30826 -0.532828 1.89078 
-1.76868 -1.93734 0.956311 1.22645 -0.87551 -0.565669 1.55939 0.679453 -2.35861 -1.44607 0.826446 0.693324 0.538557 -1.99615 -1.67176 2.84086 3.00279 2.1552 0.639323 -0.436181 -2.34836 -1.2701 0.50945 -0.318663 -0.315059 1.25085 2.66956 2.3211 -2.58447 -2.35993 -0.391235 -1.27322 -1.48191 1.5385 2.45734 0.167946 -2.09343 -3.13206 -2.9771 
-1.75265 -1.95469 0.909624 1.34722 -0.322427 -0.704802 1.25004 0.714104 -1.55491 -1.13531 -0.0543394 -0.737367 -0.828894 -0.107768 -0.275861 -0.398727 -0.0548462 0.113213 -0.565731 -0.353234 0.356167 0.692324 -0.136614 -1.29235 -1.40404 -1.00815 1.51936 1.01571 -2.73886 -3.07229 -2.78601 -0.777746 0.541829 1.64998 0.720906 -0.12302 1.08363 1.61838 -0.000611313 
-1.8428 -2.12062 0.730332 1.18345 -0.844371 -1.35254 1.34325 0.89216 -1.77342 -1.56936 -0.0375593 -0.348913 -0.573947 -0.353633 -0.534302 -0.549893 -0.643674 -1.53434 -0.655942 0.0952708 -0.150781 -0.178416 0.393235 1.07392 1.78957 1.26109 3.28769 3.86044 -0.716511 -1.66029 0.865823 1.0879 -1.5566 -1.28395 0.905885 1.34343 1.02466 1.40291 0.933863 
-1.96536 -2.28848 0.604836 0.972676 -1.45097 -1.60016 1.29148 0.613614 -1.73651 -0.831711 0.702231 0.657938 0.639386 3.29302 3.68018 -1.36615 -2.08026 1.26857 1.21327 -2.31585 -1.4322 2.04163 1.96428 0.0240584 0.418613 0.474716 0.223111 0.406958 0.549741 0.664611 1.15148 0.406363 0.014526 0.143395 0.0651605 -0.306248 -0.826254 -1.35729 -0.807348 
