-3.01247 -3.23558 2.30288 2.24006 -0.0679666 2.06948 2.92169 2.05416 0.0953612 -0.235574 -0.300698 -0.131269 -0.233424 -3.26638 -3.02538 3.804 4.0073 0.241184 1.91979 2.43012 1.42149 -0.680182 0.523595 0.877323 0.960399 1.167 1.50876 1.85121 -0.299504 -0.555169 0.813731 -0.87552 -1.99411 -2.26752 -0.152101 1.43962 1.44703 1.45134 1.64979 
-2.23657 -2.13922 2.36935 2.08284 0.0851688 1.49447 2.02774 1.08345 -0.778066 0.367473 0.754092 1.06314 1.34056 1.93182 2.36789 -0.50481 -0.721117 1.08212 -1.33212 -2.66043 -2.79767 -0.229434 1.94853 1.87696 2.00007 2.32964 3.98935 3.73689 -4.21158 -4.51301 0.920424 -1.47304 -3.75399 -3.14502 0.91495 0.6671 -0.581122 -0.118766 0.0702514 
-1.53883 -1.38527 1.88801 1.74416 0.528987 0.81415 0.570552 -0.143596 -0.174451 1.27984 1.33665 2.0611 2.40824 1.58711 1.60445 -1.35716 -1.07844 1.44865 -0.330766 -2.45833 -2.41941 0.812494 1.42706 0.160708 0.815906 1.24615 -0.708474 -1.14934 -0.64196 -0.183483 0.220331 1.74768 1.23938 1.10402 -0.318751 -1.38882 -1.74908 -1.81001 -2.13438 
-1.00897 -0.853642 1.40372 1.39207 0.905193 1.08588 -0.149552 -0.82014 0.126977 1.46279 0.874995 1.96933 2.7697 1.25218 1.13651 -1.41723 -1.03235 1.46707 1.36782 -1.22723 -1.587 -0.727824 0.0707609 -0.333225 -0.454452 -0.732304 -0.636384 -0.725425 0.294648 0.280778 -0.574768 0.801586 1.51892 1.31712 -1.2026 -0.925798 0.255252 -1.2812 -2.38647 
-0.55029 -0.445836 0.88357 1.07853 1.36022 1.84188 -0.547751 -1.39982 -1.00624 1.2825 1.02112 1.5875 1.62329 0.992372 0.88157 -1.15478 -0.87769 0.899461 0.914951 -0.671234 -0.955402 -1.11233 0.175666 0.513638 -0.916322 -2.17497 -0.616441 -0.54988 0.779246 0.600361 -1.36957 -1.77595 0.610765 1.35785 0.913712 0.721644 0.155533 -1.12755 -0.835508 
-0.205859 -0.102795 0.568861 0.81079 1.39098 1.73067 -0.789591 -1.58518 -1.13837 1.54996 1.30774 0.994085 0.370261 0.680924 0.624198 -0.638056 -0.47917 -0.0159106 -1.34833 -0.589863 -0.0745658 0.762853 1.04801 -0.107815 -1.97682 -1.94365 -0.597453 -0.506218 0.813818 0.628271 -1.23897 -1.76354 0.370525 0.994138 0.669911 0.0774795 -0.701787 -0.644264 0.749705 
0.0305207 0.114625 0.382605 0.714589 1.28892 0.572838 -1.11779 -1.47985 -0.157167 2.07245 0.904764 -0.539591 -0.517273 0.443485 0.421636 -0.334461 -0.293735 -0.430078 -1.78211 -0.338015 0.12463 -0.0151209 0.281497 -0.357282 -1.77858 -1.12775 -0.416567 -0.348511 0.398571 0.0982678 -0.497952 0.548492 0.689887 0.308508 -1.37764 -1.78088 0.00934027 1.24152 1.05966 
0.20548 0.307826 0.264069 0.547977 1.06763 0.0948255 -1.143 -1.51029 -1.16652 1.7224 0.970955 -0.917696 -0.85723 0.345085 0.353438 -0.311982 -0.479691 -0.474852 -0.491638 0.147671 0.190338 -1.44447 -1.36014 -0.0693551 -0.263334 -0.454811 -0.222648 -0.240687 -0.0362482 -0.239756 -0.130259 0.972991 0.59589 0.662404 0.108885 -1.71464 -0.843961 1.19683 0.857259 
0.371627 0.474799 0.0923377 0.350361 0.938316 0.0282174 -1.05341 -1.35386 -1.79703 0.922374 0.822387 -0.805602 -0.99168 0.336046 0.280215 -0.525932 -0.66702 -0.457028 -0.272933 0.280518 0.810271 0.176649 -2.03704 -1.41001 -0.126133 0.0727118 -0.209457 -0.291097 -0.128096 -0.105979 0.0710097 0.550034 0.26299 0.613775 1.42988 -0.238481 -1.34445 0.122585 0.661872 
0.540134 0.613834 -0.164445 0.0815858 0.72787 -0.26486 -0.964338 -0.902183 -0.978447 0.0270083 -0.296005 -1.03469 -0.741288 0.253183 0.151549 -0.612774 -0.705451 -0.265336 0.367425 0.344749 0.818165 0.879241 -1.68173 -1.76211 -0.0781726 0.467269 -0.296339 -0.364053 0.111989 0.354111 0.376629 0.51905 0.142248 -0.0986928 -0.0739661 0.728492 1.13819 0.618287 0.181313 
0.647139 0.68563 -0.392291 -0.13699 0.715221 0.210016 -0.819503 -0.73961 -0.816722 -0.486783 -0.755678 -0.870501 -0.43419 0.141813 -0.00918809 -0.540962 -0.385403 0.111551 0.538505 0.324736 0.591063 0.0733166 -1.05052 0.0720078 0.736096 0.310103 -0.366889 -0.303661 0.499976 0.498519 -0.104553 -0.145166 0.0181755 -0.301107 -0.269117 1.17464 1.61738 0.571157 0.0310377 
0.736156 0.705763 -0.602671 -0.23122 0.734145 0.0616034 -0.747645 -0.464551 -0.906884 -0.873639 -0.253476 -0.215175 -0.359682 -0.0241436 -0.065411 -0.166002 -0.264584 -0.262084 0.157914 0.23189 0.358313 0.460956 -0.091667 0.33269 0.719683 0.490552 -0.29378 -0.132604 0.553374 0.132167 -0.664564 -0.195716 0.11447 -0.161592 0.295728 1.04818 0.0656842 -0.394831 -0.0745741 
0.724709 0.735969 -0.588231 -0.383904 0.494104 0.214653 -0.682677 -0.482986 -0.308066 -0.614971 -0.482815 -0.0688168 0.149356 -0.049405 -0.0209592 -0.0306336 -0.348541 -0.543137 0.251296 0.333786 0.297076 0.566631 0.368463 0.18252 0.214533 0.182913 -0.0532637 -0.0737334 0.0451427 0.0840554 -0.243335 -0.445136 0.155913 0.384172 0.0996668 0.3061 0.527252 -0.403454 -0.79185 
0.795696 0.788985 -0.71114 -0.523923 0.341982 0.145204 -0.523167 -0.255551 -0.279069 -0.631142 -0.113301 0.0378456 -0.120414 0.0679198 -0.00656423 -0.260597 -0.280778 -0.421882 -0.512672 0.293407 0.713171 0.637849 0.323441 1.03345 0.186342 -0.658595 -0.0549704 -0.0872288 0.0295601 0.0970489 -0.336487 -0.953247 -0.0324217 0.524934 0.538029 0.15453 0.682822 0.254105 -0.453806 
0.867989 0.82984 -0.845294 -0.639651 0.175736 -0.347754 -0.492932 0.049607 0.400052 -0.408743 0.409226 0.153584 -0.553106 0.0406483 0.0216993 -0.143775 -0.350406 -0.812377 -1.20029 0.15687 0.819282 1.451 0.578527 1.08222 0.579336 -0.484599 -0.251571 -0.218063 0.257445 0.167328 -0.207175 -0.103493 0.0177501 -0.0563469 0.170165 0.241349 -0.0348769 0.174923 0.208063 
0.919511 0.903763 -0.892717 -0.817643 -0.214038 -0.998654 -0.450872 0.359564 1.34593 -0.219415 0.821834 0.687094 -0.628156 -0.0735845 -0.120847 -0.102498 -0.205141 -0.539198 -0.658128 0.180009 0.544308 0.928519 0.650954 1.01536 0.442991 -0.383091 -0.419066 -0.561148 0.0907007 0.616751 0.872836 1.0882 0.269055 -0.330689 -1.46303 -1.10849 -0.857894 -0.398555 0.348708 
0.910271 0.839172 -1.0002 -0.854148 -0.21403 -1.03316 -0.400733 0.450877 1.43592 0.061331 1.28529 0.654742 -0.94725 -0.298133 -0.504126 -0.184144 0.220845 0.33918 0.485969 0.361626 0.324261 -0.894143 -0.920013 0.0116713 0.0526869 -0.00870632 -0.359015 -0.354936 0.301585 0.346563 0.0686633 0.391923 0.226831 -0.0700902 -0.756936 -1.41843 -1.947 -0.650727 0.387701 
0.801522 0.629573 -1.10038 -0.79982 -0.0692295 -0.716616 -0.202447 0.589705 0.326611 -1.01492 0.81105 0.764326 -0.603329 -0.341637 -0.399314 0.108138 0.068152 -0.332439 -0.0420928 0.331309 0.359105 -0.277056 -1.26687 -1.44792 -0.428094 0.148357 -0.17154 0.196417 0.855855 -0.105081 -1.25235 -0.356372 0.0151865 -0.584802 -0.0819355 0.554365 -1.26581 -0.906957 -0.0725811 
0.761231 0.642515 -1.019 -0.919599 -0.477963 -1.19765 -0.178386 0.708116 1.11241 -1.01361 -0.0151613 0.209779 -0.746654 -0.345376 -0.121224 0.686213 -0.00392517 -1.00608 -0.0481804 0.244982 -0.47287 -1.01034 -0.169055 -1.58051 -1.16838 -0.133057 -0.183685 0.0226841 0.608845 0.244411 -0.169657 0.772464 0.317803 -0.443418 -0.440772 0.933963 0.169013 -0.170938 0.564385 
0.649813 0.638627 -0.745644 -0.90458 -0.743136 -0.886251 -0.0543578 0.199926 -0.82373 -1.20546 -0.606558 -0.484688 -0.717661 -0.403185 -0.22481 0.68449 0.228795 -0.405675 1.15886 0.597782 -0.269938 -0.972374 -0.00239667 -1.20527 -0.643847 0.93154 -0.125971 -0.255943 -0.269485 -0.112789 0.212895 0.580858 0.384667 0.992207 2.07115 0.878904 0.351945 0.729567 0.704291 
0.568261 0.574943 -0.665377 -0.89744 -0.786468 -0.346612 0.273181 0.476155 0.00487806 -1.06988 -1.10121 -0.469523 0.3304 -0.338947 -0.280944 0.217132 -0.237195 -0.629867 0.858261 0.596105 0.604866 2.34832 1.02094 -1.10393 -0.154153 0.84946 -0.374093 -0.64357 -0.438455 -0.235106 -0.439882 -0.787763 -0.0390627 0.669467 1.58495 0.926554 0.69552 0.149696 -0.772651 
0.502693 0.529531 -0.694015 -1.13656 -1.18808 -0.289404 0.395766 0.648292 1.81308 -0.43732 -1.60307 -0.632113 0.267538 -0.688996 -0.849504 0.0142933 -0.139364 -0.796391 -0.038368 0.412458 0.424101 1.60161 1.25206 -0.28933 -0.421654 -0.190253 -1.11037 -1.20063 0.817992 1.11962 -0.495466 -0.783418 0.487517 0.279749 -1.49057 -0.656584 0.331373 -0.788843 -1.33178 
0.171294 0.0452685 -0.744815 -1.07606 -1.33276 -0.507951 0.565333 0.783941 1.79971 -0.115554 -1.37795 -0.907492 0.152059 -1.49195 -1.57386 1.04242 0.888612 -1.08589 -0.33229 1.07744 0.835578 -0.0412515 0.133734 -0.653661 -1.21389 -1.06897 -0.619632 -0.358594 1.3557 1.28899 -0.388802 -0.874132 0.248298 -0.0389968 -1.81606 -1.12714 0.237205 -0.160106 -0.427478 
-0.467382 -0.535965 -0.10911 -0.754555 -1.91056 -0.699281 1.25993 1.27608 1.75546 -0.383923 -2.20173 -1.93056 -0.894174 -1.26401 -1.13236 1.47959 1.17322 -1.12709 -1.36835 0.590936 0.275864 -1.31328 -0.271713 0.0405205 -0.622612 -0.820252 0.927095 0.928399 -0.497466 0.00648622 1.23965 -0.14167 -0.655891 -0.371349 -1.04921 -1.21001 1.70611 2.42574 1.72142 
-0.636085 -0.693641 0.122576 -0.538844 -2.08031 -1.79392 1.01101 0.976445 0.307779 -0.388788 -1.36325 -1.56373 -0.731312 -0.245215 -0.312913 0.301987 0.786876 0.496627 -0.536426 0.111202 0.292217 -1.71853 -1.50214 1.55461 2.1171 1.36273 1.58564 1.49166 -1.16256 0.101441 3.84765 2.36075 -1.23029 -1.17862 0.640768 0.606707 1.17275 1.48343 1.02738 
-0.547601 -0.668709 -0.00264928 -0.428035 -1.66993 -1.28177 1.29294 1.4813 -0.193425 -1.6484 -0.849201 0.388919 0.665419 0.758366 0.804236 -0.0524659 1.1762 3.51948 2.27391 -1.1025 -1.22724 -0.263105 0.550053 1.56674 1.42129 0.622592 0.0767671 0.13807 -0.1291 -0.6148 -0.53003 0.340131 0.0194847 -0.160103 1.0549 1.10965 -1.23642 -1.56297 -0.941753 
