-2.81934 -2.49133 2.75867 1.90819 0.444966 2.01466 2.54837 0.0253657 -1.30469 -0.713844 0.377952 0.738254 0.292094 -2.67533 -2.47743 3.07553 3.26918 1.85073 2.13837 1.88682 -0.667069 -2.76308 -0.525274 1.55039 0.746181 -0.0740676 1.63784 1.36933 -1.54094 -0.597614 1.91305 -0.202811 -1.29 -0.731005 -0.281836 0.818176 0.90652 -0.95553 -1.21802 
-2.03554 -1.87576 2.10022 1.81002 1.02604 1.56578 1.58848 -0.356226 -1.50469 -0.465913 1.04413 0.711253 -0.0947128 2.16341 1.76171 -2.09564 -0.742634 1.84617 -0.330738 -1.67369 -0.8955 -0.256331 1.08947 1.19624 -1.48788 -1.67897 3.43642 3.29682 -3.45527 -3.53259 -0.53276 -1.95547 -3.11661 -0.520539 2.8052 1.315 -1.11313 -1.51365 -0.694568 
-0.97981 -1.04095 1.04186 1.33994 1.46827 1.60964 0.995801 -0.483433 -1.35365 0.0763279 1.168 -0.583213 -1.30247 1.71661 1.55246 -1.52734 -0.740062 1.32097 -0.266753 -1.97196 -1.32945 0.387984 1.14485 0.0540359 -1.51846 -1.05217 -1.33714 -0.891759 1.48438 0.416478 -1.55876 -0.102697 -0.244286 -0.617047 0.861308 -0.647231 -1.53663 1.40002 2.21089 
-0.553834 -0.589567 0.802892 1.2433 1.73448 1.21182 -0.227223 -1.15486 -1.17949 0.367338 1.01471 -0.63804 -1.1035 0.640694 0.862661 -0.228953 -0.356592 0.319714 -0.542985 -2.09644 -1.66477 0.749111 0.466255 -0.86472 0.302575 1.23319 -1.07029 -0.971536 0.937406 0.383205 -1.61142 -0.422451 0.982222 0.561789 -0.906558 -1.57126 -0.28356 1.48114 1.57231 
-0.359741 -0.295993 0.702914 1.00055 1.57645 1.03521 -0.929716 -1.50604 -0.818731 0.381712 0.479419 -0.275587 -0.175495 0.524527 0.559531 -0.377038 -0.391052 -0.256647 -0.85745 -0.927494 -0.792975 -0.557899 -0.558311 -0.336334 0.3849 1.00497 -0.0829202 -0.241987 -0.0214143 0.0425572 -1.23327 -0.977867 1.47201 1.51848 -1.20437 -0.318061 1.12718 -0.463397 -1.13245 
-0.0267962 -0.082451 0.354644 0.883476 1.49712 0.386391 -1.12151 -1.59519 -1.40358 -0.124273 0.705214 -0.255508 -0.18981 0.672007 0.728237 -0.334437 -0.386721 -0.890547 -1.79105 -0.466069 -0.0686163 -0.52549 0.227757 0.625702 -0.500378 -0.331207 0.000833566 0.113035 0.0570352 -0.453331 -1.59245 -0.495471 1.06918 1.81349 1.70714 1.54403 0.562017 -0.851354 -1.26279 
0.285404 0.343495 0.286111 0.64329 0.95907 -0.535412 -1.41694 -1.46255 -1.024 0.501571 0.860133 -0.69855 -0.510517 0.659615 0.842881 -0.379775 -0.973101 -1.81583 -1.53457 0.221001 1.12995 1.38115 1.37949 0.400616 -0.957992 -0.733948 -0.146352 -0.139932 -0.187125 -0.725843 -0.8349 1.25541 1.17989 1.15407 1.48888 0.884173 -0.0905788 -0.263545 -0.512734 
0.608425 0.646989 -0.0956254 0.178606 0.32503 -0.979507 -1.0026 -0.751147 -0.501619 0.891502 0.924443 -1.09484 -0.901212 0.624725 0.713908 -0.656956 -1.27207 -1.71382 -0.395885 0.814862 1.1239 1.17265 1.39436 0.492613 -1.02519 -1.06584 -0.263815 -0.326334 0.166529 0.401071 0.823365 0.518457 -0.0627828 -0.095861 -0.281713 -0.972492 -0.368161 0.686018 0.355817 
0.892684 0.971739 -0.368756 -0.238816 -0.15187 -0.992434 -0.774132 -0.622556 -0.243125 1.52891 1.14536 -1.59902 -1.53209 0.466791 0.6092 -0.239106 -0.604206 -1.02821 -1.01164 0.0153732 0.937971 1.12496 0.376132 -0.102544 -0.161245 -0.305636 -0.603095 -0.665529 0.53399 0.954035 1.39983 0.487299 -0.392457 -0.269754 -0.218461 -1.67397 -1.14522 1.11273 1.387 
1.08922 1.19308 -0.442061 -0.307578 -0.37488 -1.92801 -1.0651 -0.0353355 0.251564 1.12678 0.782683 -1.20924 -1.21234 0.0115185 0.0810776 -0.0350173 -0.287735 -0.366205 0.0901661 0.214859 0.739306 0.986268 -0.428844 -1.04652 0.365437 0.743175 -0.79593 -1.00033 0.0867694 0.00302097 0.746297 2.72969 0.912531 -0.615082 -0.231165 -0.144911 -0.59955 0.395599 0.884121 
1.00888 1.10345 -0.564546 -0.53739 -0.454904 -1.0615 -0.660645 -0.0394364 0.429518 1.13801 0.326356 -1.2342 -0.863049 -0.385346 -0.417614 -0.2029 -0.678339 -0.315455 2.12843 0.976472 0.170875 0.924556 0.340001 -0.914192 0.231311 0.830047 -0.388094 -0.402877 0.142936 -0.0414758 0.0695326 0.928594 0.075281 -0.712977 -0.423889 -0.303094 -0.132342 0.603836 0.551103 
0.887598 0.933501 -0.761773 -0.837708 -0.647488 -0.370172 -0.279723 0.168118 0.888369 1.33395 0.0586115 -0.966452 -0.462112 -0.335292 -0.242675 0.0747507 -0.411392 -0.310883 1.09852 0.174391 -0.136225 0.573142 -0.649849 -1.23529 1.04781 1.43296 -0.0759137 0.0233656 0.437475 0.651659 0.166012 -1.21341 -0.513982 -0.0719658 -0.913168 -1.27001 0.148605 0.919928 0.616902 
0.847341 0.981135 -0.679313 -0.90927 -0.724771 -0.325715 -0.582857 -0.0411011 0.862249 0.575195 -0.628083 -0.248506 0.450631 -0.345351 -0.239783 0.292631 -0.0305428 -0.16641 0.601583 0.231094 0.00536335 -0.0286234 -1.01108 -0.728401 1.3536 1.60794 -0.14904 -0.26538 0.219273 0.643711 0.153847 -0.801332 0.583636 1.12725 -0.432063 -0.214641 0.929601 0.10953 -0.400879 
0.718001 0.813456 -0.715713 -0.983815 -0.830743 -0.0310332 -0.151913 0.261023 0.97164 0.490138 -0.532165 0.297479 1.01509 -0.385905 -0.404627 0.2845 0.227558 -0.173655 0.0593921 0.742047 1.02658 0.150994 -0.767475 -0.0082734 1.04223 0.848101 -0.329288 -0.576987 0.06151 0.507308 0.319479 -0.385602 0.482276 1.11564 0.159056 -0.472331 -0.279603 -0.470181 -0.540244 
0.645267 0.731749 -0.639256 -0.90237 -0.91237 -0.419342 -0.00429013 0.733893 1.04983 -0.0791231 -0.702209 0.732112 1.21773 -0.619299 -0.76842 0.295754 0.456592 0.131719 0.0545002 0.677497 1.15531 0.20169 -1.42988 -1.1135 0.541208 0.836471 -0.374977 -0.581465 -0.0515397 0.131749 0.413621 0.431577 -0.0634773 -0.167077 -0.0319567 -0.814993 -1.31568 -0.559516 -0.169701 
0.329015 0.278628 -0.667349 -0.841141 -0.835268 -0.128566 0.369708 1.122 1.18866 -0.679454 -1.39923 0.822231 1.77132 -0.716463 -0.938534 0.139559 0.2967 0.215927 0.479493 0.535589 0.755718 0.170473 -1.58676 -1.77466 0.1055 0.572772 0.0290254 0.0719761 -0.137951 -0.465812 -0.48298 0.368638 -0.185428 -1.12233 -0.868035 0.257639 0.571366 -0.0874686 -1.10747 
0.178468 0.0634452 -0.706185 -0.854482 -0.866411 -0.177653 0.392142 1.32797 1.24872 -1.37075 -2.04362 0.860424 1.72752 -0.44928 -0.533387 0.0376399 -0.139348 -0.349689 0.400109 0.325155 -0.173645 -0.701672 -0.995534 -0.36408 0.261453 -0.694475 0.0699197 0.00381213 -0.131112 -0.0586266 -0.0887489 -0.115956 0.0388678 -0.489845 -0.952638 1.04698 2.64157 1.04188 -0.957755 
0.0761867 -0.0717863 -0.809509 -1.05175 -1.1284 0.0497599 0.580497 1.09534 0.881075 -1.51118 -1.72862 1.09244 1.0968 -0.495774 -0.783713 -0.109598 0.153954 0.117489 0.251553 0.451562 0.12734 -0.826272 -0.229883 1.73475 1.39752 -0.757719 -0.615316 -0.893736 0.381315 0.994959 0.350296 -1.018 0.332654 1.08194 0.137119 0.417123 1.13017 0.130912 -0.475583 
-0.111594 -0.483382 -0.957026 -0.891217 -0.879467 -0.117902 0.714446 1.50235 0.868777 -1.60688 -0.867225 2.16431 0.9939 -1.07763 -1.43476 0.459618 0.890538 -0.0216239 -0.895455 0.592571 0.938972 -0.495571 -0.374793 1.13034 0.285631 -1.37936 0.296591 0.98802 1.30853 1.47604 1.54512 0.138186 -0.873289 -2.18892 -0.812229 1.9132 -0.31398 -2.62526 -0.172078 
-0.679849 -1.12944 -0.64019 -0.651824 -1.22486 -0.806009 1.0272 1.81182 0.693178 -1.86003 -0.985861 1.38465 -0.21777 0.00576917 0.529281 1.52678 1.71928 1.60625 0.324407 -0.72364 -2.38303 -1.66804 2.13938 1.30382 -2.41421 -1.03623 0.761535 1.0915 -0.291803 -0.730503 0.0348435 0.833206 -0.386245 -0.770252 0.399374 0.206685 -0.838591 -0.0916909 1.06612 
