-2.27454 -1.71903 2.31583 1.25946 -0.01518 1.49159 1.96198 -0.192843 -0.987791 -0.14783 0.328795 -0.00103146 0.269173 -2.33022 -1.7644 2.91546 2.55692 1.34601 2.46353 1.26799 -0.627754 -1.24614 -0.38365 -0.354936 -0.667418 0.0503633 1.1903 0.462573 -1.75578 0.366258 1.97774 0.225473 -1.46434 -0.651676 0.805477 0.0234567 -1.12107 -1.09882 -0.0884585 
-1.47335 -1.22848 1.43216 1.10981 0.834898 1.54754 1.06086 -0.357572 -0.636836 -0.348947 -0.280798 -0.354172 0.061135 1.5138 0.681288 -2.08605 0.380892 2.68688 0.11028 -2.18115 -0.970742 0.90336 0.0827849 -1.39202 -1.52763 -0.150693 2.37418 1.40368 -3.1235 -1.61833 0.0242656 -2.74131 -1.56872 0.228536 0.850675 0.0978017 0.136615 -0.525123 -0.599186 
-1.23697 -1.23686 1.06178 1.33895 1.71486 1.52809 0.126314 -0.784346 -0.400783 -0.0527323 -0.864207 -0.953207 0.165107 0.554608 0.0342498 -0.760016 0.868667 1.40523 -0.757824 -1.05935 -0.379567 -0.291287 -0.205015 -0.147638 -1.43366 -0.857998 -0.848194 -0.255738 1.43049 -0.670532 -2.54334 -0.730381 2.32823 1.45616 -1.97607 -0.903946 2.1279 0.68786 -1.51101 
-1.06232 -1.19887 0.890288 1.42026 1.70933 1.02663 0.16726 -0.54587 -0.730017 -0.527834 -0.37926 -1.24102 -0.624098 0.666853 0.509733 -0.469319 -0.319185 -0.707642 -0.852845 0.949379 0.977475 -1.36191 -1.03009 1.34747 -0.68405 -2.41175 -0.544426 -0.0670992 0.793275 -0.682292 -0.928392 1.19916 1.05678 0.0214169 -0.639612 0.166756 0.780819 0.744084 -0.328418 
-0.752616 -0.874675 0.676036 1.08697 1.17878 0.946162 0.919606 -0.0470899 -1.10354 -1.01709 0.352404 -1.31894 -1.79679 0.0594496 0.0866628 0.116207 0.15633 0.183 0.445888 0.290455 -0.418202 -1.03412 0.0625188 0.878852 -0.515467 -1.36467 -0.783299 -0.277751 1.27772 0.793647 0.75498 0.784099 -1.50225 -1.96456 1.0797 1.76125 -0.893081 0.670609 1.9441 
-0.974726 -1.13261 0.819021 1.39343 1.76782 1.27863 0.407201 -0.76052 -1.24614 -0.452029 0.425166 -1.48956 -1.72565 -0.10494 0.312041 0.969881 0.507307 0.334475 -0.115239 -1.28487 -1.81137 -0.146165 1.29315 0.245368 0.136631 0.452867 1.09378 1.56043 -0.0359656 -1.66337 -1.4953 -1.48228 -0.478405 0.131393 0.936014 -0.236623 -0.62845 1.37139 1.70737 
-0.772405 -0.65077 1.06326 1.22631 1.33839 0.837856 -0.163386 -1.21193 -1.11409 0.230276 0.599626 -1.11415 -1.40493 1.46147 2.07143 0.0287666 -1.57889 -1.80179 -1.3616 -0.509848 -0.304541 0.0179446 -0.190005 0.113269 1.23526 1.14876 1.11701 1.02535 -1.01364 -1.63711 -1.22569 -0.897805 0.582654 0.836463 -0.454498 -1.01609 0.347427 0.665439 0.430276 
0.0286695 0.32191 0.700791 0.544992 0.501311 0.370022 -0.0249388 -0.897648 -1.16325 -0.616627 0.556195 -0.521022 -0.761998 1.32399 1.66151 -0.25372 -1.20053 -1.28766 -1.26638 -0.599114 -0.721319 -0.678122 0.0356996 0.720743 0.950451 1.07172 -1.34455 -1.78245 0.296079 2.02403 1.49995 0.291344 -0.6279 -0.89283 -0.412568 1.22038 0.779957 -0.748452 -0.755505 
0.141187 0.51703 0.793311 0.557026 0.415102 -0.00960421 -0.670489 -1.63332 -1.42752 0.280548 1.26498 -0.343608 -0.504587 0.0396998 0.0872237 0.327196 0.530408 0.242402 -1.17735 -1.51953 -1.60923 -0.466247 1.43592 1.13866 0.172628 0.00849999 -0.928664 -1.37742 -0.246402 0.884711 0.611634 0.127909 0.389992 1.09943 1.1295 0.420783 -0.171516 -0.910143 -1.35134 
0.103361 0.388565 0.742841 0.695279 0.59946 -0.420275 -1.30499 -1.92463 -1.35605 0.766648 1.58915 -0.291208 -0.735261 0.38385 0.158188 -0.58571 -0.279096 -0.438361 -1.26566 -0.183186 0.73289 0.594355 0.630739 0.536211 -0.326775 -0.95247 0.585115 0.218514 -1.36292 -1.38269 -0.72037 -0.0510455 1.3368 2.81088 2.33823 -0.631902 -1.34757 -0.787875 -0.578982 
0.440678 0.633322 0.345058 0.324024 0.0587875 -0.856604 -0.828304 -1.06288 -1.01645 0.897297 1.76802 -0.460971 -1.26744 0.852645 0.478743 -1.3023 -0.912166 -0.700009 -1.3776 0.222446 2.21501 2.18317 0.673778 -0.541383 -0.942329 -0.869889 0.199914 0.20705 -0.269825 -0.284938 0.29968 0.415924 -0.32067 0.208712 1.41412 -0.275554 -1.70878 0.0216726 1.63592 
0.709069 0.72907 -0.0902787 0.162526 0.0684739 -1.33915 -1.12216 -0.343322 -0.0403648 1.42437 1.14435 -0.836494 -1.43026 0.7507 0.536095 -0.944919 -0.577148 -0.00867934 -0.941506 -0.762573 0.953624 2.19106 0.328023 -1.60316 -0.367335 1.45496 -0.285275 0.167436 0.712546 -0.276961 -0.0283001 1.47043 -0.0630015 -1.349 -1.21121 -0.861833 -0.237753 1.71264 2.0246 
0.979796 1.01394 -0.29612 -0.0501018 -0.01068 -1.49546 -1.47268 -0.34189 0.303724 1.22586 0.389307 -0.60653 -0.052202 0.657605 0.809618 -0.519891 -1.2019 -0.711501 0.130748 0.00393513 0.278613 0.789197 -0.3848 -0.810143 1.2613 2.11416 -0.456556 -0.137966 0.402979 -0.77762 -0.716694 1.41501 1.01367 -0.0259165 -0.725343 -0.159058 0.714516 1.16731 -0.256248 
1.18738 1.30101 -0.503182 -0.507411 -0.470184 -1.2895 -1.12283 -0.082716 0.481643 1.07433 0.463159 0.150145 0.326618 0.357303 0.504369 -0.52226 -1.38887 -0.946147 0.504604 0.526843 0.849442 1.35056 0.175499 -0.660979 1.11255 1.05535 -0.7092 -0.830253 0.160417 0.504155 0.242006 0.321631 0.220919 0.233145 0.425271 0.772808 0.192412 -0.670563 -1.17872 
1.26195 1.37237 -0.710295 -0.808569 -0.705983 -1.20576 -1.03422 0.308043 1.14535 1.40922 -0.160683 0.276703 0.834695 -0.0283752 -0.0440562 -0.379115 -0.677237 -0.359398 0.349012 0.183068 0.533182 1.25944 0.664089 -0.531892 0.302031 0.346055 -0.525685 -0.728967 0.203067 0.992521 0.461875 -0.326747 -0.097278 -0.241131 -1.06982 -0.999867 -0.186801 -0.849872 -0.804476 
1.2176 1.27584 -0.840478 -0.928928 -0.773785 -1.09971 -0.973076 0.351516 1.27139 1.72283 0.0267126 0.469917 0.630713 -0.116151 -0.229049 -0.33192 -0.355035 -0.298292 -0.00524804 0.260326 0.447227 0.117648 -1.06104 -0.864947 -0.0846866 -0.157561 -0.349989 -0.488741 0.0649654 0.548874 0.363328 0.309284 0.252995 -0.0437736 -1.14843 -1.72695 -0.537043 -0.198273 0.159643 
1.23484 1.21781 -1.02224 -1.07753 -0.96879 -1.24344 -0.819585 0.68365 1.285 0.415401 -0.89008 0.327636 0.724986 -0.29836 -0.492255 -0.349264 -0.105947 0.155897 0.553411 0.407125 0.404271 -0.0630219 -1.50985 -1.18124 -0.0304313 0.563422 -0.583893 -0.745264 0.0539074 0.606946 0.669937 1.37545 0.702977 0.322515 -0.32388 -0.375321 0.137252 0.397987 0.809897 
1.07147 0.937174 -1.16174 -1.07995 -0.733384 -0.778671 -0.635158 0.697825 1.30818 0.301738 -0.980891 0.558568 1.11341 -0.657016 -0.981816 -0.31492 0.2768 0.629431 1.39643 1.1146 0.825557 -0.265513 -1.49238 -0.656838 0.374183 1.02446 -0.424809 -0.327419 0.45878 0.212274 -0.302306 0.227516 0.737688 0.413894 -0.697142 -0.829099 -0.0881134 -0.376105 -0.384512 
0.85443 0.536718 -1.32506 -1.04732 -0.612267 -0.381089 0.11246 1.31729 1.2065 -0.989055 -1.43643 0.697568 1.5865 -0.654991 -0.748918 0.138242 0.114399 -0.224166 0.665985 1.31002 0.909143 -0.871389 -2.52623 -1.25971 -0.598905 -0.0264687 -0.173975 0.300911 0.881221 -0.300164 -0.888181 -0.579218 -0.188903 -0.597586 -0.317561 0.468328 0.207178 -0.173362 -1.0584 
0.692389 0.418985 -1.22117 -1.12663 -0.946707 -0.385346 0.460993 1.38848 0.884707 -2.08694 -2.05752 0.252025 1.11141 -0.723161 -0.492467 0.663507 -0.0371266 -0.538706 0.603061 0.719762 -0.0702795 -0.641476 -0.836045 -0.35981 0.0747815 -0.565144 -0.602602 -0.290525 0.75943 0.216209 0.0352266 0.370197 -0.541426 -0.9627 0.588998 2.68326 2.06857 2.05678 0.146185 
0.430819 0.197905 -1.10238 -1.16575 -1.03557 -0.0281687 0.712924 1.33994 0.913934 -1.76868 -1.72151 0.859361 1.1419 -1.21752 -0.961777 0.975134 0.338849 -0.150207 0.938787 0.421452 -0.492308 -0.214634 0.985718 1.40432 2.06144 0.170933 -0.983329 -1.13216 0.0968159 0.376542 0.200951 0.585213 0.306764 0.16882 0.335686 1.34168 1.38497 0.58292 -0.294183 
-0.05414 -0.24809 -0.831129 -1.06705 -1.11066 0.183148 0.810942 1.12328 0.83517 -1.13225 -0.790898 1.79491 1.27162 -1.7266 -1.70459 0.730372 0.354487 -0.241828 1.11732 1.01913 0.0952115 -0.273284 0.946259 1.43494 0.779086 -1.02103 -0.518274 -0.91606 -0.683966 -0.310165 -0.319025 0.0114951 0.692942 0.730106 -0.0328499 0.301938 0.515963 -0.71026 -0.551768 
-0.648245 -0.988734 -0.843797 -1.09876 -1.26068 0.654963 1.56479 1.47546 0.831004 -0.851558 -0.427958 1.51078 0.322706 -1.68239 -1.91733 0.134649 0.0144945 -0.55276 0.808774 1.26168 0.450458 -0.266265 1.42754 2.09401 1.04949 -0.667083 2.16654 2.50824 0.976897 2.09097 1.63484 -1.72843 -1.96169 -1.65633 -1.1409 -0.0941734 -0.800284 -2.2913 0.420429 
-1.10433 -1.58353 -0.892491 -1.16104 -1.54334 0.668159 1.8665 1.50109 0.756236 0.243048 1.08237 2.63431 0.743252 0.917764 1.4055 1.81998 2.53358 1.98382 -0.966587 -1.85859 -2.26679 -1.58716 0.877389 0.450847 -2.33115 -0.416787 1.33588 1.50363 -0.0765889 -0.0129693 0.391179 -0.592934 -0.807828 -0.275969 0.246211 -1.14801 -1.67311 -0.73855 0.462787 
