0.0189594 0.154834 0.795573 1.0126 1.99954 1.09741 -0.218743 -1.05316 -1.64212 -1.01323 0.166674 -0.451813 -0.787665 0.266012 0.500829 0.817552 0.776279 2.30129 0.644484 -0.650243 -2.41813 -2.55429 -0.171311 0.474135 -1.23942 -0.713503 0.197256 0.232662 -0.0176411 -0.0920454 -0.463056 -0.797451 -0.630915 -0.901516 -0.290775 0.72219 0.43053 -0.802431 -0.321809 
0.139147 0.334572 0.866779 0.796037 1.31529 0.662491 -0.424978 -1.57424 -2.00759 -0.131498 0.610688 -0.788785 -0.463854 0.354902 0.388264 -0.158476 -0.236084 -0.570888 -1.21765 -0.872194 -1.03686 -0.241754 1.08037 0.58605 -0.899254 -0.406512 0.0321196 -0.22609 -1.05563 -0.833166 -1.99534 -1.26384 0.144576 2.36774 2.79098 0.542684 -0.0463041 0.864815 -0.70841 
0.240188 0.388525 0.668362 0.782207 1.42392 -0.14944 -0.826595 -1.6544 -1.72526 0.458361 0.913469 -0.99749 -1.01698 0.411893 0.307493 -0.662462 -0.422056 -0.147631 -1.2123 -0.574508 0.389554 0.944269 0.638592 0.343351 -0.363203 -1.58278 0.0115552 -0.108043 -0.454142 -0.24184 0.12821 0.228541 0.568525 1.90599 1.43302 -0.73191 -0.631308 1.13355 0.218357 
0.413 0.495876 0.226306 0.377092 1.01832 -0.578863 -0.787556 -1.17066 -1.10373 0.774287 1.06232 -0.951358 -1.59183 0.474754 0.344586 -0.872691 -0.666658 -0.417094 -1.02932 -0.278241 1.22781 1.60866 -0.0301823 -0.424184 0.263144 -0.166447 -0.073732 0.00219105 0.196861 -0.117681 -0.770733 0.330563 0.298682 0.31185 0.446197 -0.229434 -0.82968 -0.147489 1.9689 
0.572087 0.583072 -0.186209 0.115263 0.949548 -1.20318 -0.945066 -0.66033 -0.268502 0.507614 0.431654 -0.712425 -1.06289 0.423793 0.403569 -0.547841 -0.691425 -1.09562 -0.884156 -0.310399 0.779573 1.59697 0.285131 -0.9651 -0.565001 0.752677 -0.151149 -0.0212842 0.394114 -0.101912 -0.951777 0.8715 0.366781 -0.82869 -0.785414 0.359424 0.137978 -0.548542 0.210663 
0.697841 0.743284 -0.297436 -0.314963 0.0972375 -1.48376 -0.932523 -0.492343 0.343302 1.22738 -0.0773368 -1.25815 -0.935528 0.388662 0.4109 -0.506934 -0.915552 -1.58698 0.0401073 0.0691087 0.276589 0.766561 0.503599 -0.277933 -0.365741 0.0644073 -0.177471 -0.227572 -0.0486847 0.0665292 0.83919 1.25536 0.552435 -0.261367 -1.15589 -0.536914 0.479225 1.10773 -0.303842 
0.824489 0.83705 -0.668291 -0.804034 -0.295023 -1.16038 -0.777342 -0.336329 0.487472 1.24051 0.127703 -0.876811 -0.93242 0.304384 0.208354 -0.745841 -0.72162 -0.0704187 0.711299 0.263886 0.495506 0.305228 -0.531617 -0.305845 0.569896 0.367672 -0.258995 -0.337526 0.081605 0.482294 1.72044 0.583831 0.200512 0.222331 -0.438667 -1.03248 -0.376822 0.960232 1.01222 
0.872421 0.81574 -1.02282 -1.03763 -0.148899 -0.752758 -0.604314 -0.0141304 0.715361 0.634418 -0.415232 -0.753857 -0.573369 0.166066 0.0762876 -0.539053 -0.40593 0.518317 0.71532 0.213218 0.561336 0.345311 -1.05983 -0.905593 0.612086 1.25472 -0.264672 -0.222622 0.433594 0.424843 0.120472 -0.184126 -0.0562514 -0.225238 -0.386906 -0.503574 -0.433578 0.179733 1.30317 
0.871345 0.791147 -1.18308 -1.20663 -0.153564 -0.425259 -0.49088 0.188257 0.892888 -0.028966 -0.939585 -0.342365 0.107438 0.0746018 0.0194161 -0.329819 -0.28659 0.0738914 0.334128 0.0941377 0.253925 -0.0532004 -1.29813 -1.01883 0.71656 1.90625 -0.18267 -0.119009 0.397269 0.230447 -0.801091 -0.452608 0.0322453 -0.213018 -0.588749 -0.24241 0.123421 0.483932 0.624642 
0.83482 0.718868 -1.32453 -1.31923 -0.300029 -0.40849 -0.415967 0.293905 0.789141 -0.940254 -1.62023 -0.144746 0.964257 0.0400773 0.0187074 -0.169278 -0.223298 -0.466881 -0.0297704 0.151645 0.334126 -0.258093 -1.43285 -0.781226 1.0827 1.9811 -0.411391 -0.415451 0.333939 0.295797 -0.653709 -0.287465 0.284531 0.537866 0.181287 0.0745701 0.609626 0.993572 -1.42385 
0.801864 0.693641 -1.3213 -1.42406 -0.660713 -0.454113 -0.255151 0.552788 0.796158 -1.77618 -1.85562 0.528415 1.70225 -0.340891 -0.413989 -0.0406744 -0.0191093 -0.730669 -0.184656 0.340949 0.909733 0.277985 -1.19354 -0.163537 1.72989 0.180601 -2.09101 -2.09191 1.94516 2.07021 0.276899 1.42174 1.77984 0.362947 -0.627118 1.85367 2.24578 0.602859 -2.31931 
0.413554 0.233578 -1.33177 -1.32963 -0.980844 -0.596154 -0.024263 1.06391 1.13853 -2.38098 -1.78506 1.18857 1.18349 -2.50139 -2.54009 2.17122 2.34803 -0.130847 1.79369 2.22626 0.784233 -0.908065 1.35234 2.53372 1.67995 -0.816405 -1.53673 -1.38982 2.036 1.9708 1.01949 1.75625 1.40904 -0.667726 -0.91962 2.34874 1.56082 -1.51849 -0.411093 
-1.6144 -1.69707 0.924064 0.965568 -0.946633 1.38671 1.68993 1.23439 0.158531 0.0437388 1.25986 1.82604 1.15978 -2.18078 -2.08269 2.41548 2.42315 0.515518 2.0972 1.96231 0.1478 -0.726996 2.33758 2.12171 0.0680992 -0.332784 1.91627 2.05226 -1.29676 -1.6271 -0.0561271 -1.21967 -1.78275 -0.749268 0.905049 -0.809958 -2.03538 -2.35375 0.134816 
-1.70667 -1.7472 1.16235 1.13616 -0.841227 1.55588 1.70335 1.29719 0.651585 0.700788 0.82935 1.33424 1.01051 0.0293516 0.155036 0.384213 0.118878 -0.202985 -0.00255848 -0.053891 -0.073591 0.301546 0.124188 -0.587286 -0.871318 -0.676339 1.74956 1.73461 -1.67783 -1.76812 -0.611056 -1.74773 -1.78123 -0.643937 -0.0103273 -1.75117 -1.45366 -0.456907 -0.337629 
-1.69379 -1.6724 1.34953 1.09507 -1.28005 1.38576 1.75631 1.31171 0.527526 0.290702 0.579686 1.30033 0.72432 0.138947 0.209726 0.143305 0.0109001 -0.236765 -0.422683 -0.315977 -0.586159 -0.628372 -0.308716 -0.124778 -0.463202 -0.758233 1.43397 1.37662 -1.26213 -0.840454 2.00229 -0.894448 -1.72714 -1.6966 -0.979212 -0.273465 0.0956564 -0.975794 -0.298064 
-1.68485 -1.67352 1.34247 1.15618 -1.19688 1.12415 1.55378 1.01344 0.246714 0.393309 0.711661 1.1002 0.51248 1.94962 1.9936 -1.3587 -1.08892 2.24776 -1.35313 -2.26606 -2.04545 -0.775761 -0.295616 -0.504658 -1.95519 -1.05443 -0.192908 -0.239019 -0.00572548 0.0813902 0.195906 0.399552 0.341115 0.47864 0.426148 0.210049 0.123694 0.476976 0.651247 
