-2.78836 -2.88263 1.85032 2.10407 -0.77658 1.2253 2.30415 1.41121 -1.68896 0.0412563 1.61213 0.462105 -2.32254 -4.20921 -4.05828 3.21432 4.24549 -1.83681 1.19879 3.11431 1.4449 -2.79831 -0.651472 1.25636 -0.0162721 -1.52025 0.618688 0.785097 1.20414 0.758993 1.09446 -0.557356 -1.45979 -1.99194 -0.812145 -0.644722 -0.776322 1.47442 1.85378 
-3.15304 -3.31823 1.71875 1.97773 -1.18518 1.43469 2.28234 0.925165 -3.01228 -0.566413 0.628955 -0.0572738 -1.44386 0.94539 1.20806 1.21021 0.613189 1.45436 -0.86291 -1.93253 -2.43686 -1.25625 -0.952595 -1.15255 2.22636 3.12854 5.19952 5.14904 -1.68165 -4.25956 3.24288 -2.20095 -4.7819 -2.71165 3.03716 1.59071 0.538857 1.48473 1.30413 
-2.00851 -1.81459 2.47498 2.34353 0.103001 0.0301908 0.859356 -0.0920351 -3.02434 -0.7502 0.834632 2.44579 0.82223 2.66494 3.06162 1.33349 0.0520672 2.225 -2.244 -2.887 -1.82164 2.16441 1.94054 2.05334 2.22562 0.694164 0.470173 0.187833 -2.2804 -1.88489 -0.102404 -0.104444 0.154569 1.45449 2.4554 2.25573 1.88015 -2.36277 -3.39315 
-1.06119 -0.706374 2.41072 1.94867 0.177876 -1.52207 0.132657 -0.193199 -0.627879 0.804311 1.72323 1.92574 -0.701963 1.69856 1.607 -1.31196 -1.30584 1.45615 -1.0149 -1.88786 -0.900725 2.76658 2.69392 1.63267 -1.33044 -2.46917 -1.51982 -1.93906 -3.09668 -1.3994 -0.585664 2.15093 1.51557 0.555831 -0.832071 -0.451641 -1.37039 -2.38849 -1.13045 
-0.654 -0.41427 1.72273 1.66464 0.983703 -1.35879 -0.552445 -0.634282 0.0148825 1.18356 1.6833 1.19252 -1.55827 0.842566 0.579261 -2.06302 -1.40199 1.64028 1.14419 -1.17543 -1.32146 0.875972 1.29411 0.0201822 -1.36995 -1.14042 -0.93739 -0.95288 -0.161889 -0.0549818 -0.779865 1.561 1.2854 0.0418924 -2.02005 -1.83633 -1.48875 1.02581 1.77822 
-0.359793 -0.162046 1.24845 1.22376 1.17409 -0.15702 -0.753015 -0.998655 0.355415 1.69192 1.63044 0.636522 -1.77091 0.629991 0.460616 -1.56494 -1.47225 0.63573 1.44729 -0.458194 -0.993012 -0.441167 -0.148156 -0.575932 0.219806 0.533703 -0.400361 -0.295754 0.925103 0.617037 -1.2215 -0.750716 0.741082 1.05425 -0.745915 -1.4637 -0.835398 1.00274 1.10637 
-0.114793 0.0312396 0.832378 0.906106 1.3497 0.392884 -0.908429 -1.23426 -0.434141 0.993296 1.24246 1.3501 -0.974764 0.469046 0.323088 -1.15169 -0.924759 0.283868 -0.0222314 -0.412427 -0.246709 -0.273276 -0.957093 -1.21994 0.145523 0.745081 -0.327213 -0.284723 0.701524 1.01038 -0.631752 -1.3466 0.270149 1.07842 0.48361 0.178677 -0.0341895 -1.26148 -0.494815 
0.0566161 0.168917 0.583699 0.727239 1.31935 -0.279801 -1.0752 -1.13175 0.0889641 0.897104 0.813594 0.726494 -0.978759 0.351144 0.219387 -0.893087 -0.618294 -0.0049317 -0.654469 -0.271966 0.109603 0.396015 0.204873 -0.628398 -1.6772 -0.243744 -0.29418 -0.242522 0.431535 0.327865 -0.38234 0.184721 0.345921 0.0392675 0.128594 0.889388 0.758267 -0.864802 -0.538382 
0.211658 0.275831 0.308802 0.556241 1.31378 -0.536348 -1.12688 -1.14445 0.0272255 1.06687 0.770993 -0.218745 -1.15864 0.232952 0.139029 -0.769028 -0.724489 -0.0540921 0.279671 -0.133396 -0.342021 -0.00966154 0.522873 -0.0977217 -1.15364 -0.104823 -0.210373 -0.136866 0.303873 -0.192633 -0.25723 0.938272 0.302088 -0.331236 -0.339831 -0.113373 0.221474 1.04334 0.336436 
0.292888 0.34658 0.127849 0.326554 1.25258 -0.0174904 -1.19132 -1.32448 0.109179 1.20834 0.651963 -0.365868 -1.02551 0.223518 0.178459 -0.647173 -0.916543 -0.191052 0.830255 -0.0466209 -0.412821 -0.0971609 0.0948124 -0.301886 -0.100547 0.361276 -0.0702691 -0.0531261 0.0427516 -0.169646 -0.304 0.285962 0.393519 0.438968 -0.215817 -0.623319 -0.201585 0.95492 0.650161 
0.440732 0.486335 -0.0805237 0.0636475 1.16108 0.42826 -1.17892 -1.38147 -0.04771 1.05819 0.490159 -0.352715 -0.745326 0.286656 0.211543 -0.802808 -1.00072 -0.296974 0.740488 0.20393 0.0234362 -0.30248 -0.395783 -0.398323 0.28976 1.02196 -0.0876302 -0.108414 -0.0140741 0.16022 -0.330788 -0.488712 0.329578 0.930727 0.214643 -0.41237 -0.144826 0.449627 0.430952 
0.570136 0.584639 -0.346441 -0.206323 1.03344 0.832615 -1.05832 -1.28857 -0.189029 0.833011 0.314825 -0.14463 0.0399317 0.254752 0.176076 -0.74182 -0.876839 -0.466447 0.0750932 0.212394 0.51953 0.305475 -0.489352 -0.518352 0.58131 1.12349 -0.181681 -0.15734 0.410775 0.643481 -0.225141 -0.78109 0.0839471 0.66774 0.430418 0.0555979 0.131444 -0.22166 -0.433016 
0.693636 0.694853 -0.52152 -0.409945 0.83562 0.429621 -1.03967 -1.03521 0.315199 0.612938 0.0829408 0.133854 0.420332 0.196165 0.142879 -0.442387 -0.498165 -0.44415 -0.473608 0.162106 0.65262 0.448765 -0.237915 -0.205266 -0.0401031 0.347287 -0.199112 -0.174576 0.438068 0.806114 0.193097 -0.342323 -0.0170392 0.0576775 -0.055778 0.173905 0.350915 -0.409439 -0.591495 
0.778339 0.765508 -0.62397 -0.4987 0.721961 0.134081 -0.95621 -0.859058 0.329699 0.575668 0.0904035 -0.223592 0.439438 0.141699 0.0840619 -0.352166 -0.218518 -0.106025 -0.450287 0.0468854 0.445441 0.271217 -0.143891 3.3949e-005 -0.0315616 0.185249 -0.211606 -0.163574 0.405309 0.384253 -0.00460496 0.346601 0.157159 -0.272418 -0.231621 0.265009 0.329929 0.156826 -0.0538302 
0.860284 0.826734 -0.749795 -0.568495 0.736271 -0.239166 -1.02265 -0.735307 0.640854 0.425864 -0.0216153 0.062666 0.659897 0.0669427 0.0657703 -0.0878214 -0.24389 -0.32367 0.0823908 0.209949 0.198001 0.130413 0.252006 0.282012 0.200464 0.303249 -0.250126 -0.173575 0.506306 0.204489 -0.237576 0.788597 0.489358 -0.120268 -0.330001 0.311963 0.461497 -0.0890377 -0.233129 
0.887948 0.882154 -0.707933 -0.669391 0.486069 0.144751 -0.818767 -0.713948 0.502237 0.684467 0.150481 -0.0836204 0.795476 -0.0373769 -0.00659504 0.11058 -0.136416 -0.268291 0.799497 0.501592 0.166219 -0.206079 0.420482 0.682338 -0.161545 -0.156984 -0.233918 -0.240463 0.0788456 0.462402 0.426327 0.459666 0.224588 0.150722 -0.281183 -0.411892 -0.154128 0.0660735 -0.102921 
0.890299 0.883108 -0.725446 -0.687753 0.535123 0.686209 -0.669826 -0.61008 0.447476 0.660573 0.272195 -0.126817 0.561659 -0.0911566 -0.1155 -0.0829399 0.0852344 0.319813 0.815865 0.340375 0.231171 -0.268012 -0.331402 0.0517575 0.304254 0.177568 -0.188504 -0.211483 -0.0901828 0.248183 0.241419 -0.0377069 -0.0656221 0.240949 0.24355 -0.671139 -1.10965 0.612438 0.735588 
0.87693 0.847822 -0.789232 -0.682577 0.653875 1.091 -0.585002 -0.548087 0.241511 0.357258 0.0761243 0.150808 1.02746 -0.136699 -0.148607 -0.0655893 -0.0124634 0.150778 0.752263 0.276581 0.303403 0.24326 -0.574 -0.964316 0.765689 1.11187 -0.146003 -0.108664 0.261625 0.00724068 -0.743433 -0.544305 0.198012 0.498899 0.129244 -0.139062 0.240091 0.427828 -0.139052 
0.844532 0.821202 -0.797272 -0.747694 0.596882 1.55133 -0.483174 -0.399031 0.74273 0.152058 -0.395401 0.527551 1.71585 -0.135472 -0.118222 0.117721 -0.0215808 -0.45639 -0.0265576 0.438253 0.665717 -0.00334602 -0.482197 0.405866 0.953256 -0.0082048 -0.101107 -0.0806159 0.258603 0.201648 -0.583709 -0.605466 0.213305 0.213153 -0.542025 0.178174 1.42413 -0.143366 -0.93693 
0.8321 0.811223 -0.760984 -0.746881 0.33472 0.962705 -0.278954 -0.110376 0.268594 -0.0826481 0.208515 0.975875 1.07607 -0.122907 -0.113332 0.131835 0.0669185 -0.431576 -0.186163 0.393189 0.408544 -0.576581 -0.22177 1.14492 0.553826 -0.400863 -0.0822369 -0.0690228 0.0360399 -0.13594 -0.369754 -0.211045 -0.0916191 -0.0604859 0.533289 0.437897 -0.557919 -0.649597 0.144835 
0.809288 0.788675 -0.76132 -0.769646 0.293294 1.21945 -0.210407 -0.122207 0.146451 -0.0932181 0.16849 0.989108 1.37689 -0.0972572 -0.0672425 0.0767526 -0.26553 -0.779075 -0.345874 0.181402 0.455411 0.914097 0.281864 -0.422939 -0.0215655 0.278159 -0.17971 -0.154299 0.105853 -0.092119 -0.452172 -0.282667 -0.150997 0.0638196 1.11221 0.686775 -0.727033 -0.542454 -0.00910935 
0.816426 0.817084 -0.755103 -0.927928 -0.186876 0.427101 -0.162592 0.195768 1.29335 0.0484649 -0.142996 0.913784 1.40735 -0.210848 -0.177877 0.165645 -0.13506 -0.854289 -0.617903 0.0636148 0.341535 1.27617 0.936924 0.0654343 -0.259516 -0.370526 -0.224878 -0.268859 -0.163182 0.280403 0.157762 0.20461 0.264318 0.100206 -0.571242 -0.442266 -0.499424 -0.937984 -0.570666 
0.706946 0.70239 -0.70691 -0.888256 -0.275488 0.336862 -0.181032 0.112697 1.56494 0.527453 0.102118 0.710464 1.06788 -0.243656 -0.286981 -0.177609 -0.110719 -0.461538 -0.0127531 0.360489 0.430348 0.0470521 -0.349707 -1.16504 -1.43102 -0.625436 -0.146745 -0.207198 -0.172444 0.435092 0.217356 -0.0194525 0.461446 0.473635 -1.65618 -2.16467 -1.79023 -1.08088 -0.432447 
0.689053 0.639928 -0.888083 -1.03489 -0.509261 0.31641 0.0860258 0.486233 1.37523 -0.292425 -0.927783 -0.431018 0.846719 -0.256123 -0.314084 -0.0986369 0.167907 -0.464425 -0.636484 0.484136 0.746956 -1.34371 -2.42577 -2.59006 -1.88435 -1.04425 -0.11799 -0.125141 0.151249 0.434461 -0.0737182 -0.439769 0.0459321 0.0221972 -0.411451 0.12119 0.89364 0.141364 -0.177764 
0.57006 0.502659 -0.796778 -0.861879 -0.599684 -0.569429 0.158901 0.60123 0.13445 -1.36498 -1.51468 -1.04689 0.0938562 -0.251716 -0.312026 -0.0951736 0.191644 -0.424938 -0.69109 0.272105 0.315358 -0.561834 -0.0878334 0.157847 -1.21376 -0.875591 -0.401287 -0.29671 0.735385 0.384038 -0.531729 0.237911 0.168502 -0.226029 1.04449 2.22061 2.19192 0.417636 0.101351 
0.55553 0.441911 -0.97606 -0.997153 -0.808684 -0.659533 0.269372 0.704761 0.794993 -0.437604 -0.940199 -1.5781 0.0391738 -0.630841 -0.571553 0.609482 0.421977 -0.983692 -0.251092 0.54587 0.345814 0.399626 1.16505 0.657298 -1.2507 -0.830203 -0.64958 -0.490806 1.18091 0.787167 -0.800074 -0.051982 0.239189 -0.288665 -0.54565 -0.357402 -0.0898922 0.989657 0.580446 
0.14727 0.0884853 -0.500067 -0.713915 -1.24965 -0.984133 0.544424 0.838811 0.599744 -0.573822 -1.23549 -2.22759 -0.668888 -0.947788 -0.832436 1.09015 0.831818 -1.26988 -0.760732 0.420415 -0.157991 -1.38753 -0.584839 0.0228115 0.281991 0.135244 0.0740347 0.0374973 -0.238688 0.143608 0.990377 0.796339 -0.093842 -0.32147 -0.537206 -0.881912 -0.440677 1.62337 1.34739 
-0.109087 -0.18955 -0.416939 -0.653058 -1.6382 -1.72431 0.562246 0.627164 -0.683151 -0.954219 -1.03146 -1.36393 0.229381 -0.390371 -0.37627 0.274245 0.44577 0.344353 1.01085 0.286297 -0.165353 -0.41243 -0.163648 0.00228365 1.20014 1.45615 0.598793 0.42871 -1.27167 -0.492634 2.09531 1.62052 -0.0434769 0.423755 1.24162 0.673738 0.603168 0.544417 0.00627053 
-0.0920452 -0.16304 -0.38637 -0.554565 -1.06645 0.210828 0.738251 0.756609 0.181971 -0.775661 -1.33873 -1.17784 0.825133 -0.0281482 -0.107177 -0.351536 0.246239 1.39917 1.79489 0.222526 0.189929 0.674298 0.553182 0.91512 1.10671 0.19116 -0.348662 -0.347517 0.237643 0.330916 -1.29576 -1.57744 0.433885 1.40438 0.294781 -0.0985196 0.789881 -0.653589 -1.82894 
-0.0720314 -0.21695 -0.64487 -0.589195 -0.79324 0.470744 0.708978 0.767225 0.0808329 -0.620337 -0.601736 -0.399207 0.474781 -0.696979 -0.702566 0.449218 0.648961 -1.10218 -1.45325 0.673062 1.31302 0.119678 -0.250156 1.17136 0.219298 -1.54009 -0.233164 -0.15666 0.626694 0.222172 -1.20356 -0.640575 0.646221 0.710752 -1.19499 -1.82837 -2.22822 -1.38488 -0.133942 
-0.565298 -0.686333 -0.177151 -0.297977 -1.79075 -1.73729 1.21771 1.59927 0.342835 -1.04215 -0.759401 -1.02073 -0.638315 -0.185272 -0.17492 0.240161 0.345278 0.0645367 0.801359 0.869351 0.868697 -1.20048 -2.27626 -2.38962 -0.976288 0.0138869 0.332948 0.280029 -0.394034 -0.0678228 1.22412 0.857618 -0.266332 -0.400738 0.217781 0.0435977 -0.476496 0.573668 1.2026 
-0.154859 -0.300772 -0.54978 -0.477936 -0.785584 1.39849 1.3334 1.33192 -1.19391 -2.40103 -2.1015 -1.33017 0.545201 -0.121409 -0.178726 -0.0524143 0.470252 0.509546 -0.095128 0.202231 0.710478 0.527384 -0.111316 0.463252 1.0881 0.505448 -0.679427 -0.456352 1.92181 1.50539 -1.56823 -2.16094 -0.160784 0.450322 1.00376 1.23762 1.91673 0.929999 -0.642543 
-0.599399 -0.773326 -0.241785 -0.126911 -1.50391 -1.95306 1.34945 2.06498 0.947058 -1.20488 -0.593505 -0.0729448 -0.0826954 -0.919974 -0.648656 2.21909 1.67335 -1.71269 -2.57863 0.52779 1.24724 0.477048 -0.244115 0.449813 0.429553 -1.00925 0.529756 0.655825 0.598301 0.0224294 1.49459 1.07561 -1.5195 -3.38717 -0.917546 1.11011 0.495285 -0.640617 -0.31544 
-0.798254 -0.779164 0.625654 0.268878 -1.8929 -1.9851 1.70557 2.13343 -0.644423 -2.66301 -1.94345 -0.981705 -0.394271 0.708881 0.854205 0.508871 0.377984 2.44953 1.60517 -1.80343 -3.33479 -0.899153 1.71864 1.19564 0.126814 0.0263225 0.599051 0.372164 -1.99745 -1.62836 1.30731 1.63518 -0.312838 -0.959989 -0.329848 0.10999 -0.302245 -0.287806 0.579492 
