-1.74443 -1.10445 1.54621 1.86768 1.06232 2.06104 2.84427 0.664643 2.02904 0.633355 -0.244681 1.04944 2.08732 -2.38805 -1.43003 3.02438 3.48685 0.68916 2.37633 2.90926 0.174223 0.0171316 0.568455 -0.155402 0.637051 0.979709 1.19134 1.75019 0.36042 -0.76706 -0.673075 -0.925886 -1.39227 -1.4933 -1.66837 -0.0754309 0.328048 -0.23249 -0.386019 
-1.30806 -0.671843 1.72339 1.64593 0.5859 1.76531 2.31109 0.109647 -0.0141889 0.359517 -0.129031 0.622035 1.33016 1.62615 1.89404 0.544859 -0.871305 -1.08596 -1.31621 -1.93795 -1.91437 -2.4315 -0.0590403 0.484556 -0.406031 -0.709517 3.10837 2.70886 -2.20281 -4.00251 -0.660421 -3.45182 -3.74261 -0.391675 -1.18891 -0.631213 1.58545 0.289102 -1.20756 
-0.847424 -0.251695 1.80661 1.43244 0.119171 0.930774 1.22748 -0.235105 -0.404758 0.542511 0.22321 0.628718 1.01801 1.64648 1.42893 -0.459562 -0.526201 -0.377048 -2.54498 -2.15788 -0.38258 -1.71161 -0.366788 2.18484 1.05998 -1.20447 -0.693569 -1.35508 -0.601419 1.05641 0.994165 0.128229 0.717031 1.6048 0.878367 -0.493436 0.290061 0.7165 0.0984 
-0.399881 -0.0324143 1.39114 1.37549 0.253388 -0.328517 0.516091 -0.0498022 -1.73663 0.0477991 1.9248 1.66686 -0.4422 0.884269 0.662548 -0.422071 0.0280538 0.430191 -1.12795 -1.06763 -0.0108635 -1.13013 -0.777073 0.91305 0.696152 -0.549506 -1.10199 -0.863297 0.594691 -0.0512446 0.0878828 2.28191 0.911477 -0.550651 2.09715 0.387759 -2.84793 -1.07278 0.977817 
-0.357942 0.0362289 1.49648 1.42667 0.482 -0.0518627 0.315949 -0.214909 -1.55262 -0.0636744 1.09078 1.30984 0.175996 0.391498 0.692433 0.453516 -0.702422 -0.275358 0.717093 -1.02867 -1.13529 1.37619 0.304401 -2.01774 -0.681516 0.534091 -0.276186 -0.00167785 0.21407 -1.16113 -0.265949 1.40192 -0.387916 -1.35755 1.84082 1.54161 -1.32912 -1.15918 -0.00757812 
-0.181086 0.269217 1.59764 1.02089 0.00847113 0.135667 -0.363876 -0.57303 -0.407866 0.217802 0.0586704 0.970745 0.254978 0.666751 0.793289 -0.107241 -1.22591 -0.0203529 0.878174 -1.66841 -1.75794 1.58194 1.71319 -1.04806 -1.18266 -0.579725 0.189361 -0.251119 -0.770594 -0.231996 0.705243 0.22661 -0.263522 -0.425896 -0.679153 0.894735 1.29782 -0.384985 -0.610929 
0.0120533 0.384118 1.37212 0.822097 0.456739 0.538636 -1.08242 -1.03906 -0.0205447 1.11743 0.129117 0.11273 -0.708946 0.758852 0.572106 -0.779318 -1.05416 0.789862 1.04577 -1.46384 -1.73427 0.394626 1.77485 -0.101979 -1.32991 -0.579138 -0.115698 -0.391534 -0.306434 0.241499 0.174352 -0.108533 0.631515 0.454216 -1.18186 -0.616412 0.448664 0.162268 0.406927 
0.239501 0.515659 1.07673 0.498331 0.681114 0.857586 -1.59647 -1.38573 -0.0490344 1.44316 -0.0205297 -0.373561 -0.629129 0.650855 0.531631 -0.610523 -1.11786 0.216292 0.728521 -0.911941 -1.27233 -0.136461 0.801281 -0.385502 -0.961309 0.13409 -0.261997 -0.159175 0.289093 -0.0703806 -0.924696 -0.533561 1.23252 1.18193 -0.395477 -1.13882 -0.410863 0.38255 0.697659 
0.373317 0.611996 0.950797 0.269116 0.63532 1.01178 -1.86779 -1.62851 -0.186506 1.64405 -0.21454 -0.863094 -0.579949 0.55916 0.544323 -0.346569 -1.24896 -0.688806 0.289497 0.0927965 -0.351875 -0.17114 0.0393596 -0.707915 -0.758463 0.65654 -0.190705 -0.135386 0.204497 -0.0586691 -0.826284 -0.390677 1.58135 1.33817 -0.64589 -1.01851 0.0487422 0.459873 0.37793 
0.550395 0.749359 0.811149 -0.117255 0.0800602 0.986463 -1.56767 -1.53035 -0.249263 1.42294 -0.664918 -1.1466 0.241982 0.540727 0.527791 -0.310739 -1.30129 -1.10878 0.17618 1.10912 0.302601 -1.06927 -0.744536 -0.313148 -0.266978 0.795856 -0.230145 -0.273454 0.104411 0.354651 -0.199295 -0.15692 0.79271 0.547128 -0.664548 -0.228916 0.833655 0.541828 -0.278154 
0.674086 0.838114 0.706361 -0.371459 -0.327492 1.0518 -1.01542 -1.45682 -1.27422 1.06122 -0.490709 -1.14481 0.489053 0.399484 0.401514 -0.204097 -1.03104 -1.03532 0.0707829 1.06387 0.248237 -1.1313 -0.261652 0.522821 0.0661162 0.140638 -0.300085 -0.318217 0.133993 0.463484 0.159742 -0.0199558 -0.407476 -0.219662 0.78066 0.848171 0.497439 0.224178 -0.311213 
0.773577 0.917559 0.629635 -0.628777 -0.819475 0.943833 -0.751961 -1.38493 -1.39827 1.18668 -0.161335 -1.09532 0.380281 0.293185 0.339928 -0.121771 -0.977689 -0.89494 0.152946 0.482297 -0.0422248 0.0888839 0.652501 0.421397 0.0527652 0.220614 -0.291309 -0.324991 0.122023 0.580647 0.284824 -0.0145448 -0.44475 -0.0980425 0.790903 0.40322 -0.0308812 0.0838484 -0.142155 
0.838875 0.978067 0.573422 -0.857503 -1.10611 1.0736 -0.670992 -1.45178 -1.21751 1.48106 -0.08173 -1.10687 0.740953 0.162967 0.206833 -0.0339434 -0.593671 -0.62626 0.0552716 0.38743 0.0532855 0.0418711 0.433911 0.477666 0.162836 -0.131146 -0.268307 -0.458526 0.0447625 1.32113 0.493687 -0.612672 -0.0575204 0.75143 -0.312957 -0.888049 0.160926 0.405051 -0.30111 
0.866836 0.996467 0.548517 -0.93144 -1.36665 0.889038 -0.484403 -1.33373 -1.38801 1.44963 0.30013 -0.947354 0.132524 0.0855653 0.0108403 -0.073053 0.178719 -0.1599 -0.716233 0.321399 0.809654 -0.355929 -0.687648 0.659313 0.659967 -0.336493 -0.0944364 -0.342136 -0.193021 0.903326 0.678718 -0.390671 -0.342881 0.595491 0.0384038 -0.858652 -0.17633 0.383795 0.169627 
0.889616 0.967083 0.469228 -0.791322 -1.25157 0.413817 -0.456942 -1.03504 -1.60033 0.939054 0.549166 -0.461928 0.20151 0.173783 -0.005106 -0.358966 0.157033 0.397563 -0.49706 -0.153389 0.712996 0.112064 -0.859892 0.217857 0.736257 0.156718 0.0560136 -0.0471143 -0.277031 -0.339832 0.379429 0.359858 -0.58752 -0.329176 0.805413 0.278893 -0.449503 -0.129557 0.160904 
0.966036 0.978169 0.275626 -0.875614 -1.03193 0.401124 -0.655093 -0.963699 -1.30839 0.784008 0.519257 -0.226143 0.293663 0.285393 0.0958483 -0.530119 -0.277731 0.396814 -0.197384 -0.545126 0.32987 0.838505 -0.18809 -0.003648 0.417525 -0.0642877 -0.0419557 -0.0267202 -0.0545281 -0.401096 -0.0658749 0.209389 -0.261949 -0.200526 0.923035 0.540025 -0.346899 -0.22577 -0.000562429 
1.05013 0.995088 0.095351 -0.943112 -0.917491 0.160899 -0.945071 -0.850168 -0.802885 0.755589 0.561684 -0.0593492 0.048722 0.250531 0.100429 -0.46631 -0.358906 0.259279 -0.192964 -0.586458 0.391751 1.4789 0.0513461 -0.29368 0.340905 0.139092 -0.171861 -0.208325 0.0181314 0.0461476 -0.135144 -0.0410098 0.390398 0.514979 0.416427 -0.225762 -0.479652 -0.161154 0.15027 
1.10739 1.00828 -0.0606014 -1.06617 -0.81632 0.151671 -1.17671 -0.748923 0.121864 0.77239 0.261247 0.0998392 0.429765 0.19894 0.0185936 -0.523259 -0.35938 0.15042 -0.250667 -0.109677 0.890363 1.46278 -0.484131 -0.711103 0.124867 0.18883 -0.18295 -0.246237 0.0245011 0.190918 -0.137405 0.0329395 0.85954 0.575396 -0.444207 -0.497882 -0.315019 -0.347376 -0.026687 
1.16315 0.98766 -0.274479 -1.13389 -0.795651 -0.133803 -1.08034 -0.394419 0.611444 0.359653 -0.0856783 0.0506626 0.255474 0.150146 -0.0149843 -0.449438 -0.299978 0.00935679 -0.140704 0.473596 1.0267 0.84171 -0.673698 -0.758168 -0.247713 0.0745726 -0.198825 -0.161139 0.180272 0.35017 0.109558 0.493652 0.555853 -0.23508 -0.818529 -0.178591 -0.0661131 -0.136765 0.140747 
1.19361 0.985447 -0.386874 -1.22858 -0.81599 -0.0568008 -0.839334 -0.227285 0.92248 0.240399 -0.430016 -0.162612 0.474221 0.0786115 -0.0111667 -0.261552 -0.145812 0.285939 0.459138 0.546055 0.526536 0.27693 -0.705804 -0.808254 -0.129031 0.424854 -0.275403 -0.313299 0.177026 0.948237 0.562818 0.38255 0.0387428 -0.372956 -0.828143 -0.329272 -0.00439713 0.0466357 0.040098 
1.21007 0.966583 -0.489893 -1.22269 -0.557078 0.128102 -0.684241 -0.114503 0.853975 -0.195382 -0.823658 -0.0931441 0.797486 -0.0663883 -0.197898 -0.192832 0.494337 0.852291 0.410531 0.440861 0.492963 -0.358235 -1.13292 -0.764238 -0.210135 0.129932 -0.374627 -0.435552 0.122279 0.409796 -0.187274 -0.271445 0.285785 0.322665 0.185049 0.333155 0.356829 -0.118354 -0.341755 
1.16088 0.878724 -0.561741 -1.01168 -0.0895723 0.166988 -0.528479 0.0364056 0.537373 -0.621185 -1.12694 -0.387497 0.597311 -0.262579 -0.317131 -0.0909965 0.125656 -0.0418155 0.0769699 0.842225 0.850035 0.562067 -0.1207 -0.281223 -0.353669 -0.205211 -0.411321 -0.26664 0.259801 -0.768512 -1.27106 -0.439029 0.384832 -0.0414348 0.274098 0.829927 0.692831 0.19334 -0.277118 
1.06957 0.805174 -0.604674 -1.18184 -0.600826 0.0903228 -0.0481457 0.321757 1.37826 -0.33048 -1.07005 -0.461518 0.444524 -0.453678 -0.333847 0.193876 -0.378378 -1.16696 -0.210818 0.8689 0.367771 0.0574253 0.235352 0.258668 0.0605992 -0.38411 -0.376722 -0.178676 0.47611 0.165482 -0.741652 -0.576972 -0.335964 -0.61298 -0.551218 0.0997407 0.244669 0.313661 0.177147 
0.915408 0.709648 -0.508439 -1.21153 -1.1025 -0.0964644 0.129232 0.239592 0.563 -0.50074 -0.869746 -0.341733 -0.00976892 -0.606401 -0.364542 0.6357 0.159885 -1.2348 -0.741256 0.310615 0.0205111 -0.231975 0.0964214 0.0802825 0.108289 0.0961503 -0.0362994 -0.226922 -0.235662 0.530539 1.02612 0.787769 -0.0944573 -0.0227787 0.46744 -0.224894 -1.02566 -0.63655 0.0617806 
0.7402 0.622019 -0.290682 -1.12466 -1.67219 -0.589082 0.157165 0.357117 1.11792 -0.309747 -0.979244 -0.36808 0.51963 -0.369823 -0.42982 -0.198169 0.0103361 0.399065 0.91876 0.658826 0.26557 0.756476 -0.0593205 -1.25459 -0.987599 -0.289831 -0.043263 -0.187235 -0.157696 0.609325 1.13769 1.20331 0.371408 0.13279 0.688417 0.174657 -0.764707 -0.8162 -0.34901 
0.715997 0.496554 -0.686455 -1.22576 -0.766483 0.525861 0.616712 0.393386 1.27939 -0.591785 -2.02405 -1.34384 -0.48293 -0.531295 -0.42057 0.366201 0.625104 0.505344 0.9814 0.720782 0.110021 0.790971 0.43165 -1.04786 -1.22542 -0.546936 -0.51128 -0.245957 0.821897 1.23232 -0.600172 -1.15541 -0.634093 -0.30223 0.0125597 0.50056 0.634855 0.550522 1.01333 
0.45209 0.413167 -0.135702 -0.845312 -1.24463 0.0823627 0.69485 0.435736 1.8684 -0.0484165 -1.94072 -1.60794 -0.318736 -0.882693 -0.544952 1.07203 1.08051 -0.57311 -0.725036 -0.269706 -0.181007 0.788788 0.789701 -0.317248 -0.149203 1.51248 -0.238744 -0.573471 -0.293871 0.463438 -0.118277 -1.26735 -0.463116 0.189495 -1.52459 -0.883601 1.04764 0.820524 -0.195622 
0.234859 0.230654 -0.115016 -0.728945 -1.26788 -0.140825 0.351766 0.331354 2.02771 -0.0734771 -2.30404 -1.50781 1.604 -0.701774 -0.865352 -0.117335 0.948661 0.285274 -0.822157 0.0198842 0.269412 -1.42978 -0.901487 0.498676 0.0420828 -0.914693 0.827109 -0.411967 -2.17845 0.0707037 2.74601 0.506671 -0.596514 0.490372 -2.1389 -1.50434 1.64519 0.572001 -2.32966 
0.0703327 0.0003143 -0.266024 -0.411458 -1.00663 -0.660482 0.664571 0.591387 0.424446 -0.743895 -1.45966 -1.58068 -1.67948 0.28587 -0.827177 -2.37363 1.02271 3.67719 0.00334988 -1.14821 0.349162 -2.33239 -1.52205 2.11116 0.72333 -2.68586 -0.0938428 -0.86111 -1.25151 -0.170481 1.77834 1.33234 -0.298901 -0.120651 0.477977 0.701458 1.60666 1.73163 1.82923 
0.39563 -0.16469 -1.57662 -0.25973 1.89185 -0.236335 -0.625063 0.525547 -0.308149 -1.21434 -0.318934 -0.799524 -2.2726 -0.690212 -1.59965 -2.10606 0.656657 3.02531 1.08466 -0.462381 0.0465992 -0.715285 0.264254 2.87022 2.7576 2.35215 -2.46959 -1.63304 2.20235 0.554762 -2.84533 0.470328 2.38198 -0.0599481 1.56857 1.55361 -0.621966 0.615372 2.7237 
-0.305073 -0.749327 -1.56975 -0.117045 1.59158 0.091932 0.243493 0.639354 -0.313479 -0.602706 1.23347 1.16124 1.60015 -2.68725 -2.33844 1.06632 1.43494 -0.799057 0.679865 1.93878 0.201156 -0.019357 0.987132 1.19368 1.66479 2.18655 -1.15449 -0.112599 2.24761 1.30329 -2.24041 -0.848323 0.938622 0.0634632 0.996709 0.34806 -2.2079 -2.24194 -2.19876 
-1.07678 -1.25318 -1.00855 0.406341 1.19583 0.198657 0.899615 0.648211 -0.358394 -0.554331 0.810389 0.849931 0.771821 -2.01115 -1.58055 1.40502 1.79575 -0.506832 -0.120853 0.70296 0.0506764 0.75954 0.872856 -0.387801 -0.842009 -1.61123 1.67226 1.42014 -1.08216 -1.00663 0.706248 -1.1757 -1.81082 0.235572 0.213128 -0.769695 -1.12447 -1.72212 -1.72969 
-1.40609 -1.49021 -0.80184 0.721323 1.14728 -0.100973 0.766737 0.689293 0.405941 -0.0247166 0.887664 0.304681 -0.749993 -0.45691 -0.776606 -0.656226 0.331006 0.267732 -0.992884 -0.556422 0.417328 0.306937 -0.166429 -0.465406 -1.10868 -0.934836 2.0952 1.60095 -1.65415 -1.48536 0.906792 -1.29447 -0.803829 1.97467 -0.350684 -2.35515 0.728393 1.93047 1.16783 
-1.32403 -1.62533 -1.45684 0.545244 1.41872 -0.678066 0.402332 0.875348 -0.0862122 -0.722249 0.392202 -0.273222 -0.617538 0.75053 0.163267 -1.21656 0.226942 0.872952 -1.96312 -0.451554 2.40999 0.259429 -2.78021 0.687588 2.18953 0.468402 0.449311 0.833847 0.586664 0.757855 -0.0873368 -0.502455 0.617537 1.4868 0.383096 -0.820425 1.24625 2.23171 0.488111 
-0.990077 -1.43128 -1.58074 0.810531 1.89149 -1.73852 0.354434 1.87946 0.631178 -2.06858 1.54493 2.47871 -0.146122 0.237021 0.195111 0.244236 0.940453 0.0959522 -1.70476 0.181435 2.17543 0.882362 -1.39997 1.37424 2.40159 -0.0752961 -1.57516 -0.860528 1.8 1.08798 -1.39809 1.04264 1.09266 -2.36125 -1.02993 2.45137 -0.267768 -2.38728 -1.40159 
-1.19009 -1.5518 -1.37382 0.975179 1.49364 -2.11302 0.502964 1.95215 0.754574 -1.77549 1.68995 2.11281 -0.785963 -1.0989 -0.570445 1.59098 1.15695 -1.34455 -0.469776 0.918875 -0.573976 -1.23629 1.1443 0.292833 -1.64108 -2.06407 -1.19731 -0.841148 0.857373 -0.195878 -0.811865 1.61787 0.410871 -2.85303 -1.44043 1.28013 -1.49942 -2.29552 -0.23184 
-1.58998 -1.70887 -0.703097 1.34385 0.725595 -2.20504 1.05264 1.62751 -0.621575 -1.29577 1.83399 0.82332 -3.13949 -1.13771 -0.519094 1.57019 0.623788 -1.20662 0.609576 0.644143 -1.41457 -1.21504 0.678054 -0.838205 -1.28318 -0.508064 0.84379 0.36391 -1.48208 -2.25822 0.823515 0.658995 -1.16848 -0.0274114 0.914999 -1.41278 -1.46021 1.07482 2.26318 
-1.81131 -1.80584 -0.508451 1.2539 0.446557 -1.73314 0.978545 1.29396 -0.477188 -1.33732 0.92403 0.81521 -1.56911 0.0906192 -0.0717318 -0.760142 -1.16233 -0.094741 0.476012 -0.721126 -0.681887 0.118772 -1.0231 -1.86174 0.0305773 1.98171 1.11074 0.555518 -1.33876 -0.800268 1.02965 -0.460389 -0.36818 1.81774 1.71196 -0.397071 0.169726 0.614123 0.786111 
-1.53646 -1.75773 -1.2127 0.769632 0.636258 -1.92991 0.421894 1.32341 -0.535328 -2.07853 0.11337 0.839071 -0.386045 0.387185 0.172477 -0.555667 -0.279764 0.36491 -0.0422587 0.0696413 0.751354 1.30815 0.111941 -0.587303 -0.343704 0.886383 2.04581 3.78179 1.8709 -0.291186 -0.384093 1.47487 0.256918 -1.65133 0.300574 2.4908 1.1673 -0.515044 -0.919247 
-1.59489 -1.74269 -0.897402 1.10114 0.753155 -1.86442 0.988586 1.68252 0.784341 -1.30544 0.392143 0.456797 -0.371523 2.79025 3.86716 2.15885 -1.57155 -0.729676 2.58624 -0.463388 -2.79099 0.573239 2.96358 -0.138612 -0.824513 0.315052 -0.411238 -0.302931 0.367296 0.41834 -0.211081 0.025932 0.0110224 -0.549547 -0.901966 -0.108986 0.397669 0.239254 -0.484551 
