-0.303442 -1.14935 -1.8413 -2.27351 -0.718746 1.05026 0.182141 1.35058 1.22769 -2.42227 -2.27511 -0.944482 1.27836 -0.741852 -1.81934 -2.44444 -2.71336 -0.763943 0.172435 -0.328922 1.90458 2.32144 -1.99022 -2.37514 -1.05347 -0.0687068 -0.799324 -0.640687 -0.106841 -0.109149 -0.665221 -0.515163 0.344589 0.623733 0.817754 0.269176 -0.0217879 -0.118611 -0.0299484 
-0.66326 -1.78345 -2.22218 -2.33667 -0.62521 0.0902045 -0.176381 1.75631 1.92532 -1.85762 -1.85105 -0.917254 -0.122555 -0.78254 -0.738869 -0.11369 -0.0900854 -0.556977 -0.69889 0.362981 0.754194 1.04785 0.461035 0.0946366 -0.134641 -0.0549108 1.26124 2.52292 2.89049 3.28957 1.2057 -0.630568 0.865104 -1.23283 -1.82301 1.98063 2.51468 1.27001 0.919351 
-0.998268 -1.88551 -1.7972 -2.19344 -1.1858 0.125221 0.546366 2.02286 2.05819 -1.85077 -2.09448 -1.00449 1.17417 0.851788 1.80405 2.19667 2.38403 0.597766 -0.69904 0.684619 0.0657055 -0.338981 0.788939 0.755587 0.981031 1.46205 2.34222 2.45455 1.35799 1.47388 1.50132 -0.286518 -1.18098 -1.79481 -1.34524 1.62934 1.77124 -0.393207 -0.881149 
-0.0901717 -0.0547875 0.0683601 0.022725 -0.20986 -0.835006 0.439151 1.77981 1.56364 -0.961178 -1.12671 0.0636347 1.79245 2.05764 2.79024 2.09635 2.23601 1.1079 -1.05584 -1.18075 -1.86961 -0.941668 2.76437 2.33549 -0.698224 -1.53163 0.592077 -0.636687 -1.80137 -1.77023 1.01987 1.35514 -2.06183 -1.82979 -0.824607 0.935384 1.10789 -1.31326 -2.04455 
0.510325 0.799055 0.395791 0.0295906 -0.380626 -1.21573 -0.295577 0.222694 1.1784 1.00326 -0.0704875 -1.59031 -0.895648 1.67377 1.0707 -0.605125 -0.241369 1.7689 1.39908 -1.96003 -2.60695 -1.5974 2.15234 2.20242 -1.01974 -1.95796 -0.773641 -1.85679 -2.06802 -1.60921 0.984548 0.78368 -0.4051 0.855251 -0.328003 -2.17188 -1.18648 0.484194 0.734017 
1.12061 0.963044 -0.365387 -0.0365788 1.10042 0.684442 -1.01167 -0.715156 0.120157 1.28634 0.787828 -0.822157 -0.844846 1.30472 0.374498 -1.12844 -0.143623 2.24281 0.187662 -1.75476 -0.792053 -1.50274 -0.0809401 1.03602 0.108762 -0.310448 -1.12989 -0.752208 0.119657 0.103328 -1.42077 -1.83105 1.17602 2.23683 0.784489 -2.21428 -1.93857 0.466427 0.934654 
1.4348 1.14207 -0.546796 0.0603372 1.2918 -1.10778 -1.58601 -0.562076 -0.183699 1.03767 0.884542 -1.42323 -1.33998 0.510024 0.178055 -0.359511 -0.00715157 0.437081 -1.26771 -0.557899 0.400268 -0.596265 -0.750414 0.00271755 -0.240511 -0.401637 -1.5395 -0.530573 0.753222 0.138346 -2.18126 0.420588 1.84942 0.656872 0.815425 -0.522239 -1.15701 0.642746 0.361483 
1.42856 1.11564 -0.560314 0.119895 1.39298 -0.90336 -1.36696 -0.376386 -0.462702 0.657335 0.892845 -0.98094 -1.41056 -0.331366 -0.212536 0.122224 0.144043 0.131093 0.888172 0.489019 0.00842543 -0.458157 -0.691858 -0.228176 1.16342 0.288474 -1.09461 -0.422362 0.436803 0.0398436 -0.805279 1.65211 0.891498 -0.434247 0.671824 0.540345 -0.299531 0.430512 0.372591 
1.08999 0.91607 -0.273315 0.356102 1.35054 -0.183622 -1.12331 -0.592545 -0.647835 0.466692 0.799622 -0.272177 -0.987099 -0.613034 -0.259768 0.389206 0.13017 -0.263529 1.27453 0.48863 -0.323226 0.246665 0.0779134 -0.235097 0.482621 0.215839 -0.0790956 0.0200479 0.00885363 -0.334334 -0.690929 0.265765 -0.0846115 -0.245202 0.574871 0.395389 -0.212489 -0.119886 0.339486 
0.865233 0.843869 -0.0272373 0.402878 1.15017 0.470969 -0.904562 -0.719374 -0.320943 0.849172 0.802232 -0.465057 -1.15436 -0.283362 -0.0403252 0.192066 -0.289743 -0.452248 1.35715 0.315568 -0.451028 0.248628 -0.0598707 -0.361804 1.02679 0.850652 0.310781 0.0610677 -0.28333 -0.363374 -0.216518 -0.414167 -0.397829 -0.191898 -0.449962 -0.361427 0.0118683 0.82799 0.526362 
0.782432 0.856998 0.0680752 0.252233 0.963512 1.28697 -0.796131 -1.05596 -0.504388 0.521989 0.604777 0.751402 0.114082 -0.115436 -0.0309949 -0.00445501 -0.347939 -0.360347 0.726677 -0.0762924 -0.708229 -0.485665 -0.315189 -0.100175 1.82664 1.09017 -0.116331 -0.237483 -0.162059 0.0390791 -0.099951 -0.900432 0.152346 0.318699 -0.558401 -0.225296 0.33278 -0.136628 -0.502321 
0.687947 0.79384 0.123069 0.245395 0.83337 1.20696 -0.883555 -1.42515 -0.808725 0.651457 0.822608 1.30477 0.265633 -0.278296 -0.22322 -0.00921845 -0.153588 -0.429523 0.0820949 0.438275 -0.122877 -0.635977 -0.268587 0.157241 0.864002 0.00670892 -0.369128 -0.32661 -0.044012 0.0817255 -0.285931 -0.657944 0.784271 1.33047 0.91641 -0.178058 -0.46488 -1.26768 -0.883756 
0.478799 0.620647 0.21375 0.273799 0.593852 1.27191 -0.373077 -1.21016 -1.12139 0.370454 0.836909 1.62311 0.091911 -0.401887 -0.336786 -0.0184761 -0.146693 -0.528351 -0.185739 0.836221 1.03306 0.700724 -0.459922 -0.535909 -0.10293 -0.39091 -0.524345 -0.26892 0.169885 0.116793 -0.620797 -0.510804 0.533503 0.923089 1.1639 -0.0743073 -0.903484 -1.50544 -0.543386 
0.288432 0.44741 0.259742 0.273314 0.38819 0.87983 -0.149572 -0.490092 -0.276638 0.310316 0.484542 1.27435 -0.285799 -0.743738 -0.449463 0.316075 0.101181 -0.940942 -0.610276 1.03737 1.04943 0.897948 -0.272792 -0.803491 -1.43698 -0.905828 -0.744378 -0.27343 0.407578 0.29916 -0.641852 0.443899 0.778406 -0.770134 -1.38037 -0.318639 -0.15937 -0.27527 0.843803 
-0.185924 0.165001 0.675718 0.530076 -0.166613 0.450128 0.51807 -0.259675 -0.419756 0.214753 0.278725 0.348044 -1.14492 -1.12107 -0.56925 0.68388 0.386424 -1.06136 0.549632 1.7414 -0.159564 -1.33813 -0.795069 -0.605955 -0.482286 1.01366 -0.180194 -0.038848 0.101961 -0.0894704 -0.69236 -0.138393 0.169579 -0.550459 -0.985503 -0.143588 0.475865 1.83001 1.8606 
-0.669023 -0.124343 1.07934 0.792376 -0.464295 1.40953 1.29166 -0.678859 -1.49723 -0.362944 0.088854 0.889993 1.03236 -0.812318 -0.358463 0.533617 0.0411306 -1.52575 -0.745711 1.18161 0.163621 -0.586413 -0.370837 -0.113176 1.47228 2.19716 0.223709 -0.254118 -0.610121 -0.388429 0.149953 -1.86688 -1.57829 0.793395 1.94189 0.929509 0.414326 -0.353642 -1.15355 
-0.903852 -0.20244 1.34921 0.73103 -1.37396 -0.529462 1.52192 -0.143901 -0.994145 -0.0381077 0.288407 1.78726 1.74857 -0.723876 -0.775083 -0.228185 -0.129926 -0.782353 -2.17073 -0.298914 0.831597 1.28829 0.560372 0.0106998 -0.984064 -0.918066 0.0189731 -0.440945 -0.609319 -0.0536912 1.52739 -0.190153 -1.26831 0.445742 1.20699 0.10549 -0.540708 -2.26525 -1.97129 
-1.31834 -0.895607 1.01211 0.835741 -1.10357 -1.23045 1.13873 0.0663589 -0.460053 0.306993 0.200438 0.0374901 -0.220759 -0.651223 -0.82191 -0.377176 0.0356901 0.165857 -0.958554 -0.471273 0.669213 1.00802 -0.131511 -0.639674 -2.01558 -1.10049 -0.221767 -0.0167025 0.163593 0.0271244 0.127184 1.50538 0.882268 -0.0903545 -0.553999 -0.895694 -0.640631 0.7791 0.961025 
-1.4968 -1.01909 1.13711 0.926972 -1.28866 -1.75705 1.23432 0.448299 -0.197894 -0.0538037 -0.135018 -0.0276237 0.252633 -0.840396 -0.653546 0.0871266 -0.012018 -0.526695 0.152069 0.73608 0.588421 0.409864 -0.556382 -0.635404 0.283589 0.682307 2.21516 1.26866 -0.634868 -0.84871 1.41344 1.66503 -0.915285 -0.706819 -0.424128 -0.0194237 0.466296 1.23184 0.562123 
-2.05805 -1.54907 1.25146 0.987731 -1.54749 -1.16397 1.79447 0.582428 -0.178001 -0.129736 -0.219475 0.36768 0.656342 2.04245 1.072 -1.3285 -1.18319 1.74061 1.603 -1.68293 -0.434985 0.311966 -0.0613775 0.0391877 -0.040713 -0.16643 0.608047 0.369123 -0.0900964 -0.0422527 0.391473 -0.149515 -0.534772 -0.337539 -0.220325 0.33957 0.42999 -0.213963 -0.405554 
