0.361428 -1.26977 -1.84774 -1.63095 0.535517 -1.25801 -0.0874754 1.30575 1.17485 -1.65124 -1.40745 0.449572 -0.123692 1.70964 -1.52523 -3.2028 -1.50299 1.29866 -2.7047 0.9083 3.78991 1.46718 -3.69242 -2.08148 0.794739 -0.769685 0.427894 -0.341988 -0.671346 -0.0788559 0.236605 -0.245242 1.34932 1.27478 -0.888044 -1.26579 1.12346 0.873004 -1.01842 
1.03131 -0.93261 -2.03925 -1.18037 1.1353 -1.58501 0.81708 2.00007 1.34786 -2.1304 -1.26265 0.829428 -0.583155 0.557647 -0.238992 -0.706093 -0.108367 0.337795 -0.247519 1.78509 1.1777 -1.34844 -1.15104 1.35645 1.3249 -1.41561 -2.33071 0.0186828 2.17765 -0.301963 -1.98289 2.50178 0.790705 -3.4607 -2.03137 2.8094 1.4825 -1.00843 -0.613107 
0.636231 -1.42344 -2.22844 -1.64136 0.771682 -1.37147 1.47935 1.90019 -0.135924 -2.28892 -0.575544 1.82254 -1.24502 -0.971791 -1.40269 -0.728365 -1.9278 -1.39849 0.630223 1.92756 0.190468 -1.54788 -0.771769 -0.324651 -0.869601 -1.64012 -1.14987 -0.453497 0.512071 -0.946295 -1.65274 -0.171252 -0.808191 -0.737477 2.22793 2.08443 -1.7633 -2.14718 0.249492 
0.301734 -1.79101 -2.43475 -2.71712 -0.253286 -1.1728 2.50574 2.06328 -0.151235 -2.54531 -1.45496 -0.0474656 -1.89155 -0.737265 -0.589758 -0.0910562 -1.44708 -1.90791 -0.398546 0.612357 0.325446 1.84524 1.04525 -0.506284 -2.1487 -1.12581 0.0579326 1.713 1.87668 2.14535 0.0732005 -1.51269 -2.56425 -0.841415 2.22576 2.62322 1.05381 0.176944 0.638909 
0.0606698 -1.78953 -2.20058 -2.77482 -1.0936 -1.57537 2.04337 2.03603 1.56893 -1.63656 -0.878508 -0.365722 -2.1249 -0.848542 0.418202 1.41008 1.11855 -1.28414 -1.27019 -1.65262 -0.76664 1.64265 1.96285 0.954127 -0.650607 -0.826539 0.141241 1.98649 2.15762 2.87897 1.10135 -0.0571358 -1.12083 -0.93749 -0.498879 0.255251 1.40143 2.52985 1.8924 
-0.346902 -1.54668 -1.4097 -1.69826 -1.53486 -1.89872 1.13296 1.61148 1.36231 -1.35398 -0.868167 -0.699841 -2.52207 -0.516197 1.50527 2.36102 2.63982 -0.38766 -0.400752 -0.988982 -0.728581 1.06409 1.41395 1.16015 1.80862 1.37378 0.814989 1.86987 1.06568 1.34091 0.754639 0.594241 0.591607 0.0479612 -0.895945 -0.96225 0.207164 2.11873 2.74239 
-0.369717 -0.886874 -0.543817 -0.479775 -1.53629 -1.78059 1.23807 1.6047 2.53617 -0.767649 -0.166202 1.50316 -0.922143 0.163621 2.39633 2.64314 3.02393 -0.23798 -0.422928 -0.906311 -0.826547 0.28269 1.11509 1.28876 2.65352 2.81632 1.40201 1.00293 -0.78594 -1.12264 0.175633 0.716411 0.0162922 -1.10733 -2.1868 -0.345849 0.144133 -0.725899 0.390346 
-0.330855 -0.1044 0.434479 0.919014 -1.83749 -2.11722 0.398353 1.12743 1.59173 -0.660599 -0.0775006 2.03525 -0.117412 1.18522 2.6144 1.527 1.05098 -0.133238 0.605838 -1.03139 -1.95394 -2.17753 1.18205 1.4245 0.593169 1.85304 1.39673 -0.723357 -2.73003 -2.94362 1.17278 2.62276 0.665398 -1.23924 -1.78404 0.799317 0.809025 -2.48499 -1.7231 
0.317212 0.687469 0.558912 0.482393 -1.7409 -1.38299 0.396508 0.514007 0.442527 -0.0349386 0.707158 2.12594 0.679917 1.85885 1.77507 -0.361204 -1.14771 1.37995 3.06977 -0.058835 -2.18498 -2.37184 2.02738 2.29457 -1.3568 0.452889 0.135795 -2.04231 -2.20026 -1.06831 2.08754 1.52401 0.0114873 0.35582 0.332665 -0.376148 -0.174889 -0.825226 -1.88886 
0.798442 0.961643 0.282883 0.0366884 -0.626115 -0.24403 0.38843 -0.0875864 -0.685388 0.568631 1.32595 0.658875 0.318065 1.3999 0.671033 -0.885919 -0.460789 2.73553 2.66563 -1.08039 -1.70328 -1.74656 0.919889 1.33308 -0.780094 -0.733354 -1.12284 -1.65672 -0.054684 0.97967 0.218935 -1.65735 -0.609893 1.68464 1.49726 -1.91024 -1.81363 0.803685 -0.910303 
1.14512 1.08491 0.05875 0.176331 0.738979 0.24817 -0.486957 -0.44181 -1.24417 0.543784 1.52483 1.34081 0.127033 0.595674 0.218208 -0.378875 0.245294 1.69358 0.980692 -0.959713 -0.593806 -0.243246 0.232448 0.375703 -0.142028 -0.81729 -1.21789 -0.482494 0.95447 0.2214 -2.25848 -1.93821 0.955399 1.60357 1.28835 -0.57269 -1.16756 -0.0463201 0.249105 
1.09822 1.08485 0.119548 0.322961 0.878745 0.378061 -0.39184 -0.446393 -0.952588 0.743572 1.56034 0.527906 -0.304754 0.0251189 0.291201 0.222997 -0.143283 -0.338457 0.210275 0.164656 -0.193894 0.077508 0.461351 0.134689 -0.915824 -0.444075 -0.66491 -0.071159 0.579096 -0.34734 -1.75273 -0.916449 0.664026 0.54954 0.32953 -0.287783 -0.799464 -0.133606 0.524384 
1.07021 1.25233 0.295236 0.136625 0.342332 0.408876 -0.305772 -0.585423 -1.2085 0.853176 1.61237 0.416526 -0.184828 -0.129817 0.250691 0.310986 -0.243881 -0.688838 -0.14216 -0.114118 -0.147721 0.183161 0.0585726 -0.412208 -0.416439 -0.157749 -0.130732 -0.362643 -0.241692 -0.201058 0.0915653 -0.0393965 -0.220125 0.185419 0.386022 -0.474893 -0.990248 -0.0825666 0.0713891 
0.921564 1.22774 0.414485 0.198863 0.154225 0.327702 -0.449036 -0.565161 -0.817156 0.816384 1.31469 0.115606 -0.378053 -0.073156 0.0315046 -0.00344347 -0.424977 -0.198989 0.231203 -0.201871 -0.115134 0.586262 0.100526 -0.865977 -1.10914 -0.393832 0.233324 -0.515746 -0.665013 0.0147221 0.816423 0.192841 0.0062773 0.223255 -0.094182 -0.25437 -0.226553 -0.399263 0.0605982 
0.930767 1.26247 0.381298 -0.139395 0.0761947 0.582116 -0.438007 -0.686656 -0.692439 0.950631 1.09027 -0.705952 -0.454828 0.199372 -0.162473 -0.388036 -0.21952 0.441802 0.181634 -0.170261 -0.0307917 -0.00807394 -0.0819185 -0.561233 -1.11293 -0.122021 0.04448 -0.503634 -0.301257 0.565213 0.548671 -0.505726 -0.0413369 0.325809 -0.553018 -0.468506 0.549637 0.466401 0.383892 
0.961088 1.12041 0.245064 0.0952018 0.487716 0.471255 -0.554241 -0.621009 -0.862296 0.806676 0.978248 -1.01075 -0.421583 0.0342979 -0.369518 -0.29638 0.380179 0.565526 -0.356017 -0.32329 0.105252 -0.273814 -0.253917 -0.149427 -0.430257 0.0767405 -0.247433 -0.108807 0.231347 0.350552 -0.0171272 -0.358983 -0.423837 -0.102109 -0.0524985 -0.128601 0.327899 0.829491 0.372669 
0.861888 1.02976 0.272765 0.260033 0.525462 0.403682 -0.674068 -0.669298 -0.988503 0.839897 1.00472 -1.13242 -0.332753 -0.0359304 -0.167728 -0.0863905 0.28117 0.432644 -0.214217 -0.816066 -0.242089 -0.138547 -0.0967489 -0.0919575 0.142838 0.333457 -0.158423 0.132057 0.173602 -0.211717 -0.0302552 0.558548 -0.0744289 -0.406912 -0.154787 -0.123547 -0.0993145 0.528958 0.24435 
0.84609 1.0099 0.276026 0.411571 0.812637 0.377743 -1.21168 -0.790556 -1.03063 0.788258 0.927711 -0.849669 -0.0856154 -0.0964907 -0.133336 -0.0591993 0.0833679 0.538417 0.444701 -0.490077 -0.41353 -0.553392 -0.263698 -0.156562 0.34802 0.359624 -0.014262 -0.0678924 -0.162403 -0.481525 -0.172455 0.577238 0.947375 0.474461 0.199006 -0.364961 -0.556199 0.0896846 0.227482 
0.70712 0.940075 0.321789 0.410466 0.949361 0.704781 -1.05275 -0.931098 -1.54856 0.723418 0.914822 -0.760979 0.0250172 0.00255037 -0.131972 -0.224315 -0.398328 0.211091 0.610875 0.417983 0.128257 0.0975955 -0.347736 -0.60859 0.223194 0.593651 -0.273366 -0.341835 -0.0173671 -0.135945 -0.479683 -0.230581 0.833925 0.846703 0.586629 -0.150842 -0.327587 -0.28626 -0.715192 
0.756363 0.921043 0.215364 0.157907 0.930236 0.778359 -0.81387 -0.760819 -0.975996 0.622417 0.562418 -0.606203 0.467143 -0.362242 -0.372175 -0.0352106 -0.105971 -0.103241 0.216301 0.588439 0.332334 0.247786 -0.30075 -0.418256 -0.168929 -0.648122 -0.619359 -0.492179 0.278779 0.207331 -0.69586 -0.973887 -0.240943 0.315498 0.393159 -0.0968324 -0.175554 -0.0887906 -0.624534 
0.377835 0.705752 0.386749 0.402061 0.772821 0.869096 -0.509184 -0.791548 -1.3521 0.585175 0.665489 -0.919526 -0.456853 -0.669456 -0.521512 0.130281 -0.100778 -0.726167 -0.586882 0.0229154 0.338242 0.616754 -0.330825 -0.700743 0.019986 -0.292155 -0.175617 -0.265138 -0.065144 -0.0436597 0.0083688 -0.021223 -0.226681 -0.138646 0.200308 0.294477 0.131223 0.330193 0.835386 
0.225331 0.596281 0.390259 0.153859 0.170784 0.461666 -0.753889 -0.61809 -0.431144 0.46651 0.140981 -0.57107 0.281859 -0.51322 -0.534133 -0.0645585 -0.164417 -0.0775352 0.26093 0.212924 0.0841776 0.485827 0.107135 -0.168304 0.293549 0.429731 -0.0158474 -0.263866 -0.113232 0.630498 1.39184 1.21765 0.151503 -0.416283 -0.143771 0.894752 1.12653 -0.330909 -0.52328 
-0.0505967 0.373347 0.432213 0.344626 0.620336 1.06014 -0.286725 -0.78553 -0.930877 0.686512 0.568439 -0.603931 -0.0406709 -0.632837 -0.682197 0.047249 0.796977 1.1913 1.07338 0.165869 -0.189993 0.353234 0.676819 0.659138 -0.567902 -1.04177 0.251996 0.101208 -0.112451 0.164199 0.106638 -0.551878 -0.0357518 0.823432 0.827798 -0.49258 -0.705595 0.0165046 -0.216543 
-0.281652 0.17421 0.509997 0.90294 1.20562 1.13926 -0.571666 -0.759604 -0.13512 0.902461 0.548049 -1.13865 -0.527994 -0.162107 -0.328874 -0.146718 0.071956 0.0825437 -0.386478 0.0991614 0.806565 1.63855 -0.271362 -0.851537 0.257635 0.0926914 0.891487 0.693477 -0.540629 -1.21127 -0.996838 -1.2496 -0.6002 0.684098 0.574516 -1.69705 -2.5773 0.681446 1.88128 
-0.248454 0.165247 0.423099 0.485485 0.617646 0.863462 -0.161545 -0.390796 0.578806 0.565531 0.0551308 -0.325155 0.0946945 0.469148 0.116743 -0.512915 -0.917559 -0.157519 -0.483939 -0.72172 0.391834 1.13675 -0.905114 -2.11134 0.45265 1.44286 0.129968 -0.130762 -0.324875 -0.196081 0.475392 -0.00675767 -1.79061 -1.53248 -1.00538 -0.213467 -1.01709 -0.698934 0.493054 
-0.0649672 0.235974 0.25762 0.213692 0.978293 0.884222 -1.14843 -0.588037 0.900741 0.409234 -0.732794 -0.659944 0.732313 0.0457246 -0.356137 -0.466021 -0.202678 0.746857 -0.322985 -2.42042 -0.847686 0.11908 -0.370985 -1.88213 -0.914974 0.710093 -1.06582 -0.723746 0.624926 0.694667 -0.275802 0.182244 0.46859 -0.62859 -1.20457 0.589942 1.48089 -0.350198 -1.15976 
-0.309829 -0.0593638 0.201873 0.395952 1.2366 0.704811 -2.19087 -0.886215 0.65373 0.386034 -1.08606 -1.24857 0.744471 -0.727082 -0.504916 0.228109 0.0712114 -0.520389 -0.173966 -0.144057 -0.350576 -0.673089 -0.202018 -0.356297 -0.165884 -0.162857 -0.666843 -0.0328717 0.660819 -0.171882 -1.37212 0.588673 3.17414 1.38731 0.0252649 0.28255 1.50594 0.599142 -0.48792 
-0.633842 -0.078737 0.497502 0.353927 0.411402 0.814815 -1.23122 -0.815961 0.227662 0.328983 -0.944379 -0.81537 0.654759 -0.682036 -0.285276 0.315073 -0.44299 -1.11512 0.517019 1.8664 0.443542 0.101962 0.0249824 -0.0991484 -0.0251872 0.00803892 -0.319321 -0.314232 0.166842 0.370594 -0.105631 -0.00290559 1.26313 1.15219 0.738604 -0.0124849 0.12136 0.252012 0.656539 
-0.849122 -0.241061 0.499525 0.104821 0.113176 1.04922 -0.554513 -0.686824 0.712491 0.439117 -1.14098 -1.25975 0.809305 -1.04679 -0.716085 0.457742 0.600328 -0.650567 -0.105449 1.52287 0.703461 0.349621 -0.100832 -0.117344 0.172379 0.67444 -0.64805 -0.787763 0.240095 1.04369 0.299106 -0.842787 -0.482779 0.170647 -0.252734 -0.425964 0.268199 0.506495 0.432949 
-1.41267 -0.521332 0.889928 0.938038 -0.277306 0.786441 0.111377 -0.476707 0.520275 0.308166 -1.01038 -0.624 1.27483 -1.38773 -0.971105 0.626484 1.04083 -0.69186 -0.509768 1.13979 0.5074 -0.320393 -0.286956 0.303553 0.7174 0.544597 0.658438 0.541937 -0.258902 -0.346213 -0.177549 -0.697689 -0.723103 -0.148173 -0.648937 -0.755268 0.253642 0.762108 -0.359093 
-1.85184 -0.838096 1.00405 1.05847 -0.614172 0.778707 0.460516 -0.45307 0.372445 0.308977 -0.950554 -0.509608 1.32119 -0.218448 -0.0690474 0.21209 0.112752 -0.879085 -0.943012 0.466786 0.445695 -0.650274 -0.741791 0.269124 1.32109 0.145664 0.71835 0.275722 -0.644335 -0.78489 -0.203886 -0.561803 -0.302642 0.476607 0.292492 -0.656124 -0.274828 0.71194 0.075914 
-1.64752 -0.572081 1.11917 1.11312 -1.17985 0.25647 0.550915 -0.276157 -0.131261 -0.08913 -0.84093 0.745052 1.45433 -0.489038 -0.590916 -0.0494543 -0.0689513 -0.956392 -1.17012 0.660137 0.879911 0.0520238 -0.828856 0.100693 1.7864 0.600925 -1.16738 -1.66971 -0.298085 -0.155685 -0.0883831 0.19797 0.299061 0.191853 0.53257 0.126632 -0.901488 -0.677141 0.229547 
-2.26439 -1.20489 1.05954 1.08112 -1.58906 0.112727 1.06539 -0.018868 0.384053 -0.139459 -0.883718 1.3365 1.88001 -1.53393 -1.63892 -0.0773055 -0.104586 -0.985678 -0.612529 0.812033 0.530946 0.0721018 -0.501607 -0.63256 0.183103 0.408636 3.42468 2.48552 -1.54242 -0.930095 1.99334 0.652942 -1.37754 -0.657775 -0.250448 0.887997 1.10943 -1.91474 -2.14218 
-2.74625 -1.57354 1.15617 1.10588 -2.18215 -0.0755824 1.28568 -0.0297336 -0.100695 -0.34535 -1.22083 0.947416 1.85294 3.58735 2.00433 -1.72799 -1.38468 1.78356 -0.246301 -1.29315 0.108059 -0.366998 0.172038 1.4415 -1.3179 -2.32619 1.25936 1.53146 0.0303921 0.0712842 0.710411 0.414244 -0.545088 -0.41897 -0.012455 0.38828 0.474321 -0.0761366 -0.269773 
