0.546694 -1.06842 -1.83098 -0.370542 1.35158 -1.33408 -1.38517 1.37988 0.746475 -1.79657 -0.720509 0.361068 -1.70851 1.50493 -1.11276 -2.80675 0.149139 1.47416 -3.43747 -1.36696 3.3814 0.436067 -3.6638 -0.999088 1.27843 -2.11103 -0.200761 -0.439976 -0.266841 -0.100731 -0.344517 -0.452026 0.651875 1.3097 0.67217 -0.250337 -0.187226 -0.422893 -0.544647 
0.891085 -0.725454 -1.6808 0.164003 1.23163 -1.84737 -1.36343 1.68075 0.356841 -2.20766 -0.650304 1.14644 -1.46785 -0.192685 -0.423972 -0.285696 -0.164224 -0.445756 -0.561133 1.04003 1.29999 1.04897 -0.184195 -0.14155 -0.665164 -0.75763 -2.43833 -0.221207 1.58438 -1.6004 -2.3267 3.36542 2.22815 -2.60831 0.78308 3.69959 -0.0688688 -2.22122 1.17521 
0.345284 -1.34437 -1.92859 -0.532127 0.864707 -1.58912 -0.214458 1.99047 1.64857 -1.85312 -0.822136 -0.245351 -2.17473 -1.18338 -1.29321 -0.829832 -2.2186 -1.41093 1.17064 2.1704 0.604551 1.65715 0.668586 -0.999985 -2.14788 -0.398649 -0.407709 0.0610361 0.188861 -0.853715 -0.899343 0.617996 0.000863959 -1.50346 -1.46623 -0.304559 -0.411094 0.62009 0.791701 
0.0521145 -1.56867 -2.12012 -2.1321 -0.119161 -1.1437 0.997363 1.93378 1.79999 -1.73701 -1.30118 -0.797187 -1.6684 -0.616185 -0.290236 -0.0144207 -1.43484 -1.5743 0.326666 1.04864 -0.32722 -1.22044 -0.43039 -0.549138 0.271063 0.403962 0.468373 1.00373 1.07571 1.2837 -0.209904 -2.04177 -2.02162 -1.08873 -1.54738 -0.53461 1.64159 2.53029 0.136137 
-0.128669 -1.53304 -1.85584 -2.01389 -0.632316 -1.35267 0.965321 1.76442 0.531742 -2.06187 -1.18455 -0.00741668 -1.78127 -0.629762 -0.110093 0.525374 -0.348626 -1.69103 -1.54318 -1.02528 -0.59112 -0.738189 0.159336 1.03178 1.72126 -0.178558 -0.376239 -0.101148 0.398241 0.456709 -0.100856 -0.619151 -0.716976 0.0464328 1.90765 1.89745 1.77261 0.809824 0.357664 
-0.430575 -1.63978 -1.70839 -2.48528 -1.72067 -1.94239 -0.006331 1.57205 1.11218 -1.58118 -0.652081 0.748634 -1.70606 -1.00459 -0.337037 0.512764 -0.779993 -1.7202 -0.460773 -0.0800388 -0.341711 1.74577 1.84132 1.63833 1.49861 0.942204 0.482413 1.75766 1.79899 1.44408 1.10881 1.94999 1.41707 0.190974 1.25587 1.23409 -0.0367834 -0.0752602 1.44907 
-0.852575 -1.75225 -1.45203 -2.81526 -2.25993 -1.55214 0.956795 1.53092 2.05373 -0.866225 -0.147358 1.3376 -0.98947 -0.0604825 1.91227 2.76459 1.757 -0.348274 1.14829 1.22708 -0.455209 1.21658 1.67252 1.06901 1.58985 1.92713 2.61394 3.5731 2.12792 2.90218 2.78214 0.967661 -0.874767 -1.6575 -1.74537 -0.310206 -0.788935 -1.14776 0.843856 
-0.546907 -0.391095 0.109542 -0.65069 -2.12028 -1.25109 1.36131 1.2802 2.16338 -0.489892 0.0208432 2.17594 -0.185321 1.94205 3.70619 3.15402 3.46808 1.68181 0.900512 -1.45872 -2.12922 -0.956825 1.58867 0.781726 -0.279507 2.1787 2.32764 0.220724 -2.11203 -0.134533 2.47282 -0.233125 -2.37084 -1.87472 -2.27603 -0.0121032 1.08822 -1.67349 -0.883228 
0.319819 0.667153 0.610448 0.797145 -0.842429 -0.99801 -0.503236 0.378377 1.17141 0.173223 0.341753 1.07899 0.717447 2.56684 2.22376 0.223652 1.54311 2.67308 0.883575 -2.52187 -2.46873 -2.30949 1.76074 2.44317 -0.995466 0.68324 -0.258195 -2.66245 -3.31387 -2.29173 0.0570067 -0.122564 0.386421 1.11414 -0.653505 -0.726457 1.45351 -0.0279944 -2.50428 
1.02757 1.06087 0.331795 0.961662 0.184493 -0.706335 -1.21804 -0.0469158 0.0777034 0.655932 1.57299 1.27163 0.414826 1.68531 0.808251 -0.855838 0.0845397 1.73018 0.785508 -0.839252 -1.03272 -1.96505 0.860049 2.58998 -0.338345 -1.39329 -1.53586 -1.70875 -0.757695 -1.40173 -1.50634 -0.026724 1.54781 1.98792 0.775465 -1.7586 -1.77677 0.494064 -1.1392 
1.32699 1.19535 0.154797 0.894029 0.618371 -0.507545 -1.31108 -0.210404 -0.60784 0.762235 1.98784 0.767322 -0.219219 0.885074 0.387438 -0.66198 -0.532717 0.79755 0.89835 -0.0623877 -0.463028 -1.10023 -0.148097 0.412644 -0.252738 -0.928267 -1.12903 -0.543897 0.294913 -0.628958 -1.06843 0.208388 0.613277 0.871608 1.24966 -1.43493 -3.04984 0.830655 1.11244 
1.51974 1.31445 -0.00211539 0.41721 0.810497 -0.153401 -1.20798 -0.342788 -0.932182 0.621702 1.82595 1.03717 -0.177682 0.457302 0.268598 -0.454942 -0.855829 0.393555 1.11865 0.139627 -0.188582 -0.019921 -0.678679 -0.953424 0.921182 0.228942 -0.879423 -0.512568 0.293077 0.114528 -0.0461163 0.276578 -0.0256564 0.0843687 0.942927 -0.204043 -1.39321 0.239702 0.862506 
1.54387 1.37138 -0.0490965 0.0138604 0.882762 0.167348 -1.08834 -0.365169 -0.656658 0.399996 1.36675 1.59158 0.0447085 -0.0645432 -0.117341 -0.263329 -0.380652 0.719016 1.32383 -0.0957914 -0.438045 0.368908 -0.279357 -1.16207 0.0994431 0.335013 -1.04963 -0.753092 0.493057 0.88999 0.14348 -0.273561 -0.214748 -0.47869 -0.00890783 0.998096 0.300744 -1.43685 0.291393 
1.4008 1.23861 -0.0856788 0.0307545 1.36621 0.635078 -1.23309 -0.625815 -0.635088 0.506327 1.07137 1.12032 0.164747 -0.682157 -0.503923 0.18813 0.435651 0.548345 0.79918 -0.193361 -0.749485 -0.0278516 0.564659 -0.515083 -1.30081 0.672007 -0.769369 -0.473794 0.554294 0.792338 -0.459575 -0.897212 0.0699188 -0.0367527 -0.682376 0.496955 0.992207 -0.46007 0.131842 
1.02747 1.04325 0.15085 0.475551 1.2857 0.665382 -1.21617 -0.808324 -0.712532 0.806396 1.02613 0.411887 0.636542 -0.891414 -0.578957 0.454589 0.767344 0.131666 0.159864 0.0222278 -0.539094 -0.684116 0.390947 0.0979888 -0.622803 0.548935 0.254737 0.348722 0.0686714 -0.407299 -0.920662 -0.450478 0.580999 0.492711 -0.75781 -0.575695 0.585345 0.443668 -1.19634 
0.749724 0.861516 0.2816 0.837078 1.39618 0.779188 -1.13395 -0.960797 -1.27479 0.805337 1.12301 0.552108 0.665497 -0.366811 -0.0499449 0.312506 -0.179025 -0.606432 0.240143 0.73438 -0.299605 -1.19793 0.00843013 0.26147 -0.635463 -1.02156 0.81918 0.584219 -0.486136 -1.1542 -0.845728 -0.116684 0.440642 0.780309 0.573242 -0.448425 -0.798025 -0.708961 -1.04692 
0.713997 1.01139 0.428902 0.298589 0.655012 0.853934 -0.367257 -1.02017 -1.80934 0.868932 1.18236 -0.167746 -0.0250124 0.0534717 0.137167 -0.099135 -0.944779 -0.930895 0.0528226 0.727595 0.210043 0.211338 -0.0197541 -0.769418 -1.72719 -0.930041 0.0212578 -0.335829 -0.471276 -0.151281 0.49232 0.16204 -0.248979 0.410808 1.17205 -0.0047758 -0.839233 0.00574939 0.883385 
0.706727 0.951767 0.301148 -0.13551 0.475065 0.864039 -0.292178 -0.910608 -1.11788 0.85045 0.619654 -1.01212 0.0716766 -0.311872 -0.357984 -0.223056 -0.417523 -0.0223504 0.510526 0.347158 0.0650507 0.626746 0.105025 -0.654906 -0.642492 0.271703 -0.446837 -0.351284 0.275058 0.835265 0.781102 0.190659 -0.0924528 -0.0920142 -0.2078 0.0366027 0.657848 0.854733 0.406873 
0.435885 0.778509 0.37063 -0.126176 0.547129 1.19217 0.0739807 -1.04453 -1.28287 0.991183 0.752277 -0.753718 0.270562 -0.413669 -0.188076 0.277493 0.266291 0.00857134 0.361958 0.588364 0.051492 -0.105235 0.124155 0.0932962 -0.430696 -0.321128 0.220343 0.278307 0.286675 0.558848 0.00669771 -0.868276 -0.3574 0.564341 0.321226 -0.270648 0.126968 0.10506 -0.669175 
0.363103 0.829764 0.557213 0.150214 0.394859 1.12003 0.403006 -0.941939 -1.24259 0.984528 0.668288 -1.40708 -0.0714955 -0.0348867 0.0176101 0.16777 0.387397 -0.0358899 -0.614256 -0.211837 0.589464 1.13112 -0.102395 -0.423076 -0.497039 -0.664771 -0.0415276 -0.376912 -0.311881 0.185906 0.219829 -0.82799 -0.772374 0.575413 0.915784 -0.521045 -0.756908 0.641222 0.420639 
0.336025 0.790737 0.557791 0.285379 0.427126 0.907727 -0.0733061 -0.799262 -0.307691 0.985206 0.470522 -1.20851 -0.126936 -0.428757 -0.541848 -0.0632528 0.523233 0.257318 -0.708272 -0.628089 0.587426 1.32178 -0.369584 -0.725248 0.537978 0.307556 -0.167318 -0.392228 -0.476623 -0.609877 0.0236718 0.55832 0.0170367 -0.446162 -0.145757 -0.080112 -0.560831 0.211786 0.865713 
0.00976938 0.476889 0.599295 0.702904 0.537306 0.783538 -0.18252 -0.697717 -0.0977985 0.813373 0.193195 -0.928425 0.250613 -0.190272 -0.35321 -0.374328 -0.524935 -0.0285405 0.192734 -0.177601 0.0624085 0.910825 -0.0919447 -1.00861 -0.18772 0.603114 -0.129289 -0.00607792 0.00979302 -0.450916 -0.646335 0.100636 0.423441 -0.195834 -0.639783 -0.113327 -0.21786 -0.762536 -0.536824 
0.136168 0.560967 0.404522 -0.250987 0.313702 1.07003 -0.184548 -0.82498 0.471507 0.98569 -0.185873 -1.38434 0.41391 -0.541727 -0.48282 -0.0108393 -0.155531 -0.559863 -0.521037 0.0500264 0.320847 0.334852 -0.397113 -0.903201 -0.648673 -0.438839 -0.80715 -0.469446 0.689204 1.19128 -0.101033 -1.10253 -0.0792895 0.375417 -1.44151 -1.4457 -0.154989 0.553538 -0.156312 
-0.416266 0.162536 0.674291 0.550352 -0.0517023 0.550701 -0.0541106 -0.590558 0.168999 0.6252 -0.395758 -1.51997 0.0203247 -1.05928 -0.809987 0.50848 1.20924 -0.174657 -1.24926 -0.295977 0.390239 -1.32023 -1.64298 -1.11185 0.646323 0.403199 0.01351 0.197222 0.277204 0.276197 0.117344 0.0902911 0.218723 0.28343 -0.0114923 -0.465943 -0.266208 1.19205 1.63661 
-0.622937 0.033104 0.805643 1.01447 0.0694897 0.434055 -0.42042 -0.682143 -0.734104 0.0273127 -0.908323 -0.807969 0.806803 -0.495429 -0.197487 0.368412 0.234079 -0.437238 -0.347811 0.4038 0.552961 0.322911 -0.827844 -1.13861 1.16573 1.93619 -0.0614318 0.00589631 -0.264663 -1.09894 -0.704439 1.13992 1.55536 0.623376 1.07552 1.17019 0.90723 0.267137 0.0773183 
-0.812506 0.0343912 0.987451 0.802608 -0.530949 0.413762 0.446761 -0.364058 0.425172 0.170747 -1.13533 -0.475163 1.54777 -1.09657 -0.73763 0.225446 -0.421683 -1.06334 0.345287 2.17548 0.97608 0.354651 -0.202864 0.0472269 1.04063 0.538816 -0.384308 -0.720627 -0.502128 -0.293949 0.188512 0.569946 0.567592 -0.101072 -0.606442 0.331541 0.91589 -0.676848 -1.55016 
-1.40604 -0.447539 1.02902 0.585386 -0.97018 0.680814 1.94572 -0.238094 -0.449693 -0.0407747 -0.889165 0.124012 1.30006 -0.892829 -0.933869 -0.204859 -0.214047 -0.227031 0.474923 1.3103 0.384985 -0.612278 -0.346686 0.0307534 0.110648 -0.265531 0.619836 -0.0336466 -0.53622 0.489437 1.26705 -0.582715 -1.91378 -0.889548 0.170943 0.254807 -0.26691 -1.28289 -0.855437 
-1.46449 -0.574318 0.940606 0.589257 -0.822041 0.732287 1.90202 -0.223922 -0.150622 0.0137482 -1.12671 -0.381903 1.44574 -0.374016 -0.709291 -0.389493 0.281249 0.474143 -0.392814 -0.84934 -0.0123363 0.625814 0.190553 -0.189017 -0.944964 -0.665163 0.71506 0.558126 -0.0287535 0.263522 0.446986 -0.613886 -1.34692 -0.517801 0.508785 0.432931 0.0857878 -0.760738 -0.879192 
-1.72414 -0.909688 0.866231 0.886652 -0.633656 0.518962 1.12725 -0.302242 0.0759525 0.134351 -1.02116 -0.734751 0.902276 -0.0640707 -0.24679 -0.199558 0.156939 0.301262 -0.305386 -0.816432 -0.216615 0.183151 0.250409 0.213647 -1.07324 -1.50362 0.679794 0.936575 0.181376 -0.521339 -0.264274 0.746031 0.481378 -0.464913 -0.819565 -0.260053 0.124102 0.663647 0.341688 
-1.58313 -0.734638 0.89709 0.761364 -0.640261 0.618834 1.1182 -0.393101 -0.0187821 0.225877 -1.00108 -1.35635 0.427418 0.415409 0.399063 -0.127365 -0.50099 0.127137 0.668359 -0.0794328 -0.558903 -0.6401 -0.00475196 0.0394072 0.0581405 -0.149867 -0.346487 -0.265469 -0.120185 -0.65352 -0.89197 -0.117652 0.417576 0.233044 -0.265767 -0.65538 -0.329788 1.80342 1.7762 
-1.53422 -0.648523 0.86805 0.375164 -0.607734 0.944573 1.11936 -0.647409 -0.524593 0.188738 -1.00701 -0.688845 0.885852 -0.419288 -0.476508 -0.306008 -0.819518 -0.818207 -0.413739 -0.147608 -0.0369296 -0.223375 -0.396937 -0.0973199 1.67987 1.07187 1.84487 0.474115 -1.16641 0.100333 0.545885 -1.86544 -0.670914 1.91565 0.811209 -0.433185 1.23766 0.474635 -0.835096 
-1.93037 -1.04487 0.786725 -0.0810766 -1.46051 0.445398 1.03853 -0.469893 -0.248599 0.0378129 -1.0744 0.15214 1.31518 2.50428 0.992623 -1.51254 -0.369784 0.777138 -1.80669 -1.13514 1.37161 0.624632 -0.398027 1.59116 0.771037 -1.32463 0.347931 0.368962 0.217278 0.568783 0.682567 0.267907 0.0885948 0.0958501 0.140148 0.257885 0.0137791 -1.08377 -0.76345 
