-1.27934 -1.54991 -1.03815 -1.43765 1.31352 3.18753 1.85069 -2.13096 -0.781956 0.555124 -0.838482 -0.889367 1.32575 0.969387 -0.3987 -2.47721 -2.40018 2.18979 2.92002 0.105237 -1.35754 -0.736708 -0.826255 -2.23548 -1.493 0.341803 1.5382 0.654922 -1.37766 -0.0502819 0.248429 -1.36374 -0.758979 1.57738 1.11328 -2.45438 -1.29344 0.168922 -0.410471 
0.851753 -0.3134 -1.41994 -1.33878 2.70308 2.74735 0.0816018 -1.49272 -0.554782 -0.785472 -1.32784 -1.10075 0.401497 2.2468 0.927372 -1.27042 -0.00927755 0.302862 -1.98476 -1.24407 2.38649 1.56221 -3.06642 -1.47115 0.259975 -0.706201 -1.07048 -0.831623 1.30173 1.49162 -2.30351 -3.53114 0.528001 2.84428 2.56905 -0.369174 1.40334 1.02375 -0.52265 
0.747294 -0.810425 -1.73584 -1.35537 1.61337 1.05971 0.310278 0.785802 0.505776 -2.31179 -1.69374 -0.594381 0.433068 -0.515484 -1.39137 -1.14057 -0.612995 -1.33789 -2.06631 0.936766 2.9025 2.78419 -1.25638 -0.549475 0.166606 -0.543977 -1.63413 -0.792009 1.24629 -0.371823 -0.869684 0.890961 1.02156 -1.14926 -0.56246 2.57993 0.951819 -1.53196 -1.22464 
0.337818 -1.41497 -2.03991 -1.61534 0.913251 0.538474 1.16279 2.03178 1.71233 -1.9706 -1.61323 -0.880104 -0.290855 -0.0443486 -0.0141356 0.0122793 -0.393182 -1.07261 -0.847058 0.383454 0.740694 0.869761 0.231958 -0.313749 -2.26494 -2.71574 0.413834 1.75723 2.21569 0.333703 -0.172805 0.803403 -1.42018 -2.47823 -2.29669 1.66732 0.514187 -0.875433 -0.540798 
0.666678 -0.818485 -1.66585 -1.50128 0.161422 0.0627263 0.726327 1.76425 1.23853 -2.11403 -1.83338 -2.30976 -2.9412 0.122932 0.959757 1.08536 -0.174892 -1.66732 -1.04986 -1.37366 -0.708631 -0.241606 0.8882 0.0955829 -1.28337 -1.45881 -0.587953 -0.186563 0.631878 -0.0451661 -0.431699 -0.132097 -1.15012 -0.892529 -0.131899 1.25983 1.43213 2.56848 2.7356 
0.411056 -0.649769 -1.3277 -1.6315 -1.29614 -0.660089 -0.533407 1.3033 1.55436 -1.16309 -1.49979 -1.81394 -2.11293 -0.838971 -0.173639 0.69715 -0.3965 -1.79064 -1.12615 -1.49143 -0.525433 0.756618 1.86136 1.40595 1.92389 1.61437 -0.578851 -0.448886 0.693808 1.8538 1.50033 1.18207 1.5194 0.380151 0.291181 0.028368 0.45991 1.61598 2.45751 
-0.14478 -0.953189 -1.18598 -1.64916 -2.20503 -1.21167 -1.11144 1.25154 1.8806 -0.402317 -0.909745 -0.689946 -0.968209 -0.65867 0.461433 1.83049 2.03427 0.514699 0.490983 1.05675 -0.0926584 0.214491 0.960678 0.677097 1.34592 2.42612 1.73123 2.23244 1.54508 2.8584 2.70135 1.75733 0.685242 -0.65339 -1.78403 -0.33491 -0.152519 -1.49 -0.440535 
-0.234573 -0.280233 -0.169549 -0.334627 -0.726481 -0.327109 0.692018 1.30028 1.76193 -0.288242 -1.02679 -0.654317 0.862489 1.68395 2.79128 2.27057 2.98312 2.19414 1.21136 -0.40631 -1.43791 -1.57941 1.47455 1.27049 -0.532336 0.860042 1.69793 1.20757 -1.10695 -0.857555 0.39738 -0.130544 -1.82478 -0.989068 -1.47003 0.437129 1.41258 -0.523985 -2.14159 
1.36418 1.26622 0.235552 0.211673 0.50358 -0.162659 -1.64478 -0.335833 0.650419 0.949991 -0.0698627 -1.02581 0.0732603 1.81663 2.10261 0.823469 1.08444 1.04114 0.214036 -1.9062 -1.50155 -1.69907 1.54994 2.37391 0.47138 -1.0513 -1.39655 -2.12537 -1.81214 -2.29654 -1.65695 -0.944813 0.243688 0.745341 0.742899 -0.758006 -0.041051 1.20119 -0.514551 
1.39642 1.39238 0.38592 0.397705 0.513657 -0.269404 -1.64435 -0.362042 0.435847 1.13412 0.495326 -0.191008 -0.45635 -0.267351 0.127576 0.577396 0.356733 -0.363046 -0.193241 -0.0333119 -0.281876 -0.515542 0.552827 1.26553 1.41779 -0.0127728 -1.67146 -1.70321 -0.216185 -0.760637 -1.16063 -0.349241 1.42075 0.955673 0.791387 -1.45757 -1.94306 -9.85751e-005 0.90894 
1.07846 1.37067 0.64375 0.511486 -0.0446702 -0.509772 -1.72973 -0.561701 0.272895 1.44589 0.76695 0.191045 0.0368917 -0.527927 -0.015819 0.683169 0.247528 -0.771048 -0.365776 0.365125 -0.0344693 -0.569962 -0.256223 0.142245 0.454613 0.35465 -0.368946 -0.43773 -0.122338 -0.0375322 -0.0174164 0.181713 0.860217 0.351458 -0.212056 -1.07534 -1.23095 -0.853463 -0.215517 
0.871036 1.38299 0.857422 0.632612 -0.55423 -0.78801 -1.25033 -0.29653 0.0147075 0.878291 0.63762 0.258951 -0.0389882 -0.748687 -0.356338 0.52841 0.36231 -0.459228 -0.0377524 1.334 0.291665 -0.736535 -0.770096 -0.132464 0.0037893 -0.406888 -0.051312 -0.400554 -0.681529 -0.116558 0.722141 0.881067 1.00044 0.0653067 -0.37299 -0.321184 -0.157551 -0.276992 -0.525373 
0.350044 1.09091 1.02263 0.814614 -0.71542 -0.702335 -0.171013 -0.112089 -0.281748 0.712593 0.739393 0.282054 -0.486169 -0.554893 -0.451717 0.0900872 0.161032 0.242873 0.758226 1.95859 0.115897 -1.00749 -0.625677 0.000892336 -0.0155188 -0.53549 0.665746 0.158983 -1.21124 -0.899574 0.61505 0.616972 -0.639435 -0.535489 0.155507 0.896756 0.430746 0.123605 0.292392 
0.320854 1.02749 0.973974 0.816108 -0.330775 -0.1894 1.05921 -0.0539257 -0.757095 0.279185 0.692517 0.334586 -0.720859 0.250085 -0.0695292 -0.580089 -0.636477 0.393944 0.720513 0.282731 -0.446454 -0.462983 0.400269 0.414908 0.189565 0.0120715 0.534477 0.135367 -0.896708 -0.613271 0.25283 -0.190134 -1.80543 -0.617904 0.113022 0.398211 -0.0278527 0.118993 0.73911 
0.540229 1.03887 0.738094 0.524104 -0.299559 -0.14121 0.123956 -0.531786 -0.617148 1.06674 1.05027 0.520979 -0.491857 0.2561 -0.195411 -0.712366 -0.504184 0.55234 0.398756 -0.973147 -0.744101 -0.791096 -0.0856132 0.0113791 0.162707 0.598588 -0.364807 -0.482449 0.0430372 0.805446 0.489169 -0.156306 -0.721955 -0.143065 -0.433915 -0.759457 -0.506882 -0.0859449 0.157633 
0.516571 0.8755 0.61027 0.604228 0.286821 0.0519104 -0.155524 -0.824173 -1.35547 0.181877 0.753897 0.552127 -0.00225942 -0.225331 -0.611203 -0.468164 0.351253 1.05816 0.40789 -0.901627 -0.604237 -0.982481 -0.523286 -0.135409 0.0322396 0.215305 -0.37451 -0.146299 0.616439 0.587975 -0.26268 -0.369811 0.261868 0.360735 0.510701 0.326769 0.296941 -0.0222428 -0.287927 
0.293157 0.556742 0.520541 0.82066 0.962261 0.109179 -1.0048 -1.13731 -1.36891 0.56277 1.0209 0.63464 -0.246573 -0.233196 -0.302909 -0.0425177 0.230171 0.0880072 -0.209544 -0.570829 -0.156841 -0.0396407 0.364129 0.402104 0.109683 0.0885577 -0.401956 0.115579 0.797507 -0.47559 -1.2738 -0.412067 1.21212 0.691986 1.03804 0.22902 -0.382998 0.0214454 0.28624 
0.262266 0.638158 0.64746 0.828818 0.313037 -0.311407 -0.886628 -0.902783 -1.35157 0.502444 1.05686 0.727449 0.0865049 -0.753887 -0.380455 0.377864 -0.153551 -0.923892 -0.258928 1.03323 0.472892 0.478498 -0.197127 -0.540694 0.0507473 0.624416 -0.82395 -0.557489 0.33593 -0.256408 -0.373181 0.373872 1.16044 0.377952 0.686375 -0.367792 -1.10205 -0.0470856 0.372652 
-0.440046 0.257829 0.809323 0.817181 -0.30029 -0.303224 0.192348 -0.47426 -0.94974 0.361849 0.740934 0.763037 0.503921 -1.36541 -0.941506 0.354394 -0.0192638 -0.542191 0.21206 1.28068 0.45588 0.948178 -0.0642521 -0.844984 0.0159826 0.635999 -0.229931 -0.607007 -0.655854 0.101208 0.692203 0.438064 0.0186734 0.0111275 0.0127899 -0.372928 -0.401108 -0.218832 -0.223217 
-1.03337 -0.106223 0.922195 0.905154 -0.463374 -0.255666 0.607985 -0.259768 -0.555968 0.424983 0.588758 0.828166 0.851304 -1.03636 -1.08301 -0.190236 0.0136728 0.0450901 0.251573 1.04333 0.543136 0.560029 -0.632001 -0.96718 -0.324158 0.217975 0.726298 0.0942184 -1.13349 -0.35985 0.323925 -0.315553 -0.734594 -0.0385685 -0.621837 -0.218444 1.06473 0.695935 -0.00598465 
-1.43305 -0.598905 0.758106 0.913094 -0.328733 -0.208208 1.40164 0.27152 -0.465227 -0.243133 0.197277 0.592931 0.752502 -0.280016 -0.738348 -0.678451 -0.389219 -0.126008 -0.321099 0.0759384 0.452631 0.175837 -0.303815 0.444593 1.13885 0.57731 0.385076 0.148218 -0.575346 -0.581753 -0.060578 -0.177754 -1.07858 -0.636329 -0.698576 0.666653 1.3927 0.773564 0.0574334 
-1.33074 -0.6893 0.57879 0.761604 -0.70973 -0.729865 0.654366 0.37942 -0.379373 0.124934 0.917992 1.82292 1.54363 -0.439086 -0.810106 -0.680001 -0.614821 -0.11588 -0.0907522 -0.716183 -0.344109 -0.315562 0.247451 0.70636 0.925813 0.260806 -0.493885 -0.25966 0.322517 0.0315602 0.155832 0.55666 0.0496634 -0.382578 0.208912 0.229803 -1.11636 -1.21353 -0.679791 
-1.87672 -1.23896 0.413773 0.635455 -0.562189 -0.453451 0.495808 -0.0276427 -0.682473 -0.0309764 0.68836 1.41806 1.05398 -0.940075 -0.992265 -0.29459 -0.303142 0.0378616 0.353642 0.13602 -0.0593553 0.521245 0.023334 -0.819249 -0.864699 -0.560025 1.73121 1.76916 -0.191236 -0.55903 0.462851 0.57702 0.223904 0.151265 0.786539 -0.183194 -1.66623 -1.71056 -0.654982 
-2.23519 -1.47398 0.465118 0.669214 -0.74738 -0.533396 0.772973 0.415623 0.074056 0.128853 0.4658 1.22243 0.831457 2.08381 1.55644 -0.796026 -1.21684 0.508836 0.612185 -0.375093 -0.0666235 0.807026 0.0524543 -1.20122 -1.89153 -0.836814 0.624714 0.705164 0.23077 0.217867 0.0214374 -0.185926 -0.0719301 0.00376454 -0.435214 -0.0474157 0.662979 0.538258 0.380513 
