0.895683 -0.97705 -1.82235 -2.21057 -1.09857 -1.72758 -1.7008 1.05691 -0.419544 -2.3641 -2.59766 1.54457 0.227851 2.85518 0.399132 -3.18559 -1.8347 0.237678 -3.56529 -0.464632 3.41085 -0.59765 -4.28155 -1.00335 1.78891 -1.04406 0.974194 0.829634 -0.0468929 1.34192 1.6625 0.725548 1.59229 2.12191 1.47849 0.77035 1.59499 -0.10395 -1.37437 
2.19555 0.279132 -1.77688 -1.28439 0.229997 -1.62787 -0.418739 1.56298 -0.586656 -2.2774 -0.833102 1.59726 -0.774597 1.28131 1.10959 -0.00659859 1.87645 2.22866 1.01291 2.48951 2.19599 2.29341 1.03493 2.49436 -0.203643 -1.74513 -2.84924 -1.38054 2.35613 1.42669 0.0208185 3.41379 1.34026 -2.25506 1.70404 4.18962 0.483441 -2.42839 -0.458746 
1.83804 -0.193993 -1.75016 -0.724031 1.02509 -1.19241 1.20762 2.05151 1.69546 -1.74154 -0.331257 1.35105 -1.08522 -0.86971 -1.29051 -0.172471 0.157918 0.30038 0.902512 1.62551 0.899568 2.04216 0.816085 -0.19803 -1.92841 -1.63492 -1.56569 -1.84124 -0.353776 -2.00816 -2.19784 -1.07971 -2.15836 -2.69783 -1.78089 -0.990478 -2.45065 -0.981302 0.844549 
1.42514 -0.640192 -1.80118 -1.08098 0.519631 -1.14486 1.51659 1.95104 1.29356 -1.77423 -0.952563 -0.146385 -2.00303 -0.762954 -1.16354 -0.398838 -0.838041 -0.635837 -0.294277 -0.964311 -0.791465 -0.418941 -0.0223177 -1.15875 -1.73352 -0.693036 0.315153 0.650621 0.0101467 -0.966005 -1.17495 -1.19613 -1.73226 -1.66549 -1.43575 -0.379531 -0.176827 0.925018 1.42237 
1.15263 -1.02326 -1.90612 -1.26426 0.424268 -1.27485 0.22611 1.64841 1.2758 -1.69568 -1.30206 -0.217441 -1.59021 -0.451307 -0.407643 -0.107391 -1.1284 -1.21456 -0.554292 -1.15311 -0.97765 -0.140128 0.484752 -0.396002 -0.57664 0.145585 -0.0703979 0.474608 0.560777 -0.145476 -1.20126 -0.701842 0.712946 0.735554 0.770181 0.890684 1.45352 1.12773 -0.0844173 
0.987888 -0.933302 -1.78762 -1.83801 -0.631631 -1.35015 0.322437 1.46082 1.13445 -1.45178 -1.24746 -0.675141 -1.86389 -0.849371 -0.503596 0.358183 -0.999911 -2.18549 -1.11583 0.131781 -0.0864437 0.786647 1.15559 1.12063 -0.0753163 -0.812017 -0.514052 -0.482839 0.355798 0.572439 -0.317907 -0.457458 0.880015 1.10952 0.545703 0.453552 1.56177 1.24299 -0.357616 
0.398423 -1.38443 -1.62177 -1.92535 -1.65048 -1.74544 0.479094 1.57515 1.98276 -1.00732 -0.252989 -0.295636 -2.18658 -1.11862 -0.960327 0.392046 -0.306444 -1.59876 -1.06177 0.207727 0.129561 0.720708 1.14327 2.04787 1.25579 -0.317797 -0.0629499 0.0418299 0.211375 0.657912 1.02655 0.972149 -0.230945 -0.755275 -0.833144 -0.45682 -0.462841 0.453123 1.17189 
0.0192863 -1.61843 -1.48356 -1.98132 -2.14832 -1.79519 0.660957 1.48862 1.77979 -0.770129 0.623295 0.442981 -2.08066 -0.926036 -0.391776 0.676132 -0.0608222 -0.79587 0.214002 -0.267828 -0.984757 -0.470152 0.732424 0.488055 0.563127 0.652733 0.0760591 1.00293 1.04803 1.21431 1.32488 2.12337 0.576113 -0.70863 -0.299723 -0.537317 -2.00188 -0.552959 2.12239 
-0.416832 -1.66628 -1.15247 -1.88527 -2.40351 -1.58773 0.282009 1.08161 1.51525 -0.54977 0.235526 0.199964 -1.65792 -1.01327 0.368747 1.76136 1.39513 0.184458 1.7476 1.08699 -0.718587 0.283137 0.624459 -0.923314 0.373411 2.34518 0.63481 2.10944 1.77199 2.4031 1.40049 1.12711 0.833828 0.29558 -0.15837 -0.579329 -0.93618 0.111086 1.69306 
-0.865433 -1.36085 -0.383047 -0.85416 -1.96894 -0.912915 1.98977 1.11961 2.01621 -0.371475 -0.13888 0.768075 -0.252064 -0.089091 2.33871 2.95521 3.26987 1.0871 1.743 1.01982 -0.752912 -0.690634 0.163695 -0.863776 0.684538 2.77448 1.3879 1.93113 0.402082 0.972086 0.654291 -1.23594 -1.94067 -1.18381 -1.45073 -0.010395 1.14234 0.685068 -0.27985 
-0.565668 -0.0114162 0.642444 0.64167 -1.36561 -0.707627 1.53516 0.69654 0.841698 -0.402447 -0.473889 0.804681 0.500417 0.809727 2.8734 2.31896 2.76476 1.08293 0.239622 -2.02187 -2.07777 -1.92215 0.731725 0.883227 1.36247 1.97983 1.17901 -0.679383 -2.60827 -2.20376 0.421036 -0.817033 -2.14972 -1.04642 -0.364453 0.992522 2.03467 0.132988 -1.87818 
-0.298583 0.67327 1.0418 1.29564 -0.934995 -0.743101 -0.182843 0.114697 0.191825 0.0856889 0.699818 1.98208 1.29592 1.4604 1.5371 -0.270103 0.28734 1.67783 0.773399 -2.4203 -1.96434 -1.22762 1.46261 2.29869 0.839056 0.394247 0.596347 -1.67278 -2.94182 -2.57307 0.523886 0.749342 0.574476 1.00654 0.473014 -0.151176 0.188571 -1.42723 -2.22783 
0.519279 1.07487 0.56136 0.941706 0.234159 -0.285623 -1.0862 -0.255306 -0.333656 0.453388 1.61913 1.54827 0.830548 1.59631 0.813629 -1.3255 -0.723876 1.80936 1.28311 -1.1452 -1.08131 -1.17295 0.671718 1.24049 -0.841474 -0.841188 -0.7842 -1.0534 -0.138249 -0.503966 -0.783194 0.113056 1.34397 1.09091 0.181026 -0.951736 -1.36203 -0.951898 -0.223932 
0.894587 1.2464 0.346843 0.840652 0.789869 -0.0802779 -1.36808 -0.424016 -0.932446 0.510121 1.8551 1.2153 0.677139 0.439366 0.261794 -0.391503 -0.365804 0.679757 0.999139 -0.324286 -0.877146 -0.926854 0.451391 0.299773 -0.646368 0.0993903 -1.38483 -0.623564 1.16379 0.245026 -1.4398 -0.409498 0.637206 0.390768 0.69456 -0.379733 -1.09466 0.443432 0.795147 
0.791229 1.25659 0.409663 0.754073 0.884628 0.243035 -1.34687 -0.6985 -1.22795 0.757639 1.9408 0.956846 0.934206 -0.211146 0.0827147 0.189294 -0.350604 -0.055016 0.83727 -0.169123 -0.747092 -0.0835037 0.340144 -0.352159 -0.21768 0.14863 -0.414623 -0.106619 0.368422 -0.162343 -0.82774 -0.523208 0.391373 1.04726 1.23532 -0.763489 -1.1739 0.0698046 -0.331622 
0.648564 1.3011 0.532967 0.664367 0.741477 0.371903 -1.454 -0.806362 -1.03864 0.753692 1.59906 1.00916 0.818617 -0.0977603 0.1856 0.123797 -0.550789 -0.377091 0.407162 0.262238 0.163102 0.993097 -0.336153 -1.41329 -0.587359 -0.331223 0.088736 -0.0738062 -0.212837 -0.186351 -0.0506913 -0.0826545 0.24335 0.476043 0.310242 -0.240667 -0.451476 -0.667807 -0.305356 
0.635489 1.38426 0.557691 0.428321 0.529902 0.492006 -0.946953 -0.655005 -0.328072 0.632313 0.744431 0.418457 0.70712 -0.0892016 0.0480794 -0.0258358 -0.568489 -0.0866614 0.811486 0.182842 -0.321166 0.41571 0.173807 -0.967468 -1.27366 -0.248871 -0.0703657 -0.416987 -0.271331 0.220441 0.669686 0.449727 -0.285162 -0.745938 -0.938064 0.25357 0.462578 -0.211811 0.0236195 
0.49964 1.33123 0.593961 0.325399 0.662986 0.811902 -1.14351 -0.989436 -0.678323 0.90653 0.797758 -0.146041 0.654783 -0.184135 -0.283681 -0.164838 -0.211208 0.541696 1.06559 -0.223283 -0.725169 -0.424839 0.0847515 -0.639663 -0.954048 -0.314011 -0.0270463 -0.177461 -0.0531778 0.156145 -0.197987 -0.656135 0.0806695 0.408707 -0.463962 -0.49042 0.278053 0.629135 0.169279 
0.410974 1.17908 0.537835 0.356116 1.04906 1.05206 -1.09387 -1.02709 -0.753238 0.736575 0.233615 -0.44949 0.493254 -0.118856 -0.117837 -0.0403321 -0.317018 -0.312642 0.0486735 0.277022 0.0323425 -0.274101 -0.289283 -0.474237 -0.369157 -0.0480372 0.0538979 0.0913398 0.112515 -0.0456073 -1.05332 -1.55186 0.225137 1.01969 0.593419 0.309312 0.875733 0.502971 0.0244243 
0.327103 1.24368 0.646523 0.174191 0.369559 0.891499 -0.726943 -1.00712 -0.962626 0.80677 0.433535 -0.488323 0.645206 -0.107805 -0.109156 0.028881 -0.236219 -0.812767 -0.848403 0.0998207 0.285433 0.509279 0.571887 0.76176 -0.240253 -0.295784 0.0488872 -0.175429 -0.215347 -0.0344576 0.037123 -0.161293 0.211771 0.549279 0.72022 0.397448 0.491748 0.26664 -0.141177 
0.247237 1.09768 0.630655 0.265236 0.279949 0.707819 -0.87688 -0.926366 -0.305483 1.10655 0.964674 -0.675921 0.293388 -0.0490874 -0.28118 -0.258616 -0.326749 -0.228429 -0.0781756 0.578947 0.537032 0.854757 0.302574 0.343711 -0.012606 -0.238572 -0.0907247 -0.30084 -0.144044 0.330194 0.893451 0.90408 0.308369 0.0665962 -0.409224 -0.729464 -0.558133 -0.0568859 -0.2936 
0.21012 1.04027 0.57212 0.0157178 0.156229 0.911165 0.0296721 -0.788677 -0.192025 1.02985 0.794138 -0.510158 0.489283 -0.220837 -0.431334 -0.0998008 0.253767 0.401244 0.393949 0.554816 0.271014 -0.0964638 -0.17523 -0.0156185 -0.372753 -0.678466 -0.202894 -0.30174 0.106312 0.701889 0.725341 0.167838 -0.411265 -0.393015 -0.568361 -0.292385 -0.178379 -0.587884 -0.929583 
-0.0065023 0.787771 0.648627 0.540205 0.665518 0.950547 -0.147443 -0.832383 -0.423787 1.069 1.00686 -1.02144 -0.200408 -0.308988 -0.604498 -0.0726914 0.672606 0.763786 0.21797 -0.106399 0.028317 0.00461211 0.0747859 0.14338 -0.947777 -1.42299 0.391183 0.227299 -0.377559 -0.442893 -0.0239716 -0.497899 -0.909893 -0.136595 0.64713 -0.15101 -0.58645 0.38947 1.08346 
-0.113809 0.607532 0.60586 0.603412 0.886621 1.07075 0.0144008 -0.808242 -0.215875 1.12867 0.977218 -1.37247 -0.576362 0.297116 -0.0846139 -0.521926 -0.315682 0.404852 -0.165501 -0.920662 0.0380703 0.920143 -0.235039 -0.836025 0.16947 0.674806 0.608353 0.298377 -0.685676 -0.971267 -0.275971 -0.333999 -0.24566 0.31161 0.224891 -0.742687 -0.883495 0.432677 1.4945 
0.15218 0.723784 0.42107 0.389994 1.05452 0.928954 -1.0798 -0.847385 0.407916 0.998832 0.322034 -0.879632 0.345214 0.493315 -0.167755 -0.882007 -0.620924 0.434916 -0.130838 -0.529325 0.277402 0.372743 -0.688041 -1.12839 -0.34024 0.448451 -0.690835 -0.787055 0.200125 0.274056 -0.34439 0.0137248 0.943507 0.306871 -1.21588 -0.643984 -0.137041 -0.886894 -1.30932 
0.201097 0.484573 0.168862 0.225293 1.30422 1.06553 -0.4772 -0.711271 0.10429 0.811403 0.0333117 -1.68876 -0.204598 -0.601667 -1.02259 -0.218113 0.0973724 -0.0142862 -0.0674197 0.54078 0.282059 -0.92446 -0.880589 -0.973541 -1.21769 -0.988314 -1.35768 -0.622476 1.33073 0.877328 -1.23834 -0.669184 0.698202 -0.135625 -1.65664 -0.80528 0.100279 1.06096 0.239059 
-0.404796 -0.00550719 0.370226 0.548191 1.04487 0.953702 -0.366168 -0.748235 -0.48414 0.576534 -0.484649 -1.98453 -0.386568 -1.2786 -0.897291 0.842563 0.618851 -1.16365 -0.910422 0.543405 0.0455008 -2.14878 -1.52524 -0.905296 1.21703 0.737251 -0.0532255 0.61316 0.751918 0.282692 -0.794899 -0.650167 0.227093 0.357065 0.386109 0.218376 0.684916 1.81905 1.4343 
-0.894892 -0.155843 0.73496 0.772851 0.201369 0.691993 0.239385 -0.722796 -1.93188 0.0374696 -0.712896 -0.605476 0.388986 -0.665599 -0.187171 0.779102 0.522262 -1.0278 -0.822563 0.866984 0.580029 -0.308729 -0.501502 0.13793 1.48553 0.807235 0.913734 0.386948 -0.947407 -0.651272 0.895126 0.635702 -0.271107 0.441075 2.34466 1.53134 0.630242 -0.593934 -0.210071 
-1.01268 -0.142237 0.899411 1.02363 0.0712283 0.621671 0.714855 -0.509677 -0.800803 0.361014 -0.306399 -0.659926 0.260769 -0.076452 -0.348373 -0.295653 -0.23616 0.0525674 -0.0129844 0.0801542 0.433821 1.47489 0.413883 0.123097 0.272711 0.459868 0.917184 0.0693804 -1.40415 -1.04816 1.38155 1.21705 -1.10147 -1.01942 0.436528 0.697299 -0.209503 -1.55281 -0.822842 
-1.03366 -0.406913 0.639015 0.682016 0.255302 0.742459 0.434223 -0.552643 -0.581777 0.321262 -0.547791 -0.370885 0.769519 0.54107 -0.0404576 -0.933073 -0.876649 0.83018 0.822015 -0.912065 -0.602358 0.384435 0.446631 -0.109695 -0.908252 -0.242621 0.0653722 0.0543456 -0.0657516 -0.153819 -0.0798624 -0.0225489 -0.0378251 -0.162468 -0.769279 -0.677206 -0.40574 -0.150921 -0.512185 
-0.659747 -0.174905 0.432711 0.454576 0.86477 1.06664 -0.207815 -0.824309 -0.469713 0.662669 -0.347583 -1.48671 0.101736 0.0149013 -0.220701 -0.32595 -0.409464 -0.017565 0.0384784 -0.0134342 0.173051 0.31617 -0.271141 -0.422716 -0.00193414 -0.198367 -0.862977 -0.368068 1.0318 0.925824 -1.2867 -1.64903 0.84131 1.47201 -0.0335332 -1.15167 -0.121338 1.80109 0.825893 
-1.0997 -0.567426 0.525448 0.461784 0.24253 0.817239 0.523655 -0.504493 -0.314479 0.231397 -0.866359 -0.383128 0.644477 -0.583107 -0.447781 0.415848 0.429585 -0.8322 -1.21686 0.387435 0.894701 0.355678 -0.802142 -0.22335 1.76781 0.785956 -0.427327 -0.406185 0.241636 0.360676 -0.185511 -0.433629 -0.171852 0.00936319 0.379944 0.439653 0.0971649 -0.375047 0.214676 
-1.20194 -0.496485 0.750609 0.860819 0.0771768 0.548324 0.333105 -0.438529 -0.165496 0.283161 -0.489482 0.0915831 0.732729 -0.538859 -0.676301 0.0300273 0.122295 -0.227086 -0.438374 -0.319403 0.09708 0.922432 0.370862 -0.20435 -0.615375 0.0596962 -0.595698 -1.11907 -0.571604 -0.995262 -0.605269 0.315612 0.530618 -0.0413262 -0.235825 -0.0623221 -0.634451 -1.26644 -0.239711 
-1.60666 -1.05109 0.618934 0.638589 0.0304781 0.666724 0.268483 -0.491887 0.519363 0.491723 -0.991421 -0.946697 0.717647 -1.35732 -1.80627 -0.250121 -0.896829 -1.59553 -0.730796 1.19461 0.764215 0.0162412 -0.756575 -1.11669 -0.193086 0.471208 0.192241 0.415246 0.234717 0.0232739 -0.64457 -0.402109 1.16997 0.785356 -1.95636 -1.6852 0.351261 2.00097 0.444262 
-2.36061 -1.78163 0.681148 0.276696 -1.43644 0.25965 1.78312 -0.113798 -0.178478 -0.0714909 -1.42302 -0.0924568 1.12197 -0.28139 -0.0915428 0.37731 0.191679 -1.04227 -0.874716 1.50089 0.855662 -2.05941 -1.51184 0.400122 2.36284 0.60718 3.37119 3.36739 -0.878512 0.273099 2.32418 -0.0147919 -1.79035 -0.339207 0.118595 0.556844 1.70355 0.23429 -1.5508 
-1.90862 -1.12 0.914418 0.8672 -0.956915 0.310054 2.06346 -0.124372 -1.43329 -0.274901 -0.580828 1.16637 1.21133 3.06248 2.51743 -1.30176 -0.485086 1.50611 -0.669364 -1.67605 0.313368 0.221124 0.0246719 1.54262 0.114563 -1.49632 0.210511 0.0258196 -0.341896 -0.167228 0.763278 0.618022 -0.92593 -0.715617 1.32612 1.17173 -0.309862 -1.53234 -0.471685 
