-0.902908 -1.19879 -0.43291 -0.997278 -1.55643 -1.39919 -0.0793442 -0.538913 -0.315531 1.0608 0.886286 -0.0364778 -1.08904 -1.82817 -2.01679 0.283943 -0.572998 -1.74265 -0.503626 0.917282 -0.976756 -1.05072 1.25427 0.844054 -0.24821 -0.352013 0.406319 0.119515 -0.809441 0.0479982 1.59283 1.79978 -0.553855 -0.952784 -0.381068 -1.06802 -1.72735 -0.433348 1.06788 
-2.07197 -2.23544 0.264421 -0.457704 -1.69101 -0.606089 1.04442 -0.86612 -0.850239 1.24797 0.685776 -0.201521 -0.273025 0.740736 0.298779 -1.16886 0.125686 2.47628 2.99278 -1.02892 -1.26472 -0.40515 -1.4476 -2.12506 -0.586263 1.63535 2.93848 2.74382 -1.80662 0.0431637 3.23073 1.2566 -2.16168 1.00648 2.16802 -2.91498 -2.68437 -0.333446 0.0798271 
-0.118477 -0.910215 -1.44097 -0.888682 0.826148 2.50761 -1.13233 -1.6607 -0.647329 -0.4126 -0.951338 -0.51959 0.500695 2.88908 2.37594 -2.31509 -0.454054 3.16423 1.5866 -2.86199 0.4751 1.66441 -2.59209 -2.44553 -0.695052 -0.229971 0.15551 0.464114 0.725369 0.147853 -1.59182 -2.74971 1.07225 3.36125 1.48015 -0.821631 0.404254 -0.882999 -2.09004 
1.10123 0.31728 -1.7476 -0.819 1.35581 1.48572 -1.98407 -0.443226 0.47999 -1.37817 -1.42421 -0.775252 -0.431658 1.0876 1.13514 -0.136476 0.390616 0.226616 -1.57384 0.723802 3.45211 1.46797 -2.57521 -1.65632 -1.80005 -1.56599 -2.06985 -1.80892 1.64979 0.130491 -3.0168 -2.01439 2.69916 1.55079 -0.607558 1.18491 1.24803 -1.1304 -0.87797 
1.05164 0.290007 -1.54479 -0.565354 1.03656 0.520171 -0.296422 1.4053 0.525141 -3.02173 -2.39059 -2.01376 -0.910196 -0.25877 -0.333658 0.0431186 -0.213335 -1.20007 -1.75822 1.67373 2.68166 0.982019 -1.11368 -0.950058 -2.25411 -1.57489 -0.935797 -1.0444 -0.0957693 -0.99016 -1.18939 0.0493897 -0.30527 -2.03883 -0.171552 2.86799 1.95057 1.11628 0.376361 
0.774297 -0.0835173 -1.69411 -0.985188 0.188679 -0.739695 -0.124421 1.93874 1.2622 -2.51524 -2.26322 -2.64765 -1.85089 -0.279328 -0.381812 -0.281778 -0.931376 -1.42585 -1.4895 0.120119 0.68154 1.31928 1.08911 0.694025 -0.223695 -0.989776 -0.0936773 -0.0595451 -0.00181167 -0.0891173 0.321859 0.661437 -1.06858 -1.89239 0.211996 2.06086 2.05061 3.25979 1.22374 
0.701847 -0.163279 -1.77587 -1.31353 -0.348576 -1.35841 -0.111099 2.01148 1.5782 -1.94012 -1.83232 -2.19486 -1.781 -0.303231 -0.314215 0.0325713 -0.278852 -0.609885 -0.656904 -0.23568 0.114143 1.30282 1.50237 1.52201 2.31367 0.299164 0.0613455 0.481873 1.15979 1.56955 1.21042 1.18415 0.337852 -0.347487 -0.255286 0.530708 0.963572 1.91431 1.24521 
0.397929 -0.463121 -1.64986 -1.20448 -0.408595 -1.54362 -0.322541 2.04116 2.30205 -1.01739 -1.00126 -0.715172 -1.51357 -0.0803405 0.48225 1.37367 1.31606 0.482935 0.480355 0.616567 0.256082 1.0681 1.71787 1.84336 2.46637 0.917167 0.361463 1.09155 1.64324 1.57307 0.606565 0.304772 0.199574 -0.48033 -1.54129 -0.429517 -0.563026 -1.26794 0.694846 
0.573314 0.325282 -0.556985 -0.240108 0.109323 -0.69445 0.609246 2.23992 2.42954 -0.225214 -0.297246 -0.135185 -0.864415 0.367062 1.50095 2.38139 1.9735 0.402799 -0.148221 0.0242288 -0.495506 -0.522522 0.884025 0.813741 0.562674 1.36317 0.0359746 0.167644 0.17849 -0.184568 -0.43514 -0.57547 -0.871013 -1.2968 -1.75748 -0.522079 -0.871813 -1.61359 -0.197325 
0.766867 1.13584 0.451671 0.401809 -0.0280724 -1.69098 -0.240558 1.60231 1.87599 -0.142337 -0.341247 -0.241242 -0.178942 0.0788044 0.85611 1.62171 1.11744 -0.0502443 -0.473566 -0.954883 -1.48564 -1.02189 0.979309 0.759348 0.232993 0.614723 -0.213726 -0.895805 -1.58818 -1.33037 0.0130738 0.716965 -0.188884 -0.91231 -0.848837 0.298319 0.483118 -0.1386 -0.906009 
0.621735 1.22136 0.879158 0.67233 0.0524096 -1.26174 -0.363959 0.921992 1.60245 0.745807 0.31654 0.0641271 -0.231314 0.134076 0.215813 0.0956527 0.177095 0.534757 1.04536 -0.380364 -1.70411 -1.50026 1.21097 1.37845 0.387753 -0.0246952 0.225264 -0.58388 -1.83612 -0.899405 0.577934 0.578455 0.354158 0.402785 -1.29401 -0.728758 0.53499 -0.422853 -0.795403 
0.876746 1.33398 0.551172 0.552073 0.479863 -0.297764 -0.594604 0.0904189 0.664734 1.06201 0.798701 0.0869828 -0.14517 0.53521 0.0575841 -1.01964 -0.0779949 0.919952 0.489866 -0.430543 -0.87082 -2.54455 -0.0276749 1.38717 -0.338623 -0.603739 0.0596497 -0.268971 -0.547166 0.0422176 0.0376028 -1.01448 -0.344201 1.04131 0.144283 -0.969853 -0.186343 -0.431669 -0.640099 
1.17764 1.24702 0.00179777 0.615838 0.93227 -0.585507 -0.772082 0.149926 -0.447465 0.70258 1.4639 -0.212706 -0.740282 0.3304 -0.0914513 -0.69705 0.29472 0.703115 -0.638016 -1.05064 -0.203956 -1.26234 -0.109143 1.12853 -0.196167 -1.00529 -0.489549 -0.235606 0.756348 0.281068 -0.469143 -0.28489 0.062275 0.303723 1.49841 -0.135411 -1.07962 0.556074 0.550292 
1.20492 1.19719 -0.0436391 0.797675 1.15036 -1.07731 -1.67101 -0.0895797 -0.355456 0.936729 1.72625 -0.0711869 -1.03052 -0.13093 -0.197629 0.0571791 0.3727 0.336312 0.018771 -0.4055 -0.393355 -0.649081 -0.264045 0.0502991 0.455923 0.238869 -0.443096 -0.137819 0.66987 -0.108608 -0.442026 0.832696 0.999948 -0.0404408 0.523868 -0.316604 -1.46315 0.354509 1.34316 
0.992854 0.994501 0.0676004 0.924644 1.2486 -0.517328 -1.15322 -0.198228 -0.975159 0.421278 1.47508 0.172303 -0.459471 -0.262789 -0.194116 0.25574 0.202023 0.159717 0.747861 0.578393 -0.203686 -0.559779 -0.580838 -0.67503 0.317081 1.05168 -0.078271 0.0556962 0.169384 -0.31218 -0.410652 0.119228 0.367706 0.183497 0.838981 0.26213 -0.366474 -0.0926605 0.135041 
0.873519 0.948498 0.196079 0.968144 1.29617 -0.0680806 -0.991806 -0.269338 -0.811433 0.336348 1.12098 0.198169 0.0121442 -0.151197 0.00159152 0.292163 -0.00387163 -0.160528 0.219155 0.142017 -0.0825877 0.4392 0.0158941 -0.418803 0.345114 0.445478 -0.136433 -0.127171 0.0743215 -0.0354559 -0.239642 -0.408216 -0.345015 -0.0121842 0.791297 0.606256 0.474413 0.258079 -0.746361 
0.785534 0.959133 0.339221 0.928231 1.0852 -0.190509 -0.944294 -0.270471 -0.628874 0.421935 1.08758 0.46501 0.0149963 -0.374394 -0.28017 0.354384 0.211335 -0.0833488 0.0718487 -0.0932789 -0.164237 0.470134 0.146037 -0.120916 0.695753 -0.0916712 -0.286709 -0.343385 0.0391166 0.0638597 -0.0433549 0.0142283 -0.00540016 0.00357496 0.27176 -0.0308452 -0.0721102 0.692698 0.336522 
0.418024 0.606004 0.522198 1.14616 1.20729 0.0686076 -1.03646 -0.414072 -0.440306 0.468086 0.986649 0.782952 -0.0168608 -0.498796 -0.421758 0.340316 0.143933 -0.112309 0.245072 0.051294 -0.0212878 0.83316 -0.0846705 -0.529715 1.33033 0.960675 -0.0895933 -0.0232145 0.048679 -0.337301 -0.352038 0.20617 0.456219 0.041958 -0.138304 -0.391909 -0.672129 0.290689 1.17265 
0.191715 0.462305 0.653017 1.05162 0.96836 0.169763 -0.833143 -0.288289 0.0337941 0.321301 0.605811 1.57838 0.97236 -0.412441 -0.204051 0.416252 -0.200266 -0.493208 0.416696 0.605648 -0.0497173 0.362145 -0.423462 -0.961948 1.11993 1.70414 -0.046531 0.0520348 0.166771 -0.154947 -0.347811 0.0455616 0.484669 -0.0850085 -0.806188 -0.130203 -0.225115 -0.940362 -0.0674967 
-0.0797763 0.346482 0.902505 0.990566 0.722678 0.650397 -0.327883 -0.457131 -0.155902 0.0262164 0.137535 1.72107 1.63736 -0.469218 -0.228249 0.571553 -0.0133825 -0.515895 0.323053 0.798889 -0.0828118 -0.0923699 -0.314277 -0.826807 0.0364914 0.857076 -0.0934289 -0.110619 0.111119 0.195574 -0.139271 -0.403443 0.0985161 0.154531 -0.312129 0.419255 0.578895 -1.29539 -1.25035 
-0.369215 0.176406 1.16935 1.04749 0.461838 0.630686 0.0836898 -0.360731 -0.0468151 -0.010595 -0.128449 1.61401 1.83262 -0.456512 -0.264284 0.567672 0.131209 -0.587325 -0.251387 0.692685 0.220889 0.0413811 0.0605432 -0.280698 -0.669373 -0.211114 0.0665567 -0.00616026 -0.175226 -0.158259 -0.221126 -0.428975 -0.00502955 0.070893 -0.688451 0.216411 0.94675 -0.381449 -1.09779 
-0.62658 0.0213045 1.41544 1.10364 0.147186 0.369878 0.474494 -0.259936 -0.129098 0.0718439 -0.132596 1.16873 1.4964 -0.262046 -0.125525 0.312292 -0.175315 -0.731483 -0.387454 0.7088 0.0718268 -0.87378 -0.0937153 0.30206 -0.477342 -0.824527 -0.0255241 -0.258576 -0.459409 -0.150065 0.210839 0.111854 -0.285773 -0.540858 -1.1618 -0.0499137 0.611434 0.202589 -0.21989 
-0.69979 0.00247808 1.4586 0.912122 -0.252846 0.174543 0.903434 -0.295879 -0.754961 -0.120339 0.0966955 1.22163 1.11671 -0.393945 -0.555331 -0.0991693 -0.0192978 -0.161889 -0.0632552 0.122354 -0.472685 -1.31945 -0.0647868 0.440147 -0.36814 -0.548119 -0.26276 -0.515487 -0.288861 0.217087 0.432227 0.145831 -0.436808 -0.207142 0.29018 -0.221894 -0.645189 -0.00397229 0.839227 
-1.10381 -0.62112 1.3443 1.09472 -0.0175257 0.332185 0.662226 -0.678522 -1.19515 -0.00876267 0.209907 0.867308 1.03956 -0.572035 -0.817357 -0.109946 0.186159 0.0224875 -0.142865 -0.119894 -0.159039 -0.457272 -0.442406 -0.506191 -0.464381 0.460614 -0.128934 -0.12508 -0.0216583 -0.240587 -0.209766 0.179998 0.484337 0.7672 1.84873 0.136637 -0.859474 -0.0911801 0.569719 
-1.37504 -0.925561 1.37802 1.06973 -0.239532 0.0340953 0.830096 -0.435998 -1.12862 -0.581288 -0.365078 0.840042 1.60536 -0.493774 -0.638123 -0.138181 -0.296035 -0.36062 0.238105 0.869381 0.647406 1.00484 0.052167 -0.628852 -0.476883 0.324243 1.05332 1.02505 -1.28 -2.22148 -0.453531 1.22701 0.605718 -0.300273 0.941596 1.42548 0.785803 -0.497448 -1.2285 
-1.69205 -1.35379 1.23899 0.861504 -0.374122 0.683463 1.65503 -0.102648 -0.394608 0.0284281 -0.356115 0.475307 1.4004 1.18476 0.894071 -1.95369 -2.85288 -0.537984 1.8982 0.834769 -0.519035 0.756619 1.34845 0.426832 -1.1401 -1.42118 1.81504 1.74082 -1.67123 -2.23153 -0.265778 -0.171958 -1.46989 -1.30457 -1.37185 -0.098277 0.596582 -0.813097 -1.87219 
-0.0968988 0.0118936 -0.317458 -1.23586 -0.767383 2.52809 1.7856 -0.895736 -0.527418 0.761532 -0.0338919 -0.104406 0.330201 2.45923 2.18991 -2.54304 -3.34908 -0.642472 -0.0453443 -1.72651 -1.10507 -0.613101 -0.135975 0.0739216 -1.59311 -2.54343 -0.652614 -0.550809 1.09138 1.62891 -0.226469 -2.38122 -1.30717 0.498949 -0.186189 -0.927083 -0.132886 0.487024 0.320327 
1.00319 0.996155 -0.972688 -1.84628 -1.00286 0.668888 -0.149752 -1.08269 -0.893407 -0.12388 -0.324861 -0.846493 -0.926653 0.262541 0.147136 -0.396364 -0.522662 -0.761501 -2.05615 -1.48278 0.229117 0.590014 0.0838853 0.241966 -0.441918 -0.930788 -2.6384 -2.45411 2.51158 3.02822 0.044751 0.0521474 1.84721 0.934067 0.603364 0.855889 0.577826 1.92723 2.23702 
0.155822 0.135173 -0.648904 -1.65277 -1.51105 -0.0818654 0.243477 -0.691235 -0.0600166 0.83067 0.14018 -0.467281 -0.485312 -1.58148 -1.5262 1.05116 0.932427 -0.463506 0.0435794 1.35187 0.246384 0.186768 0.915113 0.753872 1.11498 0.882577 -1.20444 -1.21365 0.752813 0.845718 0.25077 1.49254 1.70986 -0.242015 -1.20224 -0.104528 -0.338745 0.449902 1.10108 
-0.794481 -0.704536 -0.0362787 -1.0838 -1.4588 0.769088 1.36303 -0.862863 -0.749845 0.782481 0.284271 0.0874943 -0.0424911 -1.52626 -1.63384 0.675385 0.715418 -0.276809 0.42612 1.36064 -0.0501012 -0.820315 -0.112375 -0.193395 0.204457 0.755402 0.183628 -0.0607415 -0.655163 -0.4498 -0.0133692 -0.403312 -0.585538 0.0720651 0.0364264 -0.809084 -0.964739 -0.779273 -0.0759996 
-1.58045 -1.68285 -0.041628 -1.06618 -1.78672 0.512088 1.76571 -0.734635 -0.725225 0.702132 -0.0557534 -0.291739 0.279648 -1.19046 -1.50862 0.103565 0.363949 -0.370788 -0.624284 0.268761 0.402647 0.292662 -0.196194 -0.443216 0.0459491 0.765955 1.83408 1.98679 -0.444742 0.382192 1.36352 -0.51709 -1.73587 0.59139 1.36435 -0.391899 0.262411 0.0866949 -0.727513 
-2.15737 -2.38607 0.0701525 -0.782086 -1.82521 0.00726293 1.70855 -0.504295 -0.521243 0.569519 -0.123982 0.131003 0.73236 1.45664 1.57791 0.0295786 1.30713 1.85917 -0.430798 -1.69025 0.826223 0.911057 -0.681861 0.102749 0.343951 -0.35908 0.692696 0.895049 -0.0666679 -0.303129 0.174013 0.374345 -0.109479 -0.331035 -0.289171 0.197649 0.383276 -0.0461848 -0.499956 
