0.64815 0.2642 -0.601978 -1.19932 -0.0176445 2.35387 -0.692978 -1.01452 0.309324 -0.251907 -1.5751 1.02055 2.04145 2.0307 1.54745 -1.03023 -1.62239 0.570231 0.612722 -1.70359 -0.310724 1.5475 -0.089111 -1.76908 -0.205002 0.20137 0.712385 0.332248 -0.431943 -0.172521 -0.144226 -2.33726 -0.584591 1.81574 2.60878 0.480482 -0.802101 -1.87555 -1.58253 
1.66904 0.796629 -0.790094 -1.08718 0.596943 0.592184 -1.49541 -0.223542 1.04427 -0.0725283 -1.48139 -0.172577 0.186915 0.96478 0.505419 -0.46374 -0.121865 -0.263365 -3.41411 -0.842024 2.55817 3.25949 0.648464 -1.11172 -2.9574 -2.51638 -1.78032 -1.64466 0.620872 0.93964 -1.40348 -1.87929 1.61431 1.76416 0.234828 -0.216875 0.263091 -1.10412 -1.33261 
1.40757 0.478533 -0.969333 -1.26229 -0.249159 -1.36563 -1.42455 1.23074 2.52229 0.204487 -2.47712 -1.82067 -1.22624 -0.441315 -0.579134 -0.128864 -0.409998 -1.60936 -2.13638 0.828398 2.17455 1.80629 -0.366657 -1.4018 -1.95481 -1.91421 -1.1899 -0.783112 0.493389 -0.0377398 -0.642073 2.08004 1.23585 -1.58009 -2.91544 -0.215042 1.67663 2.00105 0.929719 
1.22856 0.404903 -0.907552 -1.34682 -0.972267 -1.75921 -0.746052 1.6916 2.2652 -0.344087 -2.63907 -2.04172 -2.31535 -0.693198 -0.474123 0.272332 -0.0820336 -1.28431 -0.414021 1.10925 0.316917 -0.463703 0.373352 1.21824 0.153643 -1.00393 -0.173237 0.520978 0.905488 1.27669 0.958338 1.74386 0.0366937 -1.56716 -1.42867 1.16031 2.10965 2.30058 2.15262 
0.752141 0.145489 -0.787404 -1.29807 -1.49533 -1.87282 -0.426199 1.54731 2.1936 0.463596 -1.32568 -1.64551 -2.57142 -0.697581 0.177556 1.14155 1.20675 -0.194939 0.375548 0.939678 -0.0484327 -0.0376091 1.18455 1.52941 1.62511 1.55937 0.767251 1.87539 1.37856 2.16871 1.55009 0.433128 -1.09589 -1.41702 -1.04605 -0.252027 -0.463066 0.560294 1.98055 
0.569384 0.436023 -0.0769808 -0.502921 -1.13578 -1.42097 0.101961 1.69377 2.22738 0.496737 -1.21339 -0.439876 -0.40224 0.347228 2.0858 2.15614 2.60487 1.03058 0.194647 -0.517305 -1.69386 -1.82396 0.0491282 0.577273 1.00932 2.19371 0.46875 0.687101 0.26017 0.510742 0.406484 -0.637005 -1.33708 -1.4629 -1.30337 0.180415 0.0868737 -1.38139 -0.898515 
0.984569 1.24296 0.800293 0.500143 -0.440872 -1.72829 -0.86989 0.133525 0.936311 0.4902 -0.73915 -0.640724 0.148023 -0.0687121 1.15542 1.57522 1.9046 0.379718 -0.569685 -1.05698 -2.12406 -1.72312 1.43456 1.65202 -0.558744 0.139929 -1.28298 -2.66859 -1.58274 -2.15297 -1.27872 0.288365 1.54981 1.44628 0.902496 0.504171 0.799631 -0.322191 -1.42185 
0.446864 1.01358 1.07721 0.817307 -0.728173 -2.09484 -0.820182 -0.0902241 1.03893 1.51685 0.320349 -0.955431 -0.293423 -1.43909 -1.40401 0.200241 0.107062 -0.959157 0.59311 1.91571 0.342146 -0.721235 0.72905 1.68954 0.483545 -0.0649798 -0.422246 -1.29267 -1.08574 -1.39553 -0.0414605 1.81505 1.68461 1.1894 -0.0404675 -1.54209 -0.620727 0.802326 -0.0141855 
-0.307378 0.390281 0.928426 0.59343 -1.36389 -1.1571 0.843431 0.471805 0.431809 1.00438 0.827657 -0.145707 -0.00362636 -0.668297 -0.502542 0.263744 0.31549 0.272732 2.04562 1.58288 -0.451116 -1.81231 -0.602722 0.792138 0.675808 0.138664 1.61378 1.68401 -0.0996544 0.457377 2.1188 0.902061 -2.04245 -1.4603 -0.32905 -0.65189 -1.43134 -0.815521 -0.179924 
-0.187319 0.664656 1.25274 1.05286 -0.426896 0.0316064 0.59807 -0.434579 -0.210407 1.076 1.09625 -0.274002 -0.186215 0.768484 0.901107 0.167356 0.740884 2.22115 1.8827 -1.16327 -1.7298 -1.1752 -0.126147 -0.295873 -0.814488 -0.332035 1.32468 0.801622 -0.762196 -0.372587 1.27604 -0.700823 -2.23832 -0.348893 1.72343 0.632768 -1.1915 -1.26844 -0.135061 
0.284533 0.825728 1.03202 1.11934 0.873792 0.794897 -0.172949 -0.972913 -0.382596 0.905296 0.644658 -0.909224 -0.494738 1.14069 0.627789 -0.628213 -0.0463939 2.1706 1.00772 -1.79664 -0.952284 0.328078 0.247961 -0.860254 -1.33122 -0.056446 0.0199201 -0.316371 -0.461819 -0.848882 -0.997344 -1.37854 0.274088 1.4127 1.39983 -0.436387 -0.673424 0.506305 0.839213 
0.722216 0.947371 0.762645 1.0414 1.76055 1.04673 -0.979826 -1.21021 0.00141173 1.24519 0.415842 -1.53853 -0.327018 0.778532 0.542972 -0.335123 -0.19241 0.659581 -0.139293 -0.687734 0.258735 0.556165 -0.695181 -1.22892 -0.0433283 1.03527 -0.485281 -0.176304 0.3657 -0.144161 -1.42673 -0.906014 0.953659 0.597832 -0.491305 -0.541162 0.535759 1.11081 0.261589 
0.88502 1.06105 0.760643 1.00822 1.55953 0.581869 -0.767735 -0.706412 -0.0150709 0.398149 -0.360667 -0.925047 0.752173 0.454192 0.456134 -0.0577064 -0.134236 -0.0443754 -0.32813 -0.278359 -0.115418 -0.330977 -0.460201 -0.114371 0.386233 0.384541 -0.234007 -0.262354 -0.037442 -0.248844 -0.473486 -0.142733 0.0206098 -0.486897 -0.473691 1.14829 1.77843 0.211935 -0.990603 
1.04592 1.13416 0.698287 0.969989 1.74667 0.631509 -1.21168 -1.26568 -0.236678 0.906551 0.392807 -1.13786 0.0927314 0.438481 0.256753 -0.287341 -0.405839 -0.104825 -0.366812 -0.601133 -0.437478 -0.0806257 0.840062 1.24238 0.267023 -0.531848 -0.365943 -0.449754 -0.0586295 -0.072262 -0.0364104 0.341427 0.139415 -0.162631 -0.145088 0.196557 0.419267 0.480539 0.125874 
1.19532 1.13642 0.524923 0.751418 1.48558 0.125228 -1.28574 -1.03903 -0.0822567 0.99194 0.812049 -0.639963 0.00707296 -0.0677652 -0.0795843 -0.0373976 -0.13582 -0.143677 0.147383 -0.0094622 -0.353337 -0.552411 -0.188757 0.469764 1.11706 0.607885 -0.677643 -0.431434 0.401623 0.491738 -0.0361804 0.378477 0.436722 0.137018 -0.272735 -1.18406 -1.08866 0.787978 0.970669 
0.92421 1.02159 0.649085 0.897492 1.63411 0.725437 -1.20513 -1.52589 -0.625932 0.762566 0.884589 -0.028609 0.796379 -0.513231 -0.254574 0.329744 0.269206 -0.203776 0.162499 0.123954 -0.251895 -0.463407 -0.721802 -0.267209 1.47911 1.04627 -0.281884 -0.13858 0.201666 0.124026 -0.389853 -0.514969 0.135612 0.562096 0.909042 0.0436118 -0.705012 -0.550203 -0.517349 
0.693464 0.926064 0.749696 0.95538 1.31329 0.235341 -1.16092 -1.21195 -0.410751 0.465702 0.654312 0.820328 1.26797 -0.473827 -0.201013 0.320418 0.0980812 -0.780816 -0.620646 0.253599 0.433022 0.558586 -0.120406 -0.507145 0.234355 -0.20029 -0.1706 -0.257175 -0.0447505 0.00992283 -0.159226 -0.316252 0.0743718 0.15507 0.238877 0.431947 -0.157091 -1.38305 -1.03369 
0.455981 0.841163 0.866899 0.984649 0.888335 -0.00299427 -0.965372 -1.10941 -0.256755 0.667596 0.515389 0.224801 0.472732 -0.765861 -0.533897 0.368049 0.366218 -0.489967 -0.31698 0.293047 -0.0407974 -0.199504 -0.137786 -0.483338 -0.707326 -0.589943 -0.352637 -0.534775 -0.152 -0.1468 -0.0907114 0.625251 0.806256 0.038475 -1.02477 -0.648547 -0.196702 -0.438049 0.363617 
-0.0239762 0.559618 1.00305 1.22556 0.85657 -0.167944 -0.886184 -1.20321 -0.55909 0.358268 0.306095 0.160713 0.449019 -0.977439 -0.849925 0.219661 0.00707378 -0.962747 0.266997 1.5457 0.479333 -0.77478 -0.971164 -0.778274 -0.472781 0.404315 0.136122 0.0103617 -0.291211 -0.798198 -0.632797 0.234769 0.736941 0.538703 0.3087 0.263791 0.411201 0.286964 0.441309 
-0.442012 0.298116 1.00952 1.00969 -0.0382507 0.219009 0.419918 -0.653074 -0.797811 -0.0374614 -0.0927658 -0.207407 0.917617 -0.595599 -0.457029 0.086786 -0.50627 -1.4968 0.00365734 1.47879 0.7125 0.152654 0.222938 0.089598 -0.279524 0.139255 0.370409 0.0688112 -0.399382 -0.186115 0.803768 0.496751 -0.676651 -0.264102 0.728598 0.972216 0.695115 -0.0592517 -0.855696 
-0.596122 0.236126 1.04652 0.900205 -0.600773 -0.227909 0.439786 -0.546221 -0.467025 0.509514 0.462824 -0.0841198 0.556979 -0.484157 -0.695239 -0.20186 -0.1311 0.216461 0.968049 0.562419 0.0980027 0.108134 0.330269 0.188873 -0.586946 -0.946457 -0.223011 -0.642359 -0.401205 0.0352027 0.969599 0.884693 -0.396766 -0.402857 -0.297024 -0.434125 0.0291533 0.605652 -0.26254 
-0.919057 -0.15849 0.837593 0.940413 0.207103 1.19166 0.933468 -0.524889 -0.736138 0.190752 0.151457 -0.750306 -0.354504 -0.92049 -1.24918 -0.337098 -0.37893 -0.0652415 1.26803 0.92497 0.135064 -0.260828 -0.343092 0.132066 0.647153 -0.260289 -0.24008 -0.288941 -0.169005 -0.771793 -1.0702 -0.810045 -0.248467 -0.117482 0.0215579 -0.241496 0.112476 1.57276 1.40593 
-1.44552 -0.530026 0.773672 0.66177 -0.635386 1.06594 1.27476 -0.386143 -0.657227 0.254853 0.656981 0.569527 0.157065 -0.832582 -1.01686 -0.324667 -0.971911 -1.45596 -0.228448 0.236146 -0.0761047 0.0973429 0.0200289 0.347034 1.85364 1.32967 0.483804 0.443005 -0.130084 -0.221059 -0.188053 -1.1882 -1.03343 -0.250246 0.323017 0.0113604 -0.423903 0.0967479 0.928791 
-1.69343 -0.794818 0.57402 0.297228 -1.20966 0.883166 1.15776 -0.546531 -0.681832 0.196489 0.535073 1.07312 1.26663 -0.270865 -0.596298 -0.409439 -0.559025 -0.3953 -0.477571 -0.605757 -0.226683 0.109428 -0.317567 -0.454527 0.777189 1.25067 1.74276 1.0025 -1.0221 -0.577639 1.35409 0.353593 0.11266 1.26969 0.226857 -2.00326 -1.71354 -1.15076 -0.576465 
-1.74055 -0.931343 0.446838 0.300407 -0.998022 0.490701 0.75265 -0.537364 -0.594672 0.0184971 0.334155 1.34925 1.67778 1.55283 0.380925 -1.55362 -1.5798 0.560668 0.264731 0.46399 1.71032 0.346051 -2.62963 -2.0302 0.0308294 0.426696 2.10538 0.534271 -2.13262 -2.00909 1.03673 0.294639 0.343383 1.59456 -0.235311 -2.1477 -0.467906 -0.857153 -1.51008 
-0.432195 -0.650053 -0.606646 -0.76088 -0.622221 1.10274 1.58404 0.969118 -0.457744 -1.69787 -1.17644 1.12919 1.73996 2.61449 0.178089 -3.07832 -2.88422 1.13841 -0.0699981 -0.0238908 2.01889 -0.226049 -3.15903 -1.10222 -0.586014 -1.14951 -0.316412 -0.521971 -0.102888 0.0956658 -0.315287 -1.29812 -0.801416 -0.867304 -1.08303 1.15925 2.36464 -0.268034 -1.50798 
0.426679 -0.899924 -1.87162 -1.64806 0.163593 0.35187 0.746401 1.24382 -0.761132 -2.2555 -0.559502 0.807257 0.147549 1.09916 -0.250941 -1.5907 -1.37992 0.0369971 -1.64048 -0.710733 0.476466 -1.06094 -1.07984 1.25506 -0.410165 -1.97012 -2.4251 -0.276655 2.86408 2.64119 -1.45811 -0.108169 0.431903 -1.61281 -0.15956 2.80839 1.35516 0.465571 0.374229 
0.441902 -0.858381 -1.81498 -1.68256 -0.555225 -0.717665 0.968867 1.42299 -1.19415 -2.48086 0.00745179 0.757695 -0.833369 -0.746516 -0.127169 0.731661 0.369522 -1.12432 -0.247327 0.693802 -0.268613 -0.465776 0.580625 0.78139 0.12138 -0.527887 -1.83234 -0.566131 1.71443 1.71554 -0.144054 1.64955 0.716618 -0.661186 1.10446 1.63943 -0.657101 0.533676 1.39345 
-0.274252 -1.03909 -1.34692 -1.37562 -0.92357 0.0231661 1.37643 1.05652 -1.09124 -1.84776 0.206925 0.951129 -0.592516 -1.44459 -0.9416 0.728608 0.76332 -0.226107 0.734511 0.443829 -0.466074 0.29706 1.10758 0.344679 0.403839 0.286001 -0.24923 -0.640833 -0.286541 0.318656 0.790595 -0.0752862 -0.422294 0.338116 0.919976 0.209792 -0.293484 0.0642906 0.572933 
-0.85474 -1.45266 -1.29256 -1.14133 -0.749711 0.00492368 1.37728 1.06576 -1.00351 -1.69523 0.388992 1.17543 -0.538876 -1.10756 -0.917284 0.456452 0.836921 0.034842 -0.376908 0.100807 0.201189 0.659041 0.869644 0.375881 0.200607 0.412393 0.23132 0.225482 -0.0229293 0.00539776 0.0178061 -0.337888 -0.317646 -0.194221 0.0101886 0.442796 0.120565 -0.800705 -0.373983 
-1.28328 -1.61977 -1.02759 -0.784158 -0.858716 -0.444286 1.48073 1.2735 -0.65349 -1.23275 0.615965 1.17182 -0.137363 -1.14307 -0.578326 0.795207 0.854904 -0.242906 0.223615 0.0114063 -0.74864 0.271898 1.706 0.514072 -0.871 -0.292261 0.971852 0.228815 -1.05169 -0.919972 1.13981 0.693898 -1.31992 -0.841918 0.0931514 0.449745 0.322803 -0.325009 -0.716461 
-1.89408 -1.84393 -0.720441 -0.537589 -0.960893 0.180476 1.40232 0.465374 -0.830041 -0.48047 0.919824 0.357122 -0.979429 0.214962 -0.549573 -0.810868 -0.181661 1.72541 0.610414 -1.86951 -0.996785 0.738745 1.47729 0.826077 -0.329576 -0.715092 1.21063 0.199954 -1.29141 -0.777182 1.47175 -0.0980342 -1.22132 0.508389 0.67089 -1.35151 -0.31343 1.57655 0.532924 
-1.16373 -1.99498 -1.65399 -0.887944 0.886288 0.145427 -0.161768 0.459577 -0.161326 -0.181996 1.42178 0.878457 -1.11539 0.50866 -0.249039 -0.782942 0.00762797 1.95277 0.0610021 -1.80762 -0.0381862 1.08187 -0.0782171 0.0808687 1.57552 0.583857 0.900103 3.13843 2.28246 1.14015 -1.71104 -0.458872 1.2905 0.297058 -0.353313 -0.920193 -1.82178 -0.371819 1.01356 
-1.52389 -2.0512 -1.326 -0.512172 1.01007 0.181912 -0.185309 0.476362 -0.10364 -0.545186 1.06886 1.91089 -0.306323 1.43856 3.69192 2.24497 1.27128 -0.922199 -0.0761588 0.165625 -0.585011 0.254113 0.26582 -1.70145 -0.933035 0.931802 -0.356298 0.13968 0.529537 -0.0772993 -1.25443 -0.0280573 1.14223 0.0327266 -0.825807 0.0510419 -0.0596751 -0.992786 -0.377472 
