1.37396 -0.699554 -1.89771 -0.674125 0.723263 -1.50792 1.52591 2.15144 0.883469 -2.45145 -0.189438 0.924652 -2.00141 2.34835 -1.29225 -3.40185 -1.58045 0.59635 -3.4686 0.835149 4.01712 1.87003 -3.58986 -0.252628 0.595497 -3.28951 -0.369111 -0.54816 -0.476594 -1.07164 -0.940587 -0.40844 -0.526091 -0.506046 -0.178689 0.0706136 -0.800983 -0.881036 -0.168677 
1.25175 -0.917434 -2.0552 -1.16676 0.408416 -1.58652 0.699836 1.93838 1.5958 -1.92634 -0.183526 0.443061 -2.17036 -0.416456 -0.665437 -0.489739 -1.26543 -1.10093 -0.408916 -0.908899 -0.641629 -0.305442 0.189999 -0.966556 -1.27955 -0.147251 -1.87383 0.994195 2.72316 0.282744 -1.8221 2.43972 -0.592432 -3.95243 -1.59104 2.94205 -0.700907 -1.13836 2.78209 
1.0331 -1.18555 -2.1284 -1.60294 -0.195407 -1.64604 0.755062 1.76544 0.591167 -2.28067 -0.793147 -0.071162 -2.0144 0.111024 0.201073 -0.150473 -1.19958 -1.55408 -0.601559 -0.178632 -0.278406 -0.527456 -0.271149 -1.09054 -1.04523 -0.0647489 0.664483 1.10587 0.652266 0.326231 -0.391612 -0.0375109 1.03718 1.26463 1.79584 1.06502 1.42817 1.28254 0.0725675 
1.21473 -0.807017 -2.07333 -2.04584 -0.864572 -1.81584 0.544794 1.7336 1.11081 -2.01141 -0.860207 -0.372941 -2.12671 0.41785 0.984189 0.340375 -0.831697 -1.54826 -0.391189 0.653696 0.594033 2.31389 1.4635 0.932362 0.477643 -0.0188175 -0.706889 -0.301674 0.427261 0.567866 0.332177 0.580078 0.266639 0.139579 1.10038 1.59909 2.34656 2.12401 0.673094 
1.17283 -0.536118 -1.839 -2.20413 -1.46384 -1.77578 1.30189 1.99595 2.5722 -1.40333 -0.279246 0.28146 -1.93921 -0.714181 -0.119371 0.416567 -0.472133 -1.13969 0.126521 0.165753 -0.235536 1.06172 1.58427 1.98892 1.89304 0.749941 -1.994 -1.7887 0.0359728 0.716489 1.08085 1.25302 -0.522768 -1.71025 -2.34476 -0.625093 0.52223 1.35098 1.42432 
0.702381 -0.91716 -1.7362 -2.37543 -1.81355 -1.7005 0.680157 1.55022 2.00508 -1.06707 0.275529 1.06583 -1.52371 -1.96489 -1.41758 0.449924 0.0764012 -0.24253 1.11091 -0.249949 -1.32431 -1.20006 0.895455 1.66673 2.3309 1.65435 -0.554563 0.242766 1.12485 1.69465 0.940329 0.886935 0.489681 -0.225726 -0.479819 -0.203989 -0.659138 -0.218543 1.12292 
-0.059968 -1.53981 -1.48097 -2.11939 -1.71134 -1.19445 1.08671 1.26935 1.50345 -0.841157 0.666868 2.05623 -0.715285 -1.35505 0.322215 1.79922 1.62494 -0.00126049 1.20755 0.862761 -0.579967 0.310231 1.47507 1.20469 1.54335 2.07868 2.08569 3.21539 2.12123 2.584 0.566732 -1.07422 -0.459085 0.0788062 0.0924536 -0.0653051 -1.38267 -1.89055 0.0447191 
-0.179131 -0.72336 -0.532801 -1.12099 -1.87241 -1.07343 1.40328 1.19499 2.24713 -0.183317 0.949711 2.23625 -0.0084517 0.58923 3.18465 2.99753 3.2545 0.45111 -0.0637908 -1.05291 -1.34587 -1.10388 0.937356 -0.0475507 -0.365582 1.75095 1.65815 1.40349 0.211138 0.93638 0.864541 -1.20243 -1.92717 -1.46648 -2.0765 -0.386455 -0.0152979 -2.00704 -1.154 
0.178479 0.624192 0.473194 0.365951 -1.41649 -1.1692 0.194419 0.531988 0.51818 -0.255733 0.60404 1.76178 0.574972 0.681695 2.38841 2.11357 2.80032 1.04694 -0.114616 -2.26121 -2.23986 -2.80635 1.16704 1.2481 -1.31665 0.805443 -0.0526453 -1.85374 -2.48967 -2.24883 1.06805 1.44482 -0.0126893 -0.167679 -0.215044 0.182896 1.333 0.279011 -1.09424 
0.112578 0.892598 0.867543 1.02127 -1.11167 -1.07224 -0.507915 0.0115907 -0.215729 0.529541 1.64944 1.21198 0.632648 0.555732 0.691856 0.154127 0.558175 1.7416 1.65892 -1.15014 -1.62876 -1.46317 1.2497 1.72902 -0.016914 0.546004 0.403824 -1.62078 -2.72136 -2.42278 1.41983 1.8765 1.01122 1.35025 1.06846 -1.40517 -1.29884 0.54383 -0.459482 
0.397629 1.07241 0.645901 0.814603 -0.112607 -0.328461 -0.779853 -0.346511 -0.778921 0.502983 1.58682 1.73489 1.03795 1.20058 0.221683 -1.00073 -0.107441 2.75625 2.10462 -0.739663 -0.913424 -1.26445 -0.250967 -0.358436 -0.596281 0.325871 0.21981 -0.56917 -0.871597 -0.349342 0.413372 -0.559698 -0.0686645 0.985029 0.880101 -0.965117 -1.81366 -1.31645 -0.937602 
0.703176 1.0172 0.316703 0.967151 0.98555 -0.020509 -1.13605 -0.510011 -1.34036 0.455666 1.40364 0.740491 0.944489 0.851935 -0.00298879 -0.797446 0.170727 2.25266 1.07602 -1.33586 -0.689532 -0.200276 0.311166 -0.539282 -1.90761 -0.479942 -0.663862 -0.106445 0.489228 -0.225377 -1.68188 -1.2527 0.145394 0.713383 1.2653 0.371676 -0.242881 -0.32992 -1.15235 
0.787401 1.04238 0.222425 0.970596 1.59086 0.236352 -1.91074 -0.756407 -0.979948 0.740988 1.23458 0.257118 0.796546 0.427439 0.174494 -0.36124 -0.344206 0.772767 0.724635 -0.586963 -0.2622 0.569015 0.267068 -0.607579 -1.1023 -0.945479 -0.72105 0.124101 0.70573 -0.662566 -2.48731 -0.695104 1.32526 0.852342 0.401504 -0.193941 0.172432 0.761817 -0.64407 
0.848426 1.10932 0.16652 0.734187 1.53191 0.377965 -1.63542 -0.7067 -0.873716 0.669205 1.01121 -0.119301 0.383464 0.00959438 0.272506 0.0951771 -0.597453 -0.689744 0.337384 0.682177 0.109017 0.353694 0.212907 -0.254561 -0.881287 -1.17045 -0.231 0.149617 0.357796 -0.436953 -1.7956 -0.684495 1.15622 0.535893 -0.415778 -0.0819989 0.481576 -0.127541 -0.0440348 
0.691963 1.20196 0.358198 0.54634 0.993694 0.451509 -1.33989 -0.767886 -0.700182 0.924477 1.04992 -0.433074 0.0810612 0.178112 0.485702 0.124581 -0.838147 -1.34611 -0.00179992 1.16382 0.200846 -0.0876165 0.29078 0.0745327 -1.32426 -0.950294 0.0585992 -0.178607 -0.146713 0.255129 0.067908 -0.694167 -0.263798 0.0531895 -0.279506 0.0283588 0.660401 0.186282 0.471342 
0.850058 1.41565 0.320716 0.128122 0.421526 0.432558 -0.658432 -0.672363 -0.976966 0.895899 1.02023 -1.14942 -0.180867 0.110715 0.124314 -0.00886799 -0.25015 -0.589988 -0.400176 0.187955 0.0602956 -0.101085 0.356864 0.657422 -0.662772 -0.586317 -0.215737 -0.630095 -0.315589 0.888806 1.69638 -0.110158 -1.25515 -0.188895 0.546132 -0.0974738 -0.10588 1.2683 1.16603 
0.654772 1.25955 0.428784 0.384421 0.474522 0.317519 -1.18581 -0.803674 -0.815121 1.18784 1.402 -0.955583 -0.233375 -0.0527439 -0.294416 -0.176911 0.279407 0.692447 -0.0676315 -0.897708 -0.104536 0.680584 0.297631 0.00149782 0.412957 0.427706 -0.13024 -0.37051 -0.316879 0.117447 1.25794 1.29859 0.418546 0.325838 0.180092 -1.25022 -1.7314 0.675606 0.813317 
0.718711 1.18503 0.286019 0.366206 0.90508 0.455989 -1.41984 -0.790389 -0.41349 1.12639 0.98627 -0.846439 0.200891 -0.0166812 -0.292475 -0.311869 -0.0702039 0.926579 1.15434 0.772501 0.30064 0.124918 -0.892315 -1.50514 0.24255 0.388614 -0.396351 -0.0290949 0.303758 -0.107752 -0.372113 0.908384 1.28324 0.221207 -0.744011 -0.755333 -0.35362 -0.450588 -1.20348 
0.544197 1.03026 0.309533 0.358425 1.14114 0.919405 -0.538802 -0.719547 -0.73391 0.758132 0.481308 -0.783366 0.121543 -0.502163 -0.233343 0.245731 0.185618 0.268328 1.03807 1.05389 0.0248763 -0.462245 -0.412321 -0.389995 -0.262427 -0.902072 -0.125127 0.135158 0.225879 -0.245826 -0.877052 -0.563312 -0.290878 -0.283617 0.244863 1.11821 1.1633 -0.250348 -0.719798 
0.328486 0.996436 0.516118 0.533446 1.05702 1.00283 -0.535548 -0.843848 -0.841882 0.962998 0.721897 -1.06173 -0.330332 -0.13789 -0.00150348 0.0197164 -0.331826 -0.0987047 0.567286 0.235467 -0.105168 0.446863 0.439144 0.0532968 -0.15178 -0.388436 0.392684 -0.138209 -0.685721 -0.806519 -0.160198 -0.410363 -0.452666 0.260587 1.07098 0.330911 -0.914217 -0.0142415 1.65334 
0.363803 1.00124 0.398028 0.134812 1.0061 1.24339 -0.344652 -0.837889 -0.373281 1.06714 0.477834 -0.913751 -0.0570351 0.00323576 -0.324991 -0.488517 -0.757541 0.0965084 0.626938 0.261074 0.19604 1.08339 0.0612973 -1.50211 -0.325364 1.0328 -0.111907 -0.466436 -0.325697 0.180132 0.126478 -1.0743 -0.700751 0.240988 -0.0247077 -1.14838 -1.57041 -0.277 0.714136 
0.229384 0.744766 0.286193 -0.0117324 1.07461 1.35506 -0.319805 -0.811909 0.0711938 1.06237 -0.197011 -1.32532 0.466862 -0.243101 -0.552556 -0.293595 -0.0756839 0.0707827 -0.607502 -0.949565 0.0452166 0.369506 -0.699071 -1.90233 -0.58352 0.473154 -0.83853 -0.386826 0.737874 1.29876 -0.624222 -1.92772 -0.476253 -0.0742368 -1.79998 -1.8002 0.0953309 0.230016 -1.30915 
0.122805 0.592939 0.290226 0.104677 1.00358 1.01126 -1.14979 -0.881199 -0.0797917 0.744651 -0.676623 -1.37544 0.355926 -0.981269 -0.764616 0.441689 0.858321 -0.627764 -1.52945 -0.569033 0.0122193 -1.62359 -1.78714 -1.3165 -0.0454646 -0.417737 -0.632318 -0.0424456 0.736457 0.63401 -0.731922 -0.0429481 1.46119 0.674441 -0.609049 -0.516186 0.880854 1.04448 -0.0534295 
-0.436819 0.190502 0.639064 0.663637 0.525904 0.686494 -0.804056 -0.871683 -1.36514 0.136202 -1.00668 -1.37412 0.268166 -0.978067 -0.510169 0.634954 0.732158 -0.781714 -0.596028 1.28337 0.655153 -0.573409 -1.14845 -0.706962 0.839543 0.457603 -0.0343752 -0.0682884 -0.175383 -0.40394 0.339069 1.4091 1.18107 0.890177 2.16111 1.78693 1.24098 1.2569 0.90289 
-0.541553 0.213811 0.764182 0.684749 0.334499 0.784557 -0.071991 -0.620197 -0.604663 0.172839 -1.12755 -0.745107 0.758211 -0.992658 -0.7584 0.304124 0.404508 -0.205172 0.152176 1.22104 0.850883 1.5368 0.272956 0.341786 1.67576 0.659555 0.883261 0.201142 -0.921802 -1.18052 0.466025 0.484356 -0.920503 -0.533454 0.83232 1.38282 0.795334 -0.489119 -0.642371 
-1.10958 -0.359482 0.905747 0.996216 0.307616 0.813977 0.22119 -0.513026 -0.0585476 0.353007 -0.840361 -0.102092 0.809104 0.120985 -0.126843 -0.375318 -0.665614 -0.207972 0.021952 -0.249088 -0.0155348 0.618709 0.471324 0.37847 0.110077 -0.230966 1.12234 0.496148 -0.727421 -0.997475 -0.158611 -0.580869 -1.13498 -0.794359 -0.97419 -0.448875 -0.696807 -1.7501 -1.03619 
-0.572828 0.0985251 0.605179 0.209007 0.114022 0.850394 -0.286446 -0.693818 -0.094889 0.499702 -0.93964 -0.674548 0.687746 0.395709 0.0378323 -0.478879 -0.770763 -0.375102 -0.455068 -0.650488 -0.0964197 0.0530191 -0.10308 -0.490857 -0.823595 -0.47905 -1.10135 -0.965059 0.196747 0.660151 -0.306018 -0.410112 1.23661 1.09495 -0.446085 -1.63116 -0.868829 0.294424 0.00188922 
-0.982609 -0.361423 0.68186 0.441051 -0.0435383 0.654002 -0.331748 -0.627003 -0.0397388 0.361182 -1.1641 -0.748013 0.568314 -1.18156 -1.3758 -0.0777929 0.174003 -0.5534 -0.388887 1.6288 1.04024 -0.0828156 -1.19292 -0.6753 0.480378 -0.183301 -1.29953 -1.08236 0.246719 0.686032 -0.124913 0.23311 1.60745 0.997997 -0.283242 -0.682323 0.508263 0.797055 -0.000292904 
-1.3544 -0.876411 0.632582 0.367474 -0.376542 0.721748 1.08264 -0.240688 -0.193972 -0.0967853 -1.37193 -0.319827 0.650007 -1.14666 -1.37529 -0.122927 0.100314 -0.504912 -0.126072 1.81368 0.856555 -0.407293 -0.733481 0.225559 0.25219 -0.433879 0.470317 0.490668 0.0769962 0.0740592 0.287764 -0.32575 -1.43673 -1.06001 -0.230002 0.63744 0.28516 -0.268476 -0.0138524 
-1.74408 -1.33601 0.680986 0.543856 -0.49619 0.649768 1.19324 -0.265516 -0.420438 0.0196012 -1.06619 -0.568399 0.358536 -0.582214 -0.587233 0.0797208 0.301211 -0.191891 -0.702694 -0.7198 -0.188718 -0.464266 -0.385313 -0.245673 0.0606036 -0.153625 1.26461 1.28236 0.215929 0.25226 0.593572 -0.324735 -1.30908 -0.495385 0.542508 0.47357 0.144659 0.748078 0.879031 
-1.79074 -1.30858 0.758671 0.622028 -0.584445 0.444553 0.471256 -0.400715 -0.624118 -0.245197 -1.55136 -0.287233 0.632642 0.413865 0.521358 0.197025 0.444128 0.220683 -0.438711 -0.333116 0.226228 0.35554 -0.104421 0.47458 1.25923 0.616148 0.525484 0.213692 -0.422536 -0.754702 -0.143394 0.754127 1.28844 0.865654 0.541842 0.206 0.813106 0.895997 0.588317 
-1.60665 -1.00514 0.880569 0.906363 -0.381505 0.497537 0.907926 -0.218516 -0.139069 0.0270319 -0.821712 0.383998 0.869672 0.0838873 -0.186341 -0.346814 -0.578962 -0.343704 0.225578 1.24002 0.623945 0.297581 -0.0477975 0.862604 1.27526 0.564185 -0.870885 -1.08646 -0.588788 -1.14574 -1.06576 0.00572414 0.613906 0.256732 -0.115499 -0.539628 -1.10228 -0.790821 -0.532449 
-1.84338 -1.46482 0.617527 0.211739 -0.91105 0.606783 1.51251 -0.155283 -0.393052 -0.206351 -1.07852 0.677465 1.1081 -0.609793 -0.897513 -0.42389 -0.911359 -1.02927 -0.371255 0.560288 0.393304 0.143698 -0.579341 -0.879282 0.106303 0.0531932 2.69509 1.60995 -0.708053 0.185656 1.31365 -1.4653 -1.86675 -0.0712801 0.153518 0.173323 0.751506 -1.49405 -2.05818 
-2.05887 -1.65088 0.691135 0.244997 -1.24415 0.377238 1.37598 -0.0881565 -0.0415597 -0.22903 -1.37406 0.451661 0.994302 3.37545 2.16883 -1.10717 -0.316107 1.23919 -1.39894 -1.78842 0.44326 0.484222 0.254113 1.8917 -0.864702 -1.74231 0.478951 0.568509 0.304826 0.719172 0.848641 0.26985 -0.305587 -0.271823 -0.0694944 0.42794 0.634962 -0.0451384 -0.0863692 
