-0.903566 -1.22984 -0.971497 -1.62219 0.0260234 2.98633 -0.858995 -1.97754 0.202507 -0.238742 -1.53097 -1.99244 2.00718 0.432316 -0.393935 -1.7887 -2.62195 0.872941 2.31073 -0.944431 -0.578366 0.996966 -0.96124 -2.31532 -1.9677 1.18457 0.764935 0.247447 -0.557602 -0.0734275 0.280858 -1.1106 0.147666 1.44272 0.622934 -1.57409 -0.677853 0.415216 -0.702418 
0.305499 -0.33523 -1.40375 -1.70713 0.911447 2.41151 -0.789436 -0.581258 0.893441 -0.81899 -1.4638 -1.47463 1.06702 1.03132 0.390412 -0.79565 -0.0562585 0.447646 -1.6503 0.193163 2.11509 0.964208 -1.95182 -0.652473 0.60073 -1.13126 -1.07698 -0.826867 0.779788 2.03506 -1.07114 -2.94331 0.955769 1.49206 -0.439875 -0.652781 1.40794 1.28915 -1.41064 
-0.108831 -0.918099 -1.54956 -1.55715 0.457298 1.00539 -0.560908 0.598602 1.06593 -1.91508 -1.88625 -1.29927 0.963297 -0.811744 -1.35843 -0.674337 -0.0963275 -0.670965 -1.96527 0.420201 1.60806 0.309724 -1.74827 -0.721179 -0.0792066 -0.972984 -1.06754 -0.795774 0.251258 -0.320148 -1.11297 -0.0805709 0.529859 -0.492406 -0.279749 1.20128 0.916935 -0.251087 -0.127087 
-0.405081 -1.46602 -1.88095 -1.66977 0.0797721 0.0813068 -0.274304 1.40052 1.15717 -2.31915 -1.86488 -1.35533 0.167402 -0.201066 -0.534864 -0.436115 -0.414631 -1.15788 -1.82491 0.940374 1.43265 0.525779 -0.394808 0.412809 0.219643 -1.42881 0.787676 1.62811 1.11774 0.760919 0.132884 1.03277 0.318465 -0.666287 0.901306 2.70012 1.86883 0.923728 0.552711 
-0.320643 -1.36958 -1.82869 -1.73965 -0.924119 -1.16918 0.451503 2.37475 1.52763 -2.24382 -1.53138 -0.927739 -0.351809 0.247673 0.773249 0.922677 0.869084 -0.441293 -0.544805 0.860964 0.674239 1.70648 1.7037 1.36939 1.27083 -0.285439 0.848282 2.33063 2.11375 2.42148 1.12072 1.63738 -1.24248 -1.9853 -0.51759 1.92429 0.895184 0.756826 1.80069 
-0.250389 -0.838498 -1.03029 -0.965577 -0.492595 -0.673727 0.662191 2.28762 2.70073 -0.831641 -0.872318 -0.0965813 -0.105507 0.933219 2.48281 2.58336 2.58417 0.526923 0.461758 -0.881695 -1.40802 -0.282221 2.07629 1.45466 1.32375 1.06718 1.11055 1.21516 0.203831 0.467587 1.12924 0.935321 -2.00754 -2.29629 -3.10375 0.173117 0.556567 -1.40012 -0.378059 
0.393965 0.668089 0.402767 0.149175 -0.403337 -0.808017 -0.277959 0.820929 1.24898 -0.433836 -0.481975 0.375674 0.608205 1.70595 2.38412 1.21448 1.47531 1.25606 0.73604 -2.07017 -2.61603 -3.12004 1.96083 2.04652 -0.803392 -0.946672 0.369906 -1.38817 -2.39769 -2.05586 0.852697 -0.0249484 -0.474278 0.206896 -0.947799 -0.601137 0.425529 -1.37614 -2.24475 
1.09534 1.11776 0.0629902 0.15734 0.851405 -0.00841292 -1.20343 -0.682277 -0.17817 0.878419 0.571645 -0.588513 -0.981137 1.47655 0.810424 -0.840238 0.100386 1.81692 0.366843 -1.59013 -1.07951 -1.7587 1.35455 1.99065 -0.715141 -2.29908 -1.2368 -2.02105 -1.15053 -1.09706 -0.349468 -0.552435 1.28052 2.11086 2.25722 -1.75245 -1.77131 1.26447 0.784414 
1.55234 1.32628 -0.212374 0.32241 1.57389 -0.552111 -1.68468 -0.347795 -0.382556 0.751487 0.924741 -0.0417721 -1.50016 0.264463 -0.0864505 -0.427969 0.165591 0.775203 -0.114595 -0.234757 0.464969 0.383611 -0.216488 0.216276 1.04874 0.0766342 -1.8567 -1.04092 0.857079 -0.0766728 -1.5134 0.321091 1.88936 0.676464 1.05881 -1.34322 -2.34955 0.87669 2.41474 
1.26375 1.03616 -0.209364 0.375613 1.6525 -0.286381 -1.31443 -0.0404904 0.153263 0.704012 0.7955 0.482791 -0.924013 -0.730725 -0.424026 0.384509 0.0401536 -0.378467 0.767693 1.12788 -0.0721656 -0.117206 -0.305383 -0.46242 0.565585 1.08673 -0.747659 0.197117 0.974877 -0.53616 -1.7305 0.427735 0.847569 -0.873113 -0.763306 0.273598 -0.492662 -1.04382 0.0282105 
0.907928 0.966227 0.19082 0.454042 1.07246 0.148303 -0.493012 -0.335662 -0.510012 0.500141 0.696153 0.621739 -0.522327 -0.572772 0.240487 0.965012 -0.45729 -1.73998 0.439041 0.973023 -0.767854 -0.806196 0.167681 -0.236727 -0.500463 0.004126 0.268905 0.425822 0.104915 -0.45095 -0.420668 -0.071427 -0.629368 -0.519345 -0.0293947 0.579379 -0.0151392 -1.33049 -0.812014 
0.748349 1.22424 0.676497 0.163652 -0.386129 0.0495868 -0.27081 -0.843875 -0.605503 0.862102 0.717368 0.246538 -0.932981 -0.312163 0.191349 0.535043 -0.478387 -0.964204 0.606189 0.194619 -0.793558 -0.166622 0.465377 -0.401081 -1.40603 -0.203351 0.660905 -0.340087 -1.02403 0.569396 1.73592 -0.380181 -0.832222 0.596385 0.300432 -0.122561 0.329563 -0.189617 -0.0135495 
0.605377 1.11377 0.719176 0.227509 -0.0902965 0.669623 -0.193533 -1.16918 -0.682748 0.915887 0.508456 -0.378835 -0.720412 0.33004 -0.110087 -0.496778 0.273599 0.851031 -0.164808 -0.254311 0.123724 -0.34311 0.050996 0.195894 -0.790972 -0.128897 0.613928 -0.365072 -0.947952 0.667544 1.30096 -1.15723 -0.723202 0.870867 -0.201461 -0.572372 0.97394 1.28927 0.0498626 
0.970314 1.12314 0.346931 0.456528 0.500581 -0.284063 -0.400502 -0.60211 -0.939951 0.919202 0.927635 -0.234911 -1.0632 0.532617 -0.190735 -0.818091 0.372687 0.986105 -1.11092 -0.874674 0.494831 -0.483404 -0.219993 0.725602 0.482639 -0.244483 -0.798777 -0.635014 0.116515 -0.0978244 -0.226669 0.331244 0.218513 0.0362943 0.33501 -0.379819 -0.582185 0.425077 0.192864 
0.992796 0.946151 0.12245 0.588827 0.948918 -0.713187 -0.916283 -0.492385 -1.14575 0.738446 1.07185 0.214669 -0.95599 -0.570344 -0.832616 -0.329678 0.187466 0.551065 0.250587 0.0415555 0.2056 0.173706 -0.390934 -0.353536 -0.175712 0.0371949 -1.49217 -0.580416 0.884945 -0.407618 -1.18227 1.55226 1.86379 -0.404361 0.250455 -0.0715139 -1.41413 -0.645574 0.567442 
0.456896 0.426062 0.156303 0.689911 1.04862 -0.157075 -0.24735 -0.264367 -0.80085 0.593811 0.771634 -0.197069 -1.04203 -1.22434 -0.844407 0.446453 -0.0927937 -0.721504 1.05379 1.80628 -0.0603337 -0.0979743 -0.27214 -0.719919 -0.479737 0.464409 -0.768302 0.00309684 0.931635 0.164499 -1.40069 -0.206779 1.06332 -0.100581 -0.14964 0.247483 0.140171 0.898055 0.879823 
-0.0547686 0.239347 0.577148 0.62863 0.0601828 0.304487 0.923919 -0.466381 -1.25558 0.515872 0.6716 -0.00409218 -0.545405 -1.43308 -0.750373 1.00155 0.422553 -1.47829 -0.104832 1.56209 0.089599 -0.0625529 -0.0397813 -0.12491 1.1365 1.19876 -0.118108 -0.0926619 0.108601 0.307733 -0.28037 -1.0137 -0.752853 0.24943 0.582432 0.166899 0.226164 0.873293 0.771443 
-0.761158 -0.203178 1.07254 1.08567 -0.694555 -0.424218 1.35942 -0.0626056 -0.878229 0.572343 0.768042 0.948303 0.0379267 -1.28387 -0.882933 0.60225 0.317685 -1.10057 -0.45769 0.694001 0.329664 0.803299 -0.0228675 -0.398671 0.795983 1.46892 0.376233 -0.0164832 -0.545787 -0.418227 0.494831 -0.105737 -1.02738 0.129635 0.691978 -0.347551 -0.893752 -0.820376 0.0489657 
-1.15095 -0.499235 1.16139 0.951957 -1.25654 -0.353945 1.7008 0.0167957 -0.539593 0.509043 0.48551 0.85388 0.780801 -0.881935 -0.692824 0.22277 -0.0559182 -0.715455 -0.315491 0.0518513 0.306414 1.00894 -0.440915 -1.00993 -0.0834562 1.15633 0.316277 0.0834946 -0.299127 -0.121557 0.469461 0.0692618 -0.886591 -0.419875 -0.696043 -0.406648 -0.0363988 -0.0174349 -0.603294 
-1.52907 -0.784948 1.34125 1.15095 -1.57646 -0.924962 1.52241 0.393316 0.026183 0.203694 0.174464 1.06401 1.0792 -0.806788 -0.699294 0.175745 0.202491 -0.375108 -0.417632 -0.612149 -0.247928 -0.28199 -0.498717 -0.36023 0.759189 0.481298 0.273369 -0.148188 -0.627653 -0.680928 0.490145 0.728903 -0.0209618 -0.432651 -0.818977 0.162919 0.820703 0.749736 -0.219531 
-1.85749 -1.08634 1.391 1.19572 -1.75418 -0.967955 1.22902 -0.177108 -0.818038 0.0903664 0.325045 1.6808 1.20678 -0.457859 -0.801378 -0.672924 -0.856071 0.0404796 0.669623 0.000562898 -0.289648 -0.267371 -0.196674 -0.0482999 1.0102 0.724817 2.47135 1.54652 -1.36525 -1.72941 1.33094 1.03705 -0.531992 0.198587 0.772534 0.269771 -0.301296 -2.00882 -1.15788 
-1.95061 -1.45626 0.865229 0.663539 -1.60489 -0.333299 1.63637 0.150506 -0.238867 0.0464354 0.221943 2.10279 1.72715 2.33253 1.32949 -1.77336 -1.88155 1.61936 1.00896 -1.40425 0.0685678 0.914674 -0.119387 -0.607113 -2.21197 -1.30997 0.300717 0.573304 0.470693 0.671625 -0.0505128 -0.426091 0.0140297 0.180016 0.174477 0.125296 -0.0272451 -0.678029 -0.421936 
