1.64387 -0.847478 -2.18113 -1.45016 0.577774 -1.66094 0.409404 2.26691 2.15503 -2.31554 -2.20517 -0.0569703 -1.12867 1.50953 -1.91693 -3.2758 -2.37723 -0.540491 -3.0143 0.249229 3.13383 0.841484 -3.41241 -2.24956 0.209177 -1.4377 -0.540505 -0.577209 -0.155986 -0.807891 -1.26898 -0.169429 -0.319011 -0.638791 -0.646583 0.572495 0.850898 -0.202354 -0.536984 
1.05396 -1.30348 -2.17905 -1.87729 -0.537728 -1.87044 0.312314 1.98799 0.811428 -2.2882 -1.7286 0.283631 -1.47731 -0.684246 -0.551306 -0.0805235 -0.95053 -1.5242 -0.102896 -0.561162 -0.896249 -1.11811 0.802783 1.20875 -0.32455 -0.780046 -1.4126 1.74978 2.9516 1.64971 0.0245741 2.86213 -0.189777 -3.12214 -1.00786 3.36106 2.18289 -0.864061 -0.0631136 
1.05989 -1.22465 -2.17735 -2.18558 -0.766992 -1.70929 -0.0558227 1.65757 0.89765 -1.72641 -1.15883 -0.327345 -1.91073 -0.26326 0.136947 0.293704 -0.174586 -0.45637 0.418745 -0.111631 -0.76642 -0.872977 0.692135 0.694207 -1.07694 -1.51511 -0.31874 0.0973082 0.524538 0.776556 0.383566 0.0869009 0.360278 0.516012 1.09284 -0.15729 -0.662741 0.512887 0.427334 
0.784301 -1.21381 -1.91963 -1.99167 -1.00644 -1.59232 0.278396 1.46233 -0.187157 -1.7746 -1.09513 -0.767723 -3.03645 -1.09168 -0.347456 0.638265 0.131829 -0.993729 0.0931846 -0.0694813 -0.395584 0.635037 0.741472 0.445868 0.390261 -0.130239 -1.17307 -0.939968 0.350509 0.324441 -0.67749 -0.652135 -0.669552 0.096023 1.03284 0.0787917 -0.219833 1.97297 2.57802 
0.171697 -1.46356 -1.68255 -2.05472 -1.67656 -1.63492 -0.0492993 1.37091 1.49112 -1.17914 -0.724627 0.144251 -2.00583 -1.73706 -0.820486 0.808087 0.327696 -1.24515 -0.247168 -1.2161 -0.773797 0.781133 0.910355 0.508249 1.75962 2.32366 0.446174 1.48305 1.18162 1.71883 1.46843 0.907309 0.963841 0.146871 0.0180656 0.0324547 0.153296 1.057 1.86861 
-0.585748 -1.77357 -1.30881 -1.70405 -2.12228 -1.73096 -0.815223 0.931913 0.560556 -1.11205 -0.610867 1.12526 -0.537365 -0.544364 1.4078 2.12883 2.42315 0.885585 1.24617 1.35767 -0.341452 0.614061 0.904826 0.745937 1.89576 2.65664 1.81145 3.21901 1.49731 2.1176 2.02215 1.27991 1.76955 0.185871 -1.00638 -0.0958983 0.642522 -0.17176 -0.337872 
-0.307844 -0.511875 -0.169473 -0.0899859 -1.04433 -0.83896 1.32653 1.11913 2.06245 -0.520365 -0.0496461 2.17855 0.845275 0.514391 2.87826 2.66945 3.13065 1.32262 1.34041 1.45984 -0.672489 -0.930891 0.921734 1.44557 1.47952 1.83885 1.26254 0.381536 -1.06262 -1.09604 0.312636 -0.393157 -2.07917 -1.29905 -2.10093 0.0587939 0.702812 -1.80062 -2.18584 
-0.274788 0.175526 0.573582 0.826939 -1.1315 -0.876019 0.658625 0.466787 -0.49917 -0.441729 0.625498 2.7275 1.44919 1.02193 1.92986 0.983417 1.10291 1.32786 0.882323 -1.9316 -2.03639 -2.90473 1.09937 1.76179 -0.751328 -0.56827 1.02033 -1.27184 -2.66935 -2.91466 0.586757 0.334956 -1.65025 -0.610516 0.230507 0.703123 0.148526 -2.58202 -2.39405 
0.382063 0.793918 0.561122 0.818088 -0.0492444 -0.270711 -0.453585 -0.22501 -1.08112 0.271208 1.44045 1.46518 0.287101 1.77836 1.54928 -0.363162 -0.52292 2.10572 1.82582 -1.16463 -1.53454 -0.601192 1.87919 1.73943 -2.30307 -1.69478 -0.04842 -1.24044 -1.28864 -1.35075 -0.021817 0.36826 1.48824 1.39019 1.81121 -0.454196 -1.43339 -0.685445 -0.0627588 
0.979896 1.22318 0.384274 0.433761 0.501746 0.282712 -0.38561 -0.553916 -1.21082 0.882153 2.09765 0.403436 -0.299893 0.951905 0.636029 -0.427464 -0.544127 1.3543 1.40657 0.308324 -0.478272 0.0342328 0.686509 -0.00491594 -1.77789 -0.645154 -1.32677 -1.38469 0.173813 0.374591 -1.05952 -1.22984 0.369853 1.17275 0.696213 -1.76654 -2.20748 1.17906 1.22099 
1.01969 1.22211 0.327886 0.407938 0.967529 0.625639 -0.0845713 -0.564966 -1.12194 0.780962 1.51295 -0.313752 -0.352352 0.112703 0.0939665 -0.0563183 0.0437057 0.841951 0.486076 -0.658113 -0.239444 0.497247 -0.0875331 -1.03559 -0.620193 0.131837 -0.89807 -0.555458 0.44833 0.308068 -1.20654 -1.12964 -0.51046 0.266725 0.241699 -0.680676 -0.500921 1.43186 0.636854 
0.990943 1.28369 0.404583 0.494089 1.09818 0.602971 -0.943858 -0.73995 -0.762817 0.863541 1.34314 -0.173815 -0.117935 -0.178651 0.109074 0.201815 -0.0628516 -0.0922581 0.183711 -0.549568 -0.279158 0.382407 0.00548961 -0.557013 0.272334 0.31532 0.196518 -0.0644515 -0.25016 -0.387876 -0.988295 -0.646604 1.16108 0.941538 -0.131296 -0.885247 -0.311593 0.602201 0.190633 
0.813198 1.29287 0.524536 0.382981 0.797534 0.756663 -0.538674 -0.776596 -0.795172 0.825848 1.14245 0.035437 0.0235786 0.348405 0.116719 -0.247454 -0.367934 -0.333261 -0.173386 1.07474 0.775961 0.229721 -1.01077 -1.34108 0.224406 0.430673 0.101246 -0.484545 -0.423151 0.229121 0.686163 -0.341383 -0.215431 0.206335 -0.466894 -0.426259 0.221383 0.109187 -0.0764757 
1.17797 1.35963 0.294319 0.224956 0.730467 0.510507 0.160503 -0.27157 -0.597247 0.21472 0.343505 0.125625 0.379943 -0.0618669 -0.33849 -0.192508 0.317133 0.814436 -0.119748 -0.950189 -0.153096 -0.439091 -0.37429 -0.168255 0.400505 0.218098 -0.940393 -0.689378 0.342664 0.577144 0.786498 0.44362 -1.64576 -1.389 -0.364578 1.32897 1.37859 -0.401555 -0.47852 
0.693905 1.06005 0.451808 0.662148 1.3714 0.697768 -1.37716 -0.90698 -1.33569 0.611493 1.08388 0.517666 0.296728 -0.834978 -0.560167 0.257714 0.458573 0.698184 0.438764 -1.54277 -1.02779 -0.422883 0.687712 0.555032 -0.389616 -0.262684 -0.116672 0.0591774 0.028532 -0.612676 -1.01835 0.151624 0.907754 0.412495 1.10867 0.46786 -0.46797 -0.827104 -0.0315446 
0.481449 0.976449 0.529156 0.617326 1.20896 0.801156 -1.24654 -0.965679 -1.12065 0.725295 0.865304 -0.212288 0.144824 -0.217087 -0.177329 -0.0563051 -0.382932 -0.398144 0.151824 0.390034 0.222349 1.34019 0.304601 -0.67743 -0.831911 0.187498 0.617696 0.187857 -0.466512 -0.511568 -0.425892 -0.311023 1.20641 1.11861 0.670557 -0.795348 -1.23184 -0.0472534 0.466979 
0.45872 0.936539 0.472126 0.381012 0.950451 0.808836 -0.929746 -0.795395 0.00223508 0.860554 0.616758 -0.279347 0.537528 -0.0735637 -0.254943 -0.187539 -0.111767 0.222226 0.170716 0.260337 0.201817 0.633206 -0.129084 -0.949147 -0.48878 0.445907 0.00456092 -0.157418 -0.0394623 0.390478 0.430953 -0.33841 -0.492544 -0.110833 -0.883839 -0.737253 -0.362548 0.112249 -0.265346 
0.353423 0.800296 0.459823 0.55322 1.29697 0.924047 -0.923572 -0.867327 -0.529112 0.678319 0.180153 -0.653133 0.658807 -0.220985 -0.258658 3.52258e-005 0.204079 0.19124 -0.148167 -0.44009 -0.0352524 -0.16956 -0.443409 -1.04929 -0.699292 -0.189775 -0.374363 -0.0800105 0.261906 -0.0945211 -0.88856 -0.389897 -0.244424 -0.238832 -0.506636 -0.0701399 0.313707 0.00384427 -0.726522 
0.220624 0.757866 0.530932 0.569696 1.01304 0.732156 -1.27881 -0.84983 -0.25373 0.599019 -0.148744 -0.938702 0.379488 -0.550432 -0.24961 0.222775 -0.147024 -0.828981 -0.189329 -0.185221 -0.21062 -0.253893 -0.0872056 -0.440131 -0.513691 -0.615179 -0.272792 -0.173254 0.0760017 -0.295487 -1.05122 -0.215992 0.71473 0.120147 -0.288012 0.368974 1.26752 0.635731 -0.0838516 
-0.130649 0.627761 0.670792 0.460895 0.522559 0.821606 -1.0281 -1.03478 -0.87411 0.659931 -0.0965642 -1.11983 0.051042 -0.571073 -0.357716 0.191994 -0.0890237 -1.06221 -0.305374 0.600962 -0.0134484 -0.695777 0.118398 0.70214 0.194032 -0.297934 0.438424 0.0191196 -0.368441 -0.0977142 0.148548 -0.247095 0.571744 0.681224 0.609379 0.141092 0.599241 0.424898 0.426426 
-0.278859 0.512003 0.720874 0.523792 0.047287 0.557088 -0.629018 -0.890214 -1.06524 0.720976 0.491094 -0.670791 0.107106 -0.0127847 -0.133295 -0.107288 -0.186378 -0.59072 -0.382814 0.634214 0.489894 0.701208 0.204779 0.440815 0.0732591 0.0332808 0.340401 -0.123498 -0.455205 0.0337564 1.44016 0.443527 -0.568625 0.200226 1.28032 -0.0924478 -1.41691 -0.525886 0.676529 
-0.213295 0.534122 0.656282 0.337072 -0.0563775 0.598072 -0.346403 -0.75077 -0.210776 0.840853 0.333587 -0.977285 0.128809 -0.155777 -0.40107 -0.239977 0.0403024 0.781954 0.306667 -0.34708 0.105224 1.36684 0.133863 -1.0431 -0.600664 0.72137 -0.708025 -1.0207 -0.147237 0.474018 1.22925 0.531727 -0.213469 -0.127122 -0.167161 -0.53067 -1.01134 -0.163161 0.173678 
-0.468268 0.236732 0.615718 0.581395 0.594502 0.765064 -0.888841 -0.854114 0.300822 0.85349 -0.269445 -1.22777 0.912298 -0.906128 -1.18111 -0.177534 0.507816 0.991209 0.332102 0.236634 0.212588 0.37448 -0.298628 -0.776135 -0.194337 0.306976 -0.975119 -0.851995 0.223088 -2.3915e-005 -1.22553 -0.218417 1.5455 0.42045 -1.40757 -0.90175 0.518168 0.723743 -0.779566 
-0.962941 -0.27025 0.593784 0.768855 0.662511 0.821966 -0.0461732 -0.645475 0.10762 0.678146 -0.212739 -1.1125 0.495918 -1.3825 -1.26001 0.124743 0.126288 -0.688217 0.146633 1.9816 0.490292 -1.00743 -0.808916 -0.267759 0.420557 -0.418367 -0.00720091 0.420279 0.359722 -0.120019 -1.1654 -0.483642 0.372681 0.259988 0.0880896 -0.105958 0.144045 0.312147 -0.267193 
-1.57359 -0.621158 0.759717 0.707818 -0.0644222 0.872883 1.08562 -0.569843 -0.839714 0.342457 -0.407852 -0.724727 0.512598 -0.924707 -0.615679 0.34767 0.439845 -0.404199 -0.137285 0.747538 0.403552 0.469092 -0.29916 -0.488115 0.228766 -0.0730352 0.111017 -0.0758927 -0.196979 -0.172173 -0.151534 -0.534311 -0.601017 0.443691 1.99749 0.613108 -0.475293 -0.33067 0.291833 
-1.72646 -0.691089 0.890074 1.14624 0.236598 0.752096 0.74425 -0.417107 0.525901 0.515076 -0.527959 -0.808535 0.461291 -1.25352 -1.25007 -0.00392876 -0.00859928 -0.823057 -0.381853 0.983356 0.903473 2.23902 0.0419545 -0.786474 -0.0904583 0.0305241 0.756388 0.289827 -0.663714 -0.959918 -0.108064 -0.0694079 -0.498175 -0.0157169 0.33749 -0.0792502 -0.493008 0.0278748 0.670198 
-2.58261 -1.4723 0.815815 0.726282 -0.83397 0.649951 2.10231 -0.0192834 1.44714 0.412234 -0.962474 -0.752116 0.58745 0.00982074 -0.196294 -0.329206 -0.70574 -0.484992 -0.123519 -0.0913137 0.261008 0.975388 -0.268068 -1.0299 0.238775 0.936881 2.96119 2.14811 -1.08126 -0.975387 0.763598 -0.540158 -0.972902 -0.0656945 -1.6543 -1.03605 0.716206 0.979333 0.181808 
-1.79223 -0.827461 0.723962 0.606737 -0.255599 0.690841 0.729826 -0.280607 1.4787 0.373229 -1.27791 -0.494181 1.49432 2.43303 1.24976 -1.17124 -1.17403 0.179915 -0.917158 -0.591283 0.700473 -0.542527 -1.05984 0.246827 1.30218 0.316274 1.41209 -0.058973 -1.30319 -0.804214 -1.51715 -2.55945 1.31375 1.97427 -1.45262 -1.72976 1.94742 1.42518 -1.52827 
-0.839139 -0.627819 0.0744785 -0.188018 -0.780672 0.0919998 1.60818 0.400446 0.797423 -0.270081 -0.687978 0.666044 0.964389 1.7628 -0.167409 -1.75718 -1.65155 -2.31775 -3.01408 1.87817 2.52566 -1.47324 -2.19124 1.60715 2.2793 -1.313 -0.962695 -0.37009 0.743664 1.00642 0.670003 0.557103 -0.706102 -0.949917 -0.0539834 1.07286 0.318537 -1.36077 -0.866603 
-0.549166 -0.944239 -0.417659 -0.689752 -2.2514 -1.17946 2.60505 1.31543 -0.153608 -1.08139 0.0881058 1.93823 0.148838 1.22181 0.930334 -0.195071 0.203248 1.06652 -0.172645 -1.7524 -0.572131 -0.682434 0.335395 0.762135 -0.705736 -0.952518 -1.4046 0.064758 1.40861 1.22019 1.82106 2.50293 -1.16874 -1.9858 0.92327 1.74514 -1.3109 -1.54752 0.874602 
