-2.25158 -1.63698 0.0344338 1.21968 -0.233189 -0.707516 -0.289212 0.154485 -0.383997 -0.0284744 0.999454 1.92932 1.01712 -3.74199 -3.73645 -1.75883 1.77995 1.07436 -2.35653 -1.41275 1.72856 -1.19528 -1.22551 3.34232 3.90726 -0.672636 1.21731 -0.14603 -1.64412 -0.0958785 1.6794 -1.38027 -0.421089 2.23482 -0.558315 -0.648801 1.72985 -0.450083 -2.52835 
-1.52291 -1.44563 -1.23039 0.840351 0.578414 -1.02095 -0.875747 0.757276 -1.1218 -0.809741 1.81979 2.16448 -0.480841 1.37347 -0.08677 -2.29919 -0.118124 2.02678 -1.48999 -0.638774 2.66018 -0.787592 -0.858702 2.23872 -0.661725 -3.58244 3.66547 3.8221 1.15078 -0.522416 -0.237707 1.06082 0.536068 -0.235225 0.631423 -0.244567 -2.95949 -3.61949 0.0621612 
-1.57447 -1.6067 -1.57451 1.10015 0.847901 -1.33183 -0.659801 1.33583 -1.12816 -0.594363 2.20357 1.48582 -1.5573 0.289063 0.0176062 -0.0763564 1.07186 0.75724 -1.26572 -0.669539 1.47259 -0.161818 -1.52669 -0.605903 -0.846753 -0.619134 -1.55218 -0.23687 1.53202 0.272901 -1.80967 0.495215 -0.227296 -1.52841 0.809935 -0.521505 -2.48298 1.08546 3.44827 
-1.31217 -1.37314 -1.28208 1.32261 0.989458 -1.54261 -1.26642 1.39803 -1.28632 -1.8197 1.43696 1.61536 -0.923186 -0.259477 -0.261466 -0.0735996 0.273832 -0.212259 -0.997163 -0.997743 0.87747 0.519108 -1.54184 -1.08081 0.659219 1.22368 -0.788078 -0.429021 0.200881 -0.313136 -0.615987 0.807342 0.441618 -0.907342 0.262886 1.16212 0.400192 0.558242 0.648714 
-1.59964 -1.64707 -1.62427 1.17885 0.747256 -1.73056 -1.26468 1.70569 -0.66196 -1.61439 1.5558 1.79631 -0.673756 -0.514413 -0.343076 0.252873 0.653235 -0.0223697 -0.442905 -0.0627009 0.423115 0.307551 0.112282 -0.12148 -0.206544 0.257634 0.342348 0.452608 0.290847 0.212379 0.816181 1.43338 0.778629 -1.44383 -0.848626 1.14165 0.714599 -0.871543 -0.753217 
-1.44699 -1.44651 -1.10312 1.59317 0.989034 -1.68764 -1.26101 1.56107 -1.01608 -1.74009 1.32437 1.43167 -0.734704 0.164175 0.231197 0.383797 0.582078 0.759128 0.487522 0.0956867 -0.805382 -0.712844 0.068896 -0.181566 -0.546688 0.132746 0.533392 0.10482 -0.764173 -0.994437 0.228957 0.644072 -0.0962463 -0.511127 0.00174307 0.550681 0.297554 -0.67663 -1.27308 
-1.44262 -1.48821 -1.35359 1.41342 1.1593 -1.4497 -1.1559 1.30952 -1.33689 -1.56362 1.4097 1.41847 -0.57513 0.116626 -0.187044 -0.792736 -0.70774 0.231066 0.2073 -0.232454 -0.158588 0.377204 0.907933 0.227526 -1.16078 -1.56296 0.716448 0.193308 -0.952597 -1.49867 -0.853286 -0.53091 -0.648781 0.851333 1.24387 0.412349 -0.061678 -0.273073 -0.806437 
-1.31041 -1.45679 -1.65668 1.17547 1.12237 -1.53505 -1.36641 1.45932 -0.681322 -1.13153 1.40649 0.703306 -1.85613 0.99393 0.472878 -0.930245 -1.47633 -0.310608 -0.104503 -0.871839 0.221442 1.25805 0.673756 -0.306518 -0.979861 -1.03289 0.448114 0.620437 0.418415 0.260113 0.415643 0.239213 -0.689322 -1.00513 -0.771166 -1.82502 -1.4003 0.537757 1.49273 
-0.928738 -1.23161 -2.00349 0.607035 1.00674 -1.43983 -1.67861 1.38075 -0.186214 -1.11075 1.19388 0.793373 -1.31517 0.655092 0.468064 -0.153602 -0.333471 0.712748 0.429476 -1.25852 -1.32352 -0.736186 -1.57304 -1.66355 -0.547023 0.498434 -0.903868 0.111985 1.81262 2.41467 1.82314 1.72772 1.26059 -1.41538 -1.39685 -0.216031 0.289013 0.756001 0.633307 
-0.942257 -1.20214 -1.76249 0.947043 1.50993 -1.28076 -2.14149 0.827295 -1.37787 -2.17231 0.433619 0.325273 -1.49439 0.0647586 0.635846 1.6951 1.87803 1.89191 1.69138 0.917459 -1.42783 -0.813034 0.411941 0.0312205 -0.084308 -0.177742 0.319975 1.76689 2.64016 1.44608 -1.15705 1.18161 3.24256 1.82807 2.1403 3.26173 1.02298 -0.428181 -0.616355 
-0.814468 -0.909111 -0.814152 1.49698 2.01665 -0.607938 -1.03348 0.701245 -0.953947 -0.831921 1.16648 0.679459 -1.43994 1.05446 2.23284 3.65068 1.68117 -0.728372 1.64798 3.39243 0.856446 2.60682 2.96175 -0.35744 -1.18047 -0.400405 1.9987 2.04036 0.128901 -2.1702 -3.26022 -0.953641 -0.313533 1.39344 2.87779 1.18916 -1.70003 -1.39292 0.122537 
-0.402345 -0.233818 0.796875 1.73744 1.13689 -0.46873 0.119011 1.18758 1.02214 -0.198394 0.189397 -0.41433 -1.77936 2.28646 2.66533 1.92178 -1.10922 -2.12059 0.652427 0.433978 0.23901 3.6588 2.08819 -2.25531 -1.96341 -0.039498 0.871772 -0.900627 -3.27438 -3.3063 0.162582 -0.385481 -2.83582 -1.74749 -0.96831 -1.631 -0.306766 1.14776 1.10513 
0.255293 0.2341 0.533997 0.876251 0.908816 -0.251602 -0.703903 0.780479 2.42049 0.561261 -0.136517 -0.50705 -1.46524 2.05282 1.41568 -0.971031 -2.87748 -0.556087 1.20971 -0.732827 -1.18492 1.19168 0.748375 -0.805752 0.220918 1.11698 -1.44537 -2.24731 -1.75066 -0.501824 1.19187 0.365032 -0.0492651 -1.24037 -2.84679 -1.87845 1.29946 2.14798 1.30791 
0.566936 0.404045 0.118401 0.222483 0.854776 0.142692 -0.312964 0.618648 2.11133 0.304089 -0.304928 -0.35402 -0.972593 0.769466 0.544686 -0.529204 -1.78883 -0.689877 1.00762 0.332058 -1.20364 -0.631613 -0.466477 -0.584421 0.729443 1.76249 -1.74232 -1.27915 0.618537 1.51748 -0.00232521 -0.860191 0.0826214 -0.30516 -1.30638 -0.673378 0.574694 0.746474 0.543637 
0.672638 0.519735 0.165055 -0.0881661 0.55609 0.267318 -0.44085 0.203022 1.8208 0.25612 -0.507367 -0.156474 -0.194019 0.213473 0.232144 -0.0467988 -0.764072 -0.585422 0.269559 -0.644323 -1.52346 -0.740934 -0.144224 -0.091097 1.10417 1.84626 -1.01495 -0.618745 0.594531 1.04008 -0.183172 -0.596553 0.30533 0.452331 -0.0637608 0.181287 0.331378 -0.174423 -0.59489 
0.745164 0.563291 0.087418 -0.223704 0.55718 0.323779 -0.687175 -0.10439 1.41039 0.213179 -0.400563 0.21045 0.358893 -0.280287 0.000364933 0.360829 -0.335737 -0.940318 0.346198 0.742118 -0.647876 -0.662223 -0.180303 -0.190788 0.423646 0.893783 -0.612463 -0.152848 0.596725 0.168813 -1.30586 -0.0829459 1.47756 0.795429 0.021795 0.1829 -0.319601 -1.2536 -0.820863 
0.638512 0.585251 0.419644 -0.31774 0.0711847 0.483485 0.0898412 -0.121454 1.19276 0.141226 -0.658618 0.0195525 0.452168 -0.399365 0.138775 0.846359 -0.516086 -2.20848 0.151137 1.45825 -0.562633 -0.640589 0.144175 -0.556342 -0.595048 0.660382 -0.0375371 0.103069 0.227557 -0.0757792 -1.10116 -0.762039 -0.0530148 0.0152362 0.0930791 0.689821 0.0511625 -1.17639 -0.292539 
0.659826 0.684778 0.682155 -0.544482 -0.597045 0.450661 0.310923 -0.390063 0.802385 0.313994 -0.755748 -0.194995 0.83715 -0.269018 0.154702 0.728062 -0.426061 -2.31311 -0.490184 0.634785 -0.608152 -0.452768 0.807253 -0.166862 -1.17588 0.449442 -0.0101042 -0.22037 -0.238264 0.276052 0.604913 -0.238876 -0.178417 0.305694 0.0343414 0.392188 0.584204 -0.287982 -0.601887 
0.609233 0.713179 0.931506 -0.592992 -1.13826 0.316816 0.550478 -0.427847 0.758738 0.68285 -0.79652 -0.717431 0.778654 -0.358315 -0.0199513 0.549973 -0.11977 -1.49539 -0.132138 1.16986 -0.179994 -0.52104 0.721228 0.17086 -1.04747 -0.218149 0.0768206 -0.207747 -0.399382 0.196138 1.52041 0.75296 0.167987 0.385692 -0.0468705 -0.53342 0.329747 0.89925 -0.526724 
0.592142 0.742078 1.06925 -0.66484 -1.37491 0.447879 1.12079 -0.501559 0.30512 0.79843 -0.705243 -0.858682 0.683309 -0.133607 0.00819455 0.202142 -0.14028 -0.48071 0.275141 0.846543 -0.131066 -0.457524 0.107686 0.224619 -0.0953641 -0.323593 0.294356 0.0198806 -0.371391 0.0579283 1.35567 0.227407 -1.20094 -0.160771 0.548478 -0.501109 -0.300447 1.07176 0.386934 
0.63819 0.781861 1.07492 -0.723721 -1.38059 0.500458 1.14932 -0.517071 0.320306 0.759408 -0.716024 -0.837655 0.548947 0.0132393 0.0538664 0.0639304 -0.0251552 0.135588 0.0775551 -0.594901 -0.348064 0.385465 0.0662266 -0.269114 0.255792 0.291193 0.0801175 -0.0513255 -0.172755 0.0671088 0.472299 -0.216452 -0.870721 -0.248678 0.224009 -0.0951971 -0.0835335 0.531508 0.554258 
0.684254 0.829229 1.11584 -0.73735 -1.29197 0.54108 0.778837 -0.689561 0.647533 0.847426 -0.900189 -0.778467 0.895937 0.00538177 0.0130906 -0.000918145 -0.0329665 0.070241 0.0155727 -0.44143 -0.40292 -0.0476641 0.0125271 0.0708327 0.510326 0.420599 -0.176945 -0.242264 -0.134252 0.0191776 0.130714 0.23055 0.412212 -0.365115 -0.815421 -0.0104985 0.595643 0.0936168 -0.190543 
0.726923 0.852522 1.07608 -0.800181 -1.33214 0.565288 0.907538 -0.730043 0.26152 0.772705 -0.721322 -0.612151 0.854681 -0.126825 -0.12605 -0.0842789 0.0158615 0.26891 0.290572 -0.0305199 -0.757385 -0.795661 0.0878858 0.47318 0.296084 -0.00999126 -0.22263 -0.204573 -0.0431631 -0.000921702 0.132921 0.359773 0.199558 -0.492081 -0.249921 0.443847 0.107834 -0.760687 -0.486787 
0.716129 0.843623 1.0586 -0.789117 -1.13866 0.731785 0.805243 -1.06388 -0.104108 0.910821 -0.681027 -0.675252 0.891864 -0.184275 -0.130345 -0.0193597 -0.0197503 0.206261 0.365208 -0.184088 -0.962137 -0.363218 0.660831 0.16953 -0.552446 -0.296382 0.0110422 -0.028484 -0.0791845 -0.134505 -0.320176 -0.406903 -0.204445 0.565653 0.773937 0.390723 -0.311662 -0.632348 -0.198991 
0.734089 0.865179 1.06432 -0.869958 -1.21189 0.790156 0.833714 -1.19757 -0.0895563 1.21699 -0.671559 -0.993279 0.644553 -0.0628197 -0.0990457 -0.154037 -0.155689 -0.149035 -0.170348 -0.356495 -0.0678368 0.455939 0.662919 0.0184095 -0.600978 -0.323033 0.0961437 -0.0520731 -0.228944 -0.151778 -0.0214004 -0.333531 -0.195577 0.628427 0.358655 -0.253681 0.0666688 0.58772 0.116846 
0.77553 0.868937 0.952491 -0.927639 -1.20593 0.711514 0.618892 -1.12433 0.303584 1.35649 -0.71557 -1.08408 0.66256 -0.0278891 -0.126173 -0.302469 -0.215193 0.153605 -0.0181408 -0.497258 -0.198477 0.252738 0.347087 0.213915 0.125824 -0.166126 -0.0364828 -0.111076 -0.150538 -0.0622212 0.30758 0.338403 0.22026 -0.12394 -0.474679 -0.484517 0.228479 0.667559 0.0642633 
0.808513 0.879524 0.854224 -1.03857 -1.11944 0.839554 0.555489 -1.31748 0.129914 1.4527 -0.597035 -0.987249 0.528143 -0.0504054 -0.151983 -0.325448 -0.22726 0.200527 0.156695 -0.0692623 -0.192426 -0.203636 0.0308015 0.276281 0.180379 -0.26658 -0.0390507 -0.186457 -0.196705 0.102786 0.302325 -0.0452479 0.405142 0.730277 -0.193955 -0.727968 -0.174204 0.0665625 0.0673334 
0.84027 0.872844 0.726294 -1.10235 -1.08872 0.84094 0.620012 -1.24148 0.100323 1.38194 -0.606253 -1.04691 0.473874 -0.0182623 -0.252073 -0.53965 -0.0585328 0.496742 -0.0967071 0.0569135 0.685427 0.0228478 -0.620805 -0.0594998 0.131184 -0.105364 -0.106015 -0.21063 -0.128958 0.22387 0.432316 -0.0520458 0.183595 0.589785 -0.0831241 -0.721289 -0.372358 0.026983 0.377463 
0.887077 0.842955 0.477963 -1.12796 -0.845883 0.852991 0.638961 -1.03504 0.136442 1.04496 -0.675043 -0.978159 0.455451 -0.113472 -0.301281 -0.466114 0.0968796 0.702594 0.0709414 0.165031 0.525613 -0.263884 -0.927879 -0.25857 0.134635 0.229469 -0.26903 -0.146902 0.122822 0.169127 0.340429 0.530769 0.280526 -0.297418 -0.403771 -0.66645 -0.368447 0.417116 0.715674 
0.877887 0.816375 0.40155 -1.11315 -0.706513 0.931114 0.77405 -1.03179 -0.158743 0.770062 -0.795318 -1.03585 0.642092 -0.258289 -0.339687 -0.321625 0.189888 0.886466 0.43371 0.43116 0.35603 -0.528194 -1.50385 -0.589191 0.589173 0.865386 -0.276778 -0.141808 0.101839 0.0600095 0.414219 0.924173 0.578342 -0.423558 -0.468464 -0.583648 -0.298822 0.469133 0.435433 
0.862412 0.770955 0.254444 -1.09172 -0.366635 1.10921 0.966696 -0.902536 -0.367449 0.0501848 -1.04855 -0.707649 1.08121 -0.361908 -0.383965 -0.277983 0.194373 1.18254 1.01728 0.969276 0.0472942 -0.913947 -1.69672 -0.6964 0.659788 0.806883 -0.209575 -0.0658297 0.144167 -0.0591265 -0.312514 0.305424 0.302052 -0.620637 -0.125898 0.996256 0.61561 -0.159314 -0.372685 
0.808658 0.72647 0.208606 -1.07464 -0.0710036 1.45445 1.453 -1.03982 -1.01995 -0.352934 -1.22864 -0.725036 1.22575 -0.433774 -0.34883 -0.0731914 0.122598 0.477888 0.725886 0.836486 -0.354961 -0.653912 -0.0936511 0.179447 0.302885 0.308555 -0.160988 -0.186779 0.0499973 0.308333 -0.614785 -1.46588 -0.876514 0.34852 0.661236 1.73671 1.57877 0.207128 -0.655605 
0.762276 0.695258 0.204971 -1.08951 -0.103029 1.49918 1.55898 -1.09368 -0.987791 -0.00710437 -0.993258 -0.600553 1.30632 -0.484651 -0.510177 -0.163707 0.635339 0.404395 -0.563227 -0.327061 0.480494 0.16515 0.734732 1.343 0.846645 -0.147045 -1.46619 -1.63923 -0.18602 1.54397 -0.227178 -3.8747 -2.26151 2.37235 1.09048 0.0440276 1.30736 0.731951 -1.49246 
0.686641 0.585525 0.0957201 -0.813135 0.153814 1.25435 1.28586 -0.850666 -0.88161 0.140479 -0.524224 -0.307561 1.12307 -1.97337 -1.8809 -0.29515 2.27265 0.173644 -3.40131 -2.45956 2.46758 1.08221 0.00321177 1.86075 1.16738 -1.81995 0.398539 0.470703 0.084694 -0.469815 -0.309093 0.561802 0.247845 -0.4254 -0.151659 -0.558916 -0.984885 -0.5933 0.128807 
