-1.68052 -1.57352 -1.09341 0.989795 -0.23814 -1.37964 -0.0893202 1.03858 -1.80741 -0.863962 1.23119 1.53108 -0.111162 -4.00703 -4.06912 -2.06697 2.39523 0.518716 -3.2451 -0.632513 1.38947 -2.38013 -0.425133 3.50368 2.62174 -0.760476 -0.179175 -0.398722 -0.316221 0.813374 1.30013 -0.251641 -0.860345 -0.235761 0.252675 0.697716 0.982187 0.317645 -0.857309 
-1.56363 -1.55944 -1.38903 1.11371 0.324885 -1.36941 -0.529987 1.16563 -1.44029 -0.373508 1.42615 1.51309 -0.34768 -0.0719464 -0.312904 -0.452232 0.995538 1.66263 -0.27622 -1.29653 -0.38499 0.339671 0.954277 1.20636 0.364269 -1.17506 3.98226 3.98216 1.71644 -0.890959 -0.100436 2.17459 0.121683 -1.11739 0.928383 -0.00982095 -2.4875 -2.12513 0.217881 
-1.68196 -1.66584 -1.36652 1.44958 0.738494 -1.44559 -1.21155 0.705499 -1.52973 -0.0291453 1.68916 1.71723 -0.673523 0.0392382 0.100585 0.538978 1.138 0.334094 -0.747963 -0.4704 -0.23984 -1.09945 -0.41386 0.454272 -0.0437524 -0.527109 -0.225902 0.152528 0.514743 -0.388806 -1.36026 0.156498 1.34556 1.01245 0.433332 -0.411507 -1.10566 -0.457509 1.39852 
-1.52093 -1.49026 -0.977125 1.64006 0.544581 -1.64247 -0.915386 0.955147 -2.07164 -0.737141 1.56716 1.45941 -0.574518 -0.190135 -0.0617578 0.345737 0.402048 -0.183607 -0.0859076 0.68346 0.991735 0.93093 0.430184 -0.14815 -0.232883 0.604864 -0.679971 -0.66494 -0.567722 -0.867016 -0.204752 0.618173 0.216973 0.394535 1.56173 0.523365 -0.780576 -0.34396 0.391898 
-1.73032 -1.66007 -1.08816 1.63209 0.663228 -1.42798 -0.567816 1.53521 -0.87858 0.346581 1.57628 1.55238 -0.314205 -0.528304 -0.484719 -0.291643 -0.087585 0.0118871 -0.0299222 -0.16675 0.264763 1.06326 0.308042 -0.501502 -0.500069 -0.0657905 -0.302017 -0.448594 -0.563021 -0.552399 -0.0628626 -0.228424 -0.823862 -1.331 -1.77279 -1.10411 -0.0337183 -0.0862268 -0.975087 
-1.70354 -1.64969 -1.13925 1.59381 0.580699 -1.60028 -1.02996 1.17085 -1.3369 -0.468408 1.30536 1.13751 -0.562477 -0.383647 -0.425692 -0.477811 -0.407677 -0.318672 -0.335589 -0.558882 -0.939067 -1.55014 -1.017 -0.187861 -0.369534 -0.724481 0.705976 0.585313 0.0814053 -0.331473 -0.352453 -0.214036 -0.0611075 -0.289859 -1.00781 -0.528543 0.643915 0.965262 -0.309187 
-1.85551 -1.79645 -1.37895 1.43631 0.511009 -1.51999 -1.03213 0.734152 -1.79461 -0.54539 1.44667 1.30721 -0.643246 0.275708 0.209263 -0.145639 -0.605293 -0.505127 -0.263156 -0.276143 -0.196581 -0.352468 -0.372036 0.289943 0.667437 -0.522849 1.34766 1.0982 0.247629 -0.0054206 0.0798257 -0.374833 -0.132184 0.915964 1.35189 0.161184 -0.0257067 0.844351 0.47618 
-1.56697 -1.53807 -1.20048 1.3057 0.322246 -1.66049 -1.2421 0.996903 -1.49641 -0.795405 1.37712 1.50187 -0.787109 1.05539 0.793084 -0.0817208 -0.494413 -0.265541 -0.752626 -0.773848 0.301477 0.320339 -0.777817 -0.217745 0.648007 -0.152758 -0.0635913 -0.343497 -0.272055 1.0877 1.41997 -0.142537 0.0523358 1.14112 0.630176 -0.489943 -0.302968 -0.135572 0.628563 
-1.40941 -1.45679 -1.396 1.2 0.389061 -1.79509 -1.68818 0.980865 -1.52914 -1.22784 1.30446 1.66014 -0.676239 0.318145 -0.0471339 -0.531423 0.752849 1.31557 -0.414662 -0.217034 1.36175 0.512923 -1.00067 -0.0800174 0.469583 0.248485 -0.634513 -0.746187 -0.437198 0.4567 1.06899 0.761486 0.491431 0.459663 0.249147 0.33998 0.183825 -0.37779 0.211832 
-1.41355 -1.52659 -1.52831 1.65211 1.10114 -1.78721 -1.40152 2.13913 -1.10929 -1.67307 1.29295 1.74992 -0.612331 0.532829 0.124646 -0.715965 0.0296772 1.09223 0.129232 -0.062534 0.898002 0.655096 -0.300329 0.00937452 0.14973 0.0726859 0.481575 0.438812 -0.327171 -1.84332 -0.703789 1.62463 0.141742 -1.85346 -0.605204 1.49647 0.389912 -0.939153 -0.881788 
-1.17077 -1.37822 -1.85137 1.20854 1.04071 -1.68303 -1.7098 1.73141 -1.05221 -1.49202 1.25797 1.72019 -0.592492 0.900087 0.496944 -1.00013 -1.7632 0.335166 1.45383 -0.0251271 -1.30645 -0.342119 1.01819 0.399879 -0.72495 -0.958644 0.203941 0.667092 0.80766 -0.244656 0.0698008 2.85709 1.88341 -0.51521 -0.147558 1.89458 0.805251 -1.44717 -2.27299 
-1.02911 -1.3026 -2.18006 0.823028 1.32145 -1.09359 -1.38978 1.02778 -1.26226 -0.782261 1.41104 1.29584 -1.06263 0.84002 0.902306 0.522703 -0.373277 1.13214 3.40652 2.71634 0.118601 0.437388 2.24913 0.998708 -1.67489 -2.95683 1.04676 2.2402 3.33774 2.69479 -0.394402 0.00906719 1.1106 1.04793 1.03023 -0.187424 -1.41502 -1.43256 -1.07077 
-0.810173 -0.995898 -1.45071 1.02882 1.71509 -0.132091 0.747057 1.82366 -0.712809 0.477047 1.62842 0.707731 -2.07748 2.04134 2.88425 4.04509 1.71918 -0.237177 1.47562 1.60586 0.120355 1.0804 0.792757 -1.33408 -2.53146 -2.41333 1.99351 2.37653 1.62676 -0.577619 -2.7424 -3.11106 -2.71744 -1.54189 1.08557 -0.769612 -3.11299 -0.977208 2.60784 
-0.191602 -0.146163 0.654867 1.62089 1.21566 -0.390405 0.0766402 1.12152 -0.516701 -0.0889311 0.798363 -0.220112 -2.26619 2.9182 3.4291 2.99372 -1.21634 -2.53705 -0.138216 -1.33862 -2.10985 1.93698 1.24775 -2.81791 -2.91662 0.407234 0.0119125 -1.25551 -3.2221 -3.81276 -0.426572 -0.338608 -2.4164 -2.13153 0.746401 1.46057 -0.0263012 0.542772 3.04297 
0.375436 0.373347 0.657628 0.455235 0.298947 -0.137446 -0.412705 0.033758 0.573822 1.56894 0.390405 -1.03462 -1.8205 2.1585 1.69466 -0.779092 -3.40005 -0.851949 1.09999 -2.00195 -2.9403 2.10765 2.76376 -1.36469 -1.88796 1.52072 -2.21975 -3.00433 -2.57064 0.065047 2.51869 0.821752 -0.0417485 0.228139 -1.1644 -0.491114 1.77279 2.11063 0.474539 
0.692416 0.545635 0.155871 0.0270886 0.759604 0.147864 -1.67475 -1.36979 0.87773 2.33094 0.172788 -1.35782 -1.43262 0.826868 0.450083 -0.850329 -1.20993 0.732776 0.81253 -1.41926 -1.8401 0.303179 0.617558 -0.641829 -0.328523 0.976808 -2.51355 -1.72843 0.672908 2.06147 0.092964 -0.1596 1.99754 1.75141 -2.16125 -2.40125 1.21041 2.69289 -0.301217 
0.730812 0.579034 0.109402 -0.11536 0.745794 0.274618 -1.64439 -1.52831 0.828453 2.1088 0.0694721 -1.25569 -1.26858 -0.223581 0.0211693 0.256839 -0.754799 -0.781489 0.928976 0.946455 -0.520613 -0.914401 -0.412264 0.121599 1.42231 1.0741 -1.60238 -0.530954 1.2948 0.412382 -2.26228 0.0178692 2.74926 1.63333 -1.28327 -1.26324 0.25921 0.995791 0.48715 
0.630775 0.583795 0.372793 -0.330871 0.343693 0.611053 -0.79645 -1.81741 0.363272 1.96871 0.173594 -0.549747 -0.830319 -0.653508 0.00187626 1.12124 -0.74442 -2.30317 0.84438 2.64569 0.412933 -1.49616 -1.04172 -0.322246 0.876848 1.5629 -0.25879 0.052055 0.610481 0.327189 -1.46426 -1.29329 1.04483 1.66377 -0.0733542 -1.22306 -0.899425 -1.0453 0.236172 
0.498495 0.609658 0.923702 -0.468471 -0.5371 0.700665 0.749459 -1.18746 -0.0534761 1.19517 -0.116776 -0.768239 -0.413177 -0.374315 0.16951 1.19885 -0.401894 -2.7649 -0.537928 2.47975 1.77537 -1.02877 -2.018 -0.97995 0.0961198 1.33143 0.842268 0.272052 -0.465046 0.314685 0.432201 -1.71467 -1.15133 0.617431 0.630111 -0.143651 0.0438657 -0.735011 -1.01171 
0.509295 0.679895 1.24072 -0.523957 -1.20227 0.430208 1.44939 -0.325844 -0.223429 0.199895 -0.289836 -0.52121 -0.0947708 0.285382 0.375323 0.445102 -0.408043 -1.78528 -1.10419 0.916946 1.23213 -0.630859 -1.20882 -0.266795 -0.0644876 0.185583 0.747354 0.112731 -0.813899 -0.0365823 1.51809 -0.010376 -1.69256 -1.28115 0.553886 1.80785 1.02132 -0.65091 -1.33677 
0.638907 0.786145 1.27073 -0.664429 -1.52493 0.271207 1.60144 -0.154714 -0.388834 0.13518 -0.279655 -0.834107 -0.270971 0.470646 0.379935 -0.00215176 -0.529819 -0.814798 -0.538364 -0.0528975 -0.0850752 -0.269624 0.415867 0.274407 -0.740907 -0.471692 -0.0534956 -0.252041 -0.454199 0.0511274 1.34581 0.912517 -0.935658 -1.20407 0.671552 1.4591 0.216542 -0.415184 0.107145 
0.723254 0.858183 1.27866 -0.776807 -1.63716 0.249171 1.43637 -0.405614 -0.330611 0.563079 -0.224631 -0.984676 -0.292913 0.337809 0.212505 -0.214721 -0.420034 -0.0624036 -0.0496926 -0.491452 -0.519518 0.292154 0.760236 0.000452797 -0.609144 0.273893 -0.350113 -0.352747 -0.178358 0.226707 0.714373 0.372663 -0.258748 0.121888 0.747077 -0.223716 -0.507643 0.612375 0.839364 
0.800132 0.899038 1.16176 -0.865989 -1.53113 0.304717 1.19726 -0.601417 -0.141167 0.800021 -0.329905 -1.22012 -0.0830353 0.229536 0.114073 -0.246967 -0.309731 0.0752563 -0.100959 -0.455854 0.0347179 0.758568 0.142061 -0.346598 -0.011085 0.575779 -0.35211 -0.211553 0.0998839 0.136609 -0.0894423 -0.0195149 0.223779 0.444791 0.181178 -0.556297 -0.145031 0.851757 0.173575 
0.841496 0.93263 1.14741 -0.926834 -1.56494 0.260174 1.06394 -0.384207 0.211669 0.686417 -0.421142 -1.01915 0.0513443 0.0947236 0.0911168 -0.0409155 -0.319036 -0.232525 -0.0605755 -0.177691 0.0560161 0.532255 0.0431664 -0.175789 0.417582 0.449222 -0.210056 -0.159714 0.0353151 0.200134 0.0295001 -0.155534 0.000520748 0.0812094 -0.237237 -0.315413 0.158683 0.407152 -0.27055 
0.864854 0.964519 1.17291 -1.02036 -1.63427 0.33345 1.07293 -0.562021 0.258161 0.83673 -0.45443 -1.00263 0.195688 0.127029 0.0457271 -0.170306 -0.124767 0.0620114 -0.267322 -0.473709 0.097097 0.41597 -0.253958 -0.150318 0.4642 0.169332 -0.226705 -0.215341 -0.0294848 0.278998 0.236575 -0.0937855 -0.0986013 -0.0567063 -0.281181 -0.200138 0.0282897 -0.288266 -0.493936 
0.919044 0.980382 1.06914 -0.990447 -1.50026 0.198136 0.675591 -0.310114 0.537545 0.462855 -0.534933 -0.774261 0.185136 -0.0242599 -0.0341482 -0.0617477 -0.029831 0.0273467 -0.156355 -0.342775 -0.0762575 0.128458 -0.199214 -0.139443 0.0303424 -0.249846 -0.362051 -0.189116 0.150062 0.079821 -0.196279 0.192597 0.232638 -0.368936 -0.509215 0.409393 0.320089 -0.518767 -0.484906 
0.882342 0.981073 1.16966 -1.03962 -1.58935 0.320132 0.801362 -0.634343 0.402429 0.661121 -0.563638 -1.01276 0.112422 -0.125895 -0.0527038 0.0789936 -0.0988308 -0.24902 -0.0357461 -0.14679 -0.475855 -0.305395 0.316044 0.243937 -0.208929 -0.517908 -0.0654684 -0.176315 -0.183171 0.102427 0.0976365 -0.186808 0.0248101 -0.0445292 -0.332858 0.464877 0.73609 0.142891 -0.268296 
0.896183 0.989688 1.16315 -1.04194 -1.6128 0.23777 0.57882 -0.719937 0.407768 0.738597 -0.482569 -0.925031 -0.0369378 0.0163193 -0.119481 -0.313804 0.0259849 0.103969 -0.358466 -0.324552 -0.191345 -0.347306 0.444737 0.76506 0.177865 -0.65334 0.0404068 -0.198291 -0.417649 -0.0369179 0.497132 0.160072 -0.0897112 -0.0528412 0.0034461 0.337973 0.358835 0.214922 0.14519 
0.915939 0.964297 0.992221 -1.03281 -1.50076 0.218078 0.546045 -0.803869 0.246178 1.04959 -0.291652 -0.936172 -0.179781 0.01946 -0.160522 -0.525839 -0.227199 0.354508 0.158651 -0.29867 -0.602673 -0.31281 0.790856 0.685715 0.0279324 -0.379761 -0.0817776 -0.121741 -0.213893 -0.163804 0.562995 0.575116 -0.404716 -0.283478 0.697773 -0.176277 -0.841087 0.0775392 0.795545 
0.931027 0.956883 0.839178 -1.15341 -1.38147 0.362753 0.346588 -1.23687 0.273308 1.43026 -0.244023 -0.936575 -0.187476 0.0407586 -0.148972 -0.612082 -0.2701 0.794367 0.310357 -0.94432 -0.643682 0.612224 0.234158 -0.264934 0.244332 0.33673 -0.0560818 -0.118592 -0.121886 0.187028 0.448897 0.000335172 -0.0180239 0.701322 0.251009 -1.62783 -0.994321 0.768047 0.853053 
0.959238 0.936003 0.608645 -1.16432 -1.01883 0.409666 -0.262043 -1.35544 0.696019 1.25361 -0.453747 -0.820517 0.0406926 0.0693283 -0.186791 -0.68569 -0.0595581 0.894419 0.170459 -0.344069 0.334926 0.0245408 -1.35435 -0.53223 0.950833 0.685642 -0.174759 -0.217065 0.0497835 0.608925 -0.134443 -0.752193 0.89719 1.59469 -0.890295 -2.0966 -0.154825 0.925079 0.463233 
0.985668 0.913817 0.404731 -1.18656 -0.842528 0.49292 0.0738648 -0.961908 0.351936 0.242787 -0.518766 -0.405639 0.21367 -0.0268178 -0.276 -0.513653 0.455199 0.564892 -0.53803 0.369683 1.55481 -0.639846 -2.53582 -0.453188 1.362 0.891493 -0.259442 -0.263614 0.0663188 0.744311 0.252331 -0.839929 -0.167751 0.8352 0.516365 -0.458586 -0.214363 0.351761 0.58949 
0.97571 0.858093 0.293091 -0.956974 -0.667632 0.228776 0.10183 -0.0501553 0.354984 -0.968801 -0.695179 -0.0478982 0.548432 -0.0820516 -0.36145 -0.562384 0.844694 1.17507 -0.778217 -0.611864 1.46148 0.731435 -1.94119 -0.793512 1.35742 1.40579 -0.307879 -0.177323 0.0222793 0.0540026 0.614643 0.876248 -0.533755 -1.08717 0.911312 1.8171 0.0234353 -1.07997 -0.321678 
0.980213 0.802532 0.0554997 -0.797247 -0.143681 0.206578 -0.437705 0.264548 0.877077 -1.45874 -0.903624 0.364286 0.987724 -0.226132 -0.362364 -0.456605 0.447009 1.32341 0.475009 -0.441752 -0.0318495 0.617065 -0.0896239 -0.422797 -0.0071948 0.418072 -0.402844 -0.0725023 0.229135 -0.518309 -0.340728 1.57897 0.738126 -1.32955 -0.726124 1.67382 0.430879 -1.9407 -1.29542 
0.913057 0.746452 0.0169615 -0.753458 0.11573 0.492654 -0.258017 -0.0849709 0.807883 -1.04841 -0.923803 -0.0800896 0.811026 -0.375345 -0.34056 -0.194117 0.0800279 0.673523 1.03808 0.465876 -0.467267 -0.292004 0.31404 -0.263367 -1.07933 -0.343162 -0.501616 -0.142925 0.397618 0.00767757 -0.707136 -0.0589276 0.37684 0.11427 -0.0972025 -0.290109 -0.222166 0.31916 0.19482 
0.858324 0.699407 -0.039228 -0.765181 0.269406 0.717667 0.0119618 -0.138023 0.755758 -1.18476 -1.06506 -0.298105 0.856136 -0.617171 -0.413531 0.165147 0.377586 0.338592 0.419074 0.0993564 0.0771908 0.469483 -0.451918 -0.69365 0.358954 0.621231 -0.391446 -0.267748 0.0455667 0.0677118 -0.359639 -0.760342 -0.557771 0.0609707 0.853438 0.524379 0.154696 0.741908 0.790971 
0.695166 0.614825 0.170516 -0.582374 0.337989 0.731973 -0.135249 -0.0276907 1.16756 -1.44538 -1.26657 0.10294 1.17882 -0.657358 -0.519448 -0.102033 0.089958 0.14703 0.180377 -0.381231 -0.433453 0.884309 1.03729 -0.071976 -0.188849 0.640916 0.187716 -0.197332 -0.798643 -0.935164 -0.13788 0.181027 -0.140094 -0.915413 -0.979589 0.928491 0.753788 -1.32412 -0.863006 
0.624479 0.52641 -0.0703176 -0.728476 0.382521 0.852188 -0.293906 -0.512034 1.37746 -0.277219 -1.14583 -0.437073 1.23412 -0.326037 -0.520369 -1.0129 -0.938073 0.104584 0.637425 -0.127359 -1.26705 -0.906941 0.809936 0.232562 -1.31306 -0.561296 0.152993 -0.140237 -0.520801 -0.351543 0.279779 0.462556 0.437485 -0.233172 -1.77809 -1.12947 0.33914 0.331972 -0.538264 
0.592852 0.441469 -0.49006 -1.02596 0.426922 1.06716 -0.214688 -1.10576 0.657814 -0.737005 -1.219 -0.696836 0.934278 -0.400585 -0.567864 -0.86206 -0.454279 0.463886 0.720536 0.249955 -0.814788 -1.60413 -0.443701 0.345646 0.19319 -0.116218 -0.187451 0.0445393 0.574521 1.1648 0.736178 0.0305317 0.0821171 0.781405 0.880666 -0.306278 0.0488651 1.7948 1.09087 
0.49257 0.334503 -0.62665 -0.946035 0.676167 1.22386 -0.0368192 -1.20812 0.427333 -0.666992 -1.0506 -0.351479 1.22005 -0.406173 -0.379718 -0.124992 0.521973 1.0234 0.683749 -0.0240149 -0.216424 0.307291 0.426092 0.294145 0.883319 0.815635 -0.740728 0.00691888 1.36677 1.65861 -0.0883203 -0.267175 0.681941 1.3801 1.86562 0.868517 0.000810377 0.336369 0.513235 
0.458724 0.323049 -0.537016 -0.787419 1.03935 1.42268 -0.201955 -1.29647 0.915043 -0.364863 -1.14548 -0.205584 1.40274 -1.02825 -0.465708 1.2178 1.65848 0.295244 0.426559 1.24424 1.08083 0.981778 0.73822 0.348287 0.580682 0.504045 -1.20212 -0.438577 1.05571 0.900353 -1.49729 -1.20165 0.798277 0.843478 -0.262323 -0.203179 -0.0132059 -0.625543 -0.383232 
0.111484 0.182497 0.25438 -0.176527 0.873728 1.46647 1.10707 -0.303164 1.1106 -0.0214356 -0.954264 -0.0381172 1.52716 -1.49044 -0.733403 1.48687 1.63248 -1.00358 -0.678405 1.14307 0.921814 -0.0702435 0.179659 0.279594 0.0777559 0.261581 -0.108589 -0.276423 -0.407583 -0.359421 -0.403267 -0.729838 -0.244113 0.0761408 -0.47278 -0.616382 -0.117854 -0.262569 -0.406686 
-0.105844 0.0664853 0.529965 -0.0300584 0.496906 1.18016 0.851701 -0.525819 0.933801 -0.208591 -1.07809 -0.187842 1.5843 -1.03035 -0.653473 0.628115 1.10383 -0.288791 -0.396275 0.863022 1.13606 0.311154 -0.0589309 0.205379 0.225313 -0.0807321 0.682268 0.0103929 -0.934973 -0.151888 1.48675 0.390616 -0.448758 0.556371 0.966668 -0.494397 -0.866812 -0.716489 -0.223469 
-0.270433 -0.0428474 0.727885 0.333853 0.738533 1.34781 1.91095 0.648438 1.37027 -0.0741607 -0.91815 0.0663593 1.53147 -0.709888 -0.627692 0.103717 1.35214 0.905192 -0.220478 0.457883 1.65483 1.26376 -0.45491 -0.781954 -0.840607 -0.0831928 0.45169 0.0814666 -0.478532 -0.100579 0.716073 -0.136943 -0.91831 -0.739429 -0.597729 -0.693082 -0.401891 0.12542 0.738606 
-0.360543 -0.148789 0.641067 0.596332 1.04199 1.13869 1.29424 0.863943 1.79519 -0.608183 -1.45808 -0.709912 1.58733 -0.47798 -0.475038 -0.0683172 0.891316 0.603506 -0.541387 -0.519607 0.0401942 -0.533479 -0.958307 -0.285916 0.351166 0.834753 1.45956 0.818029 -0.73905 -1.91982 -2.07242 -2.19631 -1.29846 -1.85358 -3.01121 0.844915 3.55446 1.71381 -2.30486 
-0.433067 -0.198498 0.720097 0.744947 1.11173 1.16545 1.48167 0.67447 1.09643 -0.914713 -1.08909 0.244812 2.00983 0.839884 0.30441 -0.984669 -1.26502 -1.88034 -2.7196 -1.48939 -1.01353 -2.94198 0.695554 3.57944 1.25532 -3.15446 0.376522 0.371338 0.0297696 -0.614126 -0.41803 0.46363 0.362365 0.00853398 0.391842 0.700739 0.231762 -0.259181 -0.597517 
