-1.91343 -1.85783 -0.928522 1.72755 0.0300107 -1.83429 -0.338664 1.687 -1.60115 -0.123989 1.3191 0.851223 0.0672763 -4.31221 -4.36393 -1.08179 3.57014 0.464245 -3.07253 -0.297793 2.02044 -2.18885 -0.214247 3.39564 2.23843 0.392646 0.18103 0.175921 0.0223299 -0.0558715 0.0523402 -0.169324 -0.488203 -0.0853766 0.209608 -0.19177 0.10076 0.698237 -0.345271 
-1.81127 -1.77146 -0.888919 1.77326 0.308058 -1.68128 -0.274319 1.53308 -1.86601 -0.211995 1.53884 1.40568 0.351803 0.278133 0.268198 0.0366877 -0.152981 0.0427002 -0.19172 -0.805381 -0.174087 0.34117 -0.273017 0.0964791 0.846086 -0.582374 4.26557 4.32185 0.696273 -2.99542 -0.997987 2.04722 -0.50565 -1.72237 1.89078 0.0789331 -3.05445 -1.29514 -0.381724 
-1.75208 -1.70022 -0.847425 1.60618 0.0545284 -1.87589 -1.15145 1.50806 -1.2395 -0.389023 1.30705 1.38136 -0.351992 -0.112307 -0.0417106 -0.0410815 -0.548372 -0.839352 -0.560543 -1.13063 -0.536194 0.629643 -0.0464835 -0.332924 0.405777 -0.242994 0.0804537 0.220702 0.241182 -0.219433 -0.111175 0.733013 0.454307 -0.82921 -0.316696 0.126707 -0.401692 -0.0878552 1.14615 
-1.81771 -1.74291 -0.875268 1.45068 -0.260712 -1.93279 -1.43214 1.07165 -1.25037 -0.272584 1.32493 1.65894 0.200925 0.459696 0.580184 0.399415 -0.526611 -0.124192 0.717215 -0.12737 -1.43078 -0.0932038 -0.0274644 -0.416161 0.635804 1.01456 -0.0184302 -0.0153042 0.090844 0.457568 1.31435 1.52787 1.23016 0.145913 -0.179127 0.388863 0.283895 -0.255773 0.128628 
-1.51271 -1.41267 -0.451747 1.29468 -0.0332092 -1.40013 -1.24498 0.348729 -1.26032 -0.432447 1.05401 1.77927 0.491635 -0.0256864 0.0395013 0.0976768 -0.00870954 0.820974 1.31794 0.768481 -0.373652 0.397987 0.625933 -0.0144321 -0.0301552 -0.132891 -0.736749 -0.906296 -0.443772 0.488426 0.193645 -0.562781 0.43596 1.52285 0.236167 0.469961 0.744575 -1.22977 -1.48048 
-1.78692 -1.68053 -0.741277 1.40273 0.28729 -1.11512 -0.575323 0.737023 -0.838703 0.273677 1.26074 1.63807 0.137119 -0.143376 -0.209844 -0.258284 0.0546789 0.0996314 0.0455635 0.521765 0.735814 0.287102 0.777002 0.460809 -1.109 -1.22661 0.77154 0.367763 -0.477193 -0.0882668 -0.508803 -1.79772 -0.864671 1.06147 -0.394721 -0.910645 0.0918716 -0.118196 -0.261886 
-1.53249 -1.45414 -0.626467 1.27898 0.0296017 -1.30667 -0.649884 0.879631 -0.946288 0.250152 1.21322 1.08 -0.437115 0.819423 0.495289 -0.609813 -0.205393 0.144408 -0.860065 -0.629414 1.12143 -0.151362 -0.817613 0.0712712 -0.281209 -0.59342 0.595716 0.104596 -0.87472 -0.253534 0.471334 -0.602965 -0.706337 0.18545 -0.760899 -1.45322 -0.403583 0.907308 0.9029 
-1.39296 -1.42834 -1.22087 1.25468 0.380219 -1.53712 -1.20144 1.56876 -0.910731 -0.482851 1.23683 1.45934 -0.290885 0.532916 -0.0113894 -1.558 -0.364954 0.679394 -0.675105 -0.626931 0.9559 -0.801834 -1.55001 -0.0541229 0.018039 0.0148807 -0.341455 -0.513045 -0.785361 -0.738523 0.20891 0.95533 0.237464 -1.18116 -0.159591 1.02601 1.08366 0.586122 0.185283 
-1.26166 -1.41296 -1.92838 1.04974 0.482374 -1.62339 -1.27336 1.58223 -1.59105 -1.16736 1.13037 1.08944 -0.384059 0.595892 0.0897937 -1.7764 -1.27929 0.387797 0.320048 -0.292686 -0.647511 -0.35423 0.89226 1.35931 0.414214 -0.400531 0.4333 0.790071 0.972783 0.417901 0.984839 1.87609 1.09406 -0.424943 0.577126 1.58687 1.22277 -0.350887 -2.03664 
-1.09506 -1.34502 -2.7122 0.560155 0.636856 -1.28742 -1.47034 1.02048 -1.16138 0.303769 1.81842 1.71791 -0.566347 1.05327 0.857344 -0.10535 0.121196 1.91736 1.62814 1.05796 0.287592 0.0808982 1.07309 1.40256 -0.54571 -3.03897 0.211734 0.953678 2.39836 2.48578 1.80962 1.13099 1.2524 1.08058 -0.534815 -1.91564 -1.92316 -1.03061 -1.17978 
-0.767208 -1.00998 -1.97047 1.06789 1.76783 -0.629159 -0.109451 1.76346 -1.45857 -0.217546 1.73229 0.744383 -2.74607 0.903505 1.11851 1.80004 1.99649 2.68296 1.71443 1.64143 0.875392 -1.11002 -2.1877 -0.997796 -1.06296 -2.20232 0.447757 1.34713 2.28807 0.524131 -1.54563 -0.586064 -0.488164 -0.624634 0.980666 -0.0483937 -2.40751 -0.601311 2.41972 
-0.664971 -0.833289 -1.10181 1.53261 2.43727 -0.244077 0.312534 1.66027 -2.07749 -1.68925 1.29196 1.04759 -2.26671 1.58749 2.27079 3.30678 0.750654 -0.0882004 0.928087 0.252643 -0.671355 1.55827 1.03353 -1.54172 -1.44598 0.418949 1.58349 1.66686 -0.0922145 -2.88901 -3.34988 -1.03292 -2.18251 -2.01058 3.52479 3.68064 -0.92668 -1.37864 2.18396 
-0.0431829 -0.0183765 0.946663 1.40637 1.7043 -0.0333826 0.200151 1.19658 -0.0252839 0.696565 0.950136 -0.166788 -2.37347 2.5282 2.84459 1.66608 -1.97847 -1.63527 0.469315 -1.83058 -2.10072 4.11629 3.84464 -2.14687 -3.00783 0.911107 -0.139677 -1.28624 -3.28597 -2.33621 0.128654 -0.205325 -1.41657 -0.826485 0.305483 0.00667054 -0.356133 0.0475393 0.602704 
0.463307 0.397284 0.392404 0.48228 1.33315 0.0905774 -1.58782 -0.0216926 1.6081 1.76187 0.225337 -0.845708 -1.50489 1.5577 1.10924 -1.58514 -2.47856 0.0523181 0.692453 -2.01388 -1.92409 2.04072 1.08363 -1.99913 -1.47432 1.22179 -2.25828 -2.83258 -1.87035 0.770867 1.69117 0.242629 1.1571 1.00679 -2.96458 -2.55875 1.66475 2.66907 -0.207579 
0.668038 0.489496 -0.378794 0.101551 1.73529 0.428277 -1.89465 -0.347585 1.8328 1.65589 -0.0470388 -1.09578 -1.36596 0.464234 0.17098 -1.1169 -1.01616 0.508063 0.780087 -0.0464711 -0.685214 -0.219921 -0.282475 -0.154384 0.486698 0.529934 -1.87148 -1.25228 0.989313 1.11617 -0.582267 0.422083 2.21884 0.681519 -1.92167 -0.744699 1.65459 1.76796 -0.161397 
0.704629 0.514414 -0.526967 -0.0783478 1.67068 0.602116 -1.59553 -0.599379 1.47571 1.4883 0.0953553 -0.541562 -1.04452 -0.134885 -0.0191026 -0.107869 -1.05042 -0.718415 1.22212 1.44128 -0.981998 -0.758679 -0.089714 -0.0189562 0.809274 0.908096 -1.18756 -0.294404 1.44894 -0.122883 -2.34354 0.262333 1.65351 -0.158747 -0.492477 0.161929 -0.108215 0.148968 0.609002 
0.6519 0.527466 -0.423065 -0.47651 1.24786 1.19141 -0.3241 -1.1568 1.22603 1.55629 -0.113357 -0.588789 -0.606523 -0.571684 -0.0207205 1.04511 -1.25954 -2.52025 1.1149 2.51893 -0.966088 -0.91332 0.0204287 -0.311244 0.594664 1.34198 -0.476625 0.0407912 1.22271 0.60784 -1.74298 -1.53235 0.0456544 0.813618 -0.0591657 -0.277445 -0.231522 -0.230848 0.318562 
0.500784 0.551709 0.4287 -0.762828 -0.0287026 1.30422 1.11823 -1.39618 0.732785 1.4881 -0.108364 -0.169525 0.0580371 -0.488199 0.116961 1.71711 -0.308037 -2.97694 -0.632191 1.47612 0.152352 -0.813565 -0.502233 -0.3253 0.406835 1.29574 0.478256 0.17644 0.0823993 1.34282 0.569145 -2.29734 -1.46207 1.55389 0.313523 -0.456688 -0.108605 -1.24479 -1.0121 
0.48393 0.6221 1.1154 -0.676786 -0.758696 0.899114 1.28341 -1.08108 0.570943 1.08439 -0.323684 -0.334862 0.459468 -0.00817049 0.247985 1.17129 0.474351 -1.81512 -1.67253 0.180806 1.24569 -0.419024 -0.683948 -0.468577 -1.17033 -0.214792 0.501991 -0.0252751 -0.74701 0.565763 1.52007 -0.609531 -1.05348 0.606388 0.417318 0.0433832 0.0693895 -1.1504 -1.34618 
0.539098 0.700909 1.4938 -0.564961 -1.2538 0.419784 1.35163 -0.467512 0.425084 0.852201 -0.386043 -0.907357 -0.0705384 0.0981033 0.188423 0.607652 0.377582 -1.05291 -1.36087 -0.218934 0.98509 -0.16632 -0.392355 -0.266851 -1.23132 -0.749203 -0.00985209 -0.297303 -0.774938 -0.244904 1.14317 0.842634 -0.213111 -0.513516 0.131809 0.0912832 0.183895 0.771509 0.374134 
0.567914 0.746494 1.69167 -0.528163 -1.47111 0.192072 1.09275 -0.355706 0.485745 0.71165 -0.506535 -1.11105 -0.0917334 0.0866864 0.0534493 0.0202274 0.0663603 -0.374201 -0.629887 -0.191614 0.448469 -0.192495 -0.496075 -0.271314 -0.225779 0.254051 -0.0586329 -0.30538 -0.702737 -0.286768 0.886981 0.818788 -0.0233283 -0.635791 -0.143345 0.0759487 0.268755 0.955719 0.848826 
0.618176 0.769093 1.56062 -0.574713 -1.5097 0.128799 1.18994 -0.160777 0.316839 0.385858 -0.570992 -1.05123 0.17166 0.146123 -0.0140103 -0.435847 -0.0868844 0.0596204 -0.347307 -0.292661 0.00990514 -0.345249 -0.229451 0.0332868 -0.0392217 0.413277 0.0675573 -0.121582 -0.441353 -0.143506 0.450854 0.243735 -0.0934727 -0.246718 -0.0331747 0.41048 0.686794 0.137823 -0.360211 
0.672534 0.786584 1.36296 -0.615898 -1.43521 0.0619248 0.823874 -0.391109 0.243002 0.485934 -0.548294 -1.13761 0.276385 0.255868 0.0307394 -0.633869 -0.204843 0.17931 -0.317765 -0.375739 0.0395582 -0.209081 0.21154 0.535608 -0.132789 -0.350153 -0.00820419 -0.0680663 -0.124972 0.0108248 0.136883 0.114507 0.274238 0.24631 -0.180511 0.114182 0.686195 0.194078 -0.591462 
0.769957 0.827819 1.06017 -0.722475 -1.39329 0.0154665 0.832936 -0.173046 0.193991 0.558133 -0.376616 -1.13664 -0.0639628 0.242563 0.0156092 -0.618606 -0.14989 0.210687 -0.192815 0.101944 0.318569 -0.578944 -0.0042927 0.839484 0.129364 -0.528839 -0.304576 -0.160569 0.165078 0.048893 0.133372 0.477377 0.153535 -0.34667 0.0837544 0.0196136 -0.251247 0.248013 0.367911 
0.818597 0.83901 0.875745 -0.735696 -1.29771 0.0197107 0.973609 -0.185712 -0.205508 0.463422 -0.21107 -1.05817 -0.100547 0.0677458 -0.0300932 -0.384519 -0.216494 0.325875 0.279349 -0.171106 -0.514827 -0.0533642 0.282715 0.205352 0.108275 0.109598 -0.314965 -0.198904 0.0626136 -0.0312976 0.207187 0.494372 -0.0261822 -0.219475 0.613561 0.128128 -0.913743 -0.375352 0.369944 
0.840895 0.861211 0.775968 -0.876166 -1.1783 0.241997 0.693011 -0.617808 0.208249 0.794642 -0.33749 -1.07045 0.0639979 0.0444655 -0.0827086 -0.521904 -0.269721 0.451868 0.425029 0.023725 -0.0506909 0.357477 0.243574 -0.293911 -0.467262 -0.0661178 -0.200731 -0.171242 0.0180598 0.095389 -0.000114004 0.0636673 0.297147 0.360721 -0.0834733 -0.362493 -0.401715 -0.13807 0.108542 
0.879531 0.85049 0.472396 -0.916474 -0.997972 0.329158 1.04037 -0.268388 0.170493 0.664606 -0.406641 -1.35389 -0.111547 -0.0206696 -0.101362 -0.354193 -0.16542 0.30134 0.371828 0.259555 -0.0396441 -0.144068 -0.268287 -0.307316 -0.169486 0.19035 -0.24206 -0.0449972 0.291526 0.00985716 -0.126272 0.11112 -0.35625 -0.724221 -0.0733884 -0.390387 -0.376274 0.929605 0.762571 
0.873838 0.864923 0.518069 -1.00387 -0.979819 0.521164 1.00995 -0.691865 0.142644 0.533877 -0.539363 -1.17893 0.25582 -0.0836318 -0.0305313 -0.0841744 -0.334032 0.265626 0.57539 -0.573979 -1.15458 0.281634 -0.352847 -0.775737 0.68974 0.970322 -0.124878 -0.0371951 0.111329 0.0597159 0.113078 -0.20456 -0.853605 -0.387673 0.485072 -0.172263 -0.240708 0.787604 0.0822824 
0.885417 0.883699 0.448675 -1.12998 -0.823509 0.724188 0.473059 -1.21224 0.479714 0.327527 -0.828713 -0.922069 0.697098 -0.0362548 -0.0415555 -0.184917 -0.162471 0.421894 0.137128 -1.12092 -0.653707 0.603016 -0.509542 -0.624796 0.796693 0.232731 -0.0484192 -0.125038 -0.0830133 0.259308 0.125482 -0.520071 -0.323892 0.525448 0.250382 0.0553506 0.272168 -0.0846079 -0.541009 
0.900084 0.893542 0.406977 -1.13007 -0.700247 0.666745 -0.137579 -1.24497 0.734839 0.0553808 -0.890479 -0.679853 0.481158 -0.025805 -0.0566204 -0.204424 -0.0618283 0.402079 -0.0441653 -1.12076 -0.439646 0.682887 -0.223482 -0.471462 0.483822 0.10193 -0.153903 -0.240292 -0.0414082 0.445263 0.0518203 -0.434465 0.406846 0.807369 -0.390345 -0.106704 0.392445 -0.0957063 0.252739 
0.916153 0.906044 0.320665 -1.20496 -0.557266 0.766582 -0.674288 -1.59835 1.14224 0.107198 -1.10775 -0.619732 0.818995 -0.0797078 -0.180343 -0.243185 0.360592 0.463928 -0.378007 -0.517611 0.471548 0.0601153 -0.644047 -0.17471 0.57586 0.524189 -0.280628 -0.403422 -0.0601885 0.698538 0.103401 -0.594487 0.851727 1.49722 -0.929845 -0.636087 0.813907 0.266175 -0.11416 
0.907657 0.864361 0.245351 -0.99009 -0.392402 0.519125 -0.645089 -0.920232 0.849015 -0.544505 -1.03001 -0.31964 0.936989 -0.190933 -0.354922 -0.290671 0.802908 0.510228 -0.754491 0.182744 1.68965 -0.655002 -1.21997 0.489558 0.749293 -0.142737 -0.389334 -0.34112 -0.0240915 0.108297 0.160262 0.492997 0.753344 0.153899 -0.589406 -0.286031 0.313991 0.165777 -0.289269 
0.875929 0.804159 0.117856 -0.839899 -0.218278 0.404675 -0.438837 -0.323331 0.626757 -1.01245 -0.935021 -0.15046 0.747403 -0.34921 -0.417724 -0.275655 0.429079 0.644961 0.238161 0.631047 0.645713 -0.776114 -1.07055 0.180267 0.706415 0.0236469 -0.469135 -0.275013 0.0461706 -0.337441 0.146472 1.32719 0.712848 -0.64367 0.311219 0.500134 -0.603832 -0.816155 -0.0739695 
0.799415 0.736322 0.0555659 -0.815261 0.0372099 0.722212 0.0659361 -0.459621 0.226899 -1.5293 -1.00268 0.122669 0.996977 -0.537056 -0.527661 -0.218466 0.270083 0.673585 0.879204 1.26767 0.703001 -0.164102 -0.366373 -0.268135 -0.439693 -0.328676 -0.19774 -0.171683 -0.156079 -0.308456 0.0007431 0.401917 -0.15005 -0.491309 0.820296 0.955891 -0.306035 -0.666571 0.241102 
0.686964 0.630336 -0.0223313 -0.74598 0.230587 0.972629 0.947537 0.181972 0.543513 -1.36174 -1.11847 -0.428851 0.528766 -0.434753 -0.489424 -0.504756 -0.064645 0.621524 0.743231 0.357875 -0.119186 0.464946 0.525149 -0.216409 -0.281556 0.2981 0.136237 0.0706614 -0.203919 -0.368028 -0.329712 -0.4774 -1.22505 -1.78305 -0.406509 0.0595423 -0.0674653 0.386939 0.605813 
0.654413 0.578423 -0.332911 -0.891679 0.451058 1.21277 0.487172 -0.595731 0.697525 -1.074 -1.16182 -0.0562818 1.27401 -0.301932 -0.362389 -0.518839 -0.304006 0.226575 0.311699 -0.69742 -1.94196 -0.73082 -0.230184 -0.375594 -0.0119363 0.478704 -0.626571 -0.276368 0.786594 0.655627 -1.12685 -1.54726 -0.697764 -0.269965 -0.952258 -1.18743 -0.402484 -0.0097477 -0.784425 
0.599039 0.525341 -0.423021 -0.944205 0.378783 1.21757 0.249279 -1.37614 -0.0387223 -1.58812 -1.35244 -0.438258 0.948626 -0.932038 -0.663489 0.670514 0.742204 -0.847245 -1.12927 -0.777328 -0.561931 -0.90597 -1.36908 -0.730008 -0.386875 -0.925979 -1.30341 -0.714782 1.23138 1.4398 -0.188427 -0.182988 1.39736 2.63765 1.01812 0.391005 0.951704 1.67993 0.695748 
0.295711 0.348033 0.29788 -0.557507 -0.123022 0.63755 -0.295855 -1.07724 -0.0389274 -2.32822 -1.56239 -0.30146 0.58301 -1.44908 -0.965149 1.31907 1.56072 -0.0393374 0.103313 1.46484 1.84716 0.801739 0.445721 0.752478 2.15337 1.4175 -0.538612 -0.438447 0.0859313 0.363469 0.667368 1.14683 1.46324 1.37342 1.22979 1.82204 1.75097 1.63282 1.63412 
0.0181451 0.169323 0.770238 -0.193506 0.348121 1.34391 1.84483 0.0217594 0.728447 -1.2045 -1.05612 0.913932 2.11091 -1.34487 -0.996039 0.801953 1.15492 -0.0162089 0.284428 1.48862 1.38718 0.938507 1.63695 1.36701 1.71513 1.38399 1.25524 0.3601 -1.522 -0.754119 -0.349185 -2.12983 -2.03706 -1.21608 -1.17464 0.534508 1.35442 -2.61309 -2.77923 
-0.240398 -0.0208488 1.04266 -0.0133089 -0.138128 0.866971 1.32492 -0.0381858 0.848664 -0.869526 -0.977188 0.775152 1.7188 -0.139554 -0.516855 -0.944947 0.465781 -0.511308 -2.47979 -1.77824 0.0273931 -0.896877 1.35529 2.36876 -1.45037 -2.72146 1.29204 0.920263 -0.540601 -0.798587 0.0316727 -0.245327 -0.922317 -0.918864 -0.658814 -1.02942 -1.10645 -1.20768 -0.893863 
