-2.46518 -1.84418 -0.530807 0.863797 -0.238347 -0.956631 -0.935919 -0.122113 1.03311 -0.0136292 -0.640483 0.981771 1.59837 -3.8999 -3.68296 -1.40385 2.52236 0.481638 -1.69086 -1.25224 0.250457 0.395186 -0.52811 -0.478077 0.548796 1.00945 0.699175 0.162985 -1.14888 0.711371 1.90153 -0.343097 -0.364116 0.946942 -0.0121195 -0.646107 0.213614 -0.0712115 0.0887966 
-2.15527 -1.72277 -0.685316 1.15673 0.248301 -0.895575 -0.765903 0.125984 0.265494 -0.386811 -0.338265 0.44065 1.02978 1.0066 0.29069 -1.11375 0.766567 1.86063 -0.397504 -0.518963 1.31226 0.00941962 -0.797504 0.261003 -0.0851568 0.128522 4.56106 4.09715 0.486551 -2.11088 0.857547 0.641449 0.394136 1.1417 -0.341387 -0.704619 1.05668 0.427132 -1.17062 
-1.84998 -1.66175 -1.06818 1.19654 0.769996 -1.13485 -1.22398 0.63713 0.980441 -0.611006 -0.376905 0.891712 1.6925 1.97669 1.14499 -0.918221 0.0291598 1.32848 -0.968178 -0.756849 1.83223 -0.00443122 -1.39782 0.823818 1.0733 -0.727943 -0.418297 -0.434323 -0.19013 0.242424 -0.279782 -0.624717 -0.140324 0.51971 0.182571 -0.11975 0.62976 0.351753 -1.29403 
-0.992303 -1.13074 -1.12298 1.14342 0.963343 -1.39032 -1.20898 1.19534 0.201401 -1.45341 0.38362 1.32039 0.214254 0.604018 -0.107495 -1.28988 0.99149 1.60303 -1.11543 -0.738547 2.0333 0.260696 -0.945428 1.0358 0.347132 -1.79173 -1.64741 -1.52883 -0.217343 1.21538 0.0203691 -0.20027 0.035603 -0.158748 0.0467623 0.456306 -0.12717 -0.775042 -0.0729459 
-1.4621 -1.67023 -1.69538 1.63485 1.63636 -1.71126 -1.65513 1.8264 1.13501 -1.324 0.517603 1.16354 -0.252872 0.0241501 -0.515486 -1.12097 1.37787 1.36235 -1.20318 -0.741085 1.61439 0.0781351 -0.834833 0.664071 0.127095 -0.839055 -0.470788 -0.0834564 0.771839 -1.00669 -1.76045 0.480309 0.628394 -0.99856 -1.05154 -0.204108 -0.603467 0.262274 1.21563 
-0.931844 -1.33483 -1.66404 1.76304 1.69705 -2.0154 -1.64178 2.13477 0.205405 -2.07997 0.975422 1.40801 -0.719281 0.135245 -0.101026 -0.525256 -0.226342 -0.0924289 -0.576083 0.0702272 0.653283 -1.02112 -1.19746 0.287994 0.669953 0.00629367 -0.464399 0.0960374 1.13422 -1.47115 -1.70242 1.34544 0.684216 -1.50793 -0.0896566 0.808259 -0.690501 0.116012 0.905946 
-1.33891 -1.67561 -1.93265 1.50163 1.56826 -1.98853 -1.55923 2.19263 0.232394 -2.23399 0.803159 1.70562 -0.288558 -0.436565 -0.302006 -0.00194928 -0.376418 -0.276764 0.320493 0.142365 -0.470519 -0.00876694 0.162506 -0.191196 0.270983 0.500138 -0.203884 -0.0499364 0.177054 -0.286348 0.705316 1.13556 -0.680287 -1.99636 1.39372 2.47826 -0.188785 -1.44282 0.157456 
-1.13153 -1.43658 -1.63444 1.55939 1.52735 -1.79539 -1.49888 1.83076 0.137736 -1.92697 0.870768 1.61609 -0.230452 0.0030483 -0.0558982 -0.342301 -0.612162 0.606581 0.70879 -0.871696 -2.10753 0.734721 1.86084 0.0521731 -1.0932 0.23654 0.347096 0.152245 -0.664979 -0.877073 0.609398 0.419389 -0.54178 -0.920249 0.690818 1.24519 -0.43745 -2.06768 -0.39324 
-1.29036 -1.65936 -2.07662 1.18734 1.88542 -1.55315 -2.07715 0.912305 0.777922 -0.753543 0.896684 0.771683 -0.0796976 0.126046 -0.0237038 -0.642462 -1.44454 0.329101 0.790525 -0.614269 -1.74216 0.873887 1.69907 -0.734033 -2.25662 -0.0855153 1.08595 1.59765 2.4502 1.19348 -0.498476 1.28049 2.50346 2.28604 -0.722354 -1.30823 -0.341783 -0.245004 -0.927105 
-1.01353 -1.40489 -1.93148 0.854478 1.69158 -1.31467 -1.84904 0.768346 0.798043 -0.572962 0.324075 -0.291789 -0.363648 1.49738 1.88939 2.06368 0.711248 0.136606 2.15856 2.44547 1.05783 -0.138159 0.246203 -0.372548 -1.39097 -1.14008 1.68586 2.61561 4.01317 1.09182 -1.16262 2.18939 3.14666 1.71092 -1.0657 -0.881583 0.246092 0.490434 -1.376 
-0.39804 -0.710416 -0.993638 1.49413 1.94356 -0.313663 -0.433416 1.51981 0.603536 -0.535131 0.644353 -0.411527 -1.33295 2.3769 3.09559 3.29203 -0.238549 -0.785814 3.27442 3.56333 0.627321 -0.425518 0.610964 -0.43293 -1.65467 -2.12721 -0.0315695 0.224744 0.16522 -2.89281 -2.543 -0.384565 -0.890191 -1.92885 0.78689 1.22821 -0.666171 -0.0661793 0.380303 
0.375414 0.122377 -0.222094 0.715528 1.24132 0.543722 0.523156 1.11909 0.386655 -0.0694427 0.0225736 -1.69575 -2.66534 1.58248 2.25131 2.23507 -2.68509 -2.31878 1.71388 1.22274 -1.60956 0.863841 1.76181 -1.19778 -1.46997 -0.579664 -1.8743 -2.0883 -1.79522 -0.930416 -1.46883 -3.05466 -3.09313 -1.56747 2.06079 1.1225 -0.601885 1.34203 2.64497 
0.542335 0.412049 0.176743 0.207025 0.648389 0.679183 0.413522 0.536476 1.25556 0.867921 -0.279972 -1.66087 -1.99098 0.138245 0.789882 1.5462 -1.36828 -2.19809 -0.208229 -0.606384 -1.53997 2.15901 1.99612 -1.17879 -0.0108976 1.78849 -1.40351 -1.66157 -1.0354 1.77536 0.0211648 -2.29799 -0.915543 0.83712 -0.319881 -0.681188 0.97488 1.34344 1.13904 
0.500298 0.544149 0.596992 0.0463992 0.0126728 0.470482 0.178131 0.177262 2.10688 1.51675 -0.886289 -1.72365 -0.808141 -0.0624957 0.43774 1.2323 -0.689593 -2.28414 -0.907855 -0.0338945 -0.449281 0.49094 0.921014 0.00312977 0.175528 1.10487 -0.150266 -0.485948 -0.88896 0.614866 0.455886 -0.373949 0.796424 0.951341 -2.61239 -1.5444 1.99658 0.723687 -1.04515 
0.55387 0.664983 0.835753 -0.143598 -0.627686 0.2179 0.441564 0.245136 1.60003 1.61378 -0.226384 -1.5327 -0.859864 0.0736634 0.332158 0.68664 -0.71318 -1.7413 -0.640837 0.427173 -0.221627 -1.06179 0.0900203 1.28356 0.876407 0.236982 -0.138106 -0.385957 -0.760525 0.535659 1.40598 0.609262 0.274821 -0.19407 -1.83144 -1.32851 0.75223 1.12113 -0.230696 
0.588716 0.746461 0.977739 -0.315293 -0.964211 0.157299 0.506631 0.0216951 1.17072 1.61308 0.209973 -1.00874 -0.598811 -0.111743 0.0953363 0.498344 -0.125977 -0.904721 -0.22179 0.301885 -0.716005 -1.75972 -0.718645 0.929139 1.54906 0.760039 -0.389276 -0.460164 -0.148317 1.35293 1.08742 0.120443 0.0495752 0.00238982 -1.05632 -1.31325 -0.525236 0.640502 0.6325 
0.537597 0.75375 1.12048 -0.229718 -1.14349 0.137139 0.688419 -0.205278 0.0882421 1.07804 0.581265 -0.25469 -0.0949927 -0.292319 -0.0958291 0.551398 0.794402 -0.671232 -0.510937 0.461628 -0.216481 -2.34954 -1.53081 0.632341 1.66194 1.17104 -0.0927816 -0.227448 -0.283118 0.807751 0.72265 -0.189119 -0.11217 0.220382 -0.0853246 -0.088746 -0.0548901 -0.445443 -0.177966 
0.47048 0.743572 1.28952 0.0305165 -1.35132 -0.0838361 0.857583 -0.130803 -0.827528 0.442537 0.775936 0.363775 0.602591 -0.103834 -0.0642598 0.231273 0.75191 -0.188878 -0.444102 0.119964 -0.409192 -1.84124 -0.828306 0.858632 1.00607 0.493331 0.259298 0.0380939 -0.790279 -0.689111 1.05159 0.522598 -0.6749 -0.668075 1.21107 1.20299 -0.0660023 -0.837678 -0.686994 
0.52579 0.765996 1.26901 0.0961505 -1.26474 -0.0669271 0.816723 -0.472708 -1.49078 0.456592 1.3315 0.568765 0.386606 0.159576 0.0508238 -0.211653 -0.0566191 0.364035 0.0765226 -0.473089 -1.13915 -0.8206 -0.0463342 0.548115 0.63911 0.150171 0.142645 -0.0219956 -0.717233 -0.764855 0.952764 0.4744 -0.740973 -0.322416 1.54511 0.371668 -1.0372 -0.164771 0.104184 
0.607409 0.810996 1.21217 -0.0230544 -1.16784 0.000860209 0.599421 -0.833583 -1.56476 0.432294 1.27331 0.88003 0.719718 0.200957 0.0130919 -0.460342 -0.186596 0.750425 0.0885189 -0.903142 -0.853527 0.102664 -0.369768 -0.424691 0.806457 0.64465 -0.0721196 -0.160491 -0.335981 -0.0338371 0.2503 -0.153517 -0.12052 0.698097 0.880918 -0.233684 -0.759999 -0.214902 0.064741 
0.686085 0.81533 1.06484 -0.0184179 -0.8683 0.0244229 0.278314 -1.00514 -1.46654 0.193546 1.03671 1.22511 1.02892 0.19354 -0.031551 -0.530422 -0.150784 0.621186 -0.105282 -0.666179 -0.171257 0.298208 -0.334865 -0.392959 0.378165 0.243053 -0.175579 -0.127017 0.0630576 -0.174071 -0.564368 -0.056022 0.472028 0.604209 0.248367 0.294677 0.0432268 -0.759997 -0.589313 
0.763515 0.838925 0.97227 -0.120816 -0.842625 -0.0152807 0.215431 -0.95911 -1.37925 0.196529 1.00436 1.17784 0.935496 0.104454 -0.0306769 -0.38887 -0.442734 0.216463 0.0176407 -0.303549 -0.0155572 0.435677 -0.00624407 -0.374057 -0.121345 -0.231501 -0.144377 -0.0534693 0.081733 -0.540092 -0.460829 0.22336 0.184458 0.174127 0.870444 0.652482 -0.468539 -1.06129 -0.684116 
0.791889 0.843678 0.897121 -0.253191 -0.766151 0.0764607 0.130634 -1.03781 -1.16765 0.214639 0.783147 1.10476 0.740674 0.136385 0.00950228 -0.440686 -0.829685 0.187769 0.141713 -0.451283 0.0715459 1.404 0.470228 -0.97418 -0.918235 -0.773556 -0.0358789 0.0132404 -0.0916563 -0.788418 -0.00622058 0.624245 -0.112307 -0.629526 0.862422 1.06972 -0.454634 -1.20493 -0.555577 
0.887349 0.886538 0.778127 -0.537184 -0.756291 0.105573 -0.0285216 -0.939829 -0.281726 0.590045 0.262112 0.390373 0.0715284 0.184119 0.0873125 -0.468701 -1.40846 0.22451 0.720753 -0.485652 -0.884885 1.53151 1.31376 -0.938111 -1.59347 -1.05767 -0.038187 -0.0664319 -0.206449 -0.430881 0.00955989 0.404826 0.20205 -0.360884 -0.299524 0.46288 0.5466 -0.281508 -0.376246 
0.942676 0.928597 0.688693 -0.941173 -0.659568 0.518476 -0.135716 -1.58894 0.0350319 1.26748 0.0702708 -0.247975 -0.425053 0.213139 0.0356057 -0.632779 -1.38244 0.21114 0.595176 -0.212854 -0.426024 1.05639 1.04133 -0.302054 -1.26066 -1.33403 -0.123746 -0.160764 0.034663 0.625668 -0.37746 -0.812151 0.266898 1.02147 -0.842225 -1.55192 -0.267552 0.909449 0.953303 
1.05452 0.946666 0.486026 -1.21296 -0.657077 0.477938 -0.1171 -1.2173 0.529103 1.42995 0.0671843 -0.683754 -1.38772 0.15298 0.00462228 -0.424997 -0.740877 -0.127948 -0.210429 -0.160472 0.530512 0.509717 -0.601614 -1.27118 -0.478911 0.351686 -0.376109 -0.265303 0.48141 1.32448 -0.141949 -0.653292 0.108299 0.584795 -0.678934 -1.44288 -0.817892 0.973702 1.99588 
1.07588 0.97387 0.502551 -1.31586 -0.747244 0.444016 -0.190159 -1.29593 0.394987 0.82322 -0.91383 -0.667663 -0.0938956 -0.136239 -0.167649 -0.152178 0.0922759 0.0873831 -0.155261 -0.099841 0.38508 0.237451 -0.739472 -1.31461 -0.0674958 1.61998 -0.275341 -0.279362 -0.147896 0.105231 0.299521 0.511194 0.423798 0.185353 0.0499925 0.24882 0.115417 -0.103172 0.442061 
1.02442 0.909342 0.43901 -1.19665 -0.626072 0.434077 -0.132033 -1.01103 0.664505 0.877934 -0.952277 -0.759029 0.290501 -0.0693251 -0.214846 -0.559828 -0.674416 0.177001 0.364056 0.374602 0.78885 0.596296 -0.294683 -1.13142 -0.603167 1.0036 -0.125583 -0.291693 -0.792077 -0.640293 0.907624 1.13372 0.50641 0.199644 -0.209576 -0.668891 -0.595238 -0.00431907 -0.115847 
1.08356 0.913917 0.247651 -1.65936 -0.666846 0.688191 0.104082 -0.848852 0.826348 0.618862 -1.78412 -1.19137 0.92966 -0.169694 -0.401339 -0.916987 -0.702359 0.982851 1.12751 0.545747 0.663195 0.00157815 -1.56509 -2.05226 -0.0708179 1.44531 -0.318078 -0.341186 -0.13014 0.812746 1.1718 0.751909 0.236442 -0.274022 -1.14262 -1.1236 -0.0737246 0.5754 -0.444213 
0.975423 0.759973 0.00197445 -1.55327 -0.101524 1.1017 0.273736 -0.638885 0.605368 -0.319411 -2.57242 -0.837084 1.7832 -0.345524 -0.505616 -0.677294 0.209242 1.329 1.21242 0.65904 0.411484 -0.798663 -1.68147 -1.22518 0.102726 0.342424 -0.295925 -0.0692043 0.860626 0.97188 -1.04969 -0.842481 0.165562 -0.237378 -1.08053 0.767188 2.36833 0.260305 -1.64013 
0.935281 0.714552 -0.0671512 -1.58817 0.0484859 1.40291 0.583679 -0.626832 0.107205 -0.669441 -2.73076 -1.12415 1.25098 -0.417958 -0.378433 -0.0655302 0.365101 -0.0223986 0.161825 0.735364 0.33654 -1.31625 -0.618442 0.869087 0.249596 -0.987705 -0.471552 -0.23292 0.830326 1.05903 -1.13192 -0.958021 0.161557 0.0551139 -0.403356 1.33902 2.68658 0.736253 -0.629045 
0.786245 0.621587 -0.000853855 -1.40893 -0.131026 1.23371 0.80307 -0.461562 -0.540658 -0.776827 -1.81367 -0.646908 0.691785 -0.81526 -0.671523 0.14453 1.37736 0.243898 0.115271 0.843301 0.489592 -1.27526 -0.0291077 2.08908 1.0054 -0.592593 -0.582711 -0.448912 0.313376 0.90844 -0.0221524 -0.183082 -0.0383419 -0.176891 -0.0221321 0.651368 1.21229 0.913471 0.471836 
0.521765 0.435642 0.0371427 -0.968779 0.165755 1.5091 1.18335 -0.358229 -1.00502 -0.666219 -0.978555 -0.30125 0.579214 -1.02787 -0.793444 0.250742 1.35929 -0.0298228 -0.0536185 0.652208 0.0935884 -1.31927 0.185276 2.36311 1.36908 -0.29168 -0.222348 -0.0891046 0.276598 -0.387866 -1.36495 -0.995452 -0.407456 0.0139119 0.566612 0.0633818 -0.935327 -0.709921 0.0211217 
0.252678 0.284221 0.157603 -0.798019 -0.16462 1.24622 1.27822 -0.429135 -1.68917 -0.606037 0.161684 0.480435 0.33962 -0.97074 -0.671568 0.424835 0.87428 -1.0675 -1.02447 0.266359 0.510683 -0.546905 0.048973 0.931537 0.138864 -0.564337 -0.0750601 0.0327479 0.284505 -0.0580094 -0.44655 -0.26435 -0.0990329 0.716261 1.85651 0.454703 -2.17784 -2.5609 -1.07775 
0.0204563 0.156709 0.28438 -0.585483 -0.439762 0.983135 1.40706 -0.0770467 -1.51652 -0.601967 -0.168953 -0.203772 -0.0625416 -0.997613 -0.652956 0.538779 1.2372 -0.449373 -0.361526 0.487862 1.08662 1.01148 0.74629 -0.328505 -1.7619 -1.89149 -0.160914 -0.136974 -0.0828216 0.0988865 0.923285 0.939373 -0.0631313 -0.451802 0.951885 0.962843 -0.214326 -0.389014 -0.126888 
-0.263804 0.0142126 0.462948 -0.244406 -0.429451 1.08796 1.64626 0.195537 -0.915382 0.00325565 -0.0547826 -1.0133 -1.71171 -1.04875 -0.726821 0.353644 0.933414 -0.156824 0.0371902 0.15004 -0.112703 0.660062 1.23709 0.664183 -0.335085 -0.755369 0.0335093 -0.0026831 -0.284133 -0.821985 -0.380754 -0.43852 -1.17527 -2.21997 -1.11476 0.37417 1.56405 2.70849 2.38599 
-0.5249 -0.148714 0.495314 -0.174435 -0.543353 1.04602 1.55496 -0.167652 -1.03257 0.390945 0.422938 -0.503057 -0.907193 -0.830446 -0.553331 0.270715 0.23271 -0.80503 -0.867601 -1.11623 -1.98364 -0.348871 1.20792 1.59982 1.55356 1.64051 1.40401 0.732223 -1.42616 -0.388826 1.19424 -1.75092 -1.92955 0.311587 0.515756 -1.43452 -1.00717 0.781825 1.11533 
-0.685895 -0.20803 0.631591 -0.162196 -0.890306 0.649001 0.968992 -1.01089 -1.26356 0.973368 1.29901 0.268479 -0.0116913 0.846672 0.220369 -1.03127 0.429229 1.01697 -1.9621 -2.46309 0.320324 1.32524 -0.533399 -0.582058 0.623344 0.894038 0.559488 0.390716 -0.286844 -0.153787 0.814493 0.768816 0.858225 1.4321 0.261133 -0.978665 -1.29355 -1.2715 -1.10522 
