-1.60842 -1.55349 -1.20943 0.947037 -0.037248 -1.49261 -0.949195 0.58902 -1.15373 1.13871 1.78494 1.40752 -0.975688 -4.02185 -3.9421 -1.53455 2.6519 0.156931 -2.99305 0.314891 1.92474 -2.18001 -0.086088 2.94552 1.31528 -1.38886 -0.21341 -0.264981 -0.157037 0.281213 0.73808 0.497078 0.631312 0.559062 0.0940381 -0.598346 -0.607267 0.00801941 0.507614 
-1.69758 -1.5919 -0.956018 1.24206 0.10497 -1.40566 0.346993 1.47637 -1.22726 -0.129857 1.36597 1.002 -0.913032 -0.16885 -0.206205 -0.146953 0.355692 0.818665 0.585428 0.933456 0.848872 0.149723 -0.914614 -0.768269 -0.0107701 0.792629 3.83627 3.74229 0.957329 -1.81596 0.228255 2.17496 -1.06903 -1.51364 1.54719 -0.222545 -2.48903 -0.542678 1.51653 
-1.62972 -1.59124 -1.27986 1.07862 0.467868 -1.14632 0.0265698 1.21839 -1.03674 0.103464 1.3597 1.37584 -0.360945 0.148853 0.0390405 -0.157223 0.20715 0.377652 -0.464388 -1.26936 -0.450874 -0.202054 -0.413462 -0.127119 0.476793 0.99142 0.482234 0.47743 0.374561 0.251466 -0.693051 -1.48858 -1.17059 -0.363675 -0.84061 -0.0434013 0.871823 0.215178 -0.778775 
-1.58066 -1.52763 -1.03301 1.30181 0.343408 -1.57334 -0.916406 1.0825 -1.31325 -0.617457 1.24997 1.35039 -0.159069 0.407737 0.363363 0.433237 0.671662 -0.0411597 -1.12882 -0.801164 0.26225 -0.876446 -0.962052 0.274727 0.289825 -0.439028 0.394643 0.304398 0.105363 0.278265 0.239263 -0.101797 0.664749 0.649719 -0.507147 -0.183775 0.729579 -0.018819 -1.46117 
-1.40017 -1.39206 -0.980015 1.36301 0.453054 -1.63929 -0.760909 1.38594 -1.51185 -0.983616 1.43752 1.57848 -0.608777 0.631579 0.4278 0.0547465 0.558905 0.611284 -0.572546 -0.286392 0.539034 -0.80869 -0.680254 0.741688 0.425684 -1.31407 -0.785769 -0.958738 -0.783191 0.0541825 0.694256 0.294588 0.397231 0.600436 0.589174 0.208737 -0.0499896 -0.378206 -0.342939 
-1.25373 -1.30164 -0.974718 1.53167 0.723122 -1.79397 -1.18062 1.46794 -1.74926 -1.3966 1.553 1.65893 -1.01972 -0.374441 -0.567774 -0.570199 0.72419 0.726107 -0.777909 -0.214312 1.17549 -0.103787 -0.615491 0.188888 -0.301454 -0.984845 -0.943751 -0.783217 -0.314591 -0.592824 -0.538291 0.888065 0.729422 -0.498672 0.201119 0.633621 -0.301795 -0.549499 0.277761 
-1.51092 -1.58023 -1.32057 1.6728 0.902201 -1.96047 -0.951851 2.27245 -1.54114 -1.69199 1.47393 1.3202 -1.23886 -0.319889 -0.319928 -0.307717 -0.252541 -0.0670326 0.465703 0.792337 -0.257603 -0.524246 0.330244 0.347493 -0.423054 -0.883142 0.601732 0.780062 0.171103 -1.49339 -1.00414 1.62746 0.386575 -1.59505 0.0458848 1.15518 0.271484 0.174031 -0.0661241 
-1.34074 -1.3867 -1.14776 1.3691 0.692662 -1.5063 -0.348301 1.22623 -2.02115 -1.0715 1.66591 1.30587 -1.57858 0.330198 0.318025 -0.268308 -1.28981 -0.498581 1.11667 0.356763 -1.32677 -0.0146459 1.21001 0.49672 -0.0627031 -1.09506 0.23077 0.080421 -0.422671 -0.539 -0.0169162 0.0311326 -0.354821 0.323317 0.982388 -0.00617909 -0.335833 0.108362 -0.25078 
-1.3151 -1.3999 -1.46846 1.0086 0.610786 -1.35409 -0.562296 1.18901 -1.51899 -0.405513 1.65881 1.24804 -1.94614 -0.0127649 -0.165209 -0.818017 -0.992112 -0.133858 0.511498 0.265623 0.224522 0.743121 0.34097 -0.0883845 -0.283005 -1.28394 -0.393092 -0.401153 0.0971385 0.959185 0.688096 -0.85611 -0.42535 1.12161 0.676581 -1.13841 -1.19069 0.159156 1.59431 
-1.29413 -1.40741 -1.64647 0.848868 0.621793 -1.1962 -0.0513898 1.36407 -1.56177 -0.734685 1.56859 1.06198 -2.41814 -0.0311961 -0.0304713 -0.0675887 -0.028799 0.261461 0.134904 -0.274383 0.397249 0.867982 -0.548526 -0.986001 0.15369 1.40762 0.320415 0.882495 1.83751 1.54114 1.23444 0.944241 0.0544935 -0.434566 0.162289 -0.55501 -1.14006 0.595775 2.71561 
-1.27652 -1.36455 -1.48824 0.954238 0.778964 -1.22836 -0.814301 1.46283 -0.987573 -1.04071 1.12856 1.34456 -0.900696 0.390421 0.827626 1.76327 1.04601 1.26696 1.61481 0.344983 -0.472385 0.978712 -0.505925 -1.5091 0.589639 2.98324 1.51175 2.28679 2.81867 1.40182 1.37309 2.24258 0.581816 -1.17736 0.619507 0.835998 -0.998696 -1.54217 -1.11347 
-1.07212 -1.01509 -0.497785 1.3143 1.39799 -0.345942 0.326191 0.953258 -0.966464 -1.32333 0.786045 1.49833 -0.269226 1.6486 2.42976 3.85576 1.82329 1.82489 2.74188 0.585784 -1.45522 1.6788 0.778213 -2.23361 -2.18706 -0.350724 2.10316 1.86186 0.0628384 -1.40892 -1.11576 -0.552628 -1.90167 -0.947006 1.88525 1.76739 -0.748397 -2.67809 -2.39632 
-0.507117 -0.30574 0.995904 1.79557 1.89254 0.173685 -0.191945 0.278266 0.0116881 -0.226085 -0.00341788 -0.383583 -1.08668 2.70395 2.84384 1.91707 -0.855197 -0.0886317 0.98452 -2.47215 -1.96649 3.38199 2.27624 -2.4502 -3.45843 -0.79382 0.32622 -0.873062 -3.59232 -3.6403 -2.38056 -1.71722 -1.68098 -0.316452 0.100023 0.770656 1.0924 0.439024 0.531021 
0.156422 0.215983 0.749062 0.86028 1.35447 0.195739 -2.15985 -0.633814 1.01553 1.12829 -0.450401 -1.22088 -0.765531 2.05801 1.58815 -0.990124 -3.05757 -1.01411 0.762828 -1.90457 -1.96838 1.83606 2.00285 -0.920491 -1.55001 0.478739 -1.90409 -2.2652 -1.91663 -0.801676 -0.814228 -0.0119364 2.37697 0.802877 -2.7015 -0.64609 2.34273 1.9708 0.386374 
0.440397 0.402961 0.387345 0.276453 1.28938 0.606829 -2.10104 -1.31029 1.10168 1.92677 -0.50207 -1.61514 -0.69177 0.723403 0.547536 -0.636742 -1.94553 -1.09058 0.980435 1.0461 -0.738317 0.0146056 1.28702 0.394045 -0.519092 -0.191976 -1.80255 -1.50352 0.395156 1.61693 -0.145396 -0.77937 2.7502 2.37765 -2.10706 -2.03754 1.34143 1.7971 -0.791173 
0.523305 0.491785 0.366036 -0.121038 0.705078 0.735418 -1.06958 -1.25398 1.05455 2.49892 -0.315039 -1.64881 -0.840342 0.186268 0.0877498 -0.381763 -0.918248 -1.23163 -0.130059 2.16632 1.70966 -0.783451 -1.1607 0.697577 1.12826 -0.772427 -0.634561 -0.557131 0.303292 1.21654 0.173805 -1.27293 0.562141 1.67732 -1.27245 -2.62057 -0.172967 1.81573 0.836124 
0.573595 0.487491 0.16705 -0.208057 0.554701 0.602832 0.127934 -0.00324459 0.680232 0.622619 -0.220311 -0.758914 -1.17309 0.103257 0.0360524 -0.154037 -0.340853 -0.933718 -0.484064 1.87714 1.85023 -1.55487 -2.78758 0.15761 2.18718 1.1176 -0.471676 0.122057 1.21738 0.292031 -1.19412 -0.119972 -0.277713 -1.07453 -0.03558 0.242191 -0.967872 -0.186057 2.09919 
0.620387 0.554808 0.291079 -0.326313 0.150539 0.558107 0.865443 0.163726 0.187995 -0.583029 -0.293712 0.0328616 0.0019921 -0.259334 0.285975 1.35128 -0.54811 -2.67913 -0.259266 1.75378 0.0171627 -0.796803 -0.761862 -0.512283 0.825791 2.52473 -0.477461 0.213498 1.31027 -0.0750888 -1.66742 0.0395 -0.578071 -1.44404 1.63585 2.49123 -0.605155 -2.26617 -0.472283 
0.512929 0.654483 1.0528 -0.513565 -1.05528 0.535577 1.93756 -0.0286495 0.251077 -0.2457 -0.52208 -0.138476 0.654706 -0.348544 0.329828 1.70605 -0.460946 -2.93632 -0.428579 1.01986 -0.417107 0.534625 1.12568 -0.608074 -1.24176 0.368247 0.213813 -0.128018 -0.66589 0.210428 1.6372 0.254066 -1.16662 -0.320746 0.788019 0.712826 0.0417032 -1.08177 -1.62293 
0.52091 0.740043 1.40326 -0.589666 -1.61496 0.40796 1.92904 -0.203565 0.527068 0.611297 -0.641682 -0.958404 0.319525 0.029619 0.222888 0.508289 -0.28694 -0.80593 0.0447177 0.0250361 -0.502675 0.226027 0.372404 -0.485836 -0.822964 -0.0353014 0.335314 -0.300041 -1.18858 0.457394 2.5242 0.24223 -0.743362 0.243956 -0.834394 -1.20367 0.3478 1.1765 0.439449 
0.577974 0.79523 1.40055 -0.692767 -1.53254 0.617148 1.98992 -0.463306 0.412092 0.125466 -0.811094 -0.803279 0.689619 0.0706073 0.0869879 0.14811 0.130008 -0.0228174 -0.138303 -0.0821668 -0.058442 -0.483725 -0.734834 -0.206786 0.503732 1.05361 -0.0404361 -0.253896 -0.329743 0.466152 0.56033 -0.749569 -0.452289 0.542928 0.0474877 -0.109462 0.534356 0.592866 0.265519 
0.603788 0.824256 1.52113 -0.567227 -1.61869 0.399927 1.87242 -0.288492 0.278558 -0.227487 -0.796106 -0.589018 1.11704 0.0461242 0.0282667 0.1251 0.315708 -0.195738 -0.813656 -0.645999 0.321098 0.317184 0.221736 0.143904 0.045308 0.376363 -0.0748045 -0.0917157 -0.178485 -0.287126 -0.162647 -0.05009 -0.556478 -0.265191 1.07283 1.24881 0.404305 -0.422344 -0.809259 
0.650201 0.855015 1.50374 -0.58052 -1.64083 0.278474 1.36016 -0.249432 0.625703 0.331989 -0.796377 -0.791245 1.01284 0.0502841 0.0618345 -0.028181 -0.273227 -0.260562 -0.186576 -0.907475 -0.491854 0.897434 1.23698 0.263696 -0.153887 -0.226016 -0.0659194 -0.0982321 -0.262857 -0.382078 0.159661 0.626989 -0.0289251 -0.577862 -0.0685763 0.387481 0.210947 -0.0196627 -0.38481 
0.677824 0.898005 1.5265 -0.739797 -1.76617 0.36826 0.976878 -0.714629 0.826972 1.08846 -0.723613 -0.73226 1.01839 0.0353221 -0.00369597 -0.1666 -0.214319 -0.0554666 -0.0777722 -0.690158 -0.598734 0.26232 0.847608 0.377603 -0.00706925 -0.235343 -0.0557471 -0.261047 -0.396273 0.299407 0.732902 -0.135418 0.0560228 0.446597 -0.465389 -0.74164 -0.11519 0.0167585 -0.193194 
0.717727 0.901503 1.42077 -0.724601 -1.6643 0.300076 0.685522 -0.759713 0.807659 1.22244 -0.668945 -0.82004 0.907653 0.0503824 -0.140259 -0.502373 0.106761 0.552031 -0.333672 -0.82585 0.182058 0.343335 0.0984529 0.0980145 -0.151522 -0.536192 0.0591141 -0.166903 -0.481887 0.0679047 0.782108 0.124669 0.0712192 0.52314 -0.0304505 -0.665643 -0.237272 0.120701 -0.0746948 
0.751903 0.887682 1.22923 -0.7286 -1.42229 0.264578 0.164305 -0.610217 1.05567 1.16026 -0.731029 -0.873659 0.702513 0.158503 -0.107415 -0.757898 -0.143467 0.814836 0.0763508 -0.586032 0.194255 0.255423 -0.172166 0.0624222 0.151525 -0.359046 0.0889032 0.0220259 -0.249356 -0.38045 0.137309 0.674658 0.394884 -0.308784 -0.369172 -0.00160253 0.0788403 0.174619 0.266252 
0.838845 0.904844 0.960416 -0.834418 -1.16149 0.397133 0.116725 -0.645699 0.985634 0.998522 -0.693528 -0.725207 0.715836 0.205485 -0.04656 -0.775605 -0.421093 0.666087 0.45742 -0.242473 -0.319171 -0.0897125 0.11633 0.169939 0.0881118 -0.123375 -0.0666987 -0.0246337 -0.0199831 -0.203627 -0.0389225 0.387708 -0.0184508 -0.506322 -0.157481 0.128706 -0.127366 0.00395718 0.361184 
0.89346 0.916339 0.757577 -0.97268 -1.00944 0.5482 -0.0552628 -0.900406 1.03451 1.2516 -0.703756 -0.828258 0.675745 0.146866 -0.0624725 -0.717383 -0.435202 0.7222 0.535112 -0.614681 -0.614282 0.0887069 0.0493351 -0.11817 0.134649 0.203157 -0.148064 -0.128504 -0.0216474 0.0581067 0.0892235 0.00837741 -0.00190348 0.136828 -0.0789171 -0.574731 -0.43019 0.218216 0.447695 
0.9549 0.926881 0.525924 -1.08532 -0.71471 0.718791 -0.481194 -1.16822 1.06741 1.01665 -0.805212 -0.64353 0.917751 0.106658 -0.110155 -0.737366 -0.363324 0.723746 0.476861 -0.24662 -0.127163 -0.157587 -0.761382 -0.381486 0.393274 0.574963 -0.221046 -0.275718 -0.106496 0.290683 0.144724 0.0537155 1.21704 0.767665 -1.09759 -0.968623 0.079127 0.0696379 -0.231494 
0.992022 0.91854 0.310332 -1.18882 -0.561717 0.84134 -0.279047 -1.03943 0.974176 0.383808 -0.94244 -0.544977 1.13805 -0.0301664 -0.279897 -0.795204 -0.066865 0.844953 0.607061 1.18607 0.559114 -1.26077 -1.44388 -0.0458949 0.216493 -0.167288 -0.329842 -0.312043 0.0171167 0.405636 0.317523 0.1015 0.561858 0.245174 -0.273437 0.376643 0.73322 -0.243732 -1.18384 
0.993936 0.858469 0.0417662 -1.15809 -0.193698 1.07567 0.751352 -0.766964 0.370551 -0.596959 -0.882038 -0.498053 0.860229 -0.186958 -0.365536 -0.646105 0.158514 1.04916 0.604151 0.583996 0.233396 -0.470189 -0.152445 0.491779 0.00411318 -1.2941 -0.392365 -0.234344 0.311193 0.469927 -0.157037 -0.967979 -1.32684 0.0876482 1.73724 1.27676 0.586049 0.309889 -0.215076 
0.962844 0.814501 -0.0786693 -1.1526 0.0827809 1.1968 0.341491 -0.894606 0.733476 0.181438 -0.759939 -0.565055 0.291377 -0.390781 -0.454088 -0.301691 0.540824 0.613787 -0.504264 -0.779919 0.674612 0.956281 0.571596 0.647148 0.659442 -0.511897 -0.349084 -0.290708 0.163236 0.457777 -0.510099 -1.24617 -0.350334 0.70312 0.211679 -0.49249 -0.19096 0.593028 1.31563 
0.876083 0.717593 -0.127426 -0.936976 0.18753 0.888473 -0.0145307 -0.27478 0.95292 -0.0081224 -0.624601 -0.00728853 0.561365 -0.501193 -0.598624 -0.354975 0.74998 0.403913 -0.829355 0.0639259 1.30638 -0.172461 -0.901645 0.233311 0.872628 0.770035 0.167156 0.0978164 -0.212712 -0.505857 -0.397048 0.393892 0.571209 -0.561497 -1.5706 -1.05894 -1.0439 -0.845082 0.558795 
0.796955 0.613498 -0.281868 -0.83033 0.337099 0.850438 0.433377 0.0949481 0.664564 -0.839631 -0.702101 0.0918929 0.890297 -0.151825 -0.281192 -0.5248 -0.154491 0.101127 -0.0383409 0.0645423 -0.219762 -0.988297 -1.06276 -0.655809 -0.633565 0.361271 0.534581 0.46263 -0.260986 -0.891994 0.282561 1.13446 -1.15845 -2.33078 -0.833507 0.183162 -0.988347 -1.30944 -0.231423 
0.862189 0.648642 -0.439009 -1.05212 0.258755 0.92938 0.0779822 -0.486707 0.413273 -1.20525 -0.995594 -0.52445 0.874012 0.131489 -0.0445211 -0.644115 -0.46096 0.688326 0.494256 -1.65272 -2.34045 -1.18969 -0.595048 -1.00162 -1.11832 0.399701 -0.355999 -0.309577 0.0204312 0.463153 0.94911 0.439919 -0.308812 -0.112179 0.890941 0.974253 0.785206 0.626022 -0.0955732 
0.90632 0.643003 -0.669599 -1.09369 0.763399 1.15209 -1.21971 -1.78653 0.00871221 -1.52566 -1.23988 -0.803145 1.22986 -0.47347 -0.533997 -0.429005 0.444153 1.1673 0.480889 -0.394045 -0.415134 0.164021 0.480019 0.281118 0.284542 0.204713 -1.43302 -0.990175 0.792618 1.20347 -1.15017 -1.20526 1.9582 2.2818 0.878855 1.15272 2.53335 1.91072 -0.249189 
0.708362 0.474524 -0.689455 -0.877759 0.974687 1.22449 -0.295659 -0.852446 0.53851 -0.71649 -0.914697 -0.325929 1.07702 -1.34427 -1.00851 0.507912 1.12626 -0.707631 -0.89187 1.24547 1.18846 -0.0525828 1.22661 2.07605 1.73073 0.0014115 -1.24532 -0.758714 1.02706 1.10405 -2.34374 -2.68845 0.445575 1.00805 -0.939312 0.120318 1.43182 0.123927 -1.15756 
0.373642 0.271487 -0.322092 -0.589451 0.345574 0.775129 0.0732162 -0.889808 0.0089695 -0.221046 -0.293272 0.522708 1.29048 -1.74809 -1.25612 1.0437 1.89861 -1.62853 -2.62299 0.264391 1.13222 -0.986328 0.688412 2.00988 0.447984 -1.62301 1.19864 0.897494 -0.420925 -0.828578 0.643409 0.761674 -0.840233 -0.75054 0.0168269 -0.798009 -1.67521 -1.13631 0.00301874 
