-0.365196 -0.525435 -1.15004 -0.483025 -1.21601 -1.48657 -2.37837 -0.877592 -2.00463 -0.364074 1.22087 1.14365 0.531896 -1.45274 -2.13983 -2.772 -0.0531109 -1.26033 -4.16465 -3.25858 0.538749 -2.04864 -2.29589 3.38702 3.61464 0.643188 -2.42803 -2.40229 -0.047653 2.61796 2.35584 -0.127799 1.03035 2.80671 1.08406 -1.65837 0.196455 0.311973 -1.79108 
-0.661094 -0.887301 -1.57902 -0.0421145 -0.818793 -1.94999 -2.40794 0.34572 -1.47504 -1.19383 1.47427 1.86811 0.487346 -2.8687 -2.59566 0.00969635 3.54356 3.08275 -0.0683289 1.65404 3.75628 1.53081 -2.11235 0.161943 0.343189 -2.54961 -0.474764 0.605781 2.69574 2.14537 2.72738 4.58147 3.39662 0.914571 1.59152 1.02265 -3.31496 -3.15233 -1.63 
-1.71043 -1.60971 -1.11436 1.57441 0.928486 -1.45391 -1.04228 1.51802 -0.8092 -1.46133 1.24093 1.28003 -1.36193 -2.03061 -1.47572 1.1279 2.85805 2.30473 0.898318 1.97907 1.78529 0.16805 -0.908762 -0.276213 -0.729766 -1.68305 2.47352 2.38488 -0.019506 -2.56363 -2.43614 -0.123836 -0.870715 -2.35054 -0.982733 1.54584 0.0348388 -0.231954 1.79147 
-1.6014 -1.48763 -0.894253 1.61515 0.79486 -1.44946 -0.824141 1.48561 -1.2963 -1.65777 1.29677 1.43653 -0.760205 0.0112274 -0.00358638 0.0593059 0.153348 -0.0550879 -0.13234 0.429016 0.671968 0.268132 -0.04232 0.147828 -0.0496182 -0.131125 1.70918 1.18918 -1.18442 -2.29484 -1.7434 -0.997497 -1.48066 -1.17927 0.414173 1.34783 0.894326 0.870498 1.01478 
-1.66419 -1.5739 -1.04988 1.65281 0.93203 -1.45223 -0.639818 1.94862 -0.555799 -1.46937 1.25464 1.20849 -1.45207 -0.0471287 -0.179389 -0.474362 -0.172478 0.0661617 -0.117647 -0.169693 0.254553 0.793436 0.90282 0.645959 0.369172 -0.341628 0.497224 0.321871 -0.409861 -0.549961 0.13278 0.239731 -0.706385 -1.05906 -0.400257 0.177879 0.0421094 0.273858 0.372988 
-1.58335 -1.52778 -1.13955 1.50336 0.881133 -1.44067 -0.877968 1.65027 -0.650994 -1.16849 1.53508 1.58667 -1.00733 0.573314 0.352862 -0.444618 -0.542265 0.141859 0.199796 -0.547141 -0.699316 -0.207269 0.242148 0.141634 0.241997 0.320285 0.505438 0.411601 0.030318 0.10182 0.521377 0.338363 -0.131108 -0.618575 -1.53972 -1.5239 -0.612508 -0.334268 -0.023913 
-1.34636 -1.38406 -1.27792 1.32516 1.06995 -1.28979 -0.981308 1.50557 -0.657072 -1.32772 1.26555 1.29131 -1.20554 0.524591 0.274298 -0.354101 0.00409285 0.767557 0.32196 -0.274622 -0.532474 -1.22206 -1.034 -0.0733458 -0.162078 -0.440622 -0.285716 -0.196568 0.231889 0.367411 -0.0316313 -0.219131 0.197805 0.244872 -0.268243 -0.152001 0.334931 0.218531 0.327114 
-1.28907 -1.37189 -1.31505 1.49464 1.44597 -1.2191 -1.01176 1.31352 -1.50936 -1.69834 1.44906 1.4556 -1.32828 0.217157 0.147491 -0.0385246 -0.0102936 0.125379 0.0319506 -0.153947 -0.341066 -0.504238 0.0960318 0.454425 0.458749 0.708079 -0.221122 -2.1211e-005 0.256392 -0.430394 -1.06587 -0.274099 0.0833303 -0.0407245 0.98622 1.77284 0.229392 -0.518653 -0.190417 
-1.20062 -1.28296 -1.27023 1.30804 1.19663 -1.20859 -1.02313 1.29075 -0.979901 -1.26296 1.41749 1.48886 -0.669797 0.244191 0.281919 0.0867378 -0.531521 -0.591496 0.0942198 -0.0547945 -0.55304 0.176505 1.33234 0.124477 -0.942821 -0.770518 -0.192187 -0.149114 -0.190558 -0.484106 -0.33551 0.3169 -0.00993436 -0.551913 -0.254886 -0.133503 -1.27541 -1.53153 -1.4529 
-1.13026 -1.21271 -1.23465 1.17325 1.08352 -1.10777 -0.978024 0.963656 -1.32432 -0.983053 1.45223 0.911239 -1.89527 -0.0293084 -0.0064542 -0.23147 -0.617783 -0.285574 0.448172 -0.0753642 -1.03967 -0.783155 -0.0259407 -0.987013 -1.69253 -1.37257 -0.299842 -0.306323 -0.280907 -0.208661 0.267811 0.494431 -0.134101 -0.411222 -0.216914 -0.805302 -0.459828 1.16678 1.62358 
-1.17396 -1.24839 -1.37454 0.936295 1.04291 -0.925937 -1.00507 0.630861 -1.51082 -1.26238 0.919492 0.547651 -1.68579 -0.128534 -0.0423899 -0.234326 -0.770422 -0.219262 0.703881 -0.164256 -1.06503 -0.0510893 0.333481 -0.428506 0.557017 1.41516 0.695681 1.35554 2.0696 1.02955 0.363608 1.04807 1.45442 1.45025 1.8356 0.455981 -0.32937 0.850838 1.18754 
-1.15155 -1.19366 -1.34062 0.712409 0.975048 -0.701348 -1.02771 0.287604 -1.30907 -0.793349 1.20606 1.16081 -0.832195 0.765532 1.47015 2.78055 0.800232 0.211017 1.66108 2.22092 0.917399 1.76345 0.621528 -1.39788 -0.620195 0.208427 2.24524 2.77741 2.2759 0.442699 -0.00551332 1.1451 1.4205 1.30372 2.43387 1.16031 -2.383 -2.59402 -1.25922 
-0.763267 -0.575747 0.269547 1.39232 1.22802 -0.0562249 0.763042 1.21782 -0.141831 -0.921109 0.236228 0.174074 -1.52269 2.48366 2.97506 3.07022 -0.137702 -0.201837 2.02253 2.08065 0.697673 3.30413 1.9003 -3.0765 -3.03194 -0.39691 1.45749 0.555971 -2.14959 -2.1898 -0.451412 -0.610875 -2.34099 -2.02707 0.469181 1.85124 0.34202 -0.0497317 0.974301 
0.0892869 0.12928 0.471618 0.620914 0.878464 0.343305 0.633507 0.734576 1.20935 0.220789 -0.234099 -0.489411 -1.12055 2.45384 2.08029 -0.190359 -2.08973 -0.350392 1.06639 -1.23077 -1.73786 2.46318 3.0902 -1.07737 -0.766434 1.49371 -1.3653 -2.20433 -2.73013 -0.878347 0.259577 -1.06122 -1.78809 -1.48879 -2.29067 -1.24998 2.06612 2.55343 1.57044 
0.46316 0.360547 0.189101 0.161329 1.03007 0.52565 -0.0994606 0.113111 1.74919 0.719134 -0.302514 -0.276913 -0.401025 0.861349 0.593929 -0.723893 -1.27275 0.159708 0.937124 -0.533692 -1.24361 0.273644 0.321009 -0.877828 0.344203 1.71507 -2.17435 -1.7691 0.338179 0.892232 -0.495053 -0.281809 1.34488 0.648238 -2.64781 -2.80561 0.196329 0.717312 0.0994199 
0.546279 0.42329 0.0814705 -0.133161 1.02856 0.862614 0.302267 -0.0552485 1.46686 0.403929 -0.682869 -0.352489 0.166202 -0.117338 0.170809 0.366456 -0.85547 -0.968451 0.830247 0.899603 -0.844583 -1.05003 -0.519613 -0.91556 0.125227 1.56575 -0.94073 -0.262905 1.27823 0.310071 -1.74666 -0.748144 0.887119 0.431914 -0.488553 0.233813 0.301213 -0.302934 0.143723 
0.447285 0.471718 0.431871 -0.349161 0.410429 0.99323 0.661648 -0.422491 1.01918 0.459953 -0.768298 -0.255906 0.774362 -0.26302 0.31667 1.16594 -0.817505 -2.0831 0.192857 0.903433 -0.63727 -0.321097 0.678486 -0.601766 -0.144649 1.84855 0.258197 0.270653 0.25349 0.0405386 -0.890376 -1.26619 -0.191131 0.684198 0.743519 0.965514 0.653082 -0.631243 -0.484172 
0.460016 0.597491 0.78832 -0.621489 -0.351609 1.02169 1.0663 -0.458771 1.28067 0.775169 -1.00716 -0.474339 1.5525 0.164414 0.471753 0.80318 -0.760904 -2.09969 -0.478494 0.703773 0.0963893 0.0205046 0.792938 -0.256188 -0.807865 0.828487 0.400568 -0.00353554 -0.500902 0.377354 0.453435 -1.04837 -0.591471 0.529168 -0.163567 -0.263313 0.918159 -0.419137 -1.74971 
0.567543 0.712933 0.928147 -0.804449 -0.981062 0.827369 1.27351 -0.358598 1.08784 0.891416 -0.936768 -0.728825 1.3999 0.185707 0.320484 0.532919 -0.272228 -1.4699 -0.878536 0.101307 0.0980704 -0.476587 0.387076 0.346368 -0.790736 -0.64371 -0.175484 -0.321974 -0.227068 0.583822 1.12682 0.109748 -0.518691 -0.263801 -0.420056 -0.591465 0.437883 0.371035 -1.13351 
0.590562 0.77334 1.12772 -0.791512 -1.3134 0.662209 1.219 -0.393807 0.978467 0.993073 -0.903937 -0.938191 1.08008 -0.0624621 0.130483 0.558461 0.0606596 -0.612349 -0.287988 0.011869 -0.220066 -0.481657 0.0731976 0.168755 -0.384758 -0.809239 -0.192151 -0.224477 -0.128668 0.285799 0.967128 0.671859 -0.160131 -0.252386 0.0630113 -0.448673 -0.228845 0.625506 0.240819 
0.578182 0.806679 1.28237 -0.78015 -1.35774 0.753715 1.35806 -0.496319 0.781854 0.944162 -0.913629 -0.977775 0.804037 -0.0607154 0.0848689 0.427734 0.150535 -0.189867 -0.0755454 -0.0475759 -0.203243 -0.325832 -0.146281 0.045009 -0.0232989 -0.375586 0.189999 -0.0267572 -0.369943 0.0534345 0.406787 -0.203988 -0.395155 0.0829802 0.286425 -0.128222 -0.0366994 0.412348 0.794952 
0.602045 0.847375 1.40606 -0.714749 -1.40181 0.691378 1.25825 -0.520811 0.788739 0.930333 -0.936595 -0.995804 0.807631 0.139306 0.109132 0.111142 0.172483 -0.0597066 -0.439334 -0.492946 -0.0765493 -0.0289352 -0.041881 0.0767099 0.0942507 0.227331 0.242397 -0.0666061 -0.544681 -0.0061882 0.317881 -0.419811 -0.418547 0.133298 0.0458624 -0.14577 0.244504 0.266595 0.355256 
0.686308 0.891198 1.37694 -0.690574 -1.35735 0.606808 1.05787 -0.542606 0.813627 0.936356 -0.931994 -0.973164 0.981239 0.202506 0.0203345 -0.267368 0.182574 0.247365 -0.462055 -0.587816 0.00701493 -0.198256 -0.284266 0.259294 0.258489 0.0512329 -0.0163111 -0.114414 -0.290415 -0.148927 0.138592 0.0800202 -0.155912 -0.151512 -0.0336599 0.0905281 0.352817 0.281603 -0.256984 
0.740708 0.893523 1.28091 -0.619283 -1.1919 0.533474 0.885757 -0.513859 0.69419 0.794988 -0.872632 -0.904255 0.8535 0.0991106 -0.00721041 -0.223404 0.0135153 0.144785 -0.281221 -0.635439 -0.244063 -0.00884174 0.12857 0.408987 0.396347 -0.194876 -0.0506422 0.0730329 0.0146354 -0.56212 -0.494191 0.479224 0.188716 -0.569721 -0.190359 0.715219 0.361937 -0.00233825 -0.336991 
0.775014 0.925444 1.27731 -0.693796 -1.21743 0.536429 0.649087 -0.695616 0.860391 1.01824 -0.800533 -0.80864 0.843561 0.122046 0.107123 -0.169345 -0.52931 -0.369576 0.131037 -0.208387 -0.715213 -0.389958 0.701581 0.601505 0.176379 -0.481923 0.0955689 0.0502433 -0.243866 -0.506441 -0.256487 0.519244 0.444168 -0.325471 -0.6551 0.130918 0.0122067 -0.443819 -0.178466 
0.840495 0.977174 1.21266 -0.939378 -1.40294 0.662631 0.80244 -0.967038 0.456621 1.17838 -0.654364 -0.85617 0.501744 0.19013 0.0548817 -0.491943 -0.623861 -0.163586 0.355478 0.130859 -0.642317 -0.828689 0.35174 0.370217 -0.283139 -0.508198 0.0666542 -0.190125 -0.506252 0.112324 0.716797 0.146401 -0.10498 0.254205 0.0817374 -0.837474 -0.77129 -0.0577799 0.646447 
0.907697 0.986521 1.0218 -1.06909 -1.28791 0.774217 0.824318 -1.10235 0.295505 1.21755 -0.686554 -1.0038 0.47221 0.179154 -0.0912652 -0.809953 -0.338684 0.585499 0.361479 -0.273745 -0.344584 -0.213893 -0.33927 -0.29077 0.0192496 0.348707 -0.000927009 -0.251267 -0.406926 0.466658 1.04627 -0.170329 -0.604724 0.254907 0.409569 -0.793817 -0.333808 0.429185 0.192648 
0.967875 0.975098 0.772559 -1.1482 -0.962319 0.903324 0.669312 -1.18409 0.350406 1.01409 -0.838427 -0.891261 0.769468 0.167977 -0.209765 -0.991704 0.0409184 1.21919 0.240807 -0.691338 -0.270757 -0.209526 -0.632126 -0.045485 0.218652 -0.306876 -0.0113146 -0.112442 -0.0330882 0.456847 0.340438 -0.591242 -0.539314 -0.100002 -0.276138 0.197232 0.931856 0.127867 -0.670053 
1.02968 0.933239 0.476199 -1.05631 -0.414931 0.956504 0.372932 -1.27237 0.192547 0.899167 -0.760017 -0.933337 0.251003 0.144819 -0.20547 -0.779603 0.312966 1.05201 -0.211825 -0.996881 -0.443775 -0.521534 -0.0295413 0.672285 0.113322 -0.646324 0.0193517 0.0432623 0.126464 -0.00405149 -0.608101 -0.61597 0.236147 0.606427 0.134364 -0.202152 -0.194489 -0.269805 0.208812 
1.07866 0.923672 0.350073 -0.976613 -0.203399 0.866533 -0.014935 -1.46434 0.0146733 1.01278 -0.588244 -0.876555 0.295102 0.169608 -0.155238 -0.735105 0.0758164 0.454376 -0.359441 -0.240077 0.567061 0.0376695 -0.843704 -0.309419 -0.225371 -0.0831382 -0.161569 -0.0987986 0.0214796 -0.170845 -0.436881 -0.0437988 0.612133 0.965123 0.556722 -1.06631 -1.18161 0.0397884 0.704159 
1.15244 0.903519 0.0795433 -1.02316 -0.0637798 0.848266 0.265463 -0.908612 0.274011 0.469454 -0.952489 -1.09792 0.196659 -0.0657379 -0.304891 -0.671875 0.12467 0.509466 -0.188626 0.0237918 0.869818 0.296522 -1.36909 -0.666979 0.0882146 0.264337 -0.455091 -0.218076 0.396395 0.266731 -0.0627752 0.0161463 -0.214449 -0.647043 -0.588151 0.278322 1.00243 1.19652 1.05273 
1.08772 0.829284 -0.00988061 -0.914948 0.185341 0.84097 0.0786974 -0.907692 0.289255 0.306618 -0.941942 -0.875139 0.499903 -0.385195 -0.383915 -0.0957374 0.473063 0.397468 -0.270925 -0.471222 -0.257727 -0.69169 -0.42813 0.730514 1.31471 1.31091 -0.112869 0.0142048 0.238991 -0.0397563 -0.461139 -0.192162 -0.0476976 -0.548408 -0.796481 0.71608 1.50564 0.725471 0.1322 
1.00715 0.774983 0.0540226 -0.758125 0.248543 0.78287 -0.0181661 -1.07033 -0.188667 0.25841 -0.676051 -0.44726 1.18199 -0.219178 -0.281853 -0.255711 0.111789 -0.0645682 -0.327087 0.0451839 0.175859 -0.714417 -0.382118 0.921127 0.990914 0.381833 -1.50297 -1.38754 -0.0891175 0.601105 -0.652172 -1.42553 0.199653 1.43273 0.597412 -0.109022 0.861347 -0.225623 -2.0481 
1.02264 0.744851 -0.128262 -0.860803 0.182416 0.748392 0.188633 -0.793168 -0.190378 0.119784 -0.579555 -0.395885 0.792333 -2.16896 -1.87991 -0.144839 1.31775 -0.424553 -1.75328 -0.0752291 1.6761 0.181363 -0.518148 1.61676 0.930473 -1.59514 0.204843 0.253036 0.125838 -0.11367 0.0308033 0.235096 -0.0916581 -0.157804 0.480043 0.252691 -0.797776 -0.673976 -0.227871 
