-1.9491 -1.79383 -0.701994 1.2761 -0.4387 -1.58248 -1.41981 -0.223043 -1.1128 0.151706 1.26577 1.18819 -0.272208 -4.16458 -4.29533 -1.09332 2.73874 -0.0667034 -2.58081 -1.32015 0.30738 -0.655957 0.739786 2.84097 1.99814 -0.172177 0.219388 -0.101698 -0.496662 0.0597011 0.272197 -0.338062 0.486527 1.76161 0.54318 -0.116377 0.962931 0.607755 -0.497336 
-1.77259 -1.66821 -0.727315 1.3878 -0.00898473 -1.46846 -1.39198 0.294481 -0.488761 0.55369 1.26627 1.19852 -0.0871722 0.329207 0.0121418 -0.706029 -0.0113497 0.213589 -0.401461 0.760733 2.40103 0.715259 -0.120172 0.910607 0.631513 -0.691023 3.87296 4.10694 0.180662 -1.92667 -0.127871 1.32282 1.40398 1.10654 -0.569156 -1.88071 -1.99649 -1.27599 -0.512773 
-1.76546 -1.75525 -1.16976 1.25937 -0.289893 -1.79324 -0.583972 1.86223 -0.583233 -0.0147207 1.65777 1.58038 -0.696261 -0.0426751 -0.382187 -0.799995 0.17701 -0.229842 -0.81275 0.863357 1.79922 -1.36532 -1.79984 0.842299 0.431852 -0.883137 -0.305395 -0.17991 0.364944 0.640888 0.614559 0.086798 -0.477241 -1.67495 -1.50218 -0.598604 -0.698364 -0.886635 0.15285 
-1.75083 -1.78588 -1.25805 1.46728 -0.109809 -1.91657 -0.44627 1.865 -1.50433 -1.01927 1.62734 1.4729 -0.635963 0.113646 -0.0482112 -0.14081 0.723509 0.749566 -0.247949 0.0268615 0.0323215 -1.18908 -0.901629 0.188071 -0.48051 -0.542327 0.213143 0.560336 0.521869 -0.147918 0.186481 0.465954 -0.697035 -1.48627 0.782361 1.3607 -0.440032 -0.749327 -0.758851 
-1.67565 -1.74059 -1.25873 1.61795 0.160645 -1.91542 -0.533824 1.92145 -1.46791 -0.835529 1.72253 1.31645 -1.02377 0.280049 0.243597 -0.00324196 -0.10091 -0.0969688 -0.163965 -0.211371 -0.307613 -0.343733 0.105524 0.373717 -0.519971 -1.91191 -0.0385148 0.177711 0.123075 -0.835555 -1.25976 0.143696 -0.152316 -0.487376 0.392692 0.213014 -0.20877 0.934128 0.75589 
-1.58859 -1.65559 -1.25483 1.40481 -0.135832 -1.99028 -0.651176 1.63345 -1.76122 -0.996701 1.77618 1.18568 -1.85272 0.175128 0.222916 0.0675449 -0.437294 -0.479429 -0.0201126 -0.203119 -0.688103 -0.666557 -0.570101 -0.0531684 0.53179 0.385199 -0.172086 -0.0738584 0.0709401 -0.0626383 0.724224 0.704468 0.0644048 -0.224969 0.571219 0.0886981 -0.627159 1.27603 2.74166 
-1.55908 -1.61849 -1.20807 1.38369 -0.0806854 -1.9061 -0.729895 1.36445 -1.96454 -1.37872 1.67804 1.64979 -0.749043 0.202873 0.281543 0.128192 -0.269336 0.542276 0.79638 -0.105261 -0.663833 0.407437 0.266574 -0.278821 0.891229 1.58025 -0.0978803 -0.244695 -0.356922 -0.0301321 1.45946 0.712472 -0.0218629 0.035766 1.23314 1.3112 0.253326 -0.464029 -0.714893 
-1.45994 -1.51026 -1.16353 1.25633 0.19801 -1.50977 -0.74248 1.09721 -1.46025 -0.839272 1.62949 1.73111 -0.802063 0.174985 0.102513 -0.432306 -0.563985 0.852157 0.950687 -0.230793 -0.682437 0.932367 1.26738 0.159858 -0.0871705 -0.586801 -0.0654761 -0.144851 -0.14118 0.0316066 0.331756 0.112963 -0.143413 -0.6126 -0.241499 0.572005 0.0557777 -1.64431 -1.82737 
-1.44257 -1.5441 -1.49239 1.08472 0.427606 -1.33655 -0.955595 0.812293 -1.27375 -0.383227 1.73002 1.61794 -1.10543 0.236368 0.253686 -0.0533453 -0.316758 0.811949 0.984071 -0.321434 -1.55806 0.117718 1.09039 -0.259995 -1.10479 -0.828522 0.0817195 0.371878 0.515808 -0.0153503 -0.227143 0.671665 0.611628 -0.554864 -0.792453 -0.127927 -0.359292 -0.567761 0.184937 
-1.31671 -1.37597 -1.19388 1.08362 0.683667 -0.920948 -1.06522 -0.203899 -1.37445 0.00800894 1.49132 1.09883 -1.31539 0.36128 0.553614 0.355504 -0.671696 0.595538 1.86818 0.723946 -1.49653 -0.0629858 1.13137 -0.229353 -0.827157 -0.396665 0.613259 1.40526 1.89218 1.60756 1.13862 0.935662 1.4257 1.41242 0.173937 -0.646083 -0.552787 -0.216165 -0.404664 
-1.24496 -1.29097 -1.24875 0.730746 0.791433 -0.237507 -0.15914 -0.436191 -1.32214 0.498374 1.60574 1.14948 -1.33836 0.974444 1.66263 2.76521 1.65925 1.84142 2.24641 1.89577 0.358327 0.360068 0.243824 -0.839421 -1.43457 -1.39986 1.9581 2.5894 1.81745 1.67044 0.265106 -1.31449 -0.54078 2.08863 1.98539 -0.69976 -2.58802 -1.84032 -0.757083 
-0.852182 -0.683409 0.66468 1.92011 1.74887 0.396366 0.985797 0.134159 -1.10867 0.146387 1.09073 0.27199 -2.19969 2.4954 3.06015 3.06381 1.38505 0.802449 0.191257 -0.108462 1.35839 2.49938 0.211201 -2.80952 -3.05186 -1.42315 1.82632 0.8033 -2.53369 -3.30543 -2.75586 -2.46532 -2.86612 -0.0813037 2.75529 1.05454 -1.66664 -0.631069 1.51588 
-0.118333 -0.0446594 0.809919 1.42719 1.27174 -0.106214 -0.25387 0.757262 0.532384 0.609433 0.312876 -0.631604 -2.23777 2.97178 2.51362 -0.94633 -2.67271 -0.796396 -0.933783 -2.54276 0.201507 3.90849 1.72935 -2.51383 -2.24842 0.509198 -1.02313 -2.25599 -3.12161 -2.81515 -0.636451 0.00624012 -0.99391 -1.52165 -0.284188 0.554727 1.12099 2.12501 2.93001 
0.481826 0.34635 0.0358717 0.544172 1.3291 -0.121597 -1.71512 0.338083 1.79233 1.52873 -0.0682101 -1.03504 -1.84445 1.53478 1.07546 -1.51517 -2.31743 0.160401 0.239541 -1.64358 -0.797552 2.15498 1.01132 -1.74354 -0.650134 2.31225 -2.94232 -2.60338 0.697446 1.21382 -0.134741 1.25554 1.89419 -0.475316 -2.54768 -0.961839 1.40794 1.73883 1.32282 
0.590119 0.415247 -0.20011 0.232704 1.39061 0.052943 -1.99212 0.106646 2.13115 1.39051 -0.497194 -0.995617 -0.711832 0.0188795 0.206937 0.109475 -1.20224 -0.966004 0.746402 0.400971 -0.50218 0.665132 0.449786 -1.16576 -0.297251 2.16892 -2.01877 -1.2 1.70623 1.08174 -2.61306 0.400231 2.30916 0.664892 -2.1923 -1.03733 1.10373 0.457859 -0.709805 
0.530378 0.462114 0.114634 -0.0807643 0.813848 0.330068 -1.26444 -0.0598883 2.28466 1.83957 -0.616601 -1.19085 -0.411574 -0.459403 0.0695869 1.02904 -1.01654 -2.34294 0.802476 1.94368 0.0813061 -0.633222 -0.371771 -0.694512 -0.193508 1.34683 -0.57003 -0.19801 0.855735 0.473512 -1.79225 -0.156215 1.24643 0.456048 -1.92525 -1.31167 0.64788 0.489282 -0.274587 
0.430466 0.476588 0.494919 -0.29739 0.100204 0.536968 0.110202 0.207757 1.65927 1.01339 -0.832157 -1.09021 0.187268 -0.471394 0.129807 1.39883 -0.682281 -2.69642 0.582478 2.34016 0.086813 -1.78105 -1.30951 -0.564862 0.196037 1.76558 0.189921 0.146702 0.201195 0.71503 -0.0119554 -0.918107 -0.466068 0.173177 -0.332822 -0.141476 0.872383 0.441077 -0.483186 
0.365506 0.547316 1.05748 -0.440148 -0.675548 0.687133 1.26235 0.0459325 0.960357 0.677214 -0.892844 -1.0556 0.759416 -0.160786 0.311971 1.35266 -0.186484 -2.39693 -0.356668 1.22714 0.277691 -1.0399 -0.526362 0.127082 0.243538 0.674078 0.368465 0.0696498 -0.313573 0.660001 1.07514 -1.12399 -1.25739 0.484119 1.11509 0.48888 0.759566 0.270186 -1.38418 
0.400807 0.633971 1.40683 -0.403559 -1.22059 0.352055 1.44538 0.476844 0.885378 0.506828 -0.795015 -0.926942 0.649559 0.0125669 0.300772 0.962934 0.0771176 -1.72674 -0.845596 0.396433 0.714768 -0.33332 -0.599681 0.145827 0.433702 -0.0708067 0.106563 -0.260791 -0.593077 0.320587 1.54649 -0.272329 -0.686218 0.220153 0.539865 -0.112898 -0.204495 -0.153482 -0.531843 
0.411311 0.700261 1.70821 -0.411691 -1.61905 0.220062 1.70816 0.68887 0.711201 0.109253 -0.847213 -0.780131 0.738062 0.0512992 0.176649 0.504376 0.137129 -0.983391 -0.672266 0.169186 0.539276 -0.328891 -0.641764 -0.109955 -0.0131004 -0.0615114 0.0503451 -0.303558 -0.689032 -0.0506756 1.59456 0.459149 -0.298007 -0.771462 -0.176948 0.610757 0.287378 -0.707794 -0.0658341 
0.463473 0.737734 1.75024 -0.344453 -1.74563 -0.0149878 1.6479 0.969676 0.63951 -0.0963733 -0.865229 -0.915093 0.63424 0.166293 0.125809 -0.0269262 -0.075949 -0.267929 -0.205699 -0.0594837 -0.399952 -0.540366 0.277276 0.392329 -0.469664 -0.204543 0.0542459 -0.128626 -0.463934 -0.295855 1.11102 0.646498 -0.284457 -1.1917 -0.169489 0.976577 0.702521 -0.046055 0.343623 
0.524035 0.783879 1.69556 -0.461408 -1.74132 0.122273 1.66587 0.378339 0.308283 0.275643 -0.68994 -1.03766 0.629875 0.209075 0.163831 -0.153366 -0.330733 0.020086 0.212355 -0.265717 -1.15871 -0.526383 0.736848 0.544655 -0.144401 0.333569 -0.0405115 -0.0920653 -0.190222 -0.178061 0.479496 0.280926 -0.134684 -0.110841 0.361397 0.0300464 -0.202245 0.483587 0.295194 
0.594821 0.836417 1.65285 -0.524294 -1.70575 0.128481 1.38481 0.0101439 0.246977 0.454856 -0.638967 -0.980714 0.875443 0.225703 0.146879 -0.280822 -0.392571 0.140865 0.201394 -0.262121 -0.597768 -0.0579256 0.357896 0.157505 0.0169797 0.127991 -0.0534075 -0.215523 -0.267577 0.142697 0.527327 -0.182222 -0.0777322 0.803331 0.507889 -0.496613 -0.279594 0.206344 -0.898818 
0.662622 0.875845 1.51275 -0.67283 -1.63345 0.259415 1.40663 -0.101392 0.263646 0.509544 -0.63902 -1.00807 0.737598 0.255097 0.0704673 -0.521394 -0.235521 0.473921 0.0144606 -0.380033 -0.0877096 0.143676 0.0952527 0.233792 0.0187775 -0.87597 -0.0301377 -0.20294 -0.276156 0.137985 0.503729 -0.176022 -0.206012 0.169013 0.0912095 0.0496276 0.544986 0.156572 -1.00625 
0.746205 0.898107 1.30882 -0.655507 -1.41039 0.157745 0.999335 -0.0333122 0.352058 0.468823 -0.553496 -0.950057 0.331305 0.295882 0.0651789 -0.661508 -0.303409 0.572478 0.0115969 -0.575372 -0.407162 0.0784717 0.465369 0.657249 0.122088 -1.2203 -0.173074 -0.166095 0.0157997 0.0550731 -0.071372 -0.0820113 -0.268111 -0.624305 -0.141536 0.769139 1.03448 0.11544 -0.543638 
0.83176 0.935439 1.07482 -0.838716 -1.28261 0.287027 0.812021 -0.41809 0.320304 0.833441 -0.361764 -0.916454 -0.0301077 0.176897 0.022919 -0.471316 -0.252813 0.363985 -0.052534 -0.789588 -0.998185 -0.0180159 1.1894 1.21474 0.0758964 -1.62679 -0.391258 -0.234003 0.258938 0.0845427 -0.24097 0.118925 -0.150878 -0.645636 0.075426 0.457499 -0.385204 -0.493543 0.458274 
0.863545 0.940956 0.998357 -0.795553 -1.17692 0.148347 0.175384 -0.855538 0.33706 1.39901 -0.0237515 -0.885698 -0.700334 -0.00881149 -0.0453138 -0.252696 -0.282864 0.302839 0.207076 -0.803121 -1.34724 0.194654 1.13216 0.242566 -0.531307 -0.677146 -0.356642 -0.329826 -0.0274731 -0.01467 0.405949 0.462878 0.15816 -0.0750894 0.0327415 -0.860427 -1.91304 -0.0897141 1.9884 
0.868258 0.951252 0.91087 -0.994108 -1.08356 0.427448 -0.0264194 -1.53888 0.463244 1.7157 -0.272319 -1.21036 -0.445151 -0.0918615 -0.176392 -0.485085 -0.359651 0.703523 0.592233 -0.538084 -1.14638 0.0434985 0.0489024 -0.701891 -0.106343 0.892522 -0.0559182 -0.282657 -0.363729 0.181656 0.746979 0.0019909 0.191907 0.594422 -0.531365 -1.34891 -0.217267 1.2013 1.02077 
0.863891 0.90483 0.678661 -0.990162 -0.752301 0.511041 -0.379305 -1.80452 0.367745 1.37417 -0.362056 -0.928863 -0.0962093 0.0346049 -0.200904 -0.76259 -0.137631 0.963511 0.249809 -0.499282 -0.566194 -0.46631 -0.678195 -0.00702655 0.792713 0.592473 0.107211 -0.0158158 -0.140531 0.127868 -0.114839 -0.393794 0.194891 0.831557 -0.352633 -0.742585 0.812288 1.07954 -0.319341 
0.923656 0.905414 0.405199 -1.07533 -0.51258 0.592531 -0.539566 -1.99161 0.115324 1.08199 -0.295916 -0.723062 -0.0358449 0.120896 -0.084646 -0.665665 -0.283478 0.552656 0.117973 -0.229617 -0.0362013 -0.388555 -0.929998 0.0606253 1.07562 0.43138 -0.0558087 -0.0405203 0.0643333 0.0565516 -0.536507 -0.403944 0.169373 1.18249 0.740399 -0.396792 -0.442005 0.332545 -0.0935601 
0.956853 0.905058 0.237947 -1.14587 -0.412615 0.600042 -0.603745 -1.80392 0.0775687 0.529604 -0.355013 -0.27465 0.208501 0.078135 -0.132056 -0.640904 -0.153024 0.415576 -0.237711 -0.230389 1.03106 0.501536 -1.1829 -0.477548 1.10313 0.422928 -0.158908 -0.26049 -0.0902041 0.268315 -0.0101012 -0.345786 0.139548 1.04757 0.781846 0.0160055 -0.603278 -0.635339 -0.0174698 
0.998004 0.886856 -0.0189219 -1.16441 -0.250064 0.476269 -0.764832 -1.07813 0.486167 0.025647 -0.532615 -0.0526148 0.263378 0.0574003 -0.219689 -0.77199 -0.0269806 0.500417 -0.293578 -0.00697605 1.37379 0.632374 -0.868632 -0.568437 0.256786 0.360107 -0.159333 -0.28513 -0.23028 0.000614187 0.395635 0.388155 0.372051 -0.230576 -0.331914 0.51505 0.173732 -0.92278 0.230318 
1.02217 0.851776 -0.274024 -1.17058 -0.102337 0.451539 -0.589824 -0.597291 0.545578 -0.263574 -0.632875 -0.103563 0.466934 0.0141983 -0.289939 -0.953903 -0.240238 0.745401 0.30945 0.352816 0.667058 0.0960185 -0.437191 -0.342766 -0.0510629 0.671674 -0.320653 -0.299667 0.0646811 0.276383 0.738741 0.611503 0.320339 -0.684965 -0.910269 -0.168517 0.0651261 -0.107971 0.382429 
1.04452 0.805739 -0.652805 -1.29803 0.198129 0.67577 -0.365714 -0.475999 0.555856 -0.406248 -0.70827 -0.0631645 0.724109 -0.173999 -0.391046 -0.649791 0.239876 1.15333 0.545331 0.496034 0.379123 -0.513872 -1.0603 -0.540421 0.0532467 0.805304 -0.658431 -0.269887 0.859742 0.745514 -0.394099 0.114729 0.382225 -0.273423 -0.837963 -0.577822 -0.0799796 0.162851 -0.114566 
0.986764 0.730596 -0.7041 -1.059 0.575502 0.787166 -0.0373748 -0.241445 0.162336 -1.21725 -0.898049 -0.0525681 1.01443 -0.567842 -0.433692 0.341361 0.628954 0.331567 0.499447 0.951799 0.243587 -0.957621 -1.19015 -0.457397 0.0613716 0.475001 -0.384326 -0.0746189 0.449257 -0.240943 -1.09971 0.144865 -0.0016663 -0.702855 0.25972 1.28764 1.03009 0.113956 -0.584394 
0.837661 0.667661 -0.41864 -0.98774 0.413352 0.984918 0.674683 -0.236082 -0.156933 -1.46866 -0.935841 -0.00737557 1.05714 -0.471496 -0.353805 0.0398265 -0.157482 0.0750467 0.774694 0.49968 -0.640375 -0.161655 0.744875 0.436202 0.108633 0.00184538 0.375906 -0.0358689 -1.01703 -0.860148 0.90714 0.0610069 -1.09162 -0.805642 1.25394 1.4951 0.303842 -0.258868 -0.116171 
0.821846 0.624173 -0.672015 -1.15035 0.646316 1.25516 0.518978 -0.75762 0.040666 -0.659303 -0.720906 0.0311061 1.04025 -0.0761573 -0.360533 -1.13244 -0.563425 1.14306 0.61927 -0.734844 -0.918573 0.667942 0.899526 -0.19471 -0.318222 0.276255 -0.0423525 -0.445223 -0.583326 0.491172 1.02064 -0.959983 -1.12349 0.238804 0.430955 -0.803328 -1.33807 -0.682259 -0.0467276 
0.844842 0.558571 -1.17218 -1.28642 1.08541 1.36322 -0.0906589 -0.990212 0.337491 -0.781206 -1.04444 -0.175554 1.26113 -0.413998 -0.660078 -0.794071 0.38515 0.993414 -0.439152 -1.23638 -0.352903 0.409871 -0.317323 -0.915198 -0.764941 -0.107214 -1.4384 -0.887179 1.4161 1.61087 -1.47289 -0.761985 0.483018 0.396183 -0.692952 -0.374062 0.205822 -0.0926839 -0.333421 
0.681959 0.396392 -1.19878 -0.964577 1.23413 1.02264 -0.783319 -1.02791 0.343435 -0.990822 -1.15582 -0.400645 0.995255 -1.46787 -1.07646 0.983698 1.41682 -0.286635 -0.33594 0.0204487 -0.412669 -0.199975 0.425986 -0.0283828 -0.503926 -0.20307 -1.19963 -0.378755 1.81289 1.52779 -0.261757 1.11912 1.96027 0.46667 -0.871147 0.423368 1.88164 1.53487 0.304287 
0.246184 0.165805 -0.507536 -0.573748 0.95261 1.19026 -0.0473762 -1.31162 0.187362 -0.490288 -1.07771 -0.453302 1.1539 -1.55785 -0.904742 1.9075 2.25874 0.704201 1.06283 1.80982 0.250833 -0.686269 0.302664 0.898555 0.948262 0.237064 0.247724 0.356635 0.247129 0.080775 0.0509441 0.422487 0.926014 0.967313 -0.0811799 -0.123184 1.20599 1.57854 0.458946 
0.0441328 0.0716665 0.0849624 0.17808 1.65913 1.65692 1.17569 -0.781794 -0.167836 -0.803172 -0.769274 0.178426 1.1738 -1.10925 -0.639485 1.37509 1.43253 -0.281391 0.256067 1.46274 0.885932 -0.284365 0.296478 1.12116 1.26022 0.340951 0.837953 0.0652747 -1.465 -1.04621 -1.87266 -2.47397 -1.23044 1.62893 0.539876 -1.23964 -0.336234 0.150308 0.188493 
-0.196359 -0.0538158 0.419404 0.146948 0.822766 1.35896 1.54003 -0.522278 -0.0254386 -0.307818 -0.590347 0.309833 1.3999 -0.586519 -0.737832 -0.227253 0.827474 -1.10194 -2.12866 -0.0920999 2.46772 0.0247581 -1.35785 0.532012 1.04606 0.431793 0.930155 -0.209057 -1.84962 -0.0418637 0.281725 -2.93548 -2.17598 0.788768 -1.00965 -2.3086 1.09339 1.48527 -0.95782 
-0.170856 -0.186923 -0.0619415 0.58976 1.06735 0.449398 1.09847 1.36052 -0.151069 -2.00602 -0.548738 0.815201 1.47878 -0.0422075 -0.726855 -1.32716 1.29078 -0.05883 -3.53827 -1.90552 1.93672 -1.5579 -2.82992 2.16002 2.91556 -0.944789 0.756093 1.09823 0.193071 -1.45866 -0.851752 0.974969 -0.619125 -2.9189 0.125911 2.76565 0.77378 -2.04276 -2.08945 
-0.174398 -0.308056 -0.464624 0.795247 0.818214 -0.662042 -0.478651 1.16585 -1.18402 -2.74335 0.36752 2.04964 0.811075 0.29983 0.386524 0.0843765 -1.13336 -1.94673 -0.814972 -1.046 -1.62752 0.2056 2.47414 1.25667 -1.41483 -2.31545 -0.0570827 0.669378 0.881358 -0.936787 0.10785 2.678 1.22472 -1.36371 1.20111 2.03491 -2.16062 -2.43245 0.769257 
