-2.46172 -1.77841 -0.611598 1.20736 0.50497 -0.893159 -1.38071 0.0277241 1.96247 -0.20482 -0.118365 1.99676 2.10438 -3.33407 -3.34781 -2.07897 2.17546 1.36747 -2.2247 -2.44651 1.21454 0.89542 -1.73825 0.00311896 2.56281 0.867694 1.07604 0.394656 -1.83985 0.0703475 0.725045 -1.08818 0.00486206 1.54004 -1.03368 -1.52778 1.23424 -0.34476 -1.39086 
-1.86048 -1.51034 -0.845926 1.07895 0.591717 -1.18989 -1.28611 0.658722 0.909381 -1.04284 -0.00146905 1.82765 0.792832 1.35091 0.474491 -1.3791 0.0755222 0.812551 -1.12029 0.000866033 1.8901 -1.59239 -1.68245 1.55912 -0.473587 -2.12943 3.10465 2.91323 0.810677 -1.23611 0.231676 1.38573 1.42258 -0.10292 -0.797618 1.02601 0.927973 -2.59581 -1.09549 
-1.59905 -1.49288 -1.16258 1.17955 0.839873 -1.46208 -1.28534 1.05688 0.0188722 -1.21402 1.05417 1.57537 -0.0688534 0.413213 -0.268308 -1.43893 0.768749 1.63951 -0.777792 -0.74117 1.08354 -0.326189 -0.502919 1.18543 -0.614592 -0.819185 -1.00013 -0.892843 -0.160803 0.559764 0.885788 0.500533 -0.792274 -0.636098 1.39053 0.931195 -1.41418 0.118174 1.37052 
-1.54285 -1.57382 -1.42212 1.4165 1.30933 -1.56623 -1.60959 1.24562 0.417839 -1.34089 0.889112 1.30182 -0.0837346 0.249278 -0.382704 -1.47912 0.706308 1.80121 -0.59196 -0.956642 1.10321 0.622865 -0.55545 -0.140168 -0.391128 -0.121499 0.281846 0.5717 1.06977 -0.712305 -1.10763 0.281264 0.414159 -0.383141 -0.090358 -0.0153336 -0.295356 0.705431 0.0999547 
-1.37671 -1.6101 -1.75572 1.48419 1.63232 -1.73394 -1.73046 1.65456 0.615692 -1.54374 0.944588 1.21506 -0.254964 0.82596 0.389303 -0.601504 -0.0436807 0.444264 -0.476998 -0.248217 0.607837 -0.436927 -0.457354 0.86265 0.17324 -0.714934 -0.301674 0.379682 2.13367 -1.05631 -2.29084 0.654305 1.09261 -1.11157 -0.572555 0.763769 0.385038 0.176034 -0.198923 
-0.985306 -1.32832 -1.64542 1.32586 1.47379 -1.77345 -1.65482 1.57167 -0.200695 -1.61148 1.53616 1.35952 -0.857131 -0.0272766 0.0762981 0.168779 -0.496406 -0.690311 0.0959415 0.351996 -0.268574 -0.245244 0.380261 0.374157 -0.239173 -0.465055 -1.60316 -1.22346 0.497402 0.285189 -0.359994 0.508069 0.270605 -0.27792 0.749003 0.357443 -1.86913 -0.669187 0.708977 
-1.31511 -1.51166 -1.6544 1.15494 1.27171 -1.61901 -1.43689 1.50004 0.216977 -1.30933 1.22307 0.967295 -0.78107 -0.988015 -0.809858 -0.200107 0.275588 0.0680929 0.0591522 0.0721435 0.261569 0.770695 0.0141191 -1.39638 -0.690028 0.301811 -0.0397547 -0.133406 0.0201587 1.01701 0.815008 -0.432986 -0.414363 0.448872 0.116465 -0.525748 -0.352587 0.263172 0.59936 
-1.48214 -1.64623 -1.69955 1.40349 1.46417 -1.67921 -1.51922 1.70785 0.565653 -1.59781 0.478768 0.777817 -0.624319 0.0055695 0.00460372 0.206616 0.653141 0.220799 -0.344446 -0.15116 0.279223 -0.0311304 -0.157336 -0.0190339 0.0174476 0.387452 1.85424 1.81064 0.867028 -0.414693 0.448188 1.04404 0.610673 -0.969775 -1.48325 -0.0389376 0.971337 -0.317707 -0.339417 
-1.23442 -1.44691 -1.53714 1.43156 1.33275 -1.7517 -1.42733 1.64591 0.0638038 -1.39903 1.20488 0.90961 -0.463504 1.28217 1.12922 0.482869 -0.199188 0.577332 1.15148 0.801358 -0.935787 -1.52782 0.0327164 -0.160721 -1.13112 -0.252247 1.22972 1.55663 1.69483 -0.570133 0.728115 3.0604 2.41973 -0.213244 -0.551416 -0.142381 -1.0296 -1.02331 -0.812522 
-0.659426 -1.05309 -1.46587 1.23089 1.69021 -0.970795 -0.971995 1.18748 -1.3039 -1.57293 0.353682 -0.130605 -0.939822 1.53802 1.68094 1.5202 0.00201174 1.03671 2.84027 2.75304 0.0125154 -0.866038 -0.256926 -1.24517 -1.27117 -0.875457 1.01779 1.68988 2.53491 -1.76471 -1.80908 1.51441 1.25849 -0.106111 1.89486 2.29486 -0.140718 -0.73521 -1.14542 
-0.262996 -0.594544 -0.866304 1.365 1.7714 -0.0937341 0.221562 1.64552 -1.04683 -1.54877 0.261586 -0.102544 -1.39576 2.56427 2.94339 2.43642 -2.20562 -1.38639 2.73192 2.30942 -1.0707 1.47956 2.71775 -0.293245 -2.07369 -2.01393 0.381836 0.636329 0.157314 -2.83173 -3.08677 -1.0472 -1.95655 -2.32208 1.56921 3.06862 0.0191702 -0.840103 0.172675 
0.90851 0.392429 -0.408929 0.000809121 1.00746 0.626246 0.426492 0.593139 0.275363 0.0707591 0.128606 -1.73718 -2.99876 2.06889 2.4054 1.66252 -3.215 -2.3268 1.76251 0.39575 -2.84838 1.62986 3.31214 -1.18098 -2.33973 -0.662249 -2.35603 -2.43093 -1.29436 1.15407 -0.348997 -2.37478 -2.38991 -0.719273 -0.124632 -0.960006 -0.475739 2.48837 3.03896 
1.01699 0.598203 -0.135494 -0.397076 0.653428 0.958243 0.539833 0.0764231 0.704802 0.453276 -0.633281 -1.90617 -2.11702 -0.139064 0.495322 1.47287 -0.900567 -1.75051 0.276514 -0.568877 -1.9599 1.31499 1.684 -0.837953 0.855685 2.49382 -2.41702 -2.44243 -0.476164 2.63044 0.434919 -2.01425 -0.311102 1.96664 -0.25385 -1.84932 1.1536 2.81517 1.38693 
0.90513 0.687742 0.241957 -0.541451 0.156192 0.8427 0.200258 -0.488782 1.6659 1.0912 -0.50745 -1.17399 -0.596651 -0.706497 -0.0545576 1.32227 -0.234943 -1.8321 -0.318766 0.016741 -0.433497 1.26233 1.26233 0.278923 0.982185 1.37027 -0.530532 -0.748499 -0.644666 1.10253 0.466023 -0.682287 0.753125 1.56248 -0.841679 -1.00986 1.49239 -0.018747 -1.26462 
0.683795 0.635161 0.451925 -0.58852 -0.235595 0.839993 0.644164 -0.168522 2.03495 1.21949 -0.426656 -1.24928 -0.826819 -0.685965 -0.212576 1.00425 0.346015 -1.22173 -0.422576 0.331604 -0.0422028 0.0241743 0.593286 1.03877 0.773682 0.553539 0.0219285 -0.12829 -0.131767 0.964737 0.714011 -0.395147 -0.166492 -0.154601 -1.36438 -1.09493 0.555632 0.456253 0.205992 
0.583864 0.650456 0.695358 -0.426702 -0.450359 0.666082 0.48232 -0.519168 1.57615 1.45405 0.27248 -0.671539 -0.114718 -0.600786 -0.120961 1.24437 0.8553 -1.03163 -0.719889 -0.188407 -0.628064 -0.849471 0.0744215 1.00313 1.47072 1.63339 0.0279068 -0.0233688 0.102639 0.639229 0.362889 -0.361268 -0.0877965 0.312058 -0.710474 -1.45234 -0.512232 0.556756 0.0824502 
0.412039 0.640919 1.00652 -0.205354 -0.754169 0.496205 0.632695 -0.520153 0.94332 1.26952 0.326384 -0.23054 0.723778 -0.573191 -0.170457 1.10492 1.06696 -0.805946 -0.788542 0.221069 0.337293 -1.06056 -1.00297 0.449167 1.38294 0.631562 0.172892 -0.106112 -1.03493 0.038803 0.882888 0.135932 -0.0498281 0.551675 0.0361931 -0.673322 -0.418813 -0.605247 -1.17593 
0.328148 0.63296 1.19118 0.0680169 -0.864487 0.283693 0.701989 -0.341465 0.242441 0.854514 0.607553 0.282185 0.444429 -0.316744 -0.164425 0.478448 0.895034 -0.0461563 -0.569907 -0.253293 0.0461966 -0.761439 -0.631782 0.528463 0.684253 -0.174009 0.400456 0.0468402 -1.61188 -0.796714 0.993095 0.549672 -0.976187 -0.925082 0.817119 1.26205 -0.380262 -1.33837 -0.451413 
0.305383 0.626256 1.23833 0.198754 -0.81667 0.236747 0.584599 -0.502067 -0.0473593 0.893769 0.721287 0.205674 0.485701 -0.020331 -0.0557188 -0.100513 0.158762 0.300268 -0.209219 -0.957551 -0.805084 0.254049 0.502045 0.0219271 -0.28411 -0.0902983 0.399242 0.111173 -1.31787 -0.860577 0.457003 0.268401 -0.644281 -0.44504 0.595266 0.5478 -0.427933 -0.255206 0.257292 
0.393782 0.669372 1.17902 0.084074 -0.766665 0.227037 0.256359 -0.790162 0.416308 1.16235 0.620275 0.00113768 0.289196 0.234682 0.0168535 -0.50301 -0.0856162 0.47274 -0.282461 -1.03287 -0.505656 0.204712 0.0571792 0.042573 0.318232 0.165979 0.234671 0.00527028 -0.820428 -0.234533 0.167964 -0.0185287 0.509288 0.688136 -0.725574 -1.11546 0.528317 0.887297 0.0134715 
0.519243 0.696765 1.05655 0.086012 -0.639029 0.13891 0.0964523 -0.786579 0.0699286 0.933398 0.749586 0.370778 0.58409 0.33669 0.0160224 -0.703027 -0.111615 0.502505 -0.219522 -0.350228 0.037045 -0.854403 -0.709308 0.712531 0.722167 -0.115625 0.0321769 0.059132 -0.129082 -0.711425 -0.601829 0.481259 1.05029 0.201987 -0.765874 -0.480021 0.22708 -0.0974162 -0.284251 
0.666934 0.73949 0.91294 -0.0423707 -0.575249 0.164588 0.153547 -0.777095 -0.680981 0.739866 1.15406 0.465434 0.108899 0.352499 0.144305 -0.578863 -0.897047 -0.168374 0.225869 0.22488 -0.261565 -0.967038 -0.428173 0.362559 0.141738 -0.305423 -0.161441 0.02137 0.298086 -0.770548 -0.870664 0.31854 0.429296 0.0675654 0.596308 0.320989 -1.09551 -0.497837 0.286072 
0.801584 0.827156 0.842797 -0.454393 -0.758092 0.326889 0.318272 -0.937248 -1.15653 0.680408 1.01931 0.405153 0.215961 0.22579 0.104416 -0.453467 -0.990124 -0.433133 0.119953 0.160923 0.115776 0.113385 -0.279485 -0.594691 0.0647141 0.267483 -0.426753 -0.278415 0.385474 0.363873 0.263532 0.178568 -0.375582 -0.174913 0.89865 0.240107 -1.78276 -0.629125 0.579378 
0.875625 0.85114 0.752033 -0.631832 -0.81684 0.293014 0.339264 -0.720856 -0.668426 0.57652 0.70154 0.442759 0.30774 -0.0718102 -0.0773749 -0.262731 -0.488508 0.138564 0.420095 -0.23165 -0.481119 0.475628 -0.0907597 -1.7902 -0.67341 0.517144 -0.468667 -0.321958 0.462543 0.618965 0.51875 0.450981 -0.0908592 -0.58833 -0.0246785 0.0689585 -1.28089 -1.20777 -0.280604 
0.837295 0.853393 0.762269 -0.779478 -0.735106 0.624074 0.282393 -1.20831 -0.728558 0.630844 -0.335215 -0.164246 0.661876 -0.248031 -0.162301 -0.0786252 -0.292173 0.153411 0.596863 0.046706 -0.612345 0.105808 -0.137613 -2.12999 -1.44546 -0.198456 -0.200752 -0.199815 -0.00440927 0.169949 -0.206245 -0.23531 0.266501 0.271374 -0.327554 -0.090375 0.581687 -0.251559 -0.878242 
0.808908 0.837475 0.74909 -0.853439 -0.786983 0.689589 0.46051 -1.06387 -0.66456 0.498708 -0.909359 -0.698491 0.0454702 -0.229148 -0.217758 -0.243609 -0.299983 -0.0691658 0.184836 0.0837768 -0.151671 -0.00766546 -0.130931 -1.03394 -1.03505 -0.844231 -0.0241381 -0.1378 -0.459713 -0.0830249 -0.164249 -0.560326 -0.473811 -0.162473 -0.211337 0.177228 1.39402 1.03937 0.241303 
0.781554 0.813673 0.6898 -1.0052 -0.808256 0.788981 0.424564 -1.29872 -0.854822 0.557061 -1.11914 -1.00151 -0.239477 -0.196738 -0.238541 -0.40635 -0.390658 -0.0083098 0.0243334 -0.527923 -0.816596 -0.194947 0.12796 -0.374291 -0.256526 0.117576 0.0415547 -0.00939534 -0.261019 -0.337068 -0.472153 -0.368688 0.00152869 0.277626 0.0613103 -0.139957 0.135701 0.910861 1.42763 
0.772006 0.78799 0.608039 -1.12695 -0.831969 0.764252 0.257393 -1.51888 -1.00559 0.581011 -1.19558 -0.959108 0.0959579 -0.100253 -0.161185 -0.41997 -0.686691 -0.568213 -0.188829 0.0806352 0.185467 0.119818 -0.227751 -0.826378 -0.000469432 1.24927 -0.054199 -0.0104205 0.142442 -0.181975 -0.622713 -0.033773 1.29016 1.91743 0.808029 -0.269108 -0.443448 0.205289 0.595919 
0.800733 0.800532 0.543008 -1.43474 -1.11236 0.74379 0.564962 -1.20426 -0.83489 0.424906 -1.74647 -1.07247 0.930974 -0.180954 -0.183029 -0.275358 -0.601406 -0.672304 -0.00178857 1.01822 1.53776 1.10538 -0.116419 -0.879269 -0.0694316 0.964927 -0.2517 -0.295093 0.00997031 1.00923 1.15508 0.403129 0.645496 1.40586 0.543601 -0.520524 0.197826 0.405595 -0.770325 
0.744277 0.764586 0.52219 -1.51154 -1.18425 0.824227 0.927032 -0.682923 0.144571 0.515978 -1.86281 -1.08114 0.985016 -0.317775 -0.400116 -0.389894 0.454033 0.715469 0.238425 0.851718 1.91051 1.00482 -0.759379 -0.542384 0.42722 0.0495819 -0.403303 -0.427851 -0.0790917 0.90018 1.10353 0.2921 -0.255769 -0.346317 -0.568957 -0.585541 0.59908 0.991619 0.161719 
0.693478 0.675132 0.408892 -1.26306 -0.822387 0.938829 1.14061 -0.163919 0.19995 -0.0277693 -2.15952 -0.826635 0.914172 -0.577562 -0.559273 -0.313129 0.415595 0.554894 0.31025 0.705739 1.10735 0.242927 -0.722331 -0.101604 1.06215 1.16172 -0.508771 -0.266455 0.746239 0.153125 -0.699151 -0.204991 -0.488888 -2.15113 -1.88531 0.278878 1.61781 0.331865 -0.0767627 
0.48602 0.564408 0.420423 -1.36012 -0.968586 1.05965 1.42028 -0.0829735 0.305683 0.0856393 -1.9433 -0.365024 2.06883 -0.83897 -0.609426 0.201065 0.62347 -0.0322664 0.0346294 0.258963 -0.740101 -1.92519 -0.377669 1.48865 0.76635 -0.110942 -0.149331 -0.0940366 0.270349 0.199523 -0.294486 -0.20551 -0.0964791 -1.08695 -1.40692 0.402331 1.87963 -0.799129 -2.187 
0.283278 0.45139 0.523816 -1.00208 -0.87846 1.01928 1.38167 -0.576985 -2.12531 -0.250311 -1.04016 -0.329613 0.738509 -0.674156 -0.590247 -0.0846983 0.637672 0.250491 0.105915 0.584765 -0.234147 -1.93569 -0.199571 2.25156 0.0428055 -2.16056 0.11729 -0.532534 -2.01915 1.24316 1.82657 -1.89343 -2.38698 1.47132 2.45101 0.63124 -0.118328 -0.138645 -0.349216 
0.171618 0.349677 0.414922 -1.09165 -0.893801 1.18018 1.84525 -0.218609 -2.03161 -0.0295268 -0.248323 -0.403927 -0.135213 -0.620609 -1.09395 -1.31463 2.0296 1.98706 -1.92127 -2.61581 1.06547 1.95571 0.406625 1.38367 0.540334 -0.679681 0.503137 0.506571 0.0816725 -0.558272 -0.245277 -0.110666 -0.482242 0.193904 1.21254 0.11946 -1.86306 0.0138861 1.47239 
