-1.74788 -1.38716 -0.904817 1.02848 0.726444 -1.14444 -1.08661 1.21898 1.32067 -1.36087 -0.604022 1.54862 1.14225 -2.82928 -2.98299 -2.45531 1.99288 2.12607 -2.36789 -2.32079 3.12692 1.3389 -2.22224 -0.194017 1.74367 0.970771 0.00921003 -0.34713 -0.901505 0.393009 1.07202 -0.617595 -0.792795 0.303213 -0.00478546 -0.023895 0.583536 -0.0785147 -0.373358 
-1.61418 -1.37016 -0.972554 1.19412 0.841193 -1.27331 -1.1786 1.15276 0.922244 -1.22547 -0.224331 1.12945 0.921852 0.055064 -0.35471 -0.818415 0.537101 1.03509 -0.587686 -0.979465 0.257727 -0.0335687 0.0185647 0.75547 -0.072565 -0.515499 1.74061 1.86409 1.37588 -1.29874 -1.15665 2.09088 1.28019 -2.49159 -0.603175 1.63662 0.704284 -1.42732 -1.29045 
-1.63565 -1.49293 -1.20431 1.28543 1.11387 -1.39488 -1.53634 1.26415 1.25029 -1.30457 -0.0291629 1.41226 0.691614 -0.544618 -0.81122 -1.09069 0.342402 1.00315 -0.412802 -0.759533 0.6811 0.535105 0.0530555 0.699088 0.172243 -0.657919 0.211638 0.337805 0.457644 -0.332454 -0.704724 0.445765 0.934196 0.318868 -0.516303 -0.357275 -0.16899 0.0767266 0.0967399 
-1.86089 -1.69554 -1.38401 1.32573 1.21533 -1.42326 -1.50881 1.36136 1.26315 -1.14943 0.303071 1.16371 0.339694 0.370802 0.0731663 -0.333994 0.136118 0.349765 -0.177067 0.157724 0.530598 -0.725547 -0.415953 0.653166 0.0273822 -0.460379 1.01562 1.12419 1.16972 -0.205896 -0.912605 0.193495 0.674993 -0.129462 -0.839025 -0.725856 -0.844782 -0.0619402 0.584645 
-1.33443 -1.39287 -1.30463 1.28424 1.21624 -1.40938 -1.36811 1.41466 0.679449 -1.49681 0.459587 1.34556 0.291874 0.806442 0.515152 0.0762986 0.105069 0.116526 -0.239019 0.0599686 0.520278 -0.57227 -0.882383 -0.173524 0.118097 -0.0105641 -0.846192 -0.756008 -0.508494 -0.0607466 -0.10249 -0.556344 -0.973543 -0.583624 0.922753 0.510873 -0.337779 -0.0998404 0.289574 
-1.29892 -1.38285 -1.31562 1.30456 1.22069 -1.47336 -1.3937 1.50789 0.803164 -1.60848 0.0959899 1.16023 0.355335 -0.67567 -0.748716 -0.775682 0.0864753 0.247581 -0.707249 -1.04327 -0.0695579 0.434782 0.329391 0.358466 -0.0688811 -0.17119 -0.194292 -0.216854 -0.304938 -0.18382 -0.0373133 0.019182 -0.188108 -0.477692 0.306977 0.893948 0.794121 -0.269811 -0.37546 
-1.65957 -1.68818 -1.58656 1.25109 1.27612 -1.72852 -1.8525 1.33349 0.947799 -1.26271 0.700285 1.21177 0.159185 0.599449 0.309291 -0.170267 -0.103717 0.077453 -0.228885 -0.178373 0.0225959 -0.204548 0.383581 0.821983 -0.167047 -0.528614 1.53485 1.53908 1.19167 -0.395054 -0.26402 1.52511 1.44636 -0.420686 -0.864213 0.0738992 -0.0645188 -0.714399 -0.339347 
-0.860842 -1.16919 -1.34861 1.14897 1.20981 -1.51764 -1.40811 1.46229 0.609126 -1.34338 0.726834 0.958026 -0.107417 1.34403 1.0517 0.412351 -0.395455 -0.0110126 0.716679 0.721641 -0.512095 -0.705014 0.480864 0.375245 -0.848074 -0.645406 -0.6091 -0.504982 -0.471777 -0.388264 0.648661 1.59832 0.474209 -0.926954 -0.0065618 -0.0833172 -1.03903 -0.862414 -0.828745 
-0.77583 -1.11737 -1.37999 0.907693 1.22843 -1.22948 -1.37784 1.08149 0.391806 -0.941958 0.955106 0.534925 -0.411417 -0.14171 -0.225776 -0.576759 -0.576867 0.70261 1.26378 0.395041 -0.909679 -0.240403 0.321387 -0.272048 -1.11072 -1.59688 -1.15217 -0.843864 0.142021 0.886188 1.17635 0.923462 0.462235 0.443318 0.00276731 -1.03496 -1.47153 -0.112078 -0.701829 
-0.866386 -1.21294 -1.54874 0.688785 1.45894 -0.70425 -1.11092 1.05682 0.389157 -1.11385 0.436824 0.0981324 -1.55665 -0.096469 0.12944 0.594226 0.779369 1.12511 1.57577 1.28038 -0.118838 -0.728861 -0.874668 -1.21177 -0.957937 -1.55961 1.34012 2.09447 3.69258 0.654126 -1.66518 0.874138 1.97435 0.290138 -0.115448 0.350017 -0.600888 -0.0978873 1.30331 
-0.754296 -0.990232 -1.09864 1.32061 1.6533 -0.236834 -0.599551 0.9813 -0.181434 -1.39659 -0.125876 -0.218486 -1.82624 1.62723 2.20921 3.00857 0.297882 -0.912731 2.07656 2.80708 -0.664601 -0.416413 0.848119 -0.866655 -1.20481 -0.0771778 2.57103 2.60498 1.40612 -2.71607 -3.5449 0.337073 0.157574 -1.69611 2.17172 2.94208 0.293292 -0.844671 1.28978 
0.186865 -0.0852826 -0.274668 0.791733 1.03621 0.576148 0.496979 0.745947 0.0418912 -0.583027 -0.353672 -0.827338 -1.60253 3.25756 3.14773 1.98782 -2.70383 -2.31037 1.88435 1.46572 -1.79516 2.03909 3.17482 -0.787139 -1.88189 -0.0563457 -0.0995814 -0.688217 -2.55725 -1.98062 -0.812857 -1.61286 -2.63651 -1.09829 1.7518 0.614251 -0.128835 0.893768 0.880295 
1.27479 0.588914 -0.244272 -0.508841 0.649246 0.933121 0.279448 0.234009 1.24721 0.465135 -0.849443 -1.61584 -1.85288 1.5422 1.46478 0.603011 -2.23432 -1.70276 0.554503 -0.432103 -1.76262 1.81104 1.73396 -0.923187 -0.196929 0.929048 -3.0296 -2.70058 -0.946087 1.7959 0.710652 -1.94427 -0.790429 0.740927 -1.88087 -2.05974 0.701942 2.75066 1.57428 
1.18922 0.684249 0.0102944 -0.735458 0.284875 0.981995 0.344695 0.0112155 1.3056 0.454508 -1.19175 -1.05037 -0.719204 -0.600577 0.104038 1.12667 -0.352666 -1.62519 0.0511515 0.489152 -1.11401 -0.40931 0.426559 0.103298 1.18947 1.79226 -1.86579 -1.42896 0.453822 1.90247 0.355701 -0.950071 0.791058 1.57515 -1.46908 -0.865454 0.969851 0.427913 -0.204626 
0.994587 0.703832 0.256009 -0.824692 -0.0698183 1.04975 0.627777 -0.250342 0.905086 0.75482 -0.823521 -0.872633 -0.172421 -0.817259 -0.125991 1.08377 0.254638 -1.36128 -0.345319 0.529651 -0.27448 -0.107328 0.608799 0.272627 0.293275 0.618361 -0.132363 -0.227528 -0.0761497 0.790121 0.530251 -1.01589 -0.638178 0.696296 0.11658 -0.0702855 0.417643 -0.371158 -1.00085 
0.779326 0.688508 0.492933 -0.660349 -0.324423 0.870819 0.715032 -0.149057 1.18188 0.848437 -1.0233 -0.931759 -0.122784 -0.727822 -0.114019 1.09942 0.697934 -1.11469 -0.91046 -0.300809 -0.476029 -0.286661 0.382076 0.669672 0.791705 0.515094 0.237291 0.0879414 -0.177803 0.0980756 0.115618 -0.572394 -0.659992 -1.03026 -1.32956 -0.376652 1.2528 1.12988 0.109287 
0.638226 0.71385 0.745082 -0.464205 -0.576551 0.613855 0.546839 -0.488418 0.651661 1.01906 -0.320878 -0.406645 0.328637 -0.468485 0.0163993 0.959069 0.410366 -1.25227 -0.89057 -0.287046 -1.30669 -1.84611 0.147947 1.79097 1.56354 0.688712 0.211451 0.023436 -0.45904 -0.25657 0.209263 0.316529 0.324955 -0.419988 -1.51206 -0.795628 0.389911 0.588673 0.513471 
0.578191 0.761266 0.924299 -0.484988 -0.888381 0.446352 0.641573 -0.707789 -0.199401 0.978752 0.423143 0.0721507 0.538601 -0.412324 -0.0453306 0.705132 0.395075 -0.915 -0.62117 0.089675 -0.917891 -2.26035 -0.648187 1.20444 1.46055 1.07606 0.02551 -0.173439 -0.520556 0.159614 0.75847 0.214038 0.26416 0.936301 -0.0829851 -0.689679 -0.675812 -0.292733 -0.0272958 
0.470706 0.756912 1.07203 -0.298687 -1.00023 0.34418 0.678091 -0.897063 -1.02921 0.693976 0.631881 0.525492 1.34771 -0.392431 -0.139857 0.505819 0.645668 -0.520786 -0.697501 0.0289265 -0.436545 -1.98033 -0.738325 1.11096 1.25292 0.593274 0.112586 -0.163861 -0.655659 0.236401 0.991478 -0.070191 -0.317607 0.79161 0.754668 0.205734 -0.126146 -0.84238 -1.17152 
0.422578 0.758854 1.1693 -0.158147 -1.14809 0.132818 0.739814 -0.930623 -1.67775 0.602108 1.29722 0.859579 1.11185 -0.224139 -0.190642 0.122376 0.72967 0.0421074 -0.694941 -0.307384 -0.187713 -1.31637 -0.317544 1.15097 0.539141 -0.408276 0.16001 -0.0968672 -0.712612 -0.0245926 1.16704 0.315681 -0.675772 0.391075 1.59428 0.341754 -1.072 -1.11592 -0.689151 
0.415824 0.730069 1.15937 0.0822301 -1.02582 0.0321177 0.59358 -1.02384 -2.02736 0.558024 1.53964 0.815458 0.996089 -0.143176 -0.208624 -0.13153 0.642776 0.60632 -0.409007 -0.807111 -0.093825 0.0443584 -0.222823 -0.0206504 0.0275325 -0.305545 0.0484868 0.00827974 -0.326704 -0.477335 0.214551 0.509379 -0.0861687 0.912989 1.77813 -0.167057 -1.77952 -0.328339 0.203201 
0.416156 0.723361 1.15223 0.166831 -0.939009 -0.0149511 0.383749 -1.02116 -1.69177 0.520338 1.21881 0.792983 0.855095 -0.118496 -0.139272 -0.145054 0.141343 0.246915 -0.2246 -0.420786 0.659881 0.944967 -0.493545 -0.787109 0.188958 -0.22393 0.0637305 0.0711516 -0.185175 -0.709661 -0.562353 0.487943 0.573517 0.441707 0.813624 0.745827 -0.0189775 -1.0806 -1.24755 
0.424175 0.727938 1.13674 0.0844042 -0.966219 -0.00969436 0.447446 -0.823427 -1.39003 0.321398 0.816095 0.861366 0.814697 -0.017904 -0.0854175 -0.263295 -0.245967 0.0588505 0.0412096 -0.111981 0.297874 1.06422 0.841836 0.0480388 -1.1586 -1.88217 0.212477 0.0982424 -0.310561 -0.454828 -0.0892082 0.43038 0.0274362 -1.31078 -0.0341349 1.59754 0.965508 -1.88234 -1.37502 
0.484715 0.747138 1.08099 -0.0803314 -0.957633 0.0959664 0.405421 -0.960487 -0.968189 1.04757 1.19822 -0.100278 -0.857592 0.198323 0.0148879 -0.397009 -0.417879 0.157592 0.171576 -0.39495 -0.643691 0.87362 1.72865 0.403755 -1.88811 -1.95527 0.223014 0.119378 -0.291202 -0.484289 -0.134041 0.380715 0.224688 -0.4387 -0.595458 -0.468434 -0.512904 0.328529 1.28557 
0.622156 0.799969 1.01052 -0.273429 -0.943774 0.17613 0.315351 -1.12622 -0.804293 1.35589 1.09491 -0.540322 -0.9655 0.312484 0.0928909 -0.496694 -0.843286 -0.0738844 0.390758 0.155613 -0.16209 0.270356 0.256248 -0.446279 -0.778837 -0.384002 -0.0513451 -0.0172751 -0.117712 -0.509982 -0.536975 0.525451 1.23859 1.24152 -0.963219 -1.76798 -1.06049 0.997871 1.03144 
0.751028 0.856694 0.913776 -0.712026 -1.03147 0.407729 0.572504 -1.07737 -0.818758 1.23983 0.761562 -0.728867 -1.1868 0.175408 0.0370605 -0.464106 -1.04842 -0.365304 0.657006 1.11531 0.521709 -0.393613 -0.623092 -0.714735 -0.76454 -0.765583 -0.305069 -0.245344 -0.0170774 0.24772 0.306182 0.156443 0.220978 0.51528 -0.242152 -0.931117 -0.769494 0.792409 1.4337 
0.806422 0.882667 0.856706 -1.03718 -1.13882 0.640874 1.00394 -0.979148 -1.13507 1.04516 0.43229 -1.15895 -1.64708 -0.0371612 -0.145522 -0.467325 -0.494055 0.219649 0.529756 0.418659 0.30078 -0.0687421 -0.958152 -1.23307 0.116413 1.29397 -0.410572 -0.376015 -0.129081 0.590997 1.19814 0.164673 -0.968615 -0.576209 0.986895 0.140877 -0.681173 0.790229 1.95322 
0.808061 0.851556 0.758639 -1.1189 -0.983209 0.799357 0.882527 -1.01558 -0.914575 0.737444 -0.337349 -0.733518 0.0335045 -0.310098 -0.350652 -0.542101 -0.255305 0.791915 0.803731 -0.0796443 -0.0712736 0.849277 -0.380594 -1.40086 0.128288 1.54299 -0.0270216 -0.09118 -0.292059 -0.128324 0.263965 0.0317144 -0.530535 -0.307947 1.03903 0.791005 -0.286443 -0.991656 -0.689765 
0.700089 0.778848 0.670822 -1.29036 -0.852539 1.18992 1.04318 -1.06098 -0.56694 0.873147 -0.807847 -1.15532 -0.196813 -0.0287542 -0.207791 -0.701546 -0.631081 0.472305 0.551655 -0.239371 -0.0326989 1.24126 0.167907 -1.46926 -0.970883 0.394402 0.216743 0.0541884 -0.337445 -0.318003 -0.582361 -0.586449 0.354171 1.18735 -0.289244 -0.564839 -0.246471 -0.407354 -0.246785 
0.870126 0.816464 0.507196 -1.61398 -0.829866 1.20357 0.834974 -1.08252 -0.0629526 0.879177 -1.63506 -1.49595 0.42311 0.0122145 -0.246827 -0.819827 -0.637602 0.22507 0.245285 0.346647 1.04172 0.449562 -1.0972 -1.59148 -0.3097 1.18113 -0.219392 -0.205382 0.0131162 0.332484 0.0618939 0.0814807 1.15751 1.72473 -0.991907 -1.22071 0.312595 1.35791 1.07033 
0.786676 0.724976 0.370744 -1.78964 -0.802027 1.4181 1.31407 -0.713162 -0.287901 0.29122 -2.20843 -1.45695 0.919293 -0.26807 -0.400543 -0.643235 -0.172244 0.529294 0.620277 1.17152 1.60013 -0.0629032 -1.44006 -1.02262 0.552779 1.6313 -1.16652 -1.25763 -0.227006 2.7273 1.86902 -3.04348 -2.37343 1.01516 0.0308126 0.336394 3.68239 2.25744 -1.76452 
0.788949 0.688643 0.279729 -1.81369 -0.652819 1.64721 1.5541 -0.519146 -0.154547 0.101129 -2.55683 -1.19648 1.95493 -1.44675 -1.64185 -0.991689 2.91793 2.03191 -2.61988 -2.57009 1.98816 0.461814 -0.588986 2.69625 2.21357 -1.023 0.174621 0.313882 0.623322 0.110848 -0.543582 -0.652309 -0.949494 -1.61735 0.0701635 1.02205 0.817907 -0.510652 -1.2926 
