-1.83064 -1.55882 -0.326524 1.04527 -0.458247 -1.15064 -0.0607331 0.367589 -1.51778 -0.421473 1.2902 1.34219 -0.0855695 -3.25359 -2.99752 -0.319975 2.67665 0.228422 -2.65928 -0.0354027 1.24752 -2.98555 -1.29733 3.48612 2.50206 -0.745084 0.0730305 -0.285234 -0.28181 0.692579 0.836062 -0.832797 -0.102646 0.985785 -0.251824 -0.71229 0.573966 0.133677 -0.354409 
-1.5358 -1.38116 -0.323701 1.39102 0.171121 -1.39492 -0.0582747 0.909362 -2.02285 -1.13517 1.61647 1.5188 -0.585236 0.196617 -0.155954 -0.353248 0.917688 1.10394 -1.0818 -0.155491 1.49112 -0.340041 -1.11037 0.553259 0.0552307 -0.607694 2.76624 2.56364 0.00337078 -1.5694 -0.0296746 1.18625 -0.0971379 -0.133918 2.15227 0.726503 -2.57915 -1.99482 0.236761 
-1.72372 -1.62395 -0.680984 1.49958 0.328343 -1.70255 -0.261474 1.45624 -1.69742 -1.39027 1.52344 1.36661 -0.557305 -0.194756 -0.352671 -0.256287 0.472592 0.15206 -0.994399 -0.181824 1.002 0.310952 -0.108088 0.462755 -0.0562323 -0.372425 -0.251012 0.0311526 0.205248 -0.404593 -0.562889 0.495667 -0.146749 -0.854319 0.347914 0.668755 -0.544412 -0.221261 0.283659 
-1.61522 -1.5374 -0.588526 1.60831 0.288563 -1.90012 -0.290257 1.63802 -1.74892 -1.21209 1.80702 1.47515 -0.862611 0.0488569 -0.000860938 0.00558518 0.321173 0.300621 -0.356383 -0.383595 0.128272 0.227107 -0.0134244 -0.162072 -0.325357 -0.157264 0.128559 0.211317 0.000398421 -0.434956 0.262435 1.02786 0.00693337 -1.06896 -0.755608 -0.0911875 -0.399815 -0.0175765 0.161377 
-1.68716 -1.61726 -0.703724 1.63623 0.550219 -1.86679 -0.732829 1.54182 -1.4819 -1.38296 1.4193 1.1586 -0.656932 0.0608743 -0.0204538 -0.196945 -0.165828 0.473947 0.45501 -0.156892 -0.69374 -0.791134 -0.225753 -0.0885585 -0.186721 -0.124778 0.796554 0.773874 0.0301979 -0.553651 -0.157591 0.566794 0.225798 -0.448543 -0.64751 0.0654831 0.739381 0.511039 -0.427162 
-1.57293 -1.53978 -0.798493 1.48562 0.632282 -1.63075 -0.492661 1.1186 -2.24284 -1.39371 1.73756 1.35181 -0.935401 1.0144 0.884421 0.108494 -0.481057 0.049865 0.4658 0.00169652 -0.605223 -0.711465 0.119316 0.578819 0.193226 -0.885606 0.0355007 0.0434312 0.0251102 -0.0302983 -0.366809 -0.451349 -0.00400518 0.783814 1.2094 0.251359 0.179742 0.517665 -0.0492332 
-1.19087 -1.20055 -0.631332 1.34567 0.59582 -1.59165 -0.747091 1.08756 -1.92032 -1.25752 1.66459 1.2673 -1.35826 0.217606 0.146711 -0.101474 -0.245781 -0.062048 -0.107878 -0.149971 0.484123 1.07913 0.204071 0.0175276 0.339997 -0.226391 -1.45645 -1.4733 -0.266979 0.492688 0.203533 -0.547118 -0.220067 0.635491 1.10404 -0.0191555 -1.00314 -0.465995 0.717042 
-1.45601 -1.46474 -0.920204 1.32034 0.599211 -1.66219 -0.686854 1.4661 -1.43369 -1.19286 1.71812 1.55015 -1.09213 -0.414439 -0.439555 -0.223071 0.160762 0.291448 -0.22737 -0.347128 0.342595 0.999432 0.116779 -0.656858 -0.487863 0.283514 0.300959 0.250432 0.0671287 0.30595 0.640142 0.258317 -0.0223268 -0.445821 -1.00909 -0.367781 -0.326565 -0.849297 -0.229959 
-1.37489 -1.39703 -0.865451 1.39689 0.811247 -1.68694 -1.17518 1.33089 -1.16669 -1.13434 1.32709 0.960035 -1.09375 0.656455 0.517383 0.0554275 0.138322 0.774786 0.294656 -0.173216 -0.245149 -0.406387 -0.355673 -0.450697 -0.811738 -0.627707 1.18968 1.39313 0.608777 0.260705 0.460192 1.01661 1.13683 0.625181 0.229677 0.25307 0.684957 0.243171 -0.675217 
-1.13016 -1.21802 -0.896868 1.35962 1.15441 -1.47851 -0.908623 1.27684 -1.65955 -1.49009 1.47786 1.04508 -1.5804 0.968898 1.05453 0.725723 0.482423 0.882948 1.20674 1.53818 1.27442 1.38773 0.549338 0.0222999 -0.298188 -0.856184 0.449402 1.28323 1.38474 0.813685 -0.104062 1.02312 1.08144 0.650621 1.63628 0.370754 -1.52952 -0.48476 0.178956 
-0.90027 -0.901542 -0.222468 1.61941 1.44248 -1.01584 0.633369 2.26005 -0.142527 -0.626252 1.30991 0.768612 -1.77076 1.25306 1.90343 2.13869 1.22315 0.597008 1.73762 1.62089 0.726134 2.10959 0.264981 -2.28345 -1.51587 -0.350909 1.24896 1.48315 0.322215 -1.21958 -1.24721 0.00338506 -1.79903 -2.66343 0.116975 1.12693 -1.82705 -1.70668 0.633637 
-0.520242 -0.329379 1.05231 1.9766 1.58464 -0.523696 0.998053 1.80246 -0.132436 -1.23503 0.373203 0.109967 -1.84 2.41524 2.63712 1.25556 -1.23885 -0.853351 1.26246 -1.41041 -2.89431 1.60555 2.37858 -2.14795 -2.50268 0.174624 1.14585 -0.0431553 -2.01947 -3.08909 -0.701216 -0.347733 -2.37704 -2.70872 -0.564077 1.83208 1.29285 -0.400425 0.604099 
0.262981 0.3269 0.910319 0.925295 0.853147 -0.314954 -1.05615 0.120995 1.0334 1.50959 0.269165 -0.769188 -1.59621 2.58983 1.98547 -0.755019 -3.07823 -0.394902 1.31569 -2.27938 -3.51285 1.29723 3.22126 -0.914758 -2.11644 0.630914 -1.08385 -2.07873 -1.68063 -0.437302 1.02042 -0.261811 0.702484 1.54685 -1.30642 -2.03629 0.981704 1.91569 0.394633 
0.726133 0.59726 0.326443 0.302947 1.31758 0.20563 -1.72237 -0.79184 0.828672 1.65067 -0.0859277 -1.19194 -1.2885 1.38238 0.717937 -1.14276 -1.88051 0.501942 0.957422 -0.240254 -0.532992 -0.329724 -0.847931 -1.13219 -0.259371 0.809085 -2.25381 -2.07207 0.107292 1.61512 0.069107 -1.0083 1.48603 2.71313 -0.644789 -2.47745 0.843206 2.61469 -0.0782919 
0.934466 0.666499 -0.173995 -0.11053 1.21655 0.222913 -1.35745 -0.280112 0.860955 0.774321 -0.292513 -0.936904 -0.897517 0.313578 0.0728307 -0.539398 -0.887356 -0.33659 -0.00486523 0.180876 0.657337 0.36277 -0.710358 -0.0560966 0.985154 0.481112 -1.77613 -0.914749 0.972873 1.0811 -0.899635 -0.234867 0.293042 -0.0861805 0.408331 0.921243 1.33668 1.22056 0.0153488 
0.88874 0.638086 -0.200101 -0.203988 1.09152 0.229245 -1.52406 -0.316858 1.13871 1.03782 -0.140085 -0.599575 -0.86075 -0.386211 -0.0569099 0.338345 -0.426623 -0.760483 0.689034 0.255754 -0.704471 0.328813 0.652566 0.286226 1.13041 0.81457 -0.806902 0.00775664 0.965827 0.279747 -1.21578 0.615484 0.693699 -0.894475 -0.656457 0.557643 -0.330611 -0.521091 0.525382 
0.763889 0.647238 0.11088 -0.372108 0.692494 0.617352 -1.07031 -0.807429 1.14733 1.37427 -0.185218 -0.255824 -0.194291 -0.424957 0.204923 0.931405 -0.539416 -2.03003 0.883555 1.33656 -0.767788 -0.589336 0.208999 -0.528911 0.236415 1.3324 0.0533453 0.350122 0.501123 0.0681578 -1.51405 -0.489136 0.929888 0.437818 -1.0036 -0.56649 -0.951402 -1.81429 -0.143973 
0.699715 0.740089 0.633021 -0.525632 -0.324996 0.727637 0.0453022 -0.890776 0.785385 1.24306 -0.417237 -0.464494 0.270264 -0.210515 0.41177 1.12975 -0.370697 -2.86057 0.0747413 1.80033 -0.0632401 -1.14839 -0.224774 -0.890759 -1.20621 0.555848 0.272306 0.0160232 -0.164264 0.316308 0.0320683 -1.00663 -0.195837 0.775978 0.0437182 -0.348483 0.0916638 -0.620007 -0.633816 
0.676964 0.845039 1.12736 -0.603903 -1.30787 0.683508 1.04924 -0.862796 0.404494 1.19352 -0.633031 -1.00182 0.295199 -0.0165595 0.345142 0.750009 -0.141018 -2.02221 -0.434731 1.02764 0.397921 -0.482328 -0.3199 -0.522734 -0.633781 0.261356 0.130251 -0.432123 -0.669672 0.407126 1.8354 -0.415254 -1.16761 0.220279 0.980613 0.209516 0.749019 0.905444 -0.281637 
0.705137 0.907033 1.29846 -0.635115 -1.73601 0.521527 1.24817 -0.606726 0.506614 0.977657 -0.691476 -0.860878 0.516468 0.0469136 0.111405 0.209445 0.153038 -0.394173 -0.439043 -0.108616 0.240593 0.375803 0.138173 -0.138935 -0.203352 0.0688338 -0.0365891 -0.404163 -0.511001 0.188566 1.62262 0.286021 -0.923064 -0.668689 0.283232 0.658175 0.628248 -0.020132 -0.493078 
0.712607 0.903731 1.29307 -0.556791 -1.57441 0.475094 0.904113 -0.69454 0.723614 1.33573 -0.726257 -1.13532 0.382357 0.0635587 0.0722652 0.061683 0.081083 0.154078 0.00549091 -0.478669 -0.677015 -0.0130208 0.760137 0.0920978 -0.767408 -0.576296 0.0119682 -0.19858 -0.320271 -0.122623 0.579655 0.446372 0.233705 -0.176073 -1.01826 -0.544585 0.20415 -0.130628 -0.655284 
0.748705 0.947598 1.32757 -0.626322 -1.61715 0.550676 0.664021 -1.11384 0.554827 1.67333 -0.67574 -1.33887 0.0706703 0.178636 0.0406421 -0.200033 -0.054331 0.360196 0.219319 0.289695 -0.0703062 -1.12357 -0.704155 -0.00516312 -0.472654 -1.03781 0.0851851 -0.119891 -0.292584 -0.241774 -0.0654462 0.00127433 0.583381 0.647108 -0.856782 -1.31357 -0.16467 0.797173 0.349103 
0.810965 0.92965 1.08025 -0.62011 -1.31066 0.618514 1.23152 -0.755108 -0.00193598 0.728403 -0.756392 -1.4333 -0.444705 0.273093 0.0788633 -0.307317 -0.290727 0.0289467 0.0583469 0.495381 0.288819 -1.26815 -1.31126 -0.192487 0.102509 -0.017339 0.0702318 0.0575374 -0.0450954 -0.193418 -0.293653 -0.425194 -0.594925 -0.0953265 0.661618 0.151662 0.00848482 1.17565 1.40932 
0.892036 0.991218 1.01557 -0.81553 -1.58626 0.608071 1.23544 -0.910084 -0.271452 0.525769 -0.794223 -1.28557 0.086639 0.372279 0.221675 -0.207203 -0.359404 -0.0760613 -0.307987 -0.676329 -0.25597 -0.0819043 -0.433676 -0.0933367 0.861982 1.27933 -0.0518388 -0.0215515 0.0241648 0.0854977 0.250456 -0.143896 -0.691057 -0.207197 1.23603 0.836059 0.0518723 0.256141 0.406084 
1.00152 1.03941 0.860802 -0.845892 -1.35358 0.480138 0.412879 -0.952325 -0.00171707 0.361759 -0.828113 -0.916155 0.642464 0.337005 0.182142 -0.213228 -0.210869 0.334501 -0.0862855 -0.628926 -0.0703524 0.642406 0.0530916 -0.231446 0.30811 0.636111 -0.320745 -0.297091 -0.0479924 0.0676039 0.407173 0.656664 0.486941 -0.00121988 0.0198027 0.361926 0.0372651 -0.776491 -0.738077 
1.0658 1.08267 0.790554 -0.962212 -1.34056 0.588174 0.473041 -0.970686 0.23342 0.592275 -0.93108 -1.10671 0.642436 0.150409 0.0540631 -0.218609 -0.304242 0.443154 0.636454 0.138933 -0.295677 -0.0110713 0.172867 -0.148864 -0.200355 0.0353862 -0.294466 -0.330151 -0.13349 -0.0294419 0.205999 0.383754 0.433999 0.0852251 -0.513716 -0.26105 0.321036 0.125248 -0.41921 
1.08644 1.07155 0.630808 -1.0423 -1.0315 0.846477 0.561428 -1.17877 0.0478537 0.534848 -0.926022 -1.04783 0.70199 0.143063 -0.0179721 -0.349632 -0.28964 0.579445 0.486892 0.0991672 0.0240151 -0.0937849 -0.336064 0.0349116 0.352991 -0.0790444 -0.193623 -0.227705 -0.0486291 0.123264 -0.21357 -0.529841 -0.06693 0.47384 0.170371 -0.244926 0.368836 0.651665 0.0674655 
1.14722 1.08144 0.439438 -1.15084 -0.922682 0.874586 0.574413 -0.961833 0.225361 0.312491 -0.942315 -0.900427 0.607429 0.0636384 -0.0453333 -0.230946 -0.172264 0.116078 -0.033214 0.0422488 0.401424 0.287517 -0.190518 0.171713 0.490898 0.127297 -0.557233 -0.363001 0.179706 0.269497 -0.100395 -0.0748779 -0.2169 -0.298758 0.264937 0.474161 0.211759 0.264621 0.371036 
1.13005 1.05765 0.389409 -1.16842 -0.939358 0.854942 0.595275 -0.892138 0.305462 0.384577 -0.872736 -0.757324 0.837446 -0.330135 -0.250381 -0.0281408 0.0441544 0.406666 0.436151 -0.244441 -0.477166 0.347849 0.449865 0.177315 0.569005 0.516285 -0.725332 -0.483766 0.152355 0.189572 0.300033 0.574701 -0.19936 -0.774783 0.297929 0.730632 -0.250855 -0.408571 0.0803563 
1.00334 0.972578 0.385519 -1.16171 -0.626259 1.13388 0.268145 -1.32185 0.525005 0.732065 -0.886387 -0.562219 1.06424 -0.588208 -0.39647 0.0505578 0.0512252 0.489224 0.799725 -0.27248 -0.838061 0.779055 1.00533 -0.210633 -0.119682 0.240586 -0.160617 -0.162524 0.0408172 0.176485 -0.532078 -0.60842 0.286436 0.460097 -0.700028 -0.700061 -0.210372 -0.459209 -0.302607 
0.863294 0.881122 0.408243 -1.17553 -0.584899 1.30853 0.255743 -1.51778 0.905541 1.29843 -0.999778 -0.839726 1.06649 -0.381828 -0.285697 0.0902936 0.249583 -0.354649 -0.340414 0.240691 0.198619 -0.670164 -0.64096 -0.15911 -0.103752 -0.0055042 0.189088 -0.0354207 -0.0980431 0.339477 -0.633393 -1.42294 0.384073 1.35144 -1.25036 -1.75879 0.558734 0.932408 -0.16308 
0.83485 0.847357 0.441087 -1.06319 -0.865021 0.978177 0.537415 -1.18449 0.115362 0.180969 -0.989129 -0.634892 1.08998 -0.26825 -0.306827 -0.0340222 0.481599 -0.410218 -1.08491 0.373411 1.22018 -1.07142 -1.77766 0.325348 0.916287 -0.0498218 -0.127 -0.283211 -0.157475 0.410195 0.778697 -0.0581646 0.130622 0.812357 0.628798 -0.170675 0.324401 0.632339 -0.0548964 
0.74888 0.746115 0.348888 -0.953445 -0.862725 0.754966 0.682466 -0.628539 0.216332 -0.264161 -0.874033 -0.289419 1.05563 -0.397794 -0.439663 -0.0811756 0.777554 0.671085 -0.368418 0.469276 1.42075 0.321861 -0.885671 0.111064 0.563771 -0.116509 -0.328735 -0.306785 -0.0197385 0.438118 1.4563 0.898858 -0.0945481 0.13359 1.75648 0.749405 -0.999176 -0.650898 0.195505 
0.658758 0.650829 0.338141 -0.683499 -0.382719 0.807507 1.07787 -0.147629 0.396899 -0.587882 -0.964447 -0.299881 1.02402 -0.498612 -0.483968 -0.0041205 1.04811 1.53932 0.18901 0.231254 1.38956 1.62639 -0.551813 -0.905828 0.00816086 0.254421 -0.222631 -0.0693518 0.162343 0.14057 0.110047 -0.00254088 -0.865242 -1.30435 -0.342527 0.637855 0.133136 -0.269575 0.0689539 
0.524787 0.529068 0.317175 -0.429677 0.229926 0.882188 0.94054 0.385364 1.40678 -0.735929 -1.32895 -0.293742 1.2961 -0.515393 -0.383378 0.21493 0.933415 0.785214 -0.320752 -0.941825 -0.640077 -0.155381 0.161889 0.164284 0.123861 -0.0221291 -0.247049 -0.161917 -0.0495363 -0.612891 -1.11422 0.147358 0.156335 -1.46583 -2.25419 0.559213 1.54745 -0.397837 -0.883375 
0.426675 0.480369 0.508927 -0.220808 0.179813 0.662309 -0.0557442 -0.627551 0.345924 -0.424563 -0.914665 -0.233542 1.03603 -0.64216 -0.518687 -0.0177834 0.16412 -0.0156578 0.440597 0.502174 -0.921717 -1.74251 0.370054 0.751662 -0.589239 -1.23047 -0.407941 -0.437832 -0.283576 -0.66394 -0.532882 0.71795 1.23003 0.731958 0.207351 -0.0104657 0.124983 0.366519 0.305691 
0.232347 0.295941 0.272832 -0.376664 0.229466 1.14386 1.52002 -0.301847 0.249996 -0.387374 -1.00214 -0.662922 0.309878 -0.829931 -0.689355 -0.1409 -0.0210239 0.0228028 0.707062 1.09692 0.457359 0.199145 0.17324 0.208256 0.464991 0.464838 -0.26726 0.0204323 0.461505 0.615852 -0.223493 -0.650786 -0.210933 0.98175 2.05322 0.452698 0.0788299 1.55945 1.64861 
0.0448334 0.168199 0.35077 -0.26639 0.20639 1.06638 1.22932 -0.299754 0.54196 -0.251143 -0.844144 0.0411401 1.45034 -0.807189 -0.374133 0.715699 0.975917 -0.356262 -0.393603 0.16839 0.56314 1.40416 1.12168 0.743282 1.21666 1.48349 0.814005 -0.191404 -0.912428 0.951643 2.0305 -2.19047 -2.06961 0.476586 -0.481641 -0.585298 2.20359 0.490601 -2.47967 
-0.138666 0.129762 0.906548 0.108661 -0.0104303 0.95973 1.70352 0.103805 1.28561 0.630013 -0.679285 0.0708359 1.56572 0.15416 -0.753063 -1.41611 1.2542 2.75519 -2.22171 -2.29716 1.15872 -0.488527 -0.73416 2.61002 0.958478 -3.66722 0.414511 -1.92485 -3.47584 -2.08135 1.30678 -2.20365 -2.25445 0.426274 -1.87079 -2.35075 1.53885 0.985017 -1.9943 
0.131538 -0.173476 -0.986244 0.367129 2.15376 -0.0947035 -1.5122 0.544248 0.25887 -0.885172 0.35913 0.617215 -1.54894 -0.247662 -2.14204 -4.30723 -1.93468 1.38943 -3.34031 -3.53004 1.18647 -1.3848 -2.60744 2.39103 2.31723 -1.84366 -1.72982 -1.13491 -0.187261 -2.5542 -3.64321 1.43632 1.55291 -0.891747 0.230494 0.745126 -1.74425 0.307984 3.77444 
-0.243277 -0.855197 -3.10313 -0.956011 0.97685 -0.799139 -2.50063 0.96823 0.378054 -1.67096 0.420705 1.47676 0.0729192 -1.56521 -1.74435 -1.63113 -2.30899 -2.2477 -0.216642 0.273215 -0.262176 -0.0989935 0.484849 0.533695 1.22773 2.57205 -1.31624 1.37771 3.69367 2.10028 -1.04283 3.74624 3.09292 -1.3049 1.20568 2.80031 -1.98427 -1.878 2.00547 
-0.600387 -0.974255 -2.52203 -0.896875 0.584236 -0.184265 -1.20435 0.342463 0.247183 -0.434467 0.583139 1.35774 0.606181 -1.5275 -0.663109 1.1517 0.925772 -0.0682138 1.80716 1.57596 -0.875221 0.47985 1.89636 0.0424446 -0.0976203 1.46209 0.060226 1.03396 1.81217 2.33141 1.06047 0.342901 0.0530594 -0.116881 0.700971 0.270595 -1.28905 -1.46562 -1.09308 
-0.957244 -1.15521 -2.06636 -0.49739 0.939445 0.192836 -0.647255 0.31524 0.769667 0.035786 0.413023 1.40783 1.31107 -1.38221 -0.603377 1.07703 0.870445 -0.837811 0.300959 0.374093 -0.48127 1.0022 0.945419 -1.02629 -0.680763 0.739406 3.19082 3.06944 0.721603 0.0803851 -0.914856 -1.6673 -0.62568 0.320257 -1.1289 -1.24277 -0.671457 -1.69671 -1.84874 
-1.24518 -1.2466 -1.55428 -0.467718 0.0058246 0.00278401 -0.776814 -0.0205768 1.00274 0.426077 0.0714067 0.932659 1.24731 1.98256 2.479 2.26544 0.998574 -1.35139 -0.409894 0.559301 -0.416325 -1.18689 -0.0618626 -0.816996 -2.28987 -1.62369 1.18861 0.48713 -0.776871 -0.603079 0.640858 -0.258809 -0.235415 0.334682 -0.689576 -0.609085 0.990983 0.643122 -0.433834 
