-1.55212 -1.79707 -1.36392 -1.63077 -1.0754 0.644686 1.98898 1.55537 0.355846 -1.24968 -0.65725 0.450405 0.379592 -2.24294 -2.66336 -1.98627 -2.19314 -1.98827 -0.729138 2.19073 2.25109 1.58034 -0.386036 -0.380556 -0.0742673 0.286563 0.33499 -0.0735028 -0.613222 -0.331575 0.196334 -0.994136 -0.693423 0.619249 1.05399 -0.0235917 -0.0768108 0.283936 -0.0847225 
-1.40092 -1.79269 -1.72736 -1.99518 -1.23452 -0.910822 1.45892 1.74615 1.73044 -0.402106 -0.375852 0.053666 0.322287 0.494147 0.0491861 -0.734517 -0.384036 0.328998 -1.50942 -1.05056 0.6281 1.50854 0.0213498 -0.113688 0.299314 -0.187166 2.35689 2.48997 1.19372 1.36591 2.1594 0.108252 -2.22041 -1.66781 -0.472691 -0.0959907 -0.193606 0.165752 -0.720877 
-1.2211 -1.73972 -1.98688 -1.95807 -0.875366 -1.1531 1.24525 2.03553 2.00529 -1.26923 -0.717995 0.792932 0.230539 0.441807 0.191777 -0.391745 -0.246059 0.478538 -0.522883 -0.904334 0.157213 0.834796 -0.471911 -0.674504 0.063682 -0.946723 -0.844034 -0.175906 0.802903 0.0554061 -1.01545 1.31127 1.10554 -0.79462 -0.948581 0.594698 -0.02135 -1.46108 -0.791453 
-1.10301 -1.6381 -2.0479 -2.19528 -0.941916 -1.58719 0.814568 1.859 2.61977 -0.884852 -1.09879 0.213997 -0.582492 -0.289107 -0.0137172 0.356261 -0.23664 -0.661665 0.569127 0.307536 -0.426537 0.0603658 0.958403 -0.141779 -1.78397 -1.53651 -0.436836 0.825277 2.36544 2.07396 -0.323012 1.19229 1.24165 -1.15454 -2.17964 0.133146 0.406115 -0.137807 1.42882 
-1.38569 -1.72527 -1.64747 -2.14948 -1.28862 -0.588148 1.42444 1.69304 2.02091 -0.408839 -0.811909 -0.475382 -1.26105 0.0997268 1.22476 2.71304 2.67338 0.241959 1.37049 0.636001 -1.32579 -2.43099 -0.218429 -0.0428542 -0.21284 1.35504 2.43408 2.72741 1.74256 2.35277 2.68904 0.672235 -1.46679 -2.20232 -2.23474 0.299101 1.43047 1.6292 1.69461 
-1.02156 -0.77897 0.370852 0.296166 -0.795769 -0.111308 1.21696 0.815068 -0.175321 -1.12957 -1.07589 0.160516 0.802887 2.47927 3.10132 2.6582 3.06567 2.38194 1.65312 -1.77849 -3.15657 -3.28677 1.45767 2.07084 0.352121 1.20234 2.18137 0.727735 -2.02535 -1.59134 1.89093 -0.299326 -2.21419 -0.639507 1.53822 2.64127 2.05466 -0.754699 -2.36342 
0.201473 0.413727 0.722896 0.703636 0.18232 1.20901 0.186039 -0.778959 -1.73966 0.920386 1.70675 -0.0920238 -0.0276118 2.59431 2.15097 0.158379 0.559341 2.4164 0.942419 -2.45074 -2.19581 -0.207501 3.74965 3.13313 -1.33165 -2.57931 -1.4746 -2.31615 -2.35826 -2.50996 -1.6472 -1.18511 0.571882 2.441 2.80064 -0.433335 -1.29551 -0.944273 -1.52515 
0.638391 0.711863 0.535675 0.838599 0.69651 0.877975 -0.478266 -0.907516 -0.461898 2.35194 2.69707 -0.758051 -1.72625 1.01284 0.695729 -0.325558 -0.309883 0.7033 -0.153511 -1.13491 -0.360283 0.800633 0.872178 0.0762451 -1.02553 -1.35353 -1.83578 -1.74545 -0.669872 -1.08857 -1.82549 -0.115318 1.82884 2.0114 0.162659 -3.44931 -3.05888 0.809962 1.98458 
0.860718 0.912037 0.460751 0.444699 0.614068 0.95252 -0.615009 -1.06977 -0.88887 1.69981 1.87027 -0.773891 -1.33714 0.73656 0.370056 -0.649155 -0.864255 0.5436 0.800727 -0.124204 0.0891717 -0.0149748 -1.30258 -1.58301 -0.314113 0.636374 -0.434727 -0.659272 -0.479511 0.000442611 0.303021 0.0507339 0.647211 0.770163 -0.336836 -1.25233 -0.58989 0.533969 1.03724 
1.12281 0.988054 -0.0119737 0.0685655 1.02939 1.70619 -0.592478 -0.847735 -0.53127 1.08916 0.901408 -0.889839 -1.05591 0.673049 0.103736 -0.88773 -0.237967 1.14848 -0.0367722 -0.390477 0.44743 0.255675 -0.926268 -0.829318 -0.384825 0.304316 -0.670429 -0.545206 0.203011 0.807 0.112331 -0.799157 -0.351526 -0.0902949 0.0756836 0.792963 0.898765 0.00229295 -0.383752 
1.30495 1.00659 -0.297388 0.252064 1.32142 0.82873 -0.910169 -0.730533 -0.652897 0.790395 0.96454 -0.960355 -0.997191 0.141396 -0.0970796 -0.331599 0.315288 0.781117 -0.405239 -0.716991 -0.127202 0.0491362 -0.0718915 -0.191018 -0.399347 -0.042529 -0.78393 -0.3167 0.532394 0.180952 -0.837237 -0.0418585 0.185763 -0.0942947 0.286834 0.406757 0.158103 0.196232 -0.548086 
1.23063 0.945644 -0.279449 0.385997 1.50932 1.16356 -1.10952 -0.956733 -0.528312 0.982047 0.749355 -1.08753 -1.06106 -0.045085 -0.113279 -0.145621 0.0818382 0.351901 -0.0641374 -0.263881 0.226296 0.63154 -0.26756 -0.580445 -0.205259 -0.644825 -0.106954 -0.0591859 -0.0381745 -0.400708 -0.702215 0.0494298 0.739315 0.689752 0.201853 -0.508858 -0.319682 0.116365 -0.0978816 
1.29477 0.953131 -0.400778 0.35427 1.53562 0.673833 -1.1193 -0.56379 0.00712202 0.499544 0.352667 -1.00797 -1.60159 0.156723 -0.0322223 -0.324917 -0.163687 0.131578 -0.29053 0.150765 0.584809 0.299531 -0.769234 -0.679549 -0.32883 -0.251334 -0.178262 -0.0502908 0.127736 -0.165901 -0.653143 -0.0690493 0.160148 -0.311735 -0.5347 0.0348745 0.0527759 0.101452 0.983814 
1.34815 0.947468 -0.541028 0.261844 1.58713 0.751311 -1.03688 -0.510338 -0.242862 0.2201 0.0204643 -1.2307 -1.27396 -0.107016 -0.0386852 0.0749102 -0.0746813 -0.244197 -0.13382 -0.17158 -0.253627 -0.205554 -0.15962 -0.494132 -0.155104 0.925158 -0.657643 -0.195409 0.549385 0.131261 -0.846409 -0.227765 -0.446639 -0.758085 0.146276 0.906266 0.463969 0.804954 0.83037 
1.2454 0.950548 -0.309598 0.312174 1.38081 0.439725 -1.2657 -0.771404 -0.277259 0.310054 -0.157291 -1.01681 -0.643934 -0.424588 -0.116474 0.439092 0.0878792 -0.674991 -0.607227 -0.569371 -0.426346 0.467869 0.629262 0.0413917 0.681868 1.06632 -0.569029 -0.314265 0.189583 -0.142526 -0.752894 -0.0459357 0.339037 0.3771 0.680746 0.119535 -0.149565 0.585554 0.249399 
1.09783 0.891831 -0.128537 0.369619 1.16562 -0.0209301 -1.4536 -0.852678 0.232505 0.771409 0.142831 -0.592374 -0.175848 -0.592318 -0.253035 0.375158 -0.199101 -0.948927 -0.167531 0.160237 0.0862759 0.751906 0.0737041 -0.720108 0.556031 1.28743 -0.403064 -0.287551 -0.0104828 -0.228453 -0.198446 0.808144 0.799678 0.231623 -0.141114 -0.510005 -0.650291 -0.256375 0.11218 
0.888945 0.801771 0.0464857 0.155371 0.789712 0.167297 -1.18662 -0.713882 0.518556 0.339668 -0.934072 -0.475788 0.674177 -0.730078 -0.301583 0.481468 -0.154542 -0.775915 0.688287 0.379206 -0.259583 0.211887 -0.0697798 -0.957394 0.243456 1.20295 -0.154482 -0.0644734 0.112678 0.0662828 0.00207011 0.668126 0.782732 0.109022 -0.431666 0.0833714 0.404338 -0.288306 -0.749828 
0.6542 0.709943 0.321342 0.253897 0.681632 0.679473 -1.22572 -1.06494 0.419076 0.666283 -0.914128 -0.293038 1.0582 -0.628485 -0.193966 0.576281 -0.0367676 -0.831486 0.910069 1.08612 0.107123 0.0669366 0.253469 -0.0912004 0.0740217 0.00654012 -0.061979 -0.161523 -0.0364203 0.360871 -0.120411 -0.546803 0.720229 0.805791 -0.319251 -0.168594 0.677782 -0.248309 -0.908132 
0.509605 0.693281 0.580016 0.14823 0.271322 1.11981 -0.478341 -0.640098 0.541595 0.538089 -0.968264 -0.307462 0.717854 -0.666023 -0.348743 0.490412 0.412343 -0.791859 -0.124936 1.22141 0.590533 -0.307106 -0.263183 0.093541 -0.183944 -0.338271 -0.104965 -0.26764 -0.0902094 0.53407 -0.354616 -2.04392 -0.614995 0.206338 -0.941248 -0.785605 0.575055 0.28265 -0.628316 
0.251107 0.49589 0.779112 0.660808 0.187774 0.455465 -0.425507 -0.614078 0.0201252 0.379543 -0.730185 -0.324176 0.758805 -0.611003 -0.35728 0.515894 0.767967 -1.10248 -2.23315 0.140575 0.243792 -1.37041 -0.853744 0.801188 0.371579 -1.07454 -0.0107077 -0.0411277 -0.0110284 0.0168646 -0.643786 -1.38881 -0.600397 0.0513115 -0.277327 -0.428994 0.299071 0.619208 -0.333984 
0.141326 0.473406 1.06027 0.883004 -0.414835 -1.50067 -0.412619 -0.459708 -1.05696 -0.303218 0.0512395 0.090942 -0.314093 -0.546419 -0.26412 0.532084 0.506811 -1.37777 -2.24859 0.295402 0.542695 -0.7642 -0.842246 0.559982 0.573141 -0.935333 -0.394394 -0.323107 -0.225752 -0.617266 0.25974 1.66688 0.628517 0.264571 1.44381 0.677257 -0.647666 0.222373 1.1879 
-0.0763044 0.339553 1.27365 1.15481 -0.668802 -2.18256 -0.25457 -0.200534 -0.894514 -0.450967 0.00451168 0.230079 -0.134641 -0.907098 -0.581308 0.280802 -0.00840173 -0.704434 0.398836 0.859981 0.449768 0.713683 0.205582 -0.193546 0.586837 0.83106 -0.684678 -0.710983 -0.548173 -0.843729 0.736921 2.73548 1.00863 -0.134759 0.843145 0.668642 -0.760551 -0.209949 1.52317 
-0.414313 0.100736 1.3331 0.902014 -0.854571 -1.12929 0.141982 -0.118651 -0.304271 -0.149765 -0.103799 0.655787 0.549946 -1.15702 -0.912714 -0.118588 -0.580554 -0.460061 2.04647 1.52375 0.273402 0.433036 0.204321 -0.608977 0.198118 1.52159 0.0380736 -0.159497 -0.314818 -0.0483358 0.464423 0.25913 0.123367 -0.00364376 -0.521586 -0.502245 -0.156911 -0.228091 -0.197864 
-0.790087 -0.259146 1.19411 0.646334 -0.957254 0.0617251 0.751102 0.00295244 -0.458446 -0.298698 -0.64105 0.494359 1.41644 -0.734643 -0.626251 -0.0690909 -0.00347179 -0.0834828 0.839906 0.903034 0.336523 -0.10405 -0.481967 -0.430858 0.187043 0.457839 0.610619 0.376669 -0.0724303 0.343348 0.264338 -1.52449 -1.19002 -0.0812959 -0.221626 -0.603693 -0.0386595 0.114141 -0.679317 
-0.860827 -0.302586 1.29723 0.925569 -0.909896 -0.256541 0.725841 0.134073 -0.474136 -0.641954 -0.539046 0.911504 1.04265 -0.364246 -0.370773 -0.156059 -0.0377336 -0.0570045 -0.288346 -0.191704 0.0677384 0.0581818 -0.633475 -0.663783 0.265599 0.356644 0.438463 -0.0878311 -0.847651 -0.679626 0.195491 -0.537452 -0.397741 0.35617 0.283348 0.00240285 0.649556 0.720395 -0.291619 
-1.00222 -0.488224 1.08151 0.638301 -0.996187 -0.348036 0.591021 0.0460146 -0.445283 -0.933161 -1.35132 0.810816 1.80846 -0.128389 -0.592749 -1.10577 -0.865478 0.244597 0.0412373 0.248369 0.651516 0.266669 -0.422118 0.576513 1.08229 -0.0695571 0.135541 -0.672102 -1.47701 -1.24606 -0.316799 -0.52919 0.886316 1.37609 -0.376808 -0.606631 1.89667 2.36992 -0.447719 
-0.923721 -0.683058 0.346722 0.154408 -0.762116 -0.291656 0.864816 0.632501 -0.22576 -1.07794 0.215171 1.85944 1.01061 -0.0861899 -0.976809 -2.00394 -1.67762 -0.286818 -1.07416 0.872874 1.5966 -0.545792 -1.47562 2.26836 3.41306 -0.427448 1.31802 1.30616 0.487583 0.435212 0.805465 0.160434 -1.01201 -1.12668 0.0186846 1.05056 -0.53509 -2.59445 -0.568999 
-1.03842 -1.13064 -0.66144 -0.881603 -1.17739 -1.65105 1.15438 1.28164 -1.11352 -2.35844 1.40056 3.56095 1.42033 1.43081 0.966608 -0.42142 -0.196503 1.23695 0.328704 -1.22875 -0.798331 0.246623 1.19008 -0.244473 -2.54847 -1.05309 -0.0415488 0.773957 1.51137 1.16969 0.157602 0.665913 -0.560715 -1.24999 0.401925 0.958343 -1.47289 -2.43501 0.28903 
