-1.35509 -1.20578 1.83021 1.53455 -1.61547 0.0112786 2.60806 2.61121 -0.714692 0.000150034 1.77993 0.438013 -1.92036 -0.337368 -0.373371 0.671002 0.993967 -0.210575 0.417096 2.99533 2.87914 -1.5483 -0.0457634 2.67952 -1.34875 -3.09012 1.60167 1.36693 -1.52133 -0.982583 1.70672 1.04786 -0.636592 -1.00977 -0.688835 -0.154939 -0.150454 -0.336465 0.101874 
-0.275985 -0.313187 0.554987 0.82596 -0.240001 0.269745 2.36118 2.39294 -1.44475 -0.124007 2.03082 -1.41155 -2.89925 2.00201 1.75105 -2.03004 -1.42842 2.55774 1.61859 -0.908987 -1.44033 -0.78643 -0.254223 -0.310704 -0.470935 0.247525 0.904881 0.992194 -1.08957 -1.54313 0.750196 0.414112 -3.4826 -3.45277 2.19435 0.801901 -3.00002 1.90107 3.4082 
0.0305497 -0.0276583 0.0359406 0.341795 1.11008 1.31871 1.7269 1.21702 -1.46286 -0.446692 1.47554 -0.0249712 -1.57021 0.851146 0.933641 -0.820378 -1.1557 0.907005 1.09703 -1.60784 -1.91944 1.61297 1.36139 -0.946806 1.45279 1.9966 -1.16535 -0.874437 1.28461 0.607427 -1.76445 -1.52299 -0.494485 0.416526 2.04413 0.949031 -0.265563 0.609371 0.384742 
0.292214 0.291129 -0.187166 -0.139526 0.717206 1.12673 0.899648 0.578696 0.000877323 1.9312 1.22967 0.204241 -0.846273 0.773565 0.846227 -0.559426 -0.810994 -0.110791 -0.570523 -1.63352 -0.920019 2.16915 1.40839 -0.755344 0.441451 0.909061 -0.197214 -0.290739 0.277611 0.6076 -0.604494 -1.39747 0.480648 1.33557 -0.811262 -1.48118 -0.0243914 -0.516456 -1.07199 
0.543645 0.515294 -0.479246 -0.336425 0.976977 0.735484 0.244047 0.279026 0.491301 1.68131 0.82391 0.497967 -0.57601 0.752984 0.720465 -0.606081 -0.538053 -0.0150623 -0.906169 -1.06663 -0.135772 0.658906 -1.19561 -1.11083 0.718613 0.526035 -0.263263 -0.34272 0.165526 0.434997 0.154909 -0.0287271 0.822214 0.80071 -1.45626 -1.80889 -0.306939 0.107842 -0.262594 
0.790691 0.745798 -0.742931 -0.590288 0.686649 0.253617 -0.112428 0.328294 0.574199 0.0264541 0.300416 1.02668 -0.224977 0.598292 0.571457 -0.484964 -0.415432 0.110514 -0.546475 -0.648941 0.128412 0.331958 -1.7176 -1.24813 0.620332 0.623146 -0.492244 -0.350407 0.571246 0.273629 -0.0685456 0.882519 0.902763 0.0984207 -0.274132 0.52602 0.15634 -1.07728 -0.164132 
0.932246 0.865361 -0.929669 -0.684999 1.08094 0.173027 -0.421161 0.260247 0.76569 -1.03183 -0.212561 1.2142 0.13983 0.31038 0.436586 -0.0254487 -0.350121 -0.130195 0.46753 0.0224995 -0.052737 0.440293 -0.267478 -1.06456 -0.835798 0.384231 -0.503523 -0.244852 0.769895 0.118175 -0.802869 0.764854 0.929911 -0.0766609 -0.0801977 1.19657 0.480492 -1.16914 -0.159746 
0.974792 1.00119 -0.793687 -0.884436 0.532755 0.566921 -0.220038 0.150693 0.94764 -0.440916 -0.592702 0.169425 0.258264 0.142521 0.412653 0.343501 -0.42752 -1.11023 0.65295 0.475424 -0.0292283 0.378884 0.374816 -0.824692 -1.06841 0.487761 -0.304261 -0.255745 0.320383 0.180021 -0.530686 -0.196595 0.257179 0.00338884 -0.363134 0.41761 0.805529 0.124442 -0.011146 
0.997119 1.10395 -0.659529 -1.04365 -0.122812 0.646472 -0.152639 0.103258 1.08298 -0.504494 -0.918352 0.105585 0.723864 0.0872434 0.264875 0.242211 -0.282632 -0.941135 0.242948 0.273647 -0.100337 0.0998177 0.472423 -0.262931 -0.632639 0.466338 -0.220066 -0.443284 -0.207057 0.468638 1.22079 -0.119046 -0.461615 -0.292069 -0.279624 0.028821 0.613418 0.349785 -0.388349 
1.0004 1.13604 -0.611645 -1.12234 -0.489857 0.686262 -0.119083 -0.0686419 1.00978 0.237577 -0.859786 -0.468296 0.821443 0.0176795 0.0187218 -0.0468672 0.0113288 0.715894 0.543225 -0.206439 -0.482977 0.152751 0.439657 -0.246591 -0.535682 0.0177887 -0.244518 -0.558358 -0.295483 0.662613 1.6965 -0.100259 -0.398275 -0.10033 -0.216526 0.128083 0.768658 -0.272569 -1.08624 
0.973319 1.06601 -0.728914 -1.03658 0.629666 1.02515 -0.45037 -0.451559 1.19352 0.123255 -1.17267 -0.427364 0.850351 -0.066145 -0.265411 -0.258476 0.405802 1.60122 0.161049 -0.326 -0.290514 -0.0399197 0.709615 0.4958 -1.01012 -1.02508 -0.2167 -0.318093 0.0138943 0.234491 -0.179543 -0.498098 0.0858381 0.274455 -0.201518 0.114618 0.735829 0.364221 -0.00487837 
0.917063 0.89864 -0.865078 -0.786534 1.21102 0.734869 -0.516104 -0.454715 0.944159 1.2834 -0.534339 -1.51393 -0.0673704 -0.103232 -0.226866 -0.161579 0.148903 0.433641 -0.127915 -0.177696 -0.157959 0.0335628 0.65347 0.473941 0.0181625 0.10907 -0.252965 -0.139339 0.115443 -0.450201 -1.21609 0.306846 0.518494 0.112514 -0.413133 -1.0277 -0.982499 1.33424 1.41523 
0.863637 0.855665 -0.898071 -0.91486 1.07978 0.824189 -0.724233 -0.721414 1.19509 1.08213 -0.864298 -0.36183 1.06571 -0.229395 -0.299189 -0.246497 -0.337608 -0.241683 0.682116 0.264339 -0.188106 -0.448855 -1.05999 -0.783033 0.96241 1.14469 -0.392613 -0.536076 -0.0916936 0.0706472 -0.643027 -0.73158 -0.0189172 0.275012 -0.311508 -0.565719 -0.456154 -1.1782 -1.03054 
0.717769 0.637527 -1.10809 -1.07025 0.937698 1.2335 -0.422878 -0.751002 0.504643 -0.411309 -1.2076 -0.42804 1.15623 -0.429519 -0.73075 -0.40802 0.0756613 -0.546442 -1.14487 -0.284928 0.167825 -0.236226 -0.313996 -0.192461 -1.68384 -1.30083 -0.875521 -0.838195 0.962541 1.05482 -1.142 -2.37954 -0.732547 -0.0538314 -0.729763 -0.028762 0.791595 -1.04108 -1.44096 
0.522198 0.291603 -1.28157 -0.854178 0.479984 -0.255076 -1.08715 -0.705636 0.949979 0.542719 -1.07635 -2.13548 -0.0915632 -1.11947 -1.16106 0.82231 0.855473 -1.97303 -2.77563 -0.769199 -0.314364 -1.29132 -1.09513 0.00238626 -0.539057 -0.865888 -1.33611 -0.879944 2.04342 1.42037 -0.435595 -0.0418104 0.910149 0.518104 -0.569091 -0.43268 0.604958 1.96929 0.889904 
-0.113731 -0.228607 -0.421504 -0.359708 -1.19033 -1.2542 -1.18795 -1.15799 -0.705151 -2.16044 -1.26748 -0.964637 0.422402 -1.85732 -1.64209 2.00928 1.73909 -1.21421 -1.1402 0.813786 0.827775 -0.858701 -1.05046 0.375796 1.21749 0.100068 0.21345 0.654282 1.01335 0.527717 1.40646 2.20199 1.58734 0.939275 1.39873 1.85385 1.63159 0.815594 0.310389 
-0.833385 -0.912209 0.437393 0.592739 -0.835162 -1.33031 -0.537631 -0.111244 0.135737 -1.13724 -0.844619 -0.773955 0.115028 -0.738187 -0.254454 1.9545 1.37034 0.132632 0.552337 1.20852 0.924544 0.780576 2.13853 1.76518 0.674937 -0.313177 1.44032 1.47082 -0.92383 -1.04679 0.586807 0.86912 -0.63916 -1.46862 -0.534289 1.341 1.35799 -0.044763 -0.0438751 
-0.674412 -0.458316 1.24982 0.779904 -1.06267 -0.867649 -0.310633 -0.47875 -0.0205861 1.0983 0.0492879 -0.189394 0.226674 -0.0436826 0.232063 0.724678 0.228057 -0.342634 0.213657 -0.0985334 -1.24332 -1.43352 1.29273 1.82024 1.17318 0.134273 -0.383566 -0.987639 -1.30751 -0.447762 -0.192477 -0.566278 -0.286391 -0.148247 -1.58758 -2.00528 -0.699062 0.973411 0.464548 
-0.90077 -0.80039 1.03906 0.780421 -1.21663 -1.23627 -0.745753 -1.33269 -1.20407 0.811634 0.515148 0.539685 0.354921 -1.05391 -1.29341 0.191222 0.630065 -0.169093 -0.219785 0.754101 0.6685 -1.23642 -1.32845 0.816142 2.11975 0.465164 -1.10176 -1.34484 0.410818 1.26096 1.32186 -0.352094 0.159434 1.00812 0.553303 -1.17652 -1.61701 -0.612265 0.0706019 
-1.45935 -1.41735 1.38751 1.3026 -1.25823 -1.14796 0.189316 -0.024003 -1.18018 -1.01217 0.624905 2.14711 0.788708 -1.19788 -1.23016 1.10516 1.68638 1.63565 -0.241235 0.0257375 0.0902338 -0.5192 -0.735286 -0.196881 0.298874 0.336028 -0.0054109 -0.0546673 -0.193382 -0.19223 -0.289031 -0.47582 -0.733828 -0.550705 0.671848 0.718081 -0.740762 -1.93525 -0.677376 
-1.78797 -1.71503 1.97167 2.18341 0.521138 -1.5351 -0.850673 -1.38494 -1.70791 -0.380216 0.299646 0.908556 0.791234 -0.928147 -1.22686 -0.182085 0.218583 -0.616193 -0.857929 -0.2811 -0.140781 -0.159787 -0.0668419 -0.181417 -0.68947 -0.427832 3.11289 3.05057 -2.57066 -3.2171 -1.39261 1.38872 0.950194 1.23048 1.65226 0.576111 0.0239754 -0.822752 -0.92873 
-2.15496 -2.32967 1.20052 1.48239 -1.93275 -1.9794 -0.170418 -0.278797 -1.3554 -1.16882 0.42148 1.44798 0.481356 2.56844 2.51589 -2.23401 -2.61716 -0.473015 1.88219 1.17643 1.72945 1.89982 0.279821 -0.304627 -0.883273 -0.924854 0.681865 0.924547 0.251791 -0.0423111 0.417185 0.534286 0.280255 0.140429 0.00223072 0.0299731 0.272493 0.456954 0.225067 
