-1.61292 -1.60145 -1.22895 -0.604248 -0.812212 1.09706 1.31111 0.878989 -1.16367 -0.562 1.78231 1.80376 -1.41969 -2.75585 -3.0947 -2.31403 -1.34126 -1.92805 0.913947 3.18472 2.03831 -1.55675 -1.94388 3.31047 3.33077 -3.1061 0.701613 0.372803 -0.586131 -0.756132 -0.951051 -0.346983 0.96751 1.22159 0.214749 -1.2878 -0.951559 -1.0209 -0.620116 
-1.37909 -1.49826 -1.59398 -1.1354 -1.16249 0.696741 1.3759 1.06327 -1.55339 -1.21932 1.86749 2.08664 -1.68418 0.839274 0.484567 -0.686703 -1.03719 -1.19723 -0.37638 1.0103 1.39979 0.399082 -1.76111 -1.29333 -1.63578 -0.686082 2.80968 2.93426 1.34563 0.445461 0.781413 -0.778559 -2.00394 -0.839943 0.955305 0.441662 -3.13181 -3.0754 1.96038 
-1.14261 -1.31383 -1.65274 -1.46533 -1.5235 0.673172 1.70604 1.59645 -0.742845 -1.66387 0.98837 0.668563 -1.76289 0.312295 0.0557494 -0.623391 -0.736858 -0.798695 -0.0157189 0.97808 1.02164 -0.00911402 -1.27695 -0.680433 -1.38463 -0.6341 -0.888021 -0.689533 0.273665 0.748396 1.07514 0.0168203 -1.23432 -1.30954 -0.465424 1.17788 1.73728 2.02369 0.788703 
-1.17987 -1.4246 -1.97224 -1.72554 -1.62773 0.586078 1.75629 1.57593 -1.5446 -2.01004 1.42786 1.11436 -1.99858 -0.00218085 -0.136513 -0.315292 -0.0189259 0.326579 -0.286359 -0.363135 -0.167327 -0.256741 -0.0605768 0.740162 1.29217 0.351984 -0.365085 -0.00215657 0.899306 1.01838 0.558026 -0.897537 -1.39741 -0.620175 0.766596 1.60024 0.639982 0.837936 0.508699 
-1.10516 -1.3361 -1.80945 -1.40777 -1.29401 0.327462 1.48136 1.46517 -0.984008 -1.67288 1.36998 1.43275 -1.53087 0.0237433 0.15007 0.517972 0.650251 0.030665 -1.09792 -0.571919 0.262572 1.24585 1.01656 -0.0045933 -0.234087 0.0612916 -0.676966 -0.412174 0.4533 0.448005 -0.485648 -0.682914 -0.0435529 0.318447 0.638732 0.228503 -1.20204 -1.44997 0.155986 
-1.12908 -1.30387 -1.52976 -1.06427 -1.58092 -0.464459 1.43742 1.67748 -0.269054 -1.32683 1.37894 0.888445 -1.92764 -0.620486 -0.468926 0.27719 0.588952 -0.245648 -1.09341 -0.447428 0.173832 0.799911 0.307095 -0.863085 -0.986764 0.615716 -0.564555 -0.498074 -0.0951434 -0.10116 -0.449248 -0.0646236 -0.0213969 -0.432337 -0.878546 -1.11742 -0.774019 0.215772 1.29207 
-1.38578 -1.52423 -1.54012 -0.801811 -1.4178 -0.719158 1.21865 1.51867 -0.15859 -1.44561 0.824769 0.718566 -1.15272 -0.475709 -0.271745 0.435507 0.507869 -0.49268 -1.11231 -0.632225 -0.276317 -0.0507026 -0.505356 -1.07826 -0.0161431 1.71539 0.0737719 0.33908 0.519736 -0.0246849 -0.460367 0.436033 0.43392 0.0893738 0.310927 0.603895 0.687804 1.7835 1.26112 
-1.33522 -1.39362 -1.14658 -0.531458 -1.85723 -1.52749 1.09134 1.48718 -0.302242 -1.62168 0.709332 0.803914 -0.940134 -0.445032 -0.0194563 0.951431 0.551049 -0.783925 -0.465949 -0.0148001 0.246477 1.34816 1.20179 -0.128077 1.58114 2.23194 0.109953 0.595048 1.23809 1.00486 1.66456 2.25543 1.2771 0.32427 0.589895 1.05909 0.349608 -0.0550655 -0.849042 
-1.57614 -1.48809 -0.785941 -0.230043 -1.87392 -1.22084 1.15111 1.6115 1.22023 -0.643356 0.704458 1.67021 0.121024 -0.262001 0.444128 1.99379 1.87651 1.82268 1.84764 0.713247 0.0716669 0.930205 1.02841 -0.761693 -0.204174 0.749138 1.92829 2.35069 2.00316 1.71003 2.8823 1.51376 -0.833964 -2.26139 -2.94275 -1.50882 -0.256776 -1.99961 -2.12217 
-1.43143 -1.12617 0.357139 1.23609 -0.704058 -0.0198519 1.35226 1.48534 0.654694 -0.930857 0.222733 0.597406 -0.488045 1.69122 2.52363 3.45127 2.88308 3.16678 1.54317 -0.954806 -2.43637 -3.14984 -0.869618 -0.561773 -1.52168 -0.292396 2.87374 2.29149 -0.622498 -1.41955 -0.244244 -0.715234 -2.86606 -2.98839 -2.16104 0.534265 1.62759 0.244487 0.132288 
-0.667576 -0.18308 1.76584 2.4456 0.109093 0.0223689 0.659504 0.251346 -1.94122 -1.1723 0.333432 0.609019 -0.00402507 2.87387 2.92561 1.26233 -0.0670332 1.57464 0.99916 -2.42674 -3.46335 -2.3554 1.82535 1.13609 0.0568133 0.983867 0.300177 -1.02695 -3.78747 -3.7892 -2.07674 -0.119596 -0.525889 0.662441 2.63522 2.72031 0.72653 0.722675 0.289383 
0.0855138 0.3794 1.33488 1.25025 0.295979 0.750895 0.196595 -0.431017 -1.70485 0.272126 0.833227 0.560202 0.0941125 2.10605 1.55138 -1.17519 -2.29784 0.457816 1.4583 -1.56128 -1.69199 1.00323 2.99638 0.221151 -0.543912 0.134589 -1.70825 -2.22775 -1.87887 -0.904946 -0.864333 -0.627549 1.22853 2.56078 2.24591 -0.864201 -1.61298 -0.161821 -0.734829 
0.454386 0.636823 0.990781 0.447203 0.419613 1.19187 -0.105714 -0.705667 -0.910579 0.783245 0.415008 0.182119 0.107528 1.16518 0.703596 -1.01529 -1.30753 0.493865 0.263091 -1.13386 -0.493793 1.19387 0.658939 -0.975608 -0.29124 0.157397 -1.40884 -1.25443 0.312962 1.2436 0.110293 -1.3318 0.636895 1.30374 -0.146327 -2.17409 -0.926137 0.439474 0.631126 
0.723477 0.776303 0.674805 0.145271 0.628755 0.882375 -0.375792 -0.7391 -0.481771 0.725513 0.222966 0.297213 0.218304 0.713931 0.342373 -0.755418 -0.603039 0.685898 -0.180623 -0.908912 -0.195903 0.842302 -0.00903118 -1.04073 0.00935216 0.97981 -0.853712 -0.61581 0.440815 0.706407 -0.0498192 -0.196439 0.665136 0.447141 -0.301991 -0.630152 -0.206016 -0.0539107 0.596106 
0.860217 0.853495 0.517579 -0.0222034 0.870949 0.937992 -0.576619 -0.852417 -0.0423729 0.807359 -0.2329 0.114127 0.687437 0.360004 0.159245 -0.438177 -0.346631 0.506927 0.07971 -0.45091 -0.00178322 0.791524 -0.178882 -1.3465 -0.477539 0.959759 -0.541859 -0.331533 0.318944 0.244006 -0.423289 -0.0223068 0.671496 0.507475 0.0282863 -0.395091 -0.110697 -0.184052 -0.627343 
0.947241 0.901603 0.429728 -0.092814 0.969596 0.854591 -0.640074 -0.780718 0.335182 0.640471 -0.601706 -0.0866295 0.787102 0.238475 0.0938879 -0.328283 -0.273861 0.197416 -0.140764 -0.21908 0.366828 0.952191 -0.516843 -1.29368 -0.372025 0.284883 -0.153392 -0.182255 -0.0501362 0.0543036 -0.413491 -0.51116 0.362548 0.503596 -0.117413 -0.207413 0.899674 0.261039 -1.2118 
1.02146 0.946184 0.351526 -0.194638 1.0207 0.718729 -0.736313 -0.6944 0.936756 0.505125 -1.02704 -0.201268 0.882271 0.295277 0.0661249 -0.465254 -0.276621 0.0316016 -0.507147 -0.0955502 0.556401 0.675444 -0.423207 -0.349349 -0.191741 -0.450441 -0.152352 -0.174645 -0.0665005 -0.01719 -0.342692 -0.144681 0.313232 -0.0289186 -0.537778 0.35484 1.30016 0.0903035 -0.581716 
1.13771 0.980441 0.165181 -0.267739 1.01698 0.317129 -0.744039 -0.52003 1.03496 0.398413 -0.849932 -0.285073 0.574477 0.174848 0.00868787 -0.375498 -0.301524 -0.182831 -0.25779 0.0828894 0.300814 0.184153 0.0281974 0.198977 -0.342153 -0.354204 -0.465605 -0.162707 0.349251 -0.150944 -0.533911 0.843986 0.348284 -0.667374 -0.433127 0.664788 0.0154728 -0.253359 0.88678 
1.14998 0.996364 0.151521 -0.392029 0.935691 0.397831 -0.759777 -0.572135 1.14063 0.553163 -0.958282 -0.497284 0.722973 -0.0995554 -0.00665007 -0.00082061 -0.487017 -0.60544 0.643311 0.244367 -0.257991 0.0697128 0.55698 -0.446199 -0.677005 0.707655 -0.448767 -0.135905 0.397752 -0.0699136 -0.459419 0.682582 0.258025 -0.460612 -0.132366 0.368633 -0.508196 -0.274573 0.833084 
1.12507 1.02297 0.234602 -0.632474 0.671052 0.778826 -0.694653 -0.700406 1.12332 0.786275 -1.15415 -0.798311 1.00358 -0.202182 -0.0361928 0.148623 -0.401217 -0.719834 0.685746 0.32509 -0.271218 0.0448821 0.592602 -0.545795 -0.859217 0.738177 -0.221377 -0.259007 0.0323635 0.481689 0.39684 -0.692466 -0.271937 0.333359 0.175621 -0.396954 -0.0120987 0.186455 -0.372022 
1.08455 1.02415 0.328405 -0.679359 0.519142 0.896382 -0.673974 -0.759675 1.20392 0.963918 -1.32007 -1.12872 1.16899 -0.236163 -0.179652 0.073632 0.166881 0.00745685 -0.175982 -0.0871787 0.100646 0.408109 0.0465529 -0.577162 -0.503006 0.325197 -0.180156 -0.346118 -0.135299 0.660178 0.849538 -0.964561 -0.508946 0.398248 0.123242 -0.561532 0.298543 0.426826 -0.762674 
1.04215 0.979175 0.357561 -0.407288 0.703525 0.528977 -0.794841 -0.686549 1.55326 0.846109 -1.53407 -1.19867 1.22075 -0.295207 -0.299856 0.0167399 0.496527 0.501007 -0.482376 -0.263046 0.16348 0.302042 -0.148882 -0.292409 -0.324911 -0.122371 -0.145316 -0.186317 -0.0987558 0.0579965 0.111462 0.16782 0.306425 -0.0361596 -0.607634 -0.212044 0.968687 0.492754 -0.861063 
0.971257 0.920382 0.410453 -0.156778 0.856328 0.380434 -0.853503 -0.711788 1.52679 0.898156 -1.53538 -1.41356 1.13815 -0.292352 -0.277 -0.0132785 0.241936 0.23711 0.107622 0.207421 0.0261451 -0.468271 -0.204274 0.505376 0.130123 -0.655762 -0.0689316 -0.0476852 -0.12712 -0.432391 -0.555347 0.552208 0.471009 -0.360737 -0.780819 0.133863 1.06418 0.652364 -0.0699647 
0.930331 0.88681 0.418024 -0.11439 0.877784 0.525435 -0.762124 -0.713041 1.09857 0.744749 -1.28819 -1.18832 0.894354 -0.270634 -0.25292 -0.105077 -0.0983765 -0.164822 0.294019 0.209735 -0.291481 -0.842938 0.0859222 0.90828 0.547467 -0.135164 -0.162623 -0.174685 -0.20841 -0.398811 -0.71174 -0.29162 -0.257768 -0.239011 0.119311 0.491202 -0.00766933 -0.0371683 0.518878 
0.870609 0.840032 0.404905 -0.170897 0.782438 0.538775 -0.819741 -0.910302 0.693927 0.983291 -1.05658 -1.13247 1.10023 -0.366839 -0.362241 -0.235135 -0.307092 -0.638745 -0.197781 -0.108786 -0.286133 -0.217209 0.532209 0.379893 -0.0310801 0.0520857 -0.240686 -0.39084 -0.254147 0.226986 -0.0660223 -1.19354 -0.451688 0.364267 0.340422 0.312316 0.738699 0.0461473 -0.905271 
0.780193 0.751915 0.318952 -0.316805 0.511298 0.256654 -0.872059 -0.908659 0.897316 1.11669 -1.11484 -1.28254 0.96019 -0.427658 -0.563129 -0.383221 0.20755 -0.173519 -1.16766 -0.316412 0.103386 -0.248946 0.571261 1.70626 0.511151 -1.17023 -0.471645 -0.530358 0.0499169 0.835858 0.580119 -1.16792 -0.429909 0.171574 -0.674835 -1.26249 0.251816 -0.152933 -1.47088 
0.689185 0.604903 0.199346 0.0909793 0.703178 -0.572331 -1.02335 -0.894962 0.460632 1.38033 -0.116476 -0.87494 0.488755 -0.768057 -0.817656 -0.13908 0.830663 0.220283 -1.62662 -0.611355 -0.117135 -1.19782 -1.19337 0.575466 -0.365811 -1.67518 -0.855697 -0.499717 0.710849 0.896118 0.2698 0.344584 1.09222 0.670053 -0.391711 -1.58306 -1.0758 -0.178302 0.261166 
0.423661 0.38979 0.288952 0.507221 0.675168 -1.25305 -1.20872 -1.01275 -0.293764 0.379689 -0.828439 -1.59391 0.0689078 -1.23494 -0.986655 0.526216 1.42763 0.268771 -0.657439 0.828904 0.856687 -0.790445 -1.60438 0.25921 0.138394 -0.777773 0.0770988 0.47414 0.925853 0.381012 -0.194213 0.869029 1.33526 0.813953 0.713676 0.865985 0.809821 1.47088 1.77055 
0.0924819 0.158457 0.647753 1.45357 0.896984 -1.24032 -0.710251 -0.471643 -0.319249 0.379185 -0.0128985 -0.859221 0.0947472 -0.589086 -0.22762 1.03495 1.34702 0.0394338 -0.444052 0.797079 0.80484 -0.0249313 0.0692868 1.46144 1.73349 0.5645 0.420919 0.377954 -0.365906 -1.26274 -1.87854 -0.673984 -0.871792 -0.694605 0.289621 0.939108 0.356029 1.04394 0.960907 
0.159196 0.322064 1.10319 1.79708 0.727383 -1.73572 -0.909988 -0.617511 -0.300939 0.454133 -0.02986 -0.543432 0.418684 -0.692442 -0.496726 0.110534 -0.301679 -2.17403 -1.45304 -0.152055 0.0103751 -0.275242 -0.239071 0.583722 1.59773 0.471041 -0.594788 -0.841423 -1.05193 -1.05408 -0.903817 0.136195 -0.0170801 -0.287011 -0.221331 -0.181048 -0.559236 -1.03326 -1.54145 
-0.225152 -0.0435395 0.797249 1.25604 -0.417368 -2.59928 -0.839707 -0.506676 -0.579087 0.255463 0.278277 0.103184 0.392736 -1.1205 -1.00678 -0.224992 -0.0972332 -1.09437 -0.200991 0.741446 0.436299 -0.302182 -0.138023 0.653521 0.079185 -1.24914 0.905784 0.380047 -1.09796 -0.855756 2.02909 3.50165 2.01862 0.880709 0.493313 -0.179398 -0.702399 -1.02547 -1.07805 
-0.37864 -0.134425 1.01141 1.784 0.0796006 -2.00728 -0.63635 -0.421869 -0.58797 0.395349 0.301666 -0.566123 -0.236518 0.362702 -0.00461993 -1.20605 -1.47498 0.630881 3.10458 1.9962 1.0106 0.555873 -0.444065 -0.401332 -0.0448976 -0.775478 0.9676 0.874562 0.154688 0.07423 0.755361 0.103379 -0.650557 -0.344816 0.152271 0.0649277 -0.434445 0.0175486 0.961173 
