-1.46869 -1.65723 -1.55513 -1.38412 -1.96645 -1.23948 1.70427 1.83848 1.30805 -1.18657 0.316078 0.151803 -1.07427 -2.67138 -3.0585 -2.26487 -1.39251 -3.27748 -2.00998 3.51739 3.37852 0.628449 -2.203 1.09019 0.668124 -2.56046 0.235492 -0.011818 -0.311662 0.19767 0.569355 -0.0976274 0.301981 0.253077 -1.43242 -1.3185 0.273281 0.650667 0.281779 
-1.34547 -1.61201 -1.68589 -1.06542 -1.60645 -1.62281 1.50359 1.7926 0.568804 -1.57242 0.642885 0.898281 -1.45296 0.34417 0.0876288 -0.37886 0.249676 0.763818 -0.0627736 0.22521 0.206154 -2.17696 -1.68598 0.35658 1.0756 0.478432 2.47626 2.67805 1.73589 0.819217 2.555 1.80508 -2.74031 -2.89498 -1.08512 1.3042 -0.773789 -0.140652 2.19362 
-1.2674 -1.56911 -1.76443 -1.08137 -1.52452 -1.28681 1.74391 1.88777 -0.947316 -2.38392 0.4999 1.60132 -0.735653 -0.0890658 -0.0563677 -0.047037 -0.305716 -0.200203 0.801122 0.588431 -0.0155143 -1.02025 -0.396058 0.105324 0.416565 0.943019 -0.61793 -0.193631 0.414968 -0.446899 -1.40409 -0.303258 -0.717395 -0.581264 1.72687 2.01998 0.360485 -0.779958 -1.1122 
-1.3664 -1.6017 -1.6354 -1.22539 -1.65314 -0.971158 1.70474 1.72008 -0.522117 -1.83399 0.669482 1.45625 -0.840447 -0.164081 -0.0217388 0.16379 -0.368772 -0.771604 -0.436133 -0.606441 -0.541862 0.451541 1.07425 0.82488 -0.248172 -1.24878 -0.360769 -0.173841 0.376394 0.542913 -0.247556 -1.00986 -0.745526 -2.63624e-005 1.01333 0.543557 -0.634404 -1.17266 -1.76387 
-1.32681 -1.54008 -1.54889 -1.29387 -1.86083 -1.63622 1.41372 1.52601 -0.556603 -1.57885 0.976764 1.26003 -1.41532 -0.340458 -0.144292 0.446692 0.408944 -0.38816 -0.639499 -0.272386 -0.098815 0.52292 0.397861 -0.700973 -1.56582 -1.81532 -0.45279 -0.34627 0.281277 1.06819 1.40138 1.05372 1.38791 0.829139 0.320476 -0.330782 -0.624076 -0.51822 0.221448 
-1.51628 -1.63891 -1.19837 -0.789945 -1.7951 -1.48511 1.52311 1.60178 -0.059548 -1.51961 0.191533 -0.667576 -1.85411 -0.507387 -0.296493 0.536892 1.05335 0.961601 1.2401 0.744636 0.323088 0.940834 0.703717 0.0318149 -1.13297 -0.86581 -0.0974908 -0.0986528 -0.0424409 0.180079 0.876601 1.08316 0.689736 0.191424 -0.00362706 -0.0821402 0.599681 1.16838 1.63259 
-1.56231 -1.65953 -1.04123 -0.321545 -1.31865 -0.629389 1.68433 1.63956 0.326675 -1.04259 0.957362 -0.278236 -1.8692 -0.32888 -0.15075 0.409258 0.634929 0.733628 1.0812 0.354838 0.0368308 0.519233 0.358474 0.0737721 0.378065 0.800455 1.18119 1.57137 1.63769 0.824401 -0.177187 -0.723793 -1.37082 -0.953315 -1.0776 -0.624722 -0.0849186 2.00806 2.03513 
-1.66022 -1.6796 -0.790646 -0.166222 -1.36847 -0.606851 1.62038 1.55803 0.39931 -1.2338 0.198386 -0.16169 -1.32565 0.781371 1.50654 2.63019 2.14713 0.855632 0.231559 -0.764471 -0.850414 -0.696432 -0.058283 -0.0705111 2.21917 2.3869 2.87294 3.12438 2.26412 1.22773 1.57902 0.526896 -2.40947 -2.50574 -2.29727 0.827752 1.71243 0.64118 0.0875906 
-1.13677 -0.80464 1.1053 1.56206 -0.830177 -0.43857 1.28388 1.10825 -0.438263 -1.05912 0.873929 2.71833 -0.405442 2.64965 3.33499 3.297 2.27192 2.6738 1.96171 -2.23111 -2.91206 -2.97321 1.53089 2.27411 1.43775 0.971628 1.88585 0.815326 -2.03569 -2.46677 0.797741 1.20057 -1.67154 -1.7082 -0.0607634 2.43034 1.52079 -2.67911 -2.31763 
-0.27639 0.16337 1.87794 1.82135 0.0415613 0.983833 0.567745 -0.106214 -2.65763 -0.0974644 1.58211 1.77776 -0.696264 2.77396 2.49039 0.0649291 -1.19174 1.88554 2.1296 -2.58536 -2.88722 -0.787026 3.24846 1.88431 -2.28975 -1.24763 -1.10029 -2.22563 -3.75677 -3.26401 -1.9111 -0.944929 0.823715 1.78983 3.00038 0.180825 -1.88538 -1.90433 -0.675376 
0.310822 0.581915 1.24344 0.663903 0.180316 1.28796 0.0737169 -0.542349 -1.2944 1.32324 2.01374 -0.384845 -1.08443 1.6596 1.02393 -1.45094 -2.14068 0.547662 0.619162 -1.46498 -0.948444 1.59237 1.84172 -0.134868 -1.77176 -0.0644164 -2.02617 -1.99461 -0.83404 0.0928658 -1.3104 -1.29365 2.01502 2.34848 0.629428 -2.55396 -2.31611 1.05753 1.27912 
0.599619 0.757464 0.829286 0.132595 0.373933 1.48826 -0.144212 -0.691401 -1.11846 1.26436 1.45841 -0.62467 -0.677683 0.859125 0.429642 -0.976407 -1.08322 0.459276 0.260341 -0.584114 -0.284715 0.1722 -0.0828996 -1.0765 -0.531788 0.808859 -1.32889 -0.892257 0.640419 1.26017 -0.227138 -0.548765 1.16213 0.907579 -0.933003 -1.61473 -0.158601 1.13595 0.205922 
0.776243 0.85486 0.56631 -0.143835 0.467889 1.50206 -0.246538 -0.7628 -1.1849 1.28885 1.3008 -1.10982 -0.551005 0.441225 0.157593 -0.622371 -0.459997 0.383494 -0.125014 -0.347994 0.0062116 0.175053 -0.238786 -0.331593 0.117736 0.293989 -0.614226 -0.473892 0.218752 0.774202 0.13733 -0.762098 0.113311 0.676141 0.46372 -0.539979 0.593015 1.01224 -0.435085 
0.850687 0.883397 0.429333 -0.155911 0.623095 1.39058 -0.359469 -0.75198 -1.00608 1.11689 1.2116 -0.470961 -0.447804 0.354573 0.0166081 -0.682598 -0.0570509 0.719746 -0.806056 -0.554512 0.405263 0.879375 -0.732039 -0.310292 1.15021 0.153018 -0.103362 -0.21098 -0.243462 0.10537 0.206378 -0.456483 -0.131176 0.480616 0.668103 -0.543338 -0.547909 0.638645 0.256803 
0.982866 0.904607 0.119204 -0.0966302 0.887484 0.853347 -0.553628 -0.604089 -0.363489 0.783544 1.06732 0.440638 -0.404236 0.446939 0.0294266 -0.914739 -0.334633 0.724412 -0.729808 -0.571869 0.472584 1.19311 -0.892398 -1.02708 1.17317 0.732902 -0.151933 -0.0718701 0.0120433 -0.306202 -0.595096 0.141459 0.340122 0.00425129 0.0405828 0.17394 -0.515533 -0.54112 0.106477 
1.10469 0.94007 -0.19952 -0.339972 1.04506 0.803555 -0.674278 -0.556275 0.131155 0.49525 0.52959 1.11056 0.0408361 0.311773 0.0391698 -0.650936 -0.486004 0.126876 -0.50771 -0.289758 0.326855 0.942935 -0.430378 -0.964298 0.227011 0.354075 -0.377117 -0.048109 0.458996 -0.136641 -0.926746 0.300912 0.5085 -0.144224 0.139482 0.764687 -0.106605 -1.11848 -0.518216 
1.16753 0.966545 -0.303114 -0.406804 1.00658 0.446024 -0.742989 -0.488465 0.521904 0.497079 0.424595 0.742176 -0.138933 0.179217 0.0777337 -0.316254 -0.535216 -0.254861 -0.190623 -0.132545 0.224376 1.4071 0.196023 -1.15719 -0.718353 -0.0544747 -0.445602 -0.144377 0.34419 -0.0640544 -0.283313 0.716846 0.336228 -0.245967 0.154048 0.357466 -0.701682 -0.366166 0.436097 
1.22136 1.02285 -0.359809 -0.691147 0.970659 0.652786 -0.79373 -0.496966 1.48381 0.663207 -0.233839 0.133193 0.065278 -0.0243526 -0.016831 -0.198048 -0.588825 -0.102741 0.659706 -0.0290407 -0.0377085 1.17908 0.115704 -1.85679 -0.402768 1.07668 -0.498945 -0.362307 0.104867 0.288522 0.164956 0.304888 0.354965 -0.0567674 -0.836801 -0.485106 0.126521 0.572836 0.597664 
1.1798 0.998221 -0.370858 -0.802643 1.00928 0.983257 -0.816415 -0.573179 1.64502 0.606769 -0.776614 0.19174 0.552381 -0.210189 -0.214397 -0.166872 -0.163177 0.0377958 0.354566 0.147598 0.0761854 0.136105 -0.380036 -0.988627 0.226712 0.923772 -0.340593 -0.399988 -0.107267 0.467377 0.0832631 -0.440194 0.583021 0.48406 -0.847207 -0.650873 0.41245 -0.43337 -0.873433 
1.13831 0.947761 -0.403145 -0.73236 1.0446 0.943131 -0.788609 -0.519092 1.55698 0.413262 -0.89179 0.434326 0.666446 -0.255593 -0.349789 -0.317695 0.0241001 0.0947366 0.0795155 0.487544 0.432602 -0.10774 -0.681123 -1.32191 -1.14526 -0.272745 0.0146673 0.00591515 -0.0487375 -0.270749 -0.71112 -0.275896 0.298083 0.142433 -0.0152317 0.26488 0.0664057 -0.997267 -0.856968 
1.07345 0.84997 -0.532275 -0.687828 1.11208 1.05106 -0.660127 -0.399445 1.47271 0.1384 -1.64312 -1.36315 0.448142 -0.0865848 -0.107554 -0.212292 -0.544381 -0.690254 0.0225338 0.368766 0.155804 0.114767 0.0427401 -0.897085 -1.46152 -0.3996 0.094431 0.327387 0.453211 -0.278311 -1.04017 -0.485893 -0.723889 -0.663815 -0.201127 0.5882 0.988102 0.703742 0.300354 
1.11865 0.930411 -0.482042 -1.09117 0.749517 0.964828 -0.685139 -0.497466 1.60867 0.47002 -1.49246 -1.5484 0.487419 -0.0523183 0.105373 0.273454 -0.367288 -1.01669 -0.569698 -0.35084 -0.409821 -0.411835 0.172252 -0.0495436 0.0193552 0.235076 -0.461387 -0.202907 0.489392 0.770049 0.527641 -0.184548 -0.846529 -0.675757 -0.681454 -0.0699507 0.538006 1.29733 1.3847 
1.07137 0.947684 -0.230873 -0.899094 0.651546 0.593579 -0.87665 -0.688645 0.994277 0.289113 -1.71343 -1.34253 0.643288 -0.438477 -0.226973 0.424741 0.476191 0.0249628 -0.171526 -0.596768 -0.700277 -0.919934 0.0195869 -0.201355 0.698624 1.82395 -0.961079 -0.891032 0.0322007 1.19471 0.82424 -0.440062 0.411782 0.547445 -0.255568 -0.163837 1.53009 0.619935 0.178785 
0.918492 0.848529 -0.0621944 -0.599699 0.816952 0.829511 -1.01102 -0.946279 0.618734 0.509982 -1.65777 -0.608862 1.61929 -0.903317 -0.759639 0.330679 1.22523 0.0440959 -1.14969 -0.0117908 0.132978 -0.798738 0.0240605 1.9172 1.04341 0.550543 -0.711373 -0.701177 -0.116313 0.478469 -0.556829 -1.05642 0.863898 1.07045 0.121261 -0.167003 1.88236 0.0629571 -1.61776 
0.632782 0.577954 0.115332 0.216433 0.728679 -0.333169 -0.942405 -0.679562 0.126349 0.33232 -0.553045 0.063445 1.02442 -1.04006 -0.886273 0.293623 1.10405 -0.523324 -1.68247 0.211023 0.440638 -0.733658 -0.132821 2.21669 0.788547 -0.703195 0.338518 0.432952 -0.0102325 -1.13882 -0.715013 1.38116 0.59585 -0.276555 0.642886 0.6709 -1.36965 -1.12294 -0.388983 
0.409768 0.410368 0.254998 0.414874 0.606481 -0.528312 -0.977695 -0.768128 -0.183678 0.439379 -0.309968 0.452329 1.26128 -0.456242 -0.190096 0.334091 -0.325124 -0.68849 1.02112 0.518095 -0.266567 0.180959 0.987575 0.16894 -0.85559 -0.0323517 0.662211 0.546949 -0.304655 -1.0605 0.452289 1.86751 0.124913 -0.444943 1.25436 0.85512 -2.15341 -1.17126 0.361591 
0.423516 0.515999 0.464208 0.0402943 0.434492 0.496485 -0.772532 -0.890039 0.24467 1.07451 -0.48664 -1.09958 1.0619 -0.269673 -0.193213 -0.0763501 -0.34081 0.104101 1.22292 0.252654 -0.151479 1.17613 1.07604 -0.535669 -1.19149 -0.0984796 -0.551879 -0.560144 0.0211793 0.887624 -0.0221602 -1.68503 -0.301909 0.699523 -0.226279 -1.33494 -0.354642 0.679421 -0.119718 
0.296198 0.346729 0.282534 0.225667 0.714029 0.464614 -0.925858 -0.915362 0.93647 1.24575 -0.684477 -1.1651 1.25978 -0.89852 -0.696585 0.377339 0.853802 -0.61384 -1.43928 0.117209 0.450152 -0.161395 -0.7203 -0.27894 0.268235 -0.189196 -0.97181 -0.741924 0.327233 0.748125 -1.50397 -2.27061 0.214419 0.628528 -1.88422 -1.91914 0.496067 1.05118 0.147791 
-0.0126065 0.180343 0.846944 0.84637 0.178142 -0.664569 -0.780924 -0.706661 0.0183478 0.57772 -0.7005 -0.742269 1.00692 -1.13139 -0.896663 0.355034 0.650235 -1.54769 -2.12196 0.387083 0.484048 -1.68805 -1.40987 0.106333 0.555825 0.167947 0.100972 0.115502 0.179462 0.394619 0.867927 1.10341 0.995513 0.26822 -0.173245 0.141473 0.461107 -0.382 -0.500947 
-0.259371 -0.0970475 0.647806 0.862143 -0.0156524 -1.2488 -0.814243 -0.713357 -0.826714 0.248707 -0.657249 -0.418736 1.41535 -0.688711 -0.471004 0.621321 1.36873 0.497841 0.312003 1.06146 0.673623 -0.42308 -0.461878 0.318272 -0.388101 -0.949247 0.39912 0.435616 0.273441 0.224417 1.24465 1.70792 0.829311 0.249524 1.1435 0.646327 -0.182125 -0.116414 -0.345049 
-0.341113 -0.0334114 1.4207 2.08146 0.485262 -0.408663 -0.369431 -0.400479 -0.471409 0.268403 -0.540649 -1.27286 0.503849 -0.623784 -0.324234 0.718199 0.935936 0.0029061 0.542386 1.15901 0.686139 0.0531088 -0.479081 -0.120529 0.344917 -0.345432 0.115348 -0.0689811 -0.763073 -1.57606 -1.63963 -0.509426 -0.386053 -0.153902 0.214119 -0.169963 -0.503594 0.725873 0.836056 
-0.554574 -0.231489 1.29741 1.73665 0.0406033 -0.806487 -0.359367 -0.400297 -0.837098 -0.0730907 -0.771981 0.0423069 1.26826 -0.464545 -0.445312 -0.330015 -0.770493 -1.31201 -0.372755 0.57333 0.414347 -0.095562 -0.618228 -0.320438 0.81363 0.406199 0.325551 0.0694307 -0.550306 -0.677689 -0.426084 -0.675915 -0.888383 -0.325017 -0.0111957 0.0342721 -0.171902 -0.229016 -0.312693 
-0.554638 -0.233282 1.24963 1.53426 -0.124963 -0.706794 -0.174996 -0.236776 -0.631458 -0.154339 -0.780476 -0.17774 0.799881 -0.18966 -0.148571 0.0366924 0.00665337 -0.393051 -0.393839 0.150087 0.231172 0.0379099 -0.36343 -0.334293 -0.0548427 -0.807615 1.39028 0.647082 -1.09922 -0.867375 1.15871 0.766245 0.042596 0.189089 0.515706 0.544728 1.26765 -0.394995 -1.19542 
-0.627103 -0.271003 1.41344 1.83693 -0.103837 -1.12168 -0.353139 -0.337254 -0.862782 -0.310989 -1.02048 -0.0374514 0.848683 1.03306 0.356244 -1.70765 -1.95525 0.138459 0.869274 0.529617 0.547323 0.690687 0.177251 1.31007 0.1355 -1.4527 0.0808009 0.0444266 -0.0418557 0.00734895 0.251125 0.204683 -0.0600051 -0.129327 -0.0261269 0.220319 0.255885 0.0420405 0.489824 
