-1.73493 -2.00921 -1.93697 -1.56854 -1.04348 -0.955056 1.11607 1.34068 1.38039 -0.565651 -0.946083 0.334423 0.767621 -2.18405 -2.81414 -2.81536 -1.97194 -0.876461 -1.10294 1.10492 1.74409 1.89974 -0.547582 -0.93661 0.417847 1.37226 0.52766 0.313669 -0.30479 -0.460878 -0.340711 -0.589051 0.119725 0.594677 0.894167 0.342819 0.0928741 -0.083691 -0.156143 
-1.55057 -1.95019 -2.10626 -1.55807 -0.703151 -0.964336 0.931799 1.3802 1.46663 -0.4964 -0.909622 0.379334 1.36244 0.787718 0.498919 -0.320111 -0.632956 -0.386221 -0.652729 0.0951801 0.634574 1.07829 0.587611 0.22693 -0.231674 -0.366014 2.19511 2.79515 2.23543 0.620594 -0.658464 0.0881469 0.0375899 -0.470904 -0.298422 0.660812 0.595145 -0.930735 -2.2947 
-1.13287 -1.60255 -2.10236 -2.00676 -1.33655 -1.53216 1.16028 1.82581 2.19277 -0.122461 -0.73244 0.199132 0.420244 0.678159 0.632812 0.0400797 -1.05266 -1.67855 -0.929921 1.087 1.08472 1.42459 0.513012 0.0716189 -1.02279 -2.26082 -1.07521 -0.603576 0.522303 0.196035 -0.64292 0.832763 0.946895 -0.447172 -1.29133 -0.831187 -0.535611 -0.539432 -0.316061 
-1.02788 -1.44827 -1.99148 -2.34731 -2.07725 -1.77986 1.84785 2.22848 2.55482 -0.114954 -0.845914 -0.382771 -0.848719 -0.418708 -0.0918608 0.393734 -0.323045 -1.16797 0.428241 1.3293 0.00402001 -0.6902 -0.570994 -0.523772 -1.11381 -0.976334 -0.932965 -0.170399 1.72517 2.54602 2.2695 2.25913 -0.505636 -1.83042 -2.67539 -1.11551 -0.481871 1.18631 2.60508 
-1.4047 -1.61615 -1.7125 -2.18578 -2.28354 -1.17952 2.28932 1.80226 1.59659 -0.638238 -1.24351 -0.635092 -0.527459 -0.351304 0.556653 2.25764 2.63018 1.35142 1.8903 0.321115 -1.22552 -2.14674 -1.0685 -0.595487 0.558168 1.59149 1.93716 2.27667 2.02918 2.39974 3.05589 1.57253 -2.56979 -2.35887 -1.48547 1.81661 2.11071 1.74783 1.09115 
-1.25088 -1.00054 -0.151827 -0.0564034 -0.916776 -0.16969 2.09067 1.21304 0.798546 -1.04252 -1.42622 0.107741 0.729352 2.12258 2.73912 2.99134 3.14985 2.89121 2.41125 -2.27875 -2.94792 -2.71158 2.20873 2.84197 1.2686 0.563145 2.43035 1.55069 -1.25037 -1.79142 0.417255 0.255164 -2.37371 -1.27394 0.499895 2.83885 2.12066 -0.611929 -1.54067 
0.164275 0.384161 0.69785 0.539747 0.164976 0.878724 0.246803 -0.602671 -0.609565 1.14674 1.49465 0.418304 0.0391075 2.80357 2.52517 0.755448 0.0875029 1.95721 2.26697 -3.01695 -2.86003 -1.58202 3.23171 2.78573 -0.427446 -0.889671 -0.846837 -1.86062 -2.99733 -2.61803 -1.3628 -1.50057 0.759168 2.14077 2.43295 -1.08629 -1.98695 -1.88054 -0.662304 
0.81138 0.847574 0.519382 0.107935 0.750441 1.76446 -0.60075 -1.12099 -0.507944 1.58917 1.25765 -0.182663 -0.133107 1.20027 0.654958 -0.694729 -0.579261 1.16731 0.647061 -1.30311 -0.435915 0.371102 0.670681 -0.166343 -1.52768 -0.576131 -2.02959 -2.21362 -1.10176 -0.0733963 -1.04014 -2.32433 2.00126 2.70475 1.44561 -2.41194 -2.13016 -0.61903 0.490903 
1.06517 0.901831 0.241074 0.146438 1.17144 1.41958 -0.938107 -0.981122 -0.36045 1.65869 1.32864 -0.743828 -0.514945 0.409788 0.0216449 -0.560969 0.0106994 0.655584 -0.50168 -0.331058 0.33683 0.214573 -0.278113 -0.445346 -1.4232 -0.267193 -0.951033 -0.656658 0.347979 0.375401 -0.959914 -1.0515 1.07442 0.665042 -0.385938 -0.945402 -0.0907415 1.018 0.487904 
1.13968 0.914715 0.166649 0.208039 1.32885 1.31727 -0.931206 -0.876054 -0.383499 1.31581 0.822293 -1.26201 -0.383281 0.148333 0.00111709 -0.198809 -0.0119065 -0.0293074 -0.569553 0.106604 0.284104 -0.218044 -0.657809 -0.225033 -0.186931 0.0417652 -0.311921 -0.108848 0.25491 -0.0913327 -0.745319 -0.280876 0.39842 0.0366517 -0.336855 -0.141164 0.54526 1.26606 -0.164835 
1.20408 0.954369 0.170039 0.227635 1.17694 0.914008 -0.883848 -0.778721 -0.580571 1.07105 1.10596 -0.843669 -0.46122 0.152974 0.0186087 -0.181394 -0.0918482 -0.260178 -0.778633 0.147862 0.293788 -0.310639 -0.410377 0.485285 0.27159 -0.646485 -0.289788 -0.204909 0.0237673 0.0124798 0.064417 0.235627 -0.156516 -0.0210211 0.466432 0.259934 -0.0728566 0.0063034 -0.469963 
1.28195 0.979696 0.10916 0.222377 1.14122 0.631869 -0.84068 -0.665841 -0.67737 0.932975 1.28535 -0.998562 -1.00654 -0.0809454 -0.116041 -0.108187 0.0345478 0.114695 -0.216705 -0.178575 0.17103 0.303091 -0.19348 -0.255904 -0.290158 -0.803671 -0.454102 -0.22909 0.217528 -0.00687709 -0.215348 0.297406 -0.11444 -0.0431039 0.747335 0.14611 -0.921148 -0.603064 0.346822 
1.17692 0.923562 0.169491 0.347684 1.30289 0.711928 -1.08027 -0.667538 -0.385625 0.86774 0.853485 -1.0253 -1.23909 -0.28073 -0.127277 0.151449 -0.0731768 -0.482327 -0.350455 -0.0793831 0.153898 0.576395 -0.11535 -0.865132 -0.701371 -0.244119 -0.321272 -0.141649 0.173894 -0.215268 -0.768461 0.0812446 0.572088 -0.104358 -0.373549 0.0653878 0.0117565 -0.190659 0.495764 
1.11007 0.940896 0.310564 0.252331 0.767762 0.31475 -0.949908 -0.568479 -0.264745 0.79433 0.44473 -1.506 -1.23401 -0.349393 -0.158046 0.170108 -0.245884 -0.831355 -0.0521037 0.539471 -0.0432421 -0.269917 -0.0185195 -0.155155 -0.674505 -0.173767 -0.256194 -0.297901 -0.169714 0.0864187 0.416066 0.822809 0.333098 -0.39133 -1.05767 0.00535544 0.94192 1.00988 0.118611 
0.955297 0.862874 0.385408 0.233194 0.637473 0.651423 -0.645507 -0.729213 -0.647062 0.809241 0.698268 -1.51145 -1.39736 -0.468214 -0.35491 0.000198089 0.0794021 0.121906 0.718378 0.309594 -0.408846 -0.887736 -0.0296817 0.682518 0.627785 -0.190391 -0.156185 -0.229712 -0.143702 0.271231 0.578709 0.108679 -0.0394457 0.181444 -0.15087 -0.782725 -0.102182 1.48618 0.65561 
0.802382 0.740162 0.394321 0.409894 0.899747 0.916942 -0.717215 -0.925093 -1.01826 0.726592 1.09819 -0.960331 -1.40864 -0.412455 -0.30467 0.0513746 0.171955 -0.0142581 0.145949 0.415487 0.0895391 -0.552868 -1.10504 -0.231642 1.33445 0.700334 0.0918813 0.0870084 -0.0803086 -0.415801 -0.625757 -0.445544 0.28367 0.656095 1.01261 -0.469313 -1.13868 -0.096755 0.981287 
0.687998 0.697879 0.508972 0.468164 0.655557 0.761265 -0.319732 -0.683771 -1.13386 -0.148564 0.469213 -0.405876 -0.695855 -0.222653 -0.125267 -0.0392869 -0.488855 -0.637377 0.240636 0.630513 0.300309 0.344835 -0.650036 -1.00627 0.377465 1.18125 -0.093693 -0.0395976 0.0135768 -0.177448 -0.371651 -0.521873 -0.640681 -0.125766 0.865926 1.03505 0.146667 -0.402077 -0.184051 
0.672567 0.702792 0.447366 0.0921959 0.396591 1.10822 -0.202427 -0.709619 -0.790061 0.145393 0.121317 -0.612993 -0.234097 -0.397769 -0.225437 0.129257 -0.0541931 -0.440973 -0.424865 -0.536347 -0.150728 0.488639 0.512187 0.078964 0.648356 0.291685 -0.332115 -0.321418 0.0925956 0.596989 0.0107916 -1.74352 -0.872319 0.0105251 -0.272574 -0.111435 0.81136 1.24866 -0.726828 
0.431336 0.58925 0.693114 0.513995 0.316693 0.380145 -0.830642 -0.832157 -0.791131 0.232199 0.540012 0.156093 -0.396303 -0.504591 -0.380839 0.137377 0.396545 -0.563558 -1.81981 -0.640268 0.225541 -0.0966444 -0.738082 0.338284 2.04742 -0.0566029 -0.370221 -0.363679 0.00274972 0.387627 0.0329589 -0.485025 0.774272 0.792909 0.0646414 -0.979795 -0.503249 0.200164 0.0973468 
0.338528 0.483612 0.637824 0.515002 -0.0448164 -0.472694 -0.804686 -0.554461 -0.913492 -0.508682 0.44246 1.05747 -0.277129 -0.727116 -0.531216 0.193603 0.530709 -0.338142 -0.950749 0.46009 0.724561 0.486409 -0.867458 -0.621396 0.821821 0.312927 -0.400904 -0.330923 -0.0335927 0.086787 0.338563 0.996927 0.663691 0.33538 0.641128 -0.181885 -1.24994 -1.61858 0.823109 
-0.0638912 0.263095 0.927307 1.04901 0.0638471 -0.453292 -0.46566 -0.274431 -0.450177 -0.528959 -0.0653074 0.8555 -0.075857 -0.872111 -0.647703 0.156292 0.549653 -0.0607603 -0.538661 0.203908 0.545248 0.652046 -0.930915 -1.52358 -0.374967 1.07339 -0.121728 -0.161477 -0.264423 -0.452542 -0.26162 0.353769 0.0722858 -0.171783 -0.117544 -0.041449 -0.224636 0.109268 1.07657 
-0.261727 0.0745899 0.842995 1.06586 -0.065632 -0.951691 -0.664895 -0.141391 -0.440613 -1.32236 -1.03382 0.80865 0.791323 -0.747309 -0.596776 -0.0760446 -0.0902818 -0.620849 -0.453843 0.48995 0.428415 0.246867 -0.851407 -0.888365 0.865552 1.83013 -0.261231 -0.272779 -0.389349 -0.933676 -0.897772 0.749059 0.910974 -0.0250884 -0.187447 0.33406 0.564017 1.036 0.171838 
-0.573745 -0.1097 0.95176 1.06466 -0.425484 -0.859336 -0.0744304 0.0443888 -0.30001 -1.27683 -0.928354 1.58956 1.73695 -1.06586 -0.845492 -0.269527 -0.761909 -1.17605 0.440243 1.38857 0.427235 0.32145 -0.356331 -0.563772 0.991462 1.20843 0.0745986 0.00857509 -0.153371 -0.138913 0.246371 0.674891 0.33457 0.166917 0.52231 0.637338 0.367351 -0.267231 -1.01602 
-1.00233 -0.475137 0.716953 0.519792 -1.01939 -0.588725 0.516244 0.176477 -0.231043 -1.66047 -1.5835 1.64247 1.99261 -0.52325 -0.460313 -0.206865 -0.261122 -0.238709 0.434624 0.880954 0.543556 0.840788 0.174273 -0.234477 0.371917 0.150491 0.811206 0.320823 -0.412992 0.669687 1.51627 -1.1381 -1.2771 0.224993 0.253354 0.199957 0.643461 -0.70566 -1.31242 
-0.9213 -0.385416 0.874458 0.937423 -0.595154 -0.501204 0.660501 0.456095 0.323197 -1.17576 -1.16015 1.9325 1.89762 0.0746185 -0.338074 -0.724902 0.227835 0.868103 -0.881977 -0.439558 0.612897 0.565033 0.018788 0.519616 -0.127931 -0.924027 1.30249 0.675989 -0.868534 -0.694812 0.65299 0.0826719 -1.10233 -0.81377 -0.845871 0.8207 0.873903 -1.93353 -1.2863 
-0.916811 -0.663894 0.236708 0.801497 -0.263209 -1.36301 0.090414 0.644122 0.172533 -1.68809 -1.08731 1.58937 1.09635 1.22844 0.469047 -1.23172 -1.22984 0.675604 0.600965 -0.706526 -0.532161 -0.347459 1.47269 1.20737 -2.49998 -1.94207 -0.165474 0.178279 0.531148 -0.178623 -0.708904 0.669568 0.369833 -0.432632 -0.367426 -0.064872 -0.387054 0.168262 0.688291 
