-0.964699 -0.560998 2.12278 1.52976 -1.02661 0.58038 2.922 2.5241 -1.80736 -0.467266 2.04923 2.72988 -1.41943 -0.566682 0.226079 2.23235 1.20293 -1.13672 1.33681 2.56073 0.814667 -1.34404 1.57736 3.0127 1.45834 -2.76697 1.69356 1.61056 -1.08425 -1.77085 0.225469 0.745061 -1.2117 -1.97248 0.593705 1.7172 -0.0499651 -2.04315 -0.74886 
-0.342573 0.0840161 1.64175 0.776186 -1.00084 0.632957 1.96271 0.749347 -1.31346 1.40147 2.87486 1.72919 -2.27857 1.93328 1.9093 -1.51789 -2.27984 0.451277 1.00203 -1.68445 -2.72698 1.03357 2.47403 -0.177679 -3.29717 -1.00456 1.69753 0.60196 -3.10563 -2.27583 1.64302 -0.0176704 -2.78782 -1.47742 1.23093 -1.24435 -3.03925 -2.16131 2.39153 
0.0913137 0.440089 0.96762 0.0752144 -0.672042 1.03554 1.53116 -0.0720425 -0.825129 1.76971 1.81517 -1.2967 -2.22236 1.37081 1.00656 -1.839 -1.68943 1.39862 1.36004 -1.12815 -1.25031 0.674425 -0.18313 -1.64226 -2.02487 0.7865 -0.94554 -1.27677 0.0767491 1.41245 0.645663 -1.02034 0.473103 2.12843 -0.381708 -2.27876 -0.138314 2.52481 0.945813 
0.39877 0.593266 0.247109 -0.300196 0.162317 1.27825 1.01133 -0.451912 -0.677993 1.16254 1.21362 -0.757471 -1.58188 1.06112 0.587127 -1.56918 -0.698442 1.52032 -0.261433 -1.22627 0.0298935 0.559551 -0.765496 -0.487684 0.597642 0.450562 -0.802408 -0.605137 0.9072 1.20841 -0.206008 -1.20799 0.0801368 1.12339 0.240087 -0.497396 0.45121 1.97369 0.14388 
0.6594 0.720816 -0.225792 -0.366434 0.594987 0.819702 0.502269 -0.0640046 -0.300581 0.988144 1.27903 -0.60925 -1.80695 0.650801 0.436078 -0.841242 -0.355518 1.21554 -0.144237 -1.16972 0.162595 1.16145 -0.875603 -1.06929 1.00223 1.07768 -0.719502 -0.205378 1.04572 0.152501 -0.73496 0.581426 0.385038 -0.0806754 0.563135 0.153491 -0.65078 0.31084 1.09863 
0.737309 0.791696 -0.403411 -0.5222 1.16921 1.12465 0.0271124 -0.318522 0.427713 0.278378 0.110724 0.419673 -0.641393 0.429238 0.464047 -0.396442 -0.645316 0.559582 0.530608 -0.880084 -0.167313 1.54587 -0.527309 -1.56525 1.00669 2.12748 -0.359516 -0.00978744 0.665026 -0.241781 -1.25175 0.184795 0.791427 -0.337398 -0.327837 1.02644 0.536243 -0.650513 -0.127405 
0.873987 0.934485 -0.544582 -0.774054 1.042 1.0245 -0.253147 -0.242251 1.17631 0.428514 -0.307166 0.573288 0.0125216 0.401597 0.531902 -0.149408 -0.780645 -0.50498 0.138818 -0.306709 -0.377909 0.770691 0.610749 -0.368958 -0.102314 0.975112 -0.207162 -0.220226 0.218495 0.248701 -0.767055 -0.720338 0.786432 0.210766 -1.13847 0.470377 1.25935 -0.712029 -1.65209 
0.936433 1.04233 -0.537964 -1.0165 0.707585 1.12138 -0.275356 -0.695701 1.15613 0.779175 -0.309726 0.259944 0.213217 0.341992 0.32435 -0.268674 -0.475502 -0.448342 -0.347875 -0.0234269 0.025203 -0.0977843 0.163972 0.21813 -0.19471 -0.188048 -0.225208 -0.531386 -0.219397 0.685654 0.404135 -0.67811 0.286315 0.77754 -0.699742 -0.600093 0.577255 0.129306 -1.04673 
1.03977 1.07204 -0.768084 -1.07291 0.628715 0.762752 -0.331832 -0.238644 1.06616 0.513011 -0.155519 0.301729 -0.106762 0.295167 0.0439576 -0.574795 -0.0808199 0.208971 -0.685476 -0.0860725 0.572513 -0.194878 -0.228563 0.392799 0.0209176 -0.461784 -0.284766 -0.543469 -0.198994 0.652053 0.819152 0.147567 0.144753 0.340422 -0.368223 -0.460924 0.173563 0.228652 -0.0765917 
1.07601 1.02712 -0.989769 -1.06256 0.855338 0.680335 -0.40353 -0.175096 0.952237 0.497913 0.0121297 0.249367 -0.135261 0.17225 -0.177118 -0.668288 0.183566 0.875763 -0.112595 0.0171797 0.391099 -0.550961 -0.476352 0.375247 0.084936 -0.216865 -0.291905 -0.31205 0.0388304 0.140013 0.261021 0.748617 0.408791 0.0758715 -0.205359 -0.380077 -0.29488 -0.0185645 0.47215 
1.11058 0.936383 -1.28962 -0.949627 1.3456 0.625956 -0.37844 0.110594 0.518462 0.00086248 0.149232 0.368636 -0.250173 0.117836 -0.198507 -0.673984 -0.042841 0.712516 0.321118 0.290322 0.584645 -0.396333 -0.75329 -0.151708 -0.0886636 0.305854 -0.335412 0.0701447 0.512152 -0.660956 -0.914719 0.773184 0.255067 -0.0989287 0.939632 0.313662 -0.969801 -0.29929 0.864714 
1.11639 0.879812 -1.51555 -1.08429 1.43288 0.773877 -0.234364 0.356969 0.553834 -0.272283 -0.196618 0.10616 0.158992 -0.0513304 0.00816484 -0.169567 -0.750005 -0.349254 0.925525 0.198077 0.169484 1.01727 -0.0091478 -1.18014 -0.466631 1.12055 -0.365838 0.143144 0.859539 -0.234262 -1.01317 -0.0272934 -0.220922 -0.635414 0.72008 0.677449 -0.577207 -0.661007 -0.248005 
1.05632 0.901672 -1.4392 -1.4243 1.01689 1.04049 -0.282145 0.250491 1.48496 -0.0759516 -1.06169 -0.232039 0.726208 -0.138088 0.0684753 0.263563 -0.458847 -0.657238 0.332004 -0.134116 -0.354373 0.832561 0.23407 -1.11908 -1.20973 0.0282441 -0.0979802 -0.0628357 0.645892 1.38269 -0.101756 -2.17676 -0.451134 -0.544381 -1.65531 -0.186933 1.37564 0.1272 -1.55295 
1.01359 0.87796 -1.34211 -1.37248 0.8413 0.8732 -0.40049 0.00202319 1.34199 -0.12247 -1.34803 -1.39392 0.220806 -0.0225131 0.0446172 0.498097 0.795303 -0.37906 -1.82196 -0.519132 -0.647803 -1.42521 -0.257711 0.777415 -0.346715 -1.05108 -0.183704 -0.254178 0.382541 1.19542 0.187265 -1.39481 -0.0523282 0.0714249 -1.20707 -0.30222 1.22596 1.27121 0.562719 
1.01818 0.886822 -1.09085 -0.9092 0.662739 -0.00412045 -0.752421 -0.381633 0.093127 -0.384373 -0.365038 -0.687574 -0.115676 -0.200397 -0.109221 0.598557 0.859309 -0.262128 -1.41201 -0.344146 -0.348187 -0.917134 -0.179335 0.614291 0.711357 0.927335 -1.12776 -1.11817 -0.00423522 -0.390141 -0.085544 1.55024 0.293794 -0.0267889 1.28598 0.444443 -1.15265 -0.20791 1.59468 
0.875934 0.779294 -0.918833 -0.816381 0.586957 0.0463083 -0.732532 -0.34708 0.440726 -0.357862 -0.810341 -0.568829 1.03541 -1.08838 -1.10005 0.344506 0.190221 -0.385032 0.213341 -0.288985 -0.772951 0.678335 0.39649 -1.05184 -0.754408 1.34582 -1.32506 -1.12893 0.805578 0.718069 -0.362181 0.247874 0.435618 -0.00711923 0.189559 0.513805 0.0880629 -0.33691 -0.765474 
0.383745 0.248317 -0.857043 -0.781656 0.303493 0.0321829 -1.04089 -1.13198 0.732366 -0.08322 -1.45093 -1.63656 1.04932 -1.476 -1.26593 1.46794 1.59845 -0.67481 -1.04801 0.0663662 -0.447033 -0.508208 0.574041 0.643348 0.10056 -0.101339 -0.165764 0.158083 1.02519 0.989264 -0.616217 -0.951386 0.806361 0.711442 -0.741005 0.730781 1.9777 1.09051 -1.52066 
0.0246514 0.0504145 0.152827 0.213139 -0.0196226 -0.587269 -0.740284 -0.789554 -0.0656974 0.108731 -0.244335 -0.483012 0.98873 -1.13162 -0.816351 1.49131 1.25832 -1.17119 -0.961641 0.593017 0.0890822 -0.35101 1.46011 1.80747 0.882176 -0.778952 0.634577 0.332012 -1.04202 -1.10552 0.230513 0.416541 -0.34776 0.260425 1.03974 0.481042 -0.262438 -0.293286 -0.578542 
-0.274879 -0.235617 0.232044 0.0300057 -0.726765 -0.555527 -0.632604 -1.06803 0.377725 1.209 0.249477 -0.604721 0.435284 -0.668452 -0.787569 0.00339282 0.125633 -0.216118 -0.467559 -0.519378 -0.188111 1.21476 1.28057 0.147431 -0.441553 -0.858696 0.29751 -0.111462 -0.911639 -0.189916 1.23291 0.723546 -0.433853 -0.031862 -0.0646749 -1.58333 -1.45769 -0.488004 0.491207 
-0.374855 -0.417838 0.132232 0.299314 -0.234695 -0.91258 -1.21075 -0.987446 1.09148 1.23366 -0.161582 -1.05333 0.307924 -0.682386 -0.834321 0.191464 0.8961 0.761215 0.0127795 -0.102215 -0.04285 -0.335025 -0.78508 -0.478665 0.0334909 0.0163446 -0.13174 -0.0833112 0.382578 0.843593 0.624809 0.482791 0.430949 -0.524965 -2.03917 -2.18405 -0.467298 0.663178 1.16339 
-0.682181 -0.729342 0.351712 0.609668 -0.107655 -0.625738 -0.773529 -1.1287 0.0385177 0.409179 -0.277878 -0.60008 0.487135 -0.675522 -0.774032 0.338433 1.01703 0.822266 0.197905 -0.114804 -0.979434 -1.82101 -1.82353 -0.65532 0.522228 0.912218 -0.304254 -0.315005 -0.00694291 -0.455053 -1.40555 -1.17737 0.511957 0.984152 -0.00724357 -0.0347607 0.344624 0.34812 0.20708 
-0.778317 -0.878716 0.361509 0.956433 0.436524 -0.884474 -1.36162 -1.93283 -0.682516 -0.533771 -0.861081 -0.457157 1.10987 -0.872844 -1.08009 0.0344528 0.212282 -1.18542 -1.45221 0.405381 1.18386 -0.230275 -0.816061 -0.0653367 0.501232 0.399254 0.139883 0.494976 0.618165 -0.178594 -1.13487 -0.0993564 1.45994 2.35617 1.22984 1.22496 0.778016 -0.21658 -0.951589 
-1.19603 -1.35697 0.354281 0.751342 -1.15005 -1.47398 -0.513471 -0.0306121 -0.199548 -0.419506 -0.402459 -0.0293144 0.859589 -0.393849 -0.113283 0.971073 0.668551 -0.726415 0.116314 1.59839 2.08198 0.195764 -0.0533204 0.407134 0.100884 -0.386588 0.321129 0.513426 0.430368 0.711307 1.13449 0.89328 -0.227689 -0.389068 0.229306 0.0720918 -0.355628 -0.313756 -0.0250782 
-1.0242 -0.979595 1.06261 1.39035 -0.214102 -0.8997 -0.159133 0.0136319 -0.509222 -0.651744 -0.525257 -0.370949 0.824357 -0.398501 -0.398696 0.429862 0.943223 0.602291 -0.259969 -0.0276627 0.574261 0.240084 -0.694262 -0.700831 -0.0731095 0.445205 -1.20071 -1.80628 -0.995317 -0.717758 -1.16292 -1.52343 -0.261302 0.0868968 -0.532022 -0.942423 -0.0786016 0.976062 0.208681 
-1.44452 -1.61335 0.651746 1.36119 -0.666588 -1.68904 -0.595502 0.491643 0.0165393 -1.1347 -1.14631 -0.153696 1.27052 -1.53727 -2.02807 -0.434475 -0.33392 -2.31634 -1.79276 1.1226 2.10885 -0.510578 -1.38211 0.186564 1.55728 -0.00135348 -0.204738 0.161735 0.65301 -0.383705 -1.41948 0.827649 1.99263 0.541279 -1.45124 -0.0431095 1.31656 0.718533 -1.15403 
-1.90976 -2.12371 0.715452 1.18218 -2.22177 -1.9288 0.6675 1.98548 -1.01793 -2.00787 -0.40437 1.47799 0.861389 -0.483171 -0.110907 1.10652 0.345949 -1.36482 0.848044 2.36297 1.20875 -1.887 -0.737181 1.16825 0.977825 -1.14742 1.75031 2.54555 1.29236 1.0297 1.78788 1.99251 -0.143136 -1.5156 -0.558162 0.725924 0.498352 -0.789694 -1.08468 
-1.74037 -1.71294 1.45386 1.58847 -1.86211 -1.31566 1.21098 1.61325 -1.82117 -1.88989 -0.0688047 0.993906 0.347964 0.456344 0.927652 1.04982 0.783219 0.431981 0.810093 0.797081 -0.00717826 -1.25732 -0.325438 0.830143 0.233604 -1.49333 3.29884 2.87706 -2.27725 -2.22845 2.35516 1.34682 -2.89073 -2.09828 2.37676 1.97225 -0.622447 -1.07276 0.416079 
-1.68001 -1.65746 1.47528 1.68954 -1.88367 -1.57558 1.23699 1.9585 -2.24766 -2.37939 0.343661 1.72484 -0.350786 3.15657 3.21585 -1.9184 -2.48895 2.21752 2.6223 -1.45678 -1.68645 1.90244 2.10153 0.133117 -0.791526 -0.46117 -0.554374 -0.924267 -0.713714 -0.537001 -0.375308 -0.667045 -0.51394 0.0721671 0.738472 0.214512 -0.485586 -0.0973369 0.972139 
