-1.33065 -1.53467 -1.42181 -1.25855 -1.20493 -0.761588 1.41733 1.41073 0.366565 -0.709861 -0.356983 -0.950161 -0.638594 -1.86587 -2.14261 -1.79011 -1.50048 -1.58952 -0.12366 2.43102 2.43642 1.19977 -0.871281 -0.248767 0.237821 0.529471 -0.267401 -0.395472 -0.533813 -0.592183 -0.394623 0.0504195 0.363822 0.632466 0.829977 0.126967 0.25867 1.1873 0.731996 
-1.19153 -1.45128 -1.55011 -1.37706 -1.04957 -0.0925075 1.77847 1.94681 1.22586 -0.72331 -0.198074 0.336168 0.628495 -0.157574 -0.320681 -0.633115 -0.764985 -0.350672 0.0607171 0.375653 0.734829 1.21413 0.225548 0.373882 1.81045 1.19632 1.3291 1.421 0.849695 0.346505 0.475767 -0.713372 -2.16165 -1.98589 -0.593653 0.748348 0.38841 0.466923 -0.344456 
-1.41328 -1.73356 -1.96362 -1.96452 -1.42535 -0.635691 1.67069 1.96784 1.60783 -0.54465 -0.00398748 1.08303 0.806086 -0.357988 -0.464571 -0.638849 -0.947768 -0.924577 -1.29751 -0.669639 -0.227611 0.313264 0.220239 0.317395 0.902085 -0.108191 -0.141539 0.125182 0.567417 0.459507 -0.106628 -0.266589 -0.45018 -0.769342 -0.572587 0.583012 0.0994665 -1.46296 -1.44284 
-1.40425 -1.74909 -2.09692 -2.24981 -1.65411 -1.5755 1.25621 1.71789 1.50083 -0.562399 0.104928 1.38914 0.476531 -0.18385 -0.068472 0.154078 -0.0536496 -0.365299 -0.390968 -0.369167 -0.350011 0.358705 1.08665 0.51182 -0.595887 -1.3127 0.272327 0.764743 1.47542 1.72777 2.04859 2.85628 1.29566 0.416331 0.653273 0.723102 -0.576957 -1.40076 -0.166814 
-1.51296 -1.75908 -1.81941 -2.02141 -1.65556 -1.04484 1.37139 1.63896 1.93154 0.318125 0.471089 0.519544 -0.820119 0.0474779 0.491365 1.31943 1.5439 1.57561 3.2985 0.988691 0.226656 1.26666 1.27658 -0.547149 -1.40529 -0.443199 2.30726 2.60464 2.21722 2.23016 2.62795 1.26487 -0.99354 -1.68766 -1.72957 -0.338563 -0.125897 0.381529 1.73294 
-1.35377 -1.38978 -0.937131 -0.849016 -0.585283 2.38572 1.96445 1.85998 2.79844 0.454232 -0.357226 -0.0477716 -0.0854645 2.34444 2.91195 3.0691 3.14326 2.81091 1.63275 -1.86192 -2.62691 -2.20391 0.663426 0.315761 -0.0674924 1.58898 2.64609 2.18661 0.463366 0.0572508 -0.0473362 -2.75225 -3.00628 -2.80008 -2.68327 0.826619 1.89021 0.227492 0.337961 
0.0285495 0.264135 0.865162 0.838721 0.240045 0.943208 -0.0355615 -0.54947 -0.493456 0.838053 0.772645 0.52625 1.10515 2.92924 3.01182 1.97243 1.69056 1.63017 -1.17092 -3.2746 -3.49425 -2.7032 2.47718 2.24473 -1.12199 0.0817931 -1.03032 -1.85563 -2.75875 -2.83426 -2.29269 -0.96144 1.06633 1.61074 1.05148 0.247086 0.58517 -0.836551 -1.88613 
0.567342 0.702092 0.791725 0.6856 0.520059 1.05267 -0.490721 -1.03682 -0.162099 2.44345 1.65155 -1.17897 -0.0049005 1.39099 0.984616 -0.433627 -0.769062 0.24548 0.0579294 -0.519266 -0.622202 -0.662944 1.05638 1.17353 -1.47716 -1.67529 -2.15284 -2.47664 -2.04756 -1.56013 -1.11697 0.651528 2.38183 2.7227 1.08098 -2.33278 -1.12134 0.310507 -1.07903 
0.951146 0.962503 0.497197 0.129039 0.418623 1.0658 -0.446243 -1.10065 -1.26558 1.6763 1.83336 -0.988218 -0.96485 0.804791 0.401182 -0.613042 -0.433194 0.436623 -0.138596 -0.121157 -0.0461217 -1.1187 -0.725237 0.573388 -0.706592 -1.8074 -1.13111 -0.951135 -0.00821156 0.777386 0.670868 -0.426373 -0.180768 0.581559 0.946474 -0.800403 -0.973975 0.960219 1.09218 
1.10942 0.999408 0.267405 0.282384 0.826568 0.942474 -0.605999 -1.11751 -1.42308 1.83845 2.18111 -1.86191 -2.23659 0.33241 0.0525236 -0.38885 0.388499 1.13807 -0.652025 -0.893241 0.0465445 0.723086 -0.0104834 -0.279409 -0.0280257 0.134697 -0.638547 -0.369977 0.230141 0.19016 -0.244456 -0.452465 -0.199227 0.560952 1.51853 -0.566168 -1.26835 1.63651 1.83971 
1.18658 1.02015 0.168256 0.475581 1.19461 0.347422 -1.13442 -1.10566 -0.551026 1.65031 1.60817 -0.938924 -0.819535 0.26004 0.108554 -0.260851 -0.0999558 0.261173 -0.890724 -0.52054 0.595876 1.11143 -1.46566 -1.31581 1.81858 1.27617 -0.23724 -0.119047 -0.0234559 -0.537695 -0.915263 0.541275 0.915604 0.368604 -0.569746 -1.04925 -0.39539 0.196192 -0.176624 
1.29788 1.09557 0.0500111 0.183232 1.01565 -0.0586587 -1.01763 -0.673876 -0.291972 0.633641 1.03866 0.180044 -0.694173 0.2063 0.0360006 -0.363733 -0.299996 0.179893 0.202095 0.24194 0.438857 -0.128149 -1.42414 -0.874864 0.205483 -0.217025 -0.551049 -0.365766 0.113954 0.129549 0.143949 1.0985 0.426497 -0.530403 -0.598502 1.01587 0.209323 -2.08175 -1.20014 
1.34016 1.06644 -0.138798 0.193901 1.32929 0.640787 -0.980273 -0.790267 -0.74952 0.479137 0.855969 -0.637652 -1.10471 -0.193433 -0.179441 -0.0585105 0.148199 0.538932 0.864079 -0.0586147 -0.178801 0.217769 -0.0013084 -1.01506 -1.5723 -0.819338 -0.714165 -0.352167 0.407597 0.311692 -0.195507 -0.0755863 -0.355378 -0.316812 0.807585 0.958807 -0.433816 -0.542017 0.186446 
1.19197 0.993769 0.00895204 0.31051 1.39063 1.01886 -1.0865 -0.862927 -0.119427 0.61508 0.162379 -1.43709 -1.71654 -0.417334 -0.23703 0.217332 0.203842 0.0615588 0.0591405 -0.372385 -0.0585592 1.05294 -0.0393212 -1.52727 -0.735562 0.0498261 -0.175494 -0.138661 0.011585 -0.0484181 -0.650517 -0.74004 0.202687 0.342207 -0.351121 -0.859484 -0.003829 1.11344 1.20613 
1.08891 0.925053 0.0605335 0.371952 1.38477 0.764817 -1.28197 -0.881117 0.318846 0.429782 -0.473631 -1.35186 -1.06327 -0.255129 -0.217545 0.0117997 0.14653 -0.11033 -0.352874 0.095236 0.179246 -0.310872 -1.1505 -1.03021 0.120625 1.18478 0.152015 -0.017608 -0.253787 -0.240114 -0.516779 -0.256867 0.770221 0.520136 -0.931637 -0.779779 0.626651 0.714566 0.789547 
1.04602 0.865773 0.0291667 0.436266 1.33107 0.654839 -1.04121 -0.75956 -0.513913 -0.334423 -0.727308 -1.22739 -0.285981 -0.137376 -0.141936 -0.054621 -0.0669215 -0.431651 -0.37683 0.562676 0.530455 -0.332281 -1.07744 -0.608026 0.322724 1.3442 -0.325049 -0.164414 0.193923 0.103983 -0.456395 -0.425182 0.0300395 0.130332 0.476266 0.98494 1.08973 0.703496 -0.42008 
1.0194 0.84903 0.0228641 0.302943 1.11015 0.372417 -0.889831 -0.490915 -0.0986043 -0.460531 -0.989664 -0.924071 0.562406 -0.472842 -0.283986 0.31728 0.358795 -0.533081 -1.0609 0.0114376 0.262262 0.381341 0.270738 0.575322 1.1613 0.418279 -0.734787 -0.32658 0.439006 0.100791 -0.733928 -0.418372 -0.370148 -0.321923 0.780341 1.36859 0.703812 0.367232 -0.976773 
0.758745 0.692106 0.3156 0.755703 0.988563 -0.54788 -1.0581 -0.588393 -0.165919 -0.132605 -0.196029 0.105303 0.206421 -0.782523 -0.386813 0.566954 0.140863 -1.17824 -1.07385 -0.07198 0.0264042 0.80861 0.878465 0.42557 0.828372 -0.370762 -0.353937 -0.120065 0.223214 -0.170967 -0.540003 0.667079 0.678667 0.220768 -0.0785852 -0.624086 -0.954944 -0.439989 0.181231 
0.5311 0.604679 0.526883 0.423527 0.335841 -0.845639 -0.968619 -0.512374 0.707687 0.233596 -0.590922 0.0493586 0.0890701 -0.720689 -0.301628 0.660538 0.185096 -1.05339 -0.00343865 0.820475 0.462671 0.254841 -0.550401 -0.849408 0.38259 0.676245 0.0237684 -0.107788 -0.0784683 0.509192 0.827696 0.570649 0.790797 0.46612 -1.25686 -1.8023 -0.662526 -0.671462 0.0962082 
0.310584 0.506311 0.901174 0.916649 0.297815 -0.497979 -0.474673 -0.253552 0.0463883 -0.595975 -0.925696 0.59769 1.01456 -0.636351 -0.390947 0.521119 0.921944 -0.102653 -0.172253 0.891405 0.545301 -1.05649 -1.58467 -0.565789 -0.318629 -0.257651 0.127807 -0.117267 -0.455717 -0.274871 -0.0569856 -0.4133 -0.138565 -0.123743 -0.581817 -0.0267844 0.474522 -0.400878 -0.347503 
0.137685 0.357486 0.990957 1.25681 0.281416 -0.995707 -0.332562 -0.110048 -0.486567 -1.06762 -1.06957 -0.214937 -0.245825 -0.465984 -0.316193 0.128146 -0.134459 -1.01009 -0.692262 0.504592 0.215874 -0.614204 -0.539124 -0.155627 -0.33389 0.0333907 -0.0884108 -0.0575319 -0.218105 -0.837447 -1.02977 -0.12134 -0.119094 -0.156744 0.66549 1.10657 0.631493 0.897542 0.69897 
0.027759 0.310504 1.02278 0.786014 -0.363953 -1.26402 -0.125637 -0.120271 -0.673458 -1.05021 -1.04134 0.316927 1.03588 -0.607204 -0.339783 0.295187 -0.187331 -1.19445 -0.389162 0.602324 0.255667 -0.0850713 0.00608388 0.360629 1.03079 0.882404 -0.546124 -0.402468 -0.00795494 -0.000546931 -0.109002 0.0635075 -0.045798 0.0515144 0.542559 0.353217 0.080371 0.420573 -0.0313594 
-0.236809 0.145464 1.25814 1.07794 -0.503743 -1.40271 0.0889934 0.0557326 -0.638856 -1.08019 -0.728308 0.976918 0.814639 -0.914321 -0.644571 0.173254 -0.0689285 -1.02749 -0.61039 0.316403 0.196577 0.175827 0.0017316 -0.0459895 0.256628 -0.0708393 -0.370825 -0.490458 -0.493099 -0.171755 0.640652 0.751968 -0.00243918 0.0106708 0.301153 -0.428672 -1.24014 -1.08644 -0.367727 
-0.546094 -0.111029 1.1837 0.715174 -1.03736 -1.93309 0.0837605 -0.00274901 -0.545902 -1.06631 -1.05995 0.67339 0.929632 -0.872669 -0.764979 -0.285418 -0.362136 -0.337115 0.805513 0.473819 0.183351 0.348752 -0.542721 -1.48678 -0.776477 0.205093 0.023072 -0.179741 -0.445047 -0.0531869 1.25509 1.54425 0.190659 -0.0739089 0.431289 0.777113 0.345604 0.305537 0.612742 
-0.783625 -0.358838 1.01933 0.739556 -0.715092 -0.394569 0.415196 0.162453 -0.325817 -1.53734 -2.02207 0.21856 1.04611 -0.768875 -0.727876 -0.345375 -0.0772918 0.546806 1.86491 0.453698 0.0144696 0.801673 1.13334 0.456732 0.664115 0.922307 0.350104 0.0430344 -0.560275 -0.607748 -0.198475 0.100663 0.169488 -0.16522 -0.559244 1.39597 2.86438 1.55211 -0.0493503 
-1.02553 -0.589826 0.892645 0.636702 -0.65711 0.329962 0.395033 -0.0339554 0.252948 -0.165712 -0.633625 1.46957 2.03893 -0.386066 -0.603159 -0.952663 -1.14897 -0.458913 0.947442 0.581972 -0.117286 -0.486986 1.45134 2.74885 1.61441 0.0702118 0.953993 0.0773535 -1.59572 -1.63934 -0.770472 -0.949877 0.0913502 0.322216 -1.50566 -1.74866 0.363935 -0.526535 -2.04863 
-1.01457 -0.751905 0.199041 -0.316775 -1.00796 0.781698 0.821649 0.0236408 -0.909206 -0.379135 0.432864 2.0402 1.1125 0.347701 -0.528294 -2.34809 -2.31223 -0.242425 0.308778 0.454294 0.346567 -1.43056 -1.25503 0.98662 -0.252295 -2.61881 1.72295 1.40975 0.509793 1.02478 1.57157 -1.00976 -1.11148 0.175016 0.950211 -0.724958 -2.19525 -2.19983 -0.535527 
-0.780171 -0.931431 -1.14373 -1.48105 -0.805083 0.749699 0.706748 0.206064 -1.34254 -1.19989 0.261669 1.27686 -1.18588 1.53269 1.0625 -0.239791 0.355876 1.48467 -0.705476 -1.07312 0.0237332 0.904558 0.489624 -0.514053 -1.96436 -0.892984 -0.449656 0.376093 1.77765 1.59994 0.113667 -0.178177 -0.239118 -0.200603 0.976652 0.865673 -0.659329 0.208 1.56692 
