-3.43818 -3.51635 2.88356 3.29933 -2.99093 0.92354 2.63041 2.40071 -3.35006 -0.971661 1.1362 0.866098 -0.913616 -1.89314 -1.46966 2.77025 2.20633 -2.29947 0.944735 2.6322 1.77229 -1.55587 1.62001 2.01534 -0.827415 -2.76679 2.44427 2.54447 -1.66488 -2.13131 1.35233 0.474998 -1.53299 -1.66078 2.07751 1.4208 -0.0117158 -1.81825 -0.717809 
-1.40325 -1.17457 1.79512 1.71995 -1.8224 0.587324 1.56022 1.35185 -1.15261 2.31363 2.43519 -0.897674 -2.71279 3.11498 3.34974 -1.99853 -2.73878 1.96972 0.775374 -1.86873 -2.25664 2.7726 2.08122 -0.113127 -2.57192 -0.927997 2.43438 1.99233 -3.4393 -2.8831 2.60572 0.156404 -2.62669 -1.74097 1.46739 -2.01212 -2.81135 0.17701 3.07026 
-0.678818 -0.32656 1.28126 0.780875 -1.10729 1.38091 1.16757 0.173672 -0.659792 1.96414 0.961044 -1.88939 -1.75732 1.20962 1.17345 -1.26335 -1.46398 1.39877 1.25061 -0.552651 -0.595506 0.428414 -1.54165 -1.98709 -0.546683 1.61714 -2.01694 -2.27401 0.792599 1.4917 -0.732808 -0.414655 1.07941 1.81361 -1.59419 -2.33509 -0.960312 2.10538 1.52056 
-0.227568 0.0444015 0.71659 0.294114 -0.4344 1.40934 0.981331 0.600387 -0.543554 0.362192 -0.038186 -1.49638 -0.969419 0.717955 0.532722 -1.17858 -0.988359 1.06386 0.239692 -0.593792 0.303182 0.801111 -1.57369 -1.54406 0.465836 1.28282 -0.602713 -0.662861 0.409262 0.692311 -0.642643 -1.30708 -0.300917 0.421295 0.63186 0.587766 0.839887 0.862302 -0.637471 
0.0882067 0.312186 0.263124 -0.237313 -0.0100144 1.42725 0.561048 0.220515 0.280156 -0.0305228 -0.969007 -1.40981 -0.353773 0.559925 0.418402 -0.883057 -0.704071 0.617256 -0.600214 -0.938748 0.0341823 1.33313 -0.732673 -0.917152 0.713821 0.801805 -0.3708 -0.321505 0.663478 0.812711 -0.591652 -1.04166 0.0511053 0.256277 -0.434474 0.631171 1.08172 0.147038 -0.739154 
0.408106 0.579622 -0.0910086 -0.480414 0.275178 0.811221 0.143117 0.408278 0.868732 -0.497939 -1.1994 -0.752713 -0.054818 0.354802 0.214551 -0.506727 -0.0792634 0.35267 -1.21999 -0.556278 0.70411 0.328053 -0.698424 -0.138162 0.703717 0.324897 -0.542781 -0.437212 0.784872 0.637794 -0.553694 0.151822 0.687801 0.0628741 -1.12451 0.210593 0.609813 0.0722741 -0.122812 
0.553388 0.662803 -0.276366 -0.476324 0.469879 0.353573 -0.0202787 0.623502 0.800115 -0.844452 -1.17486 -0.676905 0.0760612 -0.0157168 -0.0478519 -0.0719746 -0.0117125 -0.0415886 -0.301096 -0.135056 0.167002 -0.0314993 -0.499726 -0.16684 0.844811 0.708162 -0.442396 -0.354329 0.45167 0.12051 -0.312376 0.95046 0.656155 -0.543493 -1.02966 0.157811 0.315413 0.196347 -0.0191813 
0.565322 0.692612 -0.320769 -0.661528 0.41282 0.442612 -0.155295 0.334153 1.06948 -1.04383 -1.44042 0.130454 0.764597 -0.096811 -0.145628 -0.0777923 -0.027861 0.0266214 0.256059 0.209331 -0.00365971 -0.914033 -0.546087 0.203165 1.01209 0.376572 -0.112129 -0.193097 -0.0584544 0.187268 0.0883399 0.118057 0.359136 -0.0973842 -1.02175 0.462884 0.871928 -0.435023 -0.981211 
0.6432 0.687248 -0.510271 -0.671279 0.666733 0.412473 -0.0873817 0.397778 0.217331 -1.45288 -0.962121 0.38441 0.558423 -0.0592728 -0.201684 -0.2281 0.122409 0.184982 -0.0517358 0.273131 0.0776605 -1.26337 0.11853 0.947607 0.25051 -0.589198 -0.139785 -0.140836 0.232635 0.372437 -0.245743 -0.767378 -0.332672 -0.146949 0.901803 1.23743 0.671129 -0.762086 -0.610177 
0.686335 0.666294 -0.661757 -0.727687 0.747145 0.265339 -0.179547 0.180666 0.176548 -0.755687 -0.314699 0.380719 0.265275 -0.174536 -0.232577 0.0999316 0.3357 -0.207535 -0.799421 -0.214978 -0.161712 0.339473 1.25508 1.03866 -0.0498131 -0.400493 -0.215854 -0.178093 0.353856 0.418711 -0.199533 -0.82132 -0.531906 -0.195708 0.824768 0.491919 0.332556 0.869906 0.399238 
0.66841 0.632954 -0.61756 -0.554629 0.660317 -0.338503 -0.439474 0.0316571 0.747429 0.368465 0.275269 0.314845 0.250915 -0.230984 -0.336314 0.0886517 0.543306 0.0145529 -1.18671 -0.39093 -0.147986 -0.109393 0.781128 1.31275 1.52189 0.0492184 -0.12776 -0.108223 0.114953 0.000685441 -0.365269 -0.10331 0.0794254 -0.0991652 -0.980962 -0.869436 -0.452529 0.0707731 -0.121606 
0.664626 0.518059 -0.777082 -0.4331 0.933522 -0.782803 -0.649817 -0.173262 0.308136 0.426295 1.25883 1.98494 0.414888 -0.237404 -0.277786 0.142687 0.23863 -0.606527 -0.876284 -0.143384 -0.253523 -0.839686 -0.161428 0.313144 0.0790305 -0.492446 -0.116626 0.0479144 0.32643 -0.41075 -1.08559 0.384323 0.337341 -0.22999 -0.58091 -1.04317 -1.62868 -1.76881 0.237178 
0.641365 0.53772 -0.694389 -0.521176 0.30754 -1.14846 -0.743479 -0.416019 0.230651 0.278942 0.622891 0.382493 -0.150061 -0.280096 -0.181696 0.373948 -0.0635642 -1.37782 -0.54496 -0.00896933 -0.421155 -0.771656 -0.900709 -1.0467 -0.979346 0.460382 -0.278032 -0.267933 0.151524 0.185793 0.7142 1.1109 0.385266 -0.0211672 0.0596506 -0.314116 -0.456464 0.518086 0.89139 
0.602097 0.509841 -0.689154 -0.658655 -0.0888115 -1.33853 -0.863543 -0.769845 -0.148244 -0.660516 -0.0612481 0.925466 0.982441 -0.48594 -0.527395 0.227385 0.370924 0.483154 0.836199 0.296248 -0.237207 -0.6743 -0.729834 -0.417836 0.847404 0.836107 -0.397805 -0.500526 0.0687142 0.621114 1.4852 1.1115 0.394896 0.403382 1.14478 0.879413 0.418535 -0.227712 -0.690437 
0.407743 0.216445 -0.710877 -0.374336 0.900706 -0.644412 -0.752205 -0.849202 -0.139294 -0.57736 0.0740409 1.26842 0.799407 -0.676615 -0.728981 0.363672 0.608127 0.775125 1.1684 0.442251 0.183702 0.795792 0.353684 -0.562111 -1.27725 -0.429231 -0.263778 -0.281154 0.169012 0.0961564 -1.16865 -1.36718 -0.610242 -0.682205 0.150066 0.676091 0.173977 -1.19292 -0.388365 
0.209992 0.00601305 -0.608546 -0.30851 0.757812 -0.579584 -0.774204 -0.829136 0.786981 -0.0551546 -0.787037 -0.451262 0.645722 -0.716863 -0.793924 0.33214 0.392151 -1.02377 -1.1032 -0.46208 -1.13727 -0.392091 0.214039 -0.272996 -0.830476 0.370084 -0.262907 -0.249527 0.320973 0.246959 -1.30216 -1.58304 -0.503852 -0.613867 -0.901316 0.439816 1.2398 1.55482 0.343788 
-0.0178154 -0.346194 -0.652734 -0.209302 0.185727 -1.62848 -1.27026 -2.08191 -0.25869 -0.16038 -0.297177 0.367488 1.27517 -0.906463 -0.955034 0.642711 0.81621 -0.915908 -1.08909 -0.188051 -0.621625 -0.280458 0.93671 1.0634 0.973362 0.131429 0.354864 0.711271 0.805375 0.120709 0.366135 2.25929 2.23253 2.65876 0.261245 -0.0664853 0.462029 0.331011 -1.28443 
-0.373157 -0.702524 -0.329143 0.219981 0.136464 -1.55283 -1.10821 -1.6038 0.766694 1.33671 0.480692 0.568805 0.878901 -0.183432 0.209667 1.16674 0.4438 -0.414093 2.30163 2.20049 2.59415 0.0337699 0.0238228 0.272012 -0.329566 -1.35247 0.656782 0.67333 -0.482718 -0.579698 0.588193 0.68788 0.176201 0.415478 0.148711 -0.555273 -0.695747 -0.700153 -0.149758 
