-1.83929 -1.95971 -1.57782 -1.72609 -1.62908 -0.618904 1.90834 1.58714 1.0216 -1.12193 -0.610456 0.267467 0.0177219 -2.23955 -2.30951 -1.64569 -1.69273 -2.23783 -0.990332 3.33112 2.57902 1.409 -1.04525 -0.00329007 0.980249 -0.291147 0.221301 -0.0557944 -0.307205 -0.00939562 0.411949 -0.751926 0.366922 0.922164 0.84231 -0.0643195 0.206265 0.740816 0.543813 
-1.421 -1.57692 -1.41499 -1.58565 -1.50553 -0.886346 1.98604 1.807 1.31013 -0.917282 -0.0291928 0.851943 -0.160168 0.34335 0.0452986 -0.426785 0.00544854 0.56638 -0.904195 0.224659 0.913028 1.12222 0.0213722 0.380406 0.930662 0.621124 2.12908 1.54573 0.433231 0.686227 2.75 0.557642 -3.70912 -1.96012 -0.944666 -0.23991 -0.576298 -0.311786 0.852862 
-1.58761 -1.87301 -1.87255 -1.64462 -1.24724 -1.42867 1.97843 2.18168 2.05889 -1.07586 -0.28253 1.07725 0.59422 -0.11667 -0.493222 -1.01184 -0.638546 0.736996 -0.153745 -0.299213 0.36654 0.0842146 -1.25695 -0.784127 0.473104 0.737941 -0.0767643 0.162796 0.244935 -0.285158 -0.387645 0.649965 -1.57447 -1.4257 -0.823079 -0.413426 -0.928916 -0.988568 -0.996139 
-1.46723 -1.87067 -2.24742 -2.1364 -1.00885 -1.02891 1.73303 2.00382 1.35987 -2.02576 -0.785135 1.27273 0.510661 0.408671 0.332317 -0.0626588 -0.404848 0.309091 0.0551144 -1.38679 -0.719932 -0.0360701 -0.420634 -0.923679 -0.500937 -0.790573 1.74667 2.41447 2.67793 2.38757 0.13646 0.427935 -0.940961 -1.87233 -1.33783 1.67583 1.2248 -0.0970621 -0.660414 
-1.29363 -1.58353 -1.83263 -1.96594 -1.03857 -1.38555 1.05466 1.58778 1.99419 -1.42901 -1.16836 0.669944 0.0307608 1.6495 2.28373 2.83742 2.98062 1.01959 0.510424 -1.31151 -1.75074 -1.77896 1.07417 1.10768 0.259262 -0.230581 2.09736 2.28211 2.03001 1.9669 0.921598 1.80875 0.18525 -1.69753 -2.10384 2.25608 2.65402 0.537148 -0.299723 
-0.36969 -0.202569 0.457872 0.865827 -0.32198 -0.580993 0.85568 0.659727 -0.362998 -1.02884 0.219688 1.51171 0.399399 2.50196 2.96289 2.8585 2.58011 1.40047 2.55478 -1.33395 -2.64766 -2.94818 2.68067 3.08894 0.151524 -1.28296 -0.144783 -0.956918 -1.96967 -2.53641 -0.266554 1.49428 -0.197307 -0.150069 0.530824 0.966034 0.292497 -1.34805 -1.21812 
0.355964 0.564381 0.892034 0.643102 -0.0953462 0.879935 0.163467 -0.409072 -0.841062 1.01885 1.68049 0.817335 -0.930308 1.65138 1.33255 0.0292482 -0.823716 0.88704 2.59206 -1.62048 -2.00042 -1.08328 2.46315 1.61605 -1.66337 -1.9353 -1.92736 -2.54091 -2.60792 -1.94122 0.323808 -1.32872 0.282305 2.00968 2.04507 -1.78312 -2.27332 -1.49061 0.778336 
0.729067 0.793547 0.582266 0.133296 0.275681 1.71764 -0.21223 -0.866079 -1.424 1.22257 1.69766 0.116144 -1.08844 0.841094 0.260118 -0.863941 -0.326902 1.87605 0.883867 -1.18932 -0.555356 -0.178954 0.420624 -0.210103 -1.96584 -0.352254 -1.48219 -1.30206 -0.455731 0.637567 0.302484 -2.4401 1.21793 2.10582 0.89277 -2.21627 -1.23327 1.17276 1.66082 
0.929982 0.802847 0.195528 0.398298 1.16797 1.65987 -0.63852 -0.883193 -1.0417 1.42551 1.45881 -0.835382 -1.13982 0.405755 -0.000287173 -0.610292 0.157108 1.34066 -0.556182 -0.590969 0.196141 0.108044 -0.371817 -0.139664 -0.142695 0.160328 -0.799827 -0.323342 0.351658 0.105328 -1.8725 -1.50678 1.44102 0.834151 -0.249714 -0.882109 0.27329 1.96776 0.302231 
1.02116 0.848043 0.118882 0.36365 1.17865 1.21728 -0.645179 -0.793279 -1.35159 0.913516 1.54154 0.0134001 -0.88404 0.231961 0.00955919 -0.34694 -0.148494 0.0892029 -1.02374 0.0511871 0.262231 -0.552105 -0.643478 0.269761 0.640766 -0.0500312 -0.478594 -0.160094 0.164354 -0.271125 -0.940568 0.717522 0.49529 -0.156755 0.0855753 0.159569 -0.401637 -0.848058 -0.259432 
1.10952 0.864299 -0.0258186 0.328639 1.22865 0.743824 -0.675413 -0.762293 -1.59735 0.871103 1.68375 -0.272056 -1.10529 0.0962608 -0.0703247 -0.361593 -0.232032 0.513798 0.492929 -0.244904 -0.0607957 0.194025 -0.0532711 -0.661323 -1.38236 -0.278875 -0.349943 -0.103565 0.103925 -0.272682 -0.445743 0.867969 -0.00563739 0.0402088 1.27945 0.443111 -1.14239 -1.96708 -0.225579 
1.11282 0.853059 -0.115933 0.211982 1.5251 1.64964 -0.86469 -0.90747 -1.19737 0.892165 0.899897 -1.14327 -1.0343 0.042468 0.00203303 -0.184802 -0.539981 -0.227934 0.22536 -0.0765094 0.218879 1.16872 0.0514211 -1.3511 -2.12744 -0.444546 -0.387325 -0.0839044 0.244577 -0.115964 -1.30312 -1.01203 0.444156 0.641696 1.01155 -0.0847451 -0.313039 0.378322 -0.094082 
1.16635 0.920434 -0.0981504 -0.125347 1.07588 0.938305 -0.791065 -0.672945 -0.515823 0.944306 0.400104 -2.06215 -1.38933 -0.1281 -0.0561105 0.00202023 -0.387248 -0.686534 -0.757022 0.0527996 0.548097 1.54799 -0.0590103 -1.05151 -0.946852 -0.499807 -0.557487 -0.352786 0.112316 0.546062 0.276908 -0.541098 -0.00634066 -0.0014582 -0.41389 -0.040476 0.800081 1.88864 0.554093 
1.05919 0.868117 -0.0165624 -0.092065 1.06367 0.970726 -0.900589 -0.578525 0.244988 0.86563 -0.104908 -1.92967 -1.36296 -0.340617 -0.281085 -0.0106464 0.302888 0.19934 -0.398586 -0.204871 0.130344 0.570752 0.104441 -0.0895367 0.371101 0.190149 -0.414426 -0.243813 0.136533 0.455977 0.122994 -0.0867704 0.139284 -0.490866 -1.39038 -0.130836 0.736638 1.41855 1.6412 
0.975096 0.776553 -0.0104214 0.248121 1.21068 0.578058 -0.985885 -0.648029 -0.00319707 1.0654 0.290639 -1.72809 -1.16085 -0.377741 -0.218725 0.210866 0.319806 -0.417809 -0.777039 0.0621655 -0.0711448 -0.387131 -0.125927 0.115914 0.909571 1.56992 -0.369517 -0.0344946 0.28733 -0.2069 -1.41667 -0.467527 0.406717 0.114738 0.0405352 -0.527452 -0.511861 0.792942 1.48199 
0.843894 0.768291 0.274751 0.298012 0.783108 0.27401 -0.930712 -0.700248 -0.153706 0.778658 -0.0231537 -1.13782 -0.0203008 -0.548367 -0.212233 0.414208 0.0105744 -1.11796 -0.924735 0.0574246 0.16781 0.595057 -0.488915 -0.774756 1.37297 2.04971 -0.35476 -0.238085 -0.101925 -0.332658 -0.605421 0.117622 0.678052 0.579699 0.480198 -0.610363 -0.49999 0.0936542 -0.620949 
0.6493 0.681315 0.467777 0.334621 0.458883 -0.249968 -1.01893 -0.595847 0.532552 0.650584 -0.456582 -0.542271 0.569251 -0.571726 -0.375006 0.0781339 -0.162102 -0.899432 -0.525361 0.581081 0.470518 0.23923 -0.829333 -0.551689 0.956239 0.653498 -0.317699 -0.303118 -0.105892 0.286291 0.577252 0.765377 0.964707 0.18762 -0.861178 -0.25407 0.643838 0.0997578 -1.21652 
0.50297 0.558057 0.444075 0.214994 0.178388 -0.198947 -0.640788 -0.427762 0.0435131 0.0563901 -0.562759 -0.30629 0.58234 -0.707784 -0.440428 0.275793 0.461807 -0.381299 0.187989 0.847449 0.284308 -0.615407 -0.719404 0.254963 1.42797 0.3471 -0.408122 -0.203566 0.231965 0.707581 0.594297 -0.0904744 -0.121784 -0.211935 -0.412847 0.108977 0.187989 -0.364517 -0.378071 
0.220266 0.424861 0.818763 0.864103 0.202891 -0.0887127 -0.564723 -0.45888 -0.0833211 0.0276014 -0.245411 0.690309 0.924472 -0.815486 -0.493115 0.423681 0.924275 -0.145212 -0.550303 0.343537 0.153745 -0.357308 -0.57794 -0.198403 0.377065 0.0576851 -0.243322 -0.168727 -0.0571285 -0.178628 -0.649086 -1.12226 -0.369441 0.218328 0.871607 0.226802 -0.569597 -1.02272 -0.160474 
0.00418846 0.264382 0.93098 1.19849 0.081294 -0.694079 -0.497373 -0.385816 -0.326807 -0.438827 -0.773549 0.0328472 0.703856 -0.797823 -0.520011 0.20723 0.212118 -0.907902 -1.20848 0.375679 0.434106 0.546933 -0.311619 -0.51593 -0.050275 0.0385265 -0.30746 -0.250966 -0.297937 -0.946606 -1.23195 0.603217 0.731901 0.332128 0.735805 0.205317 -0.213525 0.127148 0.294761 
-0.267077 0.112184 1.10673 1.14846 -0.40753 -1.16901 -0.401483 -0.212894 0.406644 -0.227082 -0.751734 0.666137 1.03052 -0.965351 -0.663639 0.0101719 -0.483236 -1.27223 0.346866 0.913381 0.426946 0.61907 -0.198673 -0.440922 0.469484 0.350047 -0.0685271 -0.143822 -0.216193 -0.221978 0.192832 0.860464 0.238208 -0.326946 -1.1242 -0.843494 -0.320236 0.200803 0.916112 
-0.591646 -0.149765 1.03784 0.800207 -0.774338 -0.391572 -0.00250063 -0.145041 0.231787 -0.591501 -1.21006 0.450556 1.06146 -0.724818 -0.572054 -0.0891855 -0.102927 -0.567236 0.0306412 0.478604 -0.00738277 -1.0237 -1.32447 -0.916798 0.142753 1.15111 -0.0606865 -0.203033 -0.299574 -0.216479 -0.11442 -0.639415 -0.260058 -0.157139 -0.359425 0.140235 0.246033 -0.0740804 0.445818 
-0.707143 -0.23726 1.12228 1.12354 -0.788666 -1.14764 -0.174764 -0.288213 -0.597675 -1.39654 -1.63116 0.806071 2.03498 -0.885033 -0.781159 -0.405682 -0.789991 -1.24807 -0.407771 0.545062 0.169593 0.0956855 0.0942099 -0.00150416 0.287034 0.841813 1.75236 0.654242 -0.873537 -0.755288 1.54939 0.881298 0.0403108 0.540827 1.25245 2.06004 1.76771 -0.755129 -2.77809 
-1.13547 -0.646937 0.762508 0.100784 -1.61371 -0.759984 0.265207 -0.0915616 0.29244 -0.479651 -1.23759 0.713152 1.81616 1.04666 0.258411 -1.32721 -1.222 1.17083 1.29746 0.394364 0.492128 0.660146 1.51663 1.78063 -0.969978 -2.61287 0.802024 0.609653 0.273945 0.510988 1.07371 0.235049 -0.446935 -0.076208 -0.0470901 -0.151398 -0.0490774 -0.150645 -0.564427 
