-2.0453 -2.93552 -3.6593 -3.85134 -1.59301 -0.889986 2.24379 3.05084 3.28437 -1.17621 -0.969321 0.886956 0.166815 -1.07614 -1.06398 -0.288134 0.494522 -0.160139 0.76271 2.18869 1.79533 0.125114 -1.50177 -0.47658 0.989156 0.0569217 2.13365 2.5632 2.76072 2.63225 1.43257 0.915932 -1.19417 -1.99812 -2.00603 1.15539 1.61174 0.101267 -0.884631 
-0.84072 -0.902905 -0.0886859 0.745715 -0.0908146 0.758774 1.93373 1.79193 0.0695969 -1.54903 -0.575144 1.03567 0.0622213 2.70472 3.44651 4.08303 3.98253 1.8313 1.40842 -1.61655 -2.84123 -3.32399 1.81059 2.71981 -0.00967124 -1.51524 2.35275 2.06062 0.22451 -1.22815 0.261021 -0.298647 -3.27747 -2.97697 -0.670648 2.94632 1.78658 -1.47615 -1.39277 
0.138558 0.280296 0.60272 0.514232 -0.14113 0.493917 0.738573 0.00763182 -1.32476 0.687527 2.20883 0.878789 -1.37819 1.89197 1.72918 0.0176331 -1.43409 0.261299 0.349272 -1.98583 -2.38087 -0.984438 2.92118 2.5334 -1.34155 -2.28056 -1.67944 -2.37168 -3.37276 -3.15847 -0.307861 -0.137544 -0.0789442 1.28785 2.68939 -0.591394 -2.04375 -1.00132 0.928236 
0.692966 0.744739 0.126965 -0.510085 0.144843 1.11729 0.0947783 -0.771211 -1.36592 1.45897 2.38412 -0.364395 -2.26516 0.825655 0.477654 -0.968734 -0.901827 1.56813 1.23664 -1.86378 -1.20102 1.13835 1.07321 -0.627097 -1.64172 -0.0970314 -1.3962 -1.38299 -0.593244 0.817245 0.922249 0.00941924 0.554089 1.64337 1.71408 -2.05728 -2.57066 0.319168 2.4817 
0.819223 0.785122 -0.163381 -0.189183 1.10689 1.71151 -0.990076 -1.32512 0.119297 1.79154 1.45695 -0.834962 -1.47335 0.353392 0.0456265 -0.894507 -0.230748 1.47847 0.397931 -1.45579 -0.255807 1.86057 0.0455847 -1.68798 -1.0306 1.65136 -0.463586 -0.384704 0.0699427 0.049908 -1.40675 -1.50343 1.6082 1.472 -0.38943 -1.28735 -0.0785031 1.06799 0.657914 
0.995834 0.855061 -0.565256 -0.517054 1.3234 1.52291 -1.26516 -1.11827 1.05783 1.50421 0.386515 -1.43949 -0.572942 0.40819 0.0918785 -0.893169 -0.873447 -0.0174503 -0.983962 -0.0394576 0.690329 0.49514 -0.679317 -0.712444 -0.228936 0.883764 -0.34779 -0.176644 0.390711 0.160176 -1.43674 -0.98956 1.39996 0.530453 -1.37409 -0.268858 1.29161 1.02624 -1.12753 
1.16593 0.937679 -0.854271 -0.863145 1.12661 0.77929 -1.07001 -0.685519 0.690837 1.0899 0.604845 -1.07227 -0.56585 0.0751267 -0.069671 -0.34121 -0.0335226 -0.143205 -1.05187 0.112841 0.351454 -0.415494 -0.221319 0.500535 0.320757 -0.256916 -0.591756 -0.273719 0.653594 0.791208 -0.125486 0.433609 0.178881 -0.485242 -0.625073 0.295024 0.452845 0.294899 -0.39098 
1.0761 0.8601 -0.70677 -0.319343 1.2457 0.524947 -1.20746 -0.832056 0.394091 1.27444 0.958727 -1.10234 -0.831557 -0.163351 -0.149617 0.0516477 0.290029 -0.0611406 -0.299022 0.0298812 -0.0876226 -0.538836 -0.12371 0.0840449 0.0463061 0.167313 -0.316704 -0.106166 0.325686 -0.0514698 -0.353921 0.443536 0.232827 0.0949791 0.335109 -0.467824 -0.862775 -0.0681448 0.44928 
1.05542 0.869716 -0.604764 -0.329653 1.11248 0.510178 -1.08729 -0.857189 -0.140218 0.960703 0.688003 -1.02194 -0.390776 -0.165769 -0.0933472 0.115242 -0.160374 -0.461797 -0.352042 0.248417 0.364812 0.142787 -0.778446 -0.886404 0.0618102 0.386283 -0.191909 -0.130987 0.0211842 -0.111596 -0.278665 -0.147401 0.268458 0.496351 0.542082 -0.410939 -0.436073 0.0353078 -0.316599 
0.96365 0.84352 -0.393967 -0.253279 0.9212 0.204503 -1.02723 -0.531913 0.487662 0.470667 -0.0976451 -1.03581 -0.43263 -0.254228 -0.20556 0.0545957 0.0711104 -0.289168 -0.485593 0.209206 0.47313 0.362665 -0.59786 -0.594731 -0.0604187 -0.428779 -0.284753 -0.274565 -0.0923261 0.187605 0.255119 0.462517 0.217101 -0.121953 -0.378525 0.125326 0.386381 0.23571 -0.0934247 
0.872204 0.750669 -0.352324 -0.0233537 0.921713 0.0604407 -0.942495 -0.444089 0.251619 0.342985 -0.0258773 -1.08314 -0.825086 -0.368256 -0.335943 -0.0508643 0.0788505 -0.0474632 0.37626 0.364683 0.0823172 -0.482341 -0.47037 -0.200222 0.249961 0.151314 -0.215318 -0.149457 0.0211438 -0.160305 -0.199093 0.784864 0.696839 -0.0719239 -0.885399 -0.561533 -0.191283 0.469456 1.01642 
0.689219 0.605415 -0.246493 0.0610525 0.917671 0.589146 -0.741925 -0.526364 -0.266759 -0.0156954 -0.348281 -0.772646 -0.273911 -0.373245 -0.285514 0.0574834 -0.222392 -0.421439 0.726229 0.914516 0.258865 -1.103 -1.29168 -0.86725 0.471671 1.13213 -0.144852 0.0298169 0.354168 -0.239141 -1.20803 -1.04867 0.117946 0.237714 0.26512 -0.03315 0.0480057 0.781646 0.695314 
0.593782 0.558613 -0.0970096 -0.0216511 0.628478 0.783897 -0.160286 -0.254431 -1.34473 -0.98958 -1.05976 -0.58828 0.336318 -0.402565 -0.18284 0.448007 -0.335367 -1.3939 -1.16221 0.359204 0.290339 -0.0401224 -0.393456 -0.0756123 1.24141 1.19263 -0.346187 -0.193126 0.307963 0.345203 -0.673814 -1.50222 -0.607433 -0.0074739 0.959317 1.20871 0.954582 0.40723 -0.460876 
0.387342 0.507115 0.397518 -0.0544909 -0.128896 -0.515635 -0.461575 -0.303884 -0.421306 -0.422812 -0.452598 0.526643 0.949342 -0.649583 -0.422239 0.487541 0.258151 -1.12499 -1.49257 0.0183851 0.132497 0.490392 0.596687 0.761929 0.9122 0.302576 -0.472444 -0.385591 0.108726 0.702677 0.554735 0.92655 0.62245 0.0484342 -0.176003 0.305747 0.192291 -1.01578 -1.14436 
0.0942974 0.241707 0.58635 0.478758 -0.209775 -0.640716 -0.187948 -0.196553 -0.779635 -0.376539 -0.180608 0.366962 0.649672 -0.830679 -0.56977 0.581334 0.692549 -0.619007 0.262143 0.973176 0.240219 -0.329411 0.177794 0.288456 -0.411907 -0.742896 0.158446 0.0249404 -0.394244 -0.459267 0.617527 1.4782 0.413085 0.00829013 -0.246177 -0.682377 -0.93836 -0.743053 0.223805 
-0.257015 0.0554922 1.17423 0.896736 -0.575179 -0.241471 0.373648 -0.133671 -0.968275 -0.241362 -0.129415 0.0981153 0.19391 -0.319292 -0.275476 -0.128223 -0.49313 -0.274533 0.759258 0.37529 0.0276284 0.0847338 -0.273398 -0.750452 -0.33982 0.580927 0.20236 -0.100758 -0.789002 -0.584059 0.22899 -0.957887 -0.740263 0.335298 0.801091 -0.230246 -0.248323 0.78775 1.17347 
-0.140963 0.0588165 0.656827 0.199488 -0.389207 0.114717 0.10694 -0.248035 -0.764814 -0.659959 -1.07734 0.0137688 1.24758 -0.447598 -0.586416 -0.622354 -0.249816 -0.236116 -1.14015 -0.0860484 0.581326 1.0016 -0.0327874 -0.0787276 0.588525 1.07213 -0.880605 -0.703947 0.160089 0.587642 -0.821338 -1.6274 0.149264 0.485251 0.327054 0.251716 0.596701 0.422658 -0.629243 
-0.594918 -0.41133 0.75289 0.869978 -0.72485 -1.3249 0.251605 0.392259 0.290283 -0.276878 -0.237389 0.715098 1.29398 -1.23806 -1.07627 0.0816013 0.358642 -1.15562 -1.64731 0.408264 0.573243 0.629657 0.219039 0.284782 0.12341 -0.521064 -0.532068 -0.215768 0.527268 -0.028776 -1.02288 0.145785 0.584669 -0.167778 -0.776179 -0.498213 -0.301118 -0.0388897 -0.60183 
-1.11122 -0.855312 0.936147 0.804187 -1.25119 -1.4597 0.431628 0.269465 -0.0108002 -0.436015 -0.758471 0.144679 0.71893 -0.947387 -0.752575 0.13432 -0.341918 -1.35975 -0.886944 0.481534 0.236334 -0.282951 -0.634242 -0.53353 0.372625 0.0144965 0.363517 0.228241 -0.318413 -0.634267 0.313017 1.03739 0.39118 0.145951 -0.397037 -0.803409 -0.102072 1.62759 1.03841 
-1.33264 -1.02988 1.08468 0.747636 -1.74496 -2.1632 0.64251 0.558421 -0.193663 -0.93208 -0.879406 1.10645 1.31283 -0.661253 -0.665215 -0.421225 -0.660603 -0.67161 -0.0567005 0.738272 0.656117 -0.0261687 -0.827592 0.16032 2.35959 1.07543 0.371026 0.100242 -0.464869 0.433098 1.95248 1.73971 0.335334 0.478786 0.780552 0.16226 0.0809074 -0.261656 -0.598795 
-1.62004 -1.39409 0.714993 0.351114 -1.73822 -1.49422 1.05456 0.87339 -0.146419 -1.29043 -0.585749 2.61253 1.82237 -0.361549 -0.507919 -0.586626 0.273212 1.09721 1.75714 0.742972 0.773131 1.014 -0.272292 -0.354317 -0.171058 -1.03823 2.09741 1.54029 -0.313939 0.0955348 2.29781 1.0297 -1.38932 -0.953554 0.123827 1.34128 0.184865 -3.19601 -1.71692 
-1.6017 -1.42502 0.698901 1.26368 -0.861752 -0.441695 1.26969 1.28437 1.08172 -1.21436 -1.31098 0.929627 0.25548 1.99991 1.4515 -0.917386 -0.562358 2.20093 1.52237 -1.11789 -0.760522 0.181746 1.25414 0.512063 -2.50175 -1.78656 0.184448 0.302752 0.41309 -0.147053 -1.00093 -1.19445 -0.482695 -0.481707 -0.613028 0.100793 0.186415 0.224094 0.693406 
