-3.05987 -2.66684 1.98813 2.36691 -3.14647 -1.35111 1.32158 0.337145 -0.145851 1.39811 1.91649 1.73732 2.46056 -1.46328 -0.720003 2.84469 2.89167 -1.39252 -1.11417 0.919286 0.482001 -0.207272 0.343574 0.617846 0.267079 -0.26194 2.96756 2.84877 -0.036198 -1.2702 1.56426 0.750591 -1.12383 -0.697526 0.497292 0.0531324 -1.14104 -2.19962 -2.55138 
-1.08717 -0.546728 2.84464 2.34731 -1.37255 -1.60382 0.737069 0.510624 -0.236557 0.27597 0.618509 0.284254 -0.398497 3.72729 3.6625 -0.0950559 -1.84515 2.17745 1.37203 -1.46628 -1.0829 0.747248 0.13463 -1.75146 -3.10685 -3.60217 2.55792 1.5614 -3.32964 -4.06669 2.03978 1.71718 -1.81355 -1.62616 0.644944 0.466729 -0.841545 -1.27456 0.17321 
-0.118143 0.282238 1.79821 0.787556 -0.683588 0.894334 0.238515 -0.645928 0.434641 1.45898 0.215378 -1.75568 -1.30535 1.76518 1.33667 -1.83667 -2.67299 1.4512 1.95234 -1.37576 -1.88859 0.731273 1.06698 -0.701048 -1.55429 0.0540153 -2.47681 -2.67668 -0.887804 0.651478 -0.726853 -0.918344 0.380107 0.707045 -0.299004 -0.395981 0.955726 2.68061 2.87225 
0.33157 0.547096 0.85694 0.0817016 0.310079 1.54007 -0.27693 -1.24148 0.33026 1.29668 -0.0542166 -1.4706 -0.478468 0.824723 0.4327 -1.37602 -1.13436 1.14472 -0.181642 -1.12544 -0.218155 0.462833 -0.370074 -0.474543 0.567951 0.595171 -1.21959 -1.01906 0.846346 1.807 -0.766072 -1.75053 0.499231 1.79606 -0.0395838 -1.20168 0.097086 1.58014 -0.00319994 
0.570621 0.654993 0.286022 -0.202571 0.669769 0.734292 -0.584495 -0.803602 0.77168 1.00025 -0.235592 -1.13459 -0.839764 0.393588 0.174549 -0.702735 -0.425282 0.363522 -1.0602 -0.891769 0.486242 0.782957 -0.58468 -0.664268 0.591272 0.116284 -0.612355 -0.385289 0.679901 0.702709 -0.640222 -0.176433 0.61277 0.418547 -0.169284 -0.259428 -0.158875 0.07844 -0.0966505 
0.685689 0.713929 0.0397506 -0.320627 0.824148 0.0198034 -0.921657 -0.726805 0.941318 0.617021 -0.690934 -0.823396 -0.495663 0.192588 0.0611256 -0.47387 -0.35542 0.233373 -0.43472 -0.505021 0.246546 0.34648 -0.680389 -0.807449 0.626734 0.523052 -0.29793 -0.218569 0.17443 0.0921162 -0.224226 0.615205 0.978261 0.0761099 -0.695273 -0.00189131 0.419948 -0.0276355 -0.181064 
0.768725 0.731351 -0.294922 -0.546986 1.04401 0.182422 -0.934141 -0.51772 1.00912 0.222067 -1.01249 -0.447686 -0.446881 0.144343 0.0109364 -0.504479 -0.458471 0.0350448 0.0744967 0.16782 0.476102 -0.0148563 -0.528379 -0.161175 0.50265 -0.0772272 -0.182789 -0.133575 0.156854 0.105865 -0.575857 0.00728347 0.660236 0.201901 -0.280882 0.506377 1.09135 -0.0121011 -0.0892735 
0.846345 0.750253 -0.572789 -0.750468 0.985315 0.256329 -0.75794 -0.221812 0.869464 -0.00467422 -0.835108 -0.27541 -0.707944 0.0835565 0.00353189 -0.300089 -0.370323 -0.587791 -0.365734 0.17243 0.410835 0.0855434 0.0994566 0.665358 0.559699 0.461541 -0.214008 -0.0656356 0.48681 0.397103 -0.649368 -0.473078 -0.185654 -0.359028 -0.138514 0.529111 0.690923 0.229802 0.965973 
0.882198 0.761768 -0.69648 -0.903755 0.53603 -0.262641 -0.766907 -0.075025 1.02321 0.246721 -0.347463 0.164168 -0.11601 -0.0027058 0.0380888 0.128786 -0.086009 -0.889119 -0.698611 -0.17115 -0.13742 -0.0913443 0.28383 0.733289 0.771767 1.37877 -0.231914 -0.105684 0.402485 0.45176 0.0844945 0.0227056 -0.128936 -0.468201 -0.392226 0.071399 0.137042 0.154488 0.458269 
0.892863 0.808236 -0.531642 -0.871551 0.153599 -0.704111 -0.85285 -0.302425 0.732138 0.20979 -0.103577 0.573865 0.547621 -0.0852975 -0.0192709 0.215747 0.0748369 -0.483707 -0.269713 -0.0983869 -0.354073 -0.319648 0.26009 0.759846 0.724158 1.18743 -0.196925 -0.206265 -0.0288253 0.236368 0.723909 0.552869 0.340396 0.00143694 -0.239801 -0.122811 -0.0833324 -0.313077 -0.831895 
0.864608 0.773997 -0.565567 -0.891503 0.139872 -0.559039 -0.8063 -0.362434 0.69046 0.436746 0.410069 0.960142 0.946658 -0.128951 -0.110175 0.0439966 0.0726662 0.110877 0.326808 0.121981 -0.251105 -0.299058 0.167995 0.509489 0.286491 0.249325 -0.132823 -0.106947 -0.00374456 -0.103744 -0.114911 0.296528 0.364558 0.23155 0.0488102 -0.40485 -0.991747 -0.752457 -0.951665 
0.841389 0.747952 -0.578019 -0.861098 0.396237 -0.0769434 -0.724108 -0.491551 0.417014 0.305004 0.408847 0.879851 0.664549 -0.133483 -0.0436497 0.165885 -0.218859 -0.659018 0.306331 0.223777 -0.148672 -0.153443 -0.25724 -0.775984 -0.371688 -0.114252 -0.0436991 -0.000681145 0.0750544 -0.184556 -0.879007 -0.397166 -0.00384517 0.161029 0.0590588 -0.364035 -1.06298 -0.744625 0.120237 
0.809617 0.766778 -0.486125 -1.12271 -0.444633 0.036425 -0.599889 -0.453787 0.499979 0.0941855 -0.336022 0.529269 0.69705 -0.0686067 -0.00200061 0.103866 -0.328514 -1.13504 -0.313221 0.00147265 -0.143491 -0.119575 -0.291232 -1.12922 -0.798471 0.489102 -0.0926309 -0.152982 -0.0619784 0.329674 0.246954 -0.303186 0.0619865 0.236184 -0.228669 0.0670844 0.748673 0.337774 0.155752 
0.836754 0.773956 -0.562595 -1.18321 -0.699689 -0.440703 -0.687311 -0.577959 0.255523 -0.0725508 -0.683076 -0.0288248 1.02321 -0.132725 -0.125451 0.034928 0.0639184 -0.327305 -0.168949 0.182373 0.0631543 -0.346734 -0.102748 0.201888 0.0474702 0.176598 -0.246504 -0.258722 0.0761414 0.660245 1.22615 0.484869 0.45626 0.452433 0.280921 0.224423 0.660942 0.32316 -0.594566 
0.755214 0.694309 -0.541863 -1.11951 -0.672759 -0.103964 -0.425069 -0.342952 0.144044 -0.0893277 -0.124748 0.567662 0.74066 -0.255228 -0.215699 0.16525 0.393943 0.568668 0.59299 0.433826 0.368198 0.347348 0.0872376 -0.278062 -0.399622 -0.29905 -0.125996 -0.139137 0.0538671 0.481396 0.862604 0.0262667 -0.201422 0.12828 0.43107 0.0338283 -0.323105 -0.212999 -0.0511247 
0.687265 0.629499 -0.483808 -0.90643 0.0347799 0.598581 -0.320637 -0.17596 0.493709 -0.0604756 -0.941687 -0.490972 0.587298 -0.172597 -0.189982 0.0652932 0.548495 0.867024 -0.0666847 -0.175543 0.125356 0.314719 0.0044012 -0.368217 -0.298735 0.169947 -0.0574587 -0.0405183 0.062691 0.033839 -0.556863 -0.714187 -0.637594 -0.47991 -0.695146 -0.466911 -0.215757 0.381852 0.40324 
0.669862 0.570365 -0.566256 -0.714614 0.38225 -0.0860234 -0.523331 -0.172746 0.354301 -0.162532 -0.471623 0.218462 0.777565 -0.211639 -0.157216 0.207903 0.283241 -0.225883 -0.602791 -0.448195 -0.412945 -0.4503 -0.518439 -0.693124 0.0807864 0.347704 -0.309457 -0.165044 0.333749 0.0155857 -1.04594 -0.229517 0.115624 -0.258528 -0.534489 -0.288211 -0.431448 -0.114053 0.264977 
0.571609 0.531692 -0.360992 -0.721418 -0.0843827 -0.213506 -0.626926 -0.519562 0.0491243 -0.671938 -1.60666 -0.41528 0.803406 -0.435879 -0.286829 0.485411 0.413516 -0.612792 -0.412819 -0.152497 -0.34881 -0.274786 -0.346888 -1.0948 -0.507445 0.61787 -0.45626 -0.354436 0.205158 0.0683447 -0.698355 0.384242 0.987176 0.246724 0.0696523 0.874374 1.25998 -0.281868 -0.81635 
0.380152 0.369169 -0.156984 -0.421609 -0.152592 -0.603986 -0.604009 -0.45513 0.0599525 -0.597384 -1.52985 -0.364397 1.26604 -0.65369 -0.490305 0.44895 0.218435 -1.21868 0.127019 0.622107 -0.186504 -0.257092 0.785267 1.02323 -0.361122 -0.759388 -0.325412 -0.209239 0.41555 0.615818 0.219062 0.233046 0.435376 0.0749951 0.565917 1.42843 1.93653 0.0812861 -0.641251 
0.112836 0.168188 0.0106436 -0.590128 -1.27017 0.104337 -0.116598 -0.647026 -0.230078 0.0587507 -0.591261 -0.834324 -0.0965865 -0.718589 -0.438804 1.01944 1.07688 -0.32016 0.0519371 0.254762 -0.360495 0.561372 1.74554 1.5987 -0.444707 -0.237419 -0.172481 -0.108821 0.390461 0.983461 1.05693 -0.430884 -0.714479 0.0950891 0.833375 -0.0359241 -1.04759 -0.402626 1.20332 
-0.128996 0.0467465 0.80354 0.421304 -0.373041 -0.402388 -0.373957 -0.748668 0.481338 1.12189 0.0489507 -0.877019 0.892262 -0.75017 -0.517022 0.948042 1.37079 0.24793 -0.572122 -0.352298 -0.170326 0.925579 0.793121 -0.593251 -0.970837 1.03792 0.00388163 -0.228801 -0.664711 -0.250092 0.077866 -0.443822 0.244261 0.979484 -0.707363 -1.77163 -1.07419 0.575845 -0.731259 
-0.420826 -0.216627 0.897466 0.496424 -0.880286 -0.660266 -0.349721 -0.759048 0.503062 0.797524 -1.15845 -1.93597 0.815358 -0.600303 -0.615179 0.049142 0.588534 -0.225363 -0.669884 0.432378 0.882027 -0.252106 -0.717469 -0.0562048 0.305278 -1.22214 0.409089 0.0934542 -0.848717 -0.553459 0.223977 0.274205 1.3988 1.17716 -1.90528 -1.33765 1.75466 1.7874 -2.00026 
-0.546331 -0.416366 0.762474 0.859393 -0.491646 -1.31835 -0.00838759 0.14378 0.206404 0.305534 0.00754474 -0.549999 -0.474252 -0.138443 -0.291425 -0.278496 0.478945 0.54745 -0.0352115 1.21261 1.3463 -1.43989 -1.0521 1.83758 1.46274 -1.7717 -0.500886 -0.710903 -0.799731 -0.344012 1.04564 1.97509 2.17325 0.296366 -2.55704 -1.43527 0.472657 1.30721 0.301597 
-0.479667 -0.421489 0.518197 0.843668 -0.168613 -0.593597 0.611148 0.576549 -0.78859 -0.363333 0.654218 -0.313124 -1.10519 -1.0967 -1.39292 -1.10918 -0.0247331 1.22543 2.84875 2.92786 1.17731 -3.46199 -2.70166 0.523015 2.07158 -0.721559 -0.833195 -1.23906 -1.31503 -0.151294 0.912334 0.232668 0.598748 0.921832 -0.0220282 -0.717197 -0.686745 0.115749 0.916869 
-1.34897 -1.49986 -0.474265 0.789106 0.94842 3.21341 2.26118 1.31807 -2.81613 -2.55352 0.533212 1.75447 -1.33611 -1.03951 -1.72797 -2.1544 0.122005 1.81146 0.428883 1.81618 2.50888 -1.36546 -2.01407 0.74227 1.57337 -0.38632 0.722166 0.611123 0.14116 0.614134 -0.37882 -3.19271 -2.94902 0.150365 3.17334 2.30317 0.890742 -1.74371 0.442453 
-1.23791 -1.77225 -1.79747 0.895021 1.90106 0.191608 2.03252 3.02183 -2.01653 -2.51453 1.39454 1.43358 -1.62908 -0.103722 -0.521593 -0.957252 0.636394 0.680343 -2.69198 -0.731567 1.27013 0.752295 0.636011 1.70608 -0.401726 -0.0184147 0.221568 1.14774 2.48853 0.14116 -2.42032 0.360424 -1.13988 -2.72299 1.22152 2.61102 0.186889 -1.15688 0.539539 
-1.38086 -1.88832 -1.55418 1.26687 1.80287 -0.833263 1.73869 2.58096 -2.23132 -1.97649 2.21713 1.28997 -1.4891 -0.656132 -0.187283 1.26638 0.154048 -1.59406 1.11694 0.330613 -1.38263 0.320078 1.76184 0.908753 -0.0844738 0.45644 1.40138 2.20083 1.86452 -1.46526 -1.75506 1.7659 -1.23013 -2.82077 1.40521 0.91348 -2.68722 -0.494459 1.08616 
-1.69858 -1.89404 -0.58205 0.972937 0.311982 2.0421 2.32045 1.75266 -1.80169 -0.778466 2.29786 1.32425 -1.30335 1.71637 2.33268 1.59455 -1.4682 -1.79306 0.459923 -2.32557 -2.75696 2.67583 1.99539 -2.27854 -1.13905 1.61042 0.445555 0.0627384 -0.877326 0.00124931 1.14789 -0.669212 -0.1787 1.08053 -0.32653 -1.27908 -0.557575 0.096928 -0.3639 
