-1.37723 -1.46163 -0.886172 -0.666149 -2.38142 -2.99778 1.59952 1.88987 0.684715 -0.543168 0.432757 -0.144585 -0.445303 -2.507 -2.73756 -1.52934 -1.01286 -3.42431 -1.53057 3.25903 3.27212 0.478383 -0.29887 1.39524 -0.186839 -1.42534 -0.229801 -0.335301 -0.521464 -0.410344 0.331653 1.42281 0.621633 -0.148563 -0.572418 -0.172136 0.780431 1.31439 0.732327 
-1.40943 -1.55772 -1.28883 -0.837078 -2.05978 -1.53937 1.81796 1.89384 0.620645 -0.180143 0.976704 -0.199512 -1.5296 -0.192663 -0.335722 -0.763647 -0.59014 0.423286 2.37264 0.725385 -0.220658 -0.998139 -0.316387 1.05019 2.29318 1.2275 1.75889 1.89116 0.895747 0.689246 3.34784 2.13087 -2.13782 -2.79764 -1.4187 -0.407672 -0.652632 1.23766 1.79762 
-1.46589 -1.62402 -1.49132 -1.12412 -2.02373 -0.31525 1.95375 1.67035 -0.544076 -0.738557 1.16347 1.95221 0.941317 -0.318173 -0.343486 -0.243461 -0.0851767 0.488788 2.02312 0.584135 -0.565888 -1.93633 -0.950114 0.484157 1.97617 1.56392 -0.034611 0.130025 0.720802 0.725444 -0.353318 -1.78066 -0.793043 0.0158772 0.758812 1.02009 -0.0935848 -2.22624 -2.12735 
-1.56971 -1.72462 -1.4295 -0.842185 -1.66094 0.765103 2.09058 1.46543 -1.78328 -0.927126 1.30387 1.60376 0.226848 -0.151582 -0.100922 0.269231 0.387514 0.0540412 -0.598172 -0.292436 -0.21677 0.232042 1.0622 0.904216 -1.4196 -2.27429 0.398399 0.433117 0.423208 0.447501 -0.483509 -2.66295 -1.30489 0.618498 2.44826 1.94881 0.0822795 -2.33742 -2.42786 
-1.5311 -1.65 -1.17421 -0.705305 -1.89805 -0.846095 1.71997 1.45318 -0.23199 0.265967 1.79011 0.61125 -1.52151 0.241446 0.262926 0.359046 0.508816 -0.0310911 -2.41936 -1.06439 0.260885 2.12178 1.7488 0.578868 -1.92521 -2.43484 0.081827 -0.0127578 -0.227189 0.0187947 0.521109 0.344603 0.162362 0.344227 0.315266 -0.219309 -0.139812 0.887709 1.3983 
-1.41063 -1.53922 -1.0322 -0.314584 -1.58874 -1.73563 1.41083 1.53727 0.89582 0.675019 1.69856 -0.205351 -2.41246 0.0289359 -0.0411843 -0.0688446 0.389739 0.696533 -0.0240064 -0.132979 0.235483 0.71978 0.678746 0.694975 0.149793 0.0545787 -0.907064 -0.87842 -0.0887967 0.356053 0.571399 1.35601 1.09521 0.264744 -1.02494 -1.49387 -0.586004 1.66386 2.24696 
-1.49329 -1.64128 -1.15897 -0.284496 -1.36868 -0.755896 1.57831 1.50966 0.691019 0.936736 2.26757 0.723433 -1.42426 -0.762254 -0.738698 0.221109 0.976577 0.669588 -0.158149 0.244548 0.604603 0.366172 -0.446667 -0.241024 0.960772 1.29753 -0.343676 0.112005 1.7782 2.06679 1.50784 0.230127 0.216097 -0.0352461 -1.36029 -2.33819 -2.2825 -0.363378 0.298931 
-1.82435 -1.93572 -0.758065 0.632516 -1.0763 -1.79053 1.48727 1.81709 1.37591 0.366234 1.50872 0.657736 -0.948854 -0.300094 0.171522 2.49321 3.21893 2.4807 0.35921 0.0926922 0.169562 -1.59717 -2.71707 -2.44672 -0.403021 0.565334 2.8557 3.2878 1.96958 0.361432 1.14369 0.401225 -1.90481 -2.18127 -1.36863 -0.85394 -1.42746 -0.329398 -0.00608522 
-1.64326 -1.50899 1.14391 2.6736 0.281687 -0.251191 1.56702 1.52624 -1.28809 -1.3482 0.505222 0.323754 -0.765542 2.74003 3.36775 3.05993 1.45176 2.03242 0.510463 -2.14323 -2.39175 -1.96473 -1.73236 -2.21251 0.465597 1.30386 3.29918 2.73111 -1.99471 -3.96528 -1.6293 0.0215398 -2.61467 -1.95971 1.61973 2.52368 1.2887 0.656632 -0.559993 
-0.239335 0.0534007 2.05085 2.00577 0.292408 -1.12222 0.184265 0.283915 -1.06359 -1.06161 -0.0866561 1.06233 0.521708 3.73326 3.59543 -0.400997 -2.27829 0.635115 0.3945 -3.16979 -2.52424 1.07408 0.799128 -0.700917 0.774401 -0.344384 -0.924746 -1.90805 -3.64919 -2.45248 -0.698881 0.486314 0.686008 1.31667 1.93021 1.52628 1.5097 -0.567485 -2.04393 
0.50858 0.612401 0.862574 0.701656 0.772464 0.291685 -0.329048 -0.0870999 0.0787016 -0.572649 -0.0124895 1.01428 -1.10686 1.71516 1.10373 -2.22693 -1.95725 1.26336 1.32101 -1.33852 -0.611609 1.22623 0.36585 -0.164258 -0.433442 -2.05996 -2.69779 -2.74912 -0.441307 0.984342 -0.638226 -0.367567 2.30815 1.7886 -0.724202 -0.694456 0.582116 -0.576579 0.000429621 
0.760787 0.727255 0.139145 0.321747 1.17791 0.422808 -0.653853 -0.172158 0.493771 -0.663186 -0.221766 0.634482 -1.70551 0.585138 0.300197 -1.04872 -0.943266 -0.0637753 -0.219247 -0.366227 -0.0996873 -0.178126 -0.25983 0.0778616 -0.140064 -0.327285 -1.24258 -0.822012 1.1094 0.794024 -1.6686 -0.697133 1.319 0.424233 -0.985511 -0.231413 0.128155 0.0342436 1.60034 
0.863809 0.819446 0.00288593 -0.0730058 0.824124 0.170702 -0.605459 -0.233427 -0.122972 -0.718812 0.0250161 0.858073 -1.42938 0.309668 0.17127 -0.632065 -0.884932 -0.627703 0.157536 0.246183 -0.0501063 -0.463382 -0.0348095 -0.00676249 -0.311773 0.60304 -0.404687 -0.264267 0.360163 0.295997 -0.215528 0.141026 0.346994 0.0686977 0.194129 0.375129 -0.329592 -0.277678 0.872145 
0.958807 0.859401 -0.348513 -0.400599 0.875254 0.709372 -0.576465 -0.288485 -0.0652029 -0.613492 -0.244591 0.31929 -1.00535 0.183045 0.051567 -0.537388 -0.558403 -0.273592 0.0153484 0.0207394 -0.0236726 0.106843 0.201819 -0.391109 -0.547505 1.13144 -0.218469 -0.152858 0.25481 0.398381 0.0267203 -0.680774 -0.373233 0.00643609 0.259507 0.224398 0.396656 0.518453 0.362333 
0.989566 0.882051 -0.400235 -0.502513 0.743956 0.303469 -0.658314 -0.333759 0.0322951 -0.463157 -0.271823 0.324612 -0.148353 0.130575 0.0592352 -0.27309 -0.358742 -0.557232 -0.978647 -0.254336 -0.0591106 -0.0689787 0.212548 0.5182 0.631258 1.21865 -0.101918 -0.0772873 0.112365 0.207374 0.0369754 -0.35763 -0.213972 -0.127842 -0.237191 0.142075 1.14468 0.885931 -0.283327 
1.05462 0.92646 -0.515643 -0.651046 0.616873 -0.233014 -0.788235 -0.41026 -0.130163 -0.348499 0.106846 0.877273 0.371547 0.143525 0.0321875 -0.384411 -0.295871 -0.191256 -0.581824 -0.283533 -0.216035 -0.330168 0.33214 1.15759 1.01888 0.679271 -0.211187 -0.183121 0.0186367 0.0547462 0.176067 0.686073 0.405316 -0.069149 -0.194873 0.348784 0.621724 -0.0586996 -0.643068 
1.09277 0.933397 -0.666763 -0.696576 0.71552 -0.209693 -0.886951 -0.550484 -0.35982 -0.0940716 0.535455 1.2415 0.635612 -0.039798 -0.0899042 -0.255661 -0.306891 -0.313964 0.165096 0.204496 -0.171327 -0.435152 0.636743 1.35119 0.595268 0.171543 -0.337301 -0.201175 0.269902 0.0278599 -0.439608 0.512565 0.748177 0.25044 -0.0950621 -0.244626 -0.984161 -1.17005 -0.573986 
1.0532 0.906878 -0.667211 -0.854991 0.511339 0.061728 -0.73493 -0.599933 -0.653778 0.285712 1.05215 1.40193 0.597376 -0.177871 -0.139087 -0.00360928 -0.281133 -0.66034 0.272505 0.597783 0.10815 -0.52927 -0.0873037 -0.207216 -0.902286 -0.253589 -0.124641 -0.0351131 0.230541 0.0341042 -0.595452 -0.4899 0.157363 0.337766 0.0369752 -0.988143 -2.12754 -1.31292 -0.0645225 
1.01256 0.885243 -0.593275 -0.87742 0.392356 0.201226 -0.606438 -0.571055 -1.00132 -0.0900681 0.369719 0.379538 0.394103 -0.106529 -0.0575753 0.0682186 -0.283534 -0.963364 -0.652706 0.357793 0.272104 -0.41324 -0.839743 -1.57843 -1.56824 0.0812252 0.0178464 0.0403246 0.0904575 -0.00798806 -0.518305 -0.809204 -0.141372 0.230417 0.0873207 -0.392148 -0.330806 0.304778 0.441957 
1.0137 0.906078 -0.529588 -1.03799 -0.0022157 -0.528104 -0.593064 -0.521302 -1.14995 -0.365204 -0.0911748 -0.0766526 0.723921 -0.0739708 -0.0142662 0.117685 -0.315878 -1.22048 -1.0779 0.382971 0.404994 -0.423086 -0.716477 -0.677848 -0.32171 0.4937 -0.0659246 -0.0911717 -0.0579825 0.158025 0.607075 0.444488 -0.0411788 -0.0526562 0.193662 0.455427 1.09601 1.02131 0.154058 
0.991637 0.909602 -0.411484 -1.08943 -0.282745 -0.848518 -0.450026 -0.412017 -1.50982 -0.633695 -0.131545 0.0551455 0.974073 -0.102947 -0.0939781 -0.0251561 -0.0891219 -0.221407 0.0880696 0.266442 0.182408 -0.129052 -0.263936 -0.0963459 0.227784 0.352392 -0.155845 -0.184799 -0.0722816 0.390248 1.60391 1.31111 -0.226127 -0.280643 0.655545 0.65772 0.187869 0.181573 -0.343456 
0.976247 0.884129 -0.475339 -1.04663 -0.0495958 -0.316678 -0.503973 -0.496942 -1.29015 -0.514941 -0.177867 0.107744 1.14855 -0.17807 -0.165462 0.00363154 0.199086 0.674848 1.10841 0.0637206 0.00398023 0.634238 0.146926 -0.438629 0.0498725 -0.0579133 -0.293375 -0.248608 0.173032 0.500455 0.806743 0.462404 0.0687394 0.187799 0.48511 0.0316713 -0.447629 -0.171388 -0.406533 
0.911309 0.846125 -0.331531 -0.839599 0.232997 0.466557 -0.47805 -0.495618 -0.693963 -0.425819 -0.462263 0.0748098 0.947666 -0.371741 -0.323409 0.215555 0.577967 0.751572 0.858729 0.310535 0.421057 0.642984 -0.290574 -0.72686 0.000640886 -0.303536 -0.240082 -0.228307 0.0698274 0.20005 -0.434275 -1.05175 -0.107089 0.447864 0.212199 -0.440767 -0.395779 0.0654775 0.204367 
0.785393 0.728894 -0.20616 -0.457018 0.514351 0.72833 -0.389408 -0.328184 -0.463335 -0.687863 -0.714074 0.0818236 0.852139 -0.383045 -0.370003 0.0950914 0.451508 0.211935 -0.646573 -0.108847 0.597751 0.949454 -0.551368 -0.998182 0.224523 0.296455 -0.0250462 0.0145822 0.00647646 -0.32134 -1.004 -1.12307 -0.756242 -0.514293 -0.0357476 0.183621 -0.262161 -0.238039 0.291742 
0.714003 0.663822 -0.169913 -0.363393 0.457888 -0.116642 -0.605768 -0.219949 0.516727 -0.825735 -1.1919 0.256187 1.31081 -0.319206 -0.23015 0.215399 0.110685 -0.370533 -1.01521 -0.661938 -0.299009 0.543167 -0.101188 -1.10354 -0.339561 0.19533 -0.30599 -0.0655131 0.567124 0.138328 -0.29363 0.835147 0.159648 -1.19621 -1.4289 0.111764 -0.406152 -1.2691 -0.200239 
0.62452 0.627837 0.06288 -0.286471 0.373275 -0.2536 -0.836656 -0.595114 0.238455 -0.695945 -1.51883 -0.259097 1.10412 -0.666946 -0.374947 0.905725 0.618731 -0.0882475 0.745829 0.0472659 -1.05348 -1.48233 -0.464139 -1.57193 -1.86466 -0.0183085 -0.0377495 -0.0330503 0.0160742 -0.0367076 -0.0399283 1.13194 1.35584 0.315176 -0.920687 0.0803474 0.975804 -0.38186 -0.291481 
0.354678 0.478646 0.715515 0.262782 0.494172 0.806248 -0.643298 -0.943382 -1.31854 -1.14973 -2.33059 -1.49686 1.32794 -0.281883 -0.195292 0.229123 0.0362965 -0.377176 0.872251 0.968156 0.113576 -1.03793 -0.0586241 0.21403 -0.923725 -0.270328 0.680595 0.214871 -1.31989 -0.982266 -0.0202249 -0.293438 0.270384 1.25554 1.48226 1.13313 2.49155 1.28255 -1.0099 
0.484947 0.54703 0.344174 -0.182637 0.228024 0.806034 -0.342174 -0.612402 -1.04018 -0.666978 -1.38425 -1.14091 0.844207 0.230608 -0.0361202 -1.01258 -0.760865 -0.0720936 0.255729 0.339831 0.643188 0.958822 1.07514 1.82007 0.374506 -1.67207 -0.19686 -0.316539 -0.444561 -0.0786359 0.553329 -0.25474 -0.995959 -0.197408 1.38168 0.943804 0.184764 0.350798 -0.655694 
0.507579 0.49031 -0.111902 -0.348299 0.540607 1.19902 -0.511809 -0.64022 -0.0961143 -0.133938 -1.05101 -1.17661 -0.472875 -0.435099 -0.508011 -0.423309 -0.0959676 0.302595 0.4467 -0.299704 -0.17378 1.23485 1.2115 0.448999 -0.265086 -1.33831 -0.887198 -0.344649 1.53751 1.16041 -0.257566 0.0436491 0.073039 -0.428041 0.2536 0.483052 -1.33767 -0.80242 1.28525 
0.257935 0.284552 0.0429134 -0.197421 0.509877 1.40537 -0.580153 -0.80356 0.527984 0.467497 -1.08215 -1.41287 -0.589719 -0.749301 -0.383304 1.20139 0.817201 -0.33055 0.327898 0.389222 0.0408998 1.34334 1.69022 -0.0285394 -0.923052 0.469842 -0.583203 -0.297786 0.943585 0.87894 -0.745131 -1.19833 0.422269 0.729122 0.250801 -0.0973741 0.0104553 0.318405 1.07963 
0.101255 0.300279 1.03752 0.455869 0.424652 1.66986 -0.351786 -0.701483 1.60794 1.41722 -1.08936 -2.0578 0.0808682 -1.05097 -0.797737 0.93175 1.09357 -0.519987 -1.55278 0.180018 0.804052 1.61468 1.0014 0.445413 0.338604 0.463553 -0.0988259 -0.225567 -0.232801 0.284333 0.332729 -0.857822 -0.435459 -0.105238 -1.07964 -1.05604 0.923275 1.29236 -0.238547 
-0.320549 -0.146241 0.95158 0.854596 0.274898 -0.158021 -0.54099 -0.403065 2.57191 1.4191 -0.782601 -1.12586 -0.0428885 -0.785118 -0.584486 0.855196 1.18596 0.0939809 -1.1036 -0.187974 -0.120596 -0.503828 0.11721 1.21715 1.33276 0.091725 0.49901 0.507062 0.0720071 -0.168446 0.565867 1.32583 0.0222217 -1.25925 -1.78014 -0.0328921 0.591366 -0.39209 0.015297 
-0.325511 -0.00662659 1.87783 1.59075 0.575431 0.592312 -0.525217 -0.860461 0.998304 1.59923 -0.23962 -0.85028 0.218956 -0.370865 -0.100663 1.02636 0.837331 0.17429 0.65809 0.16679 -0.933258 -1.40504 0.882973 1.23685 -0.262914 0.50524 0.6132 0.352339 -0.863277 -0.8898 0.56953 1.13633 -0.352943 -0.576191 0.402335 0.571209 -1.14251 -1.48728 0.278313 
-0.510903 -0.172074 1.94472 1.67682 0.476136 0.669966 -0.509469 -1.05376 0.833448 2.26763 0.0811864 -1.39582 0.549767 0.0317299 -0.077113 -0.402769 -0.0659972 0.792497 0.791174 -0.66349 -0.925186 0.129654 0.857622 -0.364372 -1.12653 0.568383 0.0637272 -0.185618 -0.816213 -0.466713 0.300802 -0.173526 -0.327541 0.615756 1.15025 -0.579616 -1.17619 0.323318 -0.145508 
-0.286108 -0.0187776 1.59491 1.60285 1.16509 1.56425 -0.973361 -1.50627 1.18214 2.42569 -0.517397 -1.91987 0.881024 -0.212022 -0.252864 -0.16354 0.169381 0.561881 0.368006 -0.277426 -0.110228 0.480351 -0.0127198 -0.390763 0.34911 0.28099 0.292072 -0.018059 -1.00946 -1.28736 -2.44799 -1.40532 2.0298 2.61774 -0.627626 -2.57775 0.828047 1.86586 -0.858709 
-0.610607 -0.286326 1.87541 1.9 0.9209 1.18418 -0.734578 -1.20646 1.45656 2.33655 -0.215406 -1.09908 0.89591 0.46402 -0.0238745 -1.87214 -1.86673 -2.00034 -1.55357 1.79708 2.63158 -0.960898 -2.87878 0.750985 2.10211 -0.835347 0.108135 0.144759 0.11967 -0.105525 -0.519811 -0.220241 0.258098 0.0937533 -0.263084 0.0593552 0.298599 -0.24329 -0.179817 
