-2.37904 -2.46492 -1.29432 1.03493 -0.600751 -0.551987 1.34719 1.59669 -0.0711794 -0.491968 0.777636 0.900449 -0.836845 -3.80026 -3.75915 -1.52833 1.91375 -0.488632 -1.79213 1.49899 1.78107 -0.748891 -1.09796 0.783678 0.299282 -0.755591 0.309457 0.111398 -0.422609 0.049698 1.08819 0.0907916 -0.659386 -0.545128 -0.942699 -0.675261 -0.0629258 -0.157922 -0.100608 
-2.38926 -2.48627 -1.33859 1.06899 -0.597943 -0.953857 0.89379 1.17894 -0.53 -0.742621 0.436912 0.322131 -0.682671 0.497354 0.260846 -0.540089 -0.0482198 1.63584 0.146684 -0.895602 -0.804129 -1.41751 -0.718262 -0.111059 -0.276245 -0.101699 4.72229 4.43625 1.16628 -1.55974 2.07475 1.60147 -2.43186 -2.21699 -0.578932 -0.254233 -1.39989 -1.4679 -1.26835 
-2.00911 -2.22297 -1.70741 1.0048 1.20283 -0.437182 0.832136 1.06318 -1.12239 -0.970151 0.682719 0.51873 -0.936723 1.61557 1.33565 -0.0148113 0.129807 2.56608 0.238219 -1.41904 -1.06243 -1.62766 -1.33731 -1.12944 -2.11679 -2.60365 0.12808 0.382684 0.930151 0.761187 -0.116161 0.392525 0.544932 0.783226 2.01591 1.21608 -0.204418 -0.37453 -0.740869 
-1.3014 -1.51489 -1.25975 1.13859 2.25719 -0.788598 0.0707743 0.474327 -1.74503 -1.65194 -0.263329 -2.31051 -3.01245 0.792548 0.824913 0.668238 0.670878 1.5396 0.6696 -0.417052 0.0120911 1.54672 0.714823 -0.412832 -0.906317 -1.16091 -0.537225 0.294844 2.46841 1.5813 -2.51288 -0.887647 0.486914 -0.187566 1.31797 3.5621 2.84931 3.31501 3.43212 
-1.44965 -1.59821 -0.988898 1.37751 2.89762 -0.0341487 0.598633 1.07034 0.137117 -0.450263 0.408429 -0.633547 -1.98064 1.16923 1.80154 3.18169 1.73337 -0.977117 -0.835113 -1.00669 -1.4304 0.302917 2.7643 2.68482 3.27995 2.57785 1.11315 1.50457 1.69423 -0.257727 -2.40431 -2.2332 -1.72882 -2.16289 -1.81242 0.819662 1.46614 2.12299 2.11825 
-0.500108 -0.227333 1.81264 2.10653 1.10705 -1.21495 -0.509637 -0.474029 -1.45511 0.295302 1.30362 1.65688 -0.724141 2.18568 2.64293 2.86413 0.29111 -1.84745 -2.0815 -2.5329 -2.76541 -1.15885 1.69699 1.53709 2.54328 2.05569 -0.254945 -0.937518 -2.7454 -3.37477 -0.185469 0.666609 0.353351 0.557108 0.0431729 -1.60211 -1.96922 -1.9711 -1.28138 
0.00423262 0.260374 1.78609 1.53748 0.763651 -1.14751 -0.879718 -0.762335 -0.712457 0.753656 1.29317 2.43292 -0.15771 1.03751 0.889991 -0.360555 -2.00803 -1.17304 0.0295586 -0.746736 -0.890004 0.345496 0.991769 0.00432145 0.0419014 0.710309 -1.66119 -2.21152 -2.78443 -1.8886 0.39733 1.64609 2.10626 1.91204 0.585839 -1.03172 -1.1542 -1.95372 -1.16716 
0.216618 0.441593 1.56768 0.978484 -0.264551 -1.16471 -0.937108 -1.06442 -1.132 1.00807 1.27728 1.66424 -0.100304 0.486579 0.307418 -0.728572 -1.8475 -1.2052 0.00448899 -0.272847 -0.572247 -0.312574 0.573262 -0.0448633 -0.666375 0.358967 -0.649709 -0.75228 -0.469697 0.691155 0.594543 -0.166711 0.513202 0.563717 -0.694238 -0.763472 0.253465 -0.319456 -0.560989 
0.367245 0.53393 1.19648 0.499365 -0.644306 -1.11108 -1.02838 -1.14224 -0.902334 1.17496 1.2376 1.57408 0.152987 0.465792 0.185489 -0.961505 -1.36446 -0.247154 -0.144837 -0.30439 -0.341544 -0.704039 0.17317 0.319716 -0.498207 -0.0798896 -0.278767 -0.329002 -0.081843 0.971647 0.803277 -0.0434738 0.316506 0.336244 -0.634516 -0.660161 0.154913 -0.0851785 -0.38194 
0.566284 0.6324 0.759925 0.210975 -0.589525 -1.21059 -1.10433 -1.29151 -1.62703 1.15072 1.43842 1.01107 -0.180745 0.328308 0.0760206 -0.828228 -0.901425 0.020889 -0.0162428 -0.0549354 -0.301264 -1.27366 -0.127825 0.137696 -0.823795 -0.163465 -0.444772 -0.324602 0.187905 0.544271 0.501369 1.04923 0.417571 0.218594 0.773558 -0.150974 -1.03696 -0.215384 0.556816 
0.628643 0.650446 0.513542 -0.00874512 -0.666282 -1.08608 -1.04883 -1.34265 -1.84141 1.10798 1.29054 0.522727 -0.00194118 0.122494 -0.0409901 -0.712517 -0.879299 0.54473 1.19692 0.0288389 -0.214072 0.420249 0.0512684 -1.10422 -0.868316 0.80159 -0.295127 -0.186765 0.0869008 -0.0315512 0.296972 0.795308 -0.102211 0.289062 1.9762 0.436668 -0.794343 0.223041 0.300821 
0.695544 0.669506 0.185352 -0.28474 -0.019346 -0.516899 -1.07549 -1.43416 -1.24565 1.20848 0.75317 -0.0947319 0.524447 0.151802 0.00360435 -0.709785 -1.03727 0.51881 1.0089 -0.314789 -0.0878335 1.63175 0.418699 -0.95922 -0.477743 0.335174 -0.091608 -0.0425802 0.139984 0.124988 -0.629385 -1.33001 -0.285239 0.451058 0.702708 0.294996 0.693455 0.356929 -1.03252 
0.776719 0.717816 -0.0584726 -0.592957 -0.125403 -0.496024 -1.22217 -1.40168 -0.515621 1.42164 0.691479 -0.105417 0.28755 0.172828 0.0477516 -0.525465 -0.846321 -0.289633 -0.427992 -0.439853 0.196963 1.43961 0.436645 -0.195772 -0.30356 -0.693781 -0.133431 -0.106928 0.150469 0.429916 -0.587677 -1.17931 0.275633 0.563564 -0.168098 -0.239244 0.330126 -0.101388 -0.622089 
0.857119 0.766836 -0.214045 -0.76198 -0.392338 -0.718853 -1.32241 -1.30454 -0.0696425 1.53463 0.6079 -0.509856 -0.103135 0.15552 0.0204232 -0.509182 -0.675436 -0.255568 -0.428097 -0.143515 0.460439 1.36143 0.196393 -0.540496 -0.66164 -0.546401 -0.205154 -0.190414 -0.0216321 0.145064 -0.00544097 0.465025 0.816316 0.621939 0.0188412 -0.612699 -0.217405 0.336986 0.689443 
0.927182 0.7966 -0.44262 -0.974465 -0.459888 -0.698035 -1.29474 -1.09754 0.599447 1.58046 0.341306 -0.958462 -0.208675 0.0966043 -0.0287428 -0.547299 -0.791692 -0.22664 0.185324 0.348352 0.816443 1.44615 -0.210456 -0.51505 0.22862 0.386041 -0.274127 -0.203997 0.105894 0.204349 -0.0760695 0.683564 0.988021 0.53482 -0.778479 -1.48136 0.0298722 1.132 1.23881 
0.969756 0.812253 -0.63389 -1.20862 -0.694124 -0.582749 -1.10559 -0.764577 1.11146 1.41011 0.272852 -0.274143 0.231693 0.00242061 -0.0712533 -0.36619 -0.55687 -0.294153 0.457716 0.840609 0.973648 0.187136 -1.43878 -0.526475 1.16919 1.355 -0.297907 -0.211388 0.239233 0.740104 0.348166 0.479187 0.50723 0.000227525 -1.40502 -1.66646 -0.371991 0.248591 0.491529 
0.979351 0.813166 -0.692855 -1.28955 -0.837991 -0.411792 -0.788305 -0.453436 0.799111 0.600478 -0.000533706 0.427534 0.989754 -0.0830002 -0.12868 -0.23197 -0.0953314 0.344908 0.816299 0.783884 0.677548 -0.656063 -2.05617 -1.04269 0.616407 1.16988 -0.358278 -0.265794 0.218637 0.807196 0.667817 0.768409 0.0650883 -0.585793 -0.901821 0.085704 -0.128176 -0.784283 -0.636945 
0.967083 0.789847 -0.758427 -1.26514 -0.349825 -0.0988562 -0.632532 -0.316615 0.653828 0.000140258 -0.375824 0.435822 1.26513 -0.244473 -0.232002 -0.0774803 0.211846 0.737115 1.44932 0.771648 0.119916 -1.16983 -1.29147 -0.725484 -0.130209 0.451211 -0.30311 -0.205242 0.102598 -0.0571865 -0.228375 0.473404 0.0866746 -0.33191 0.172055 0.867317 -0.108939 -0.726788 -0.589938 
0.873007 0.72064 -0.67271 -1.17399 -0.0503379 0.42102 -0.322444 -0.374852 -0.059025 -0.276913 -0.460663 0.224411 1.38266 -0.268404 -0.221749 -0.0932385 -0.258823 0.0872768 1.44006 0.739553 0.133506 -0.422607 -1.0198 -1.21577 -0.589071 0.336391 -0.117039 -0.140203 -0.126809 -0.0205176 -0.247764 -1.08082 -0.387184 0.710309 1.7481 0.0612543 -0.723009 -0.320837 -0.325433 
0.845375 0.704278 -0.75304 -1.41326 -0.296756 0.728852 -0.185554 -0.229029 0.378176 -0.688047 -1.12738 -0.328473 1.55571 -0.222483 -0.252374 -0.235253 0.087901 0.451599 0.135124 0.186634 0.84719 1.39776 -1.17196 -1.72625 -0.672574 0.0132861 -0.299819 -0.291505 0.0931636 1.13281 0.798448 -0.180661 0.205394 0.678389 0.782547 0.372231 0.460574 0.174124 -0.598892 
0.780781 0.614287 -0.800322 -1.12787 0.414565 0.529453 -0.200772 0.185482 1.08436 -1.07108 -1.51565 -0.642006 1.38527 -0.450139 -0.411235 0.0332988 0.861055 1.30642 1.24827 0.830683 0.821844 0.714992 -0.546569 -0.621218 -0.322924 -0.510493 -0.411095 -0.255611 0.318714 0.340232 -0.185508 1.50747 1.43411 0.0313811 -0.992342 1.01794 1.45362 0.359288 -0.341454 
0.606987 0.490112 -0.62915 -0.934 1.13444 1.45085 0.315041 0.314516 0.989322 -1.04665 -1.52553 -0.767279 1.09149 -0.528245 -0.40174 0.182804 0.353013 0.255619 2.04827 1.67976 0.746297 -0.0932691 0.0357362 0.206805 -0.103964 -0.448598 -0.164096 -0.0563434 0.194764 -0.410715 -1.41739 -0.81473 0.179097 -0.13352 -0.600134 0.199602 0.380355 -0.0636536 -0.135012 
0.492247 0.406565 -0.536419 -0.933223 0.65793 1.6924 0.799372 0.678984 1.06544 -1.02414 -1.42163 -0.813031 0.976211 -0.480599 -0.337877 0.291153 0.316295 -0.661255 0.26586 0.891808 0.519801 -0.195172 -0.2697 -0.134791 -0.445183 -0.663644 -0.143386 -0.0537861 0.303849 0.539176 -0.403561 -1.75095 -1.21582 -0.638127 -0.36183 -0.339574 -0.174497 0.0490556 -0.103906 
0.349043 0.325732 -0.263777 -0.759927 0.341366 1.63134 0.851597 0.657986 0.890965 -1.21244 -1.63455 -1.3556 0.490765 -0.535623 -0.325524 0.581647 0.832678 -0.253963 -0.101521 0.149255 -0.171273 -0.650504 -0.300692 -0.0546379 -0.0421149 -0.555229 -0.264386 -0.120091 0.432725 0.811104 0.108287 -0.283758 -0.449428 -0.640165 -0.501861 0.496296 0.62467 0.5509 0.38002 
0.198976 0.250568 0.101005 -0.469864 0.325259 1.67039 0.899052 0.564682 0.612137 -1.2115 -1.48301 -0.908417 0.472117 -0.622842 -0.33577 0.856567 1.08923 -0.4347 -0.0544829 0.235772 -0.400256 -0.959794 0.344649 0.68094 0.436422 -0.0465636 -0.345389 -0.256125 0.242941 0.704341 -0.113736 -0.26091 0.50281 0.585905 0.452147 0.345647 0.289836 0.118008 0.126684 
-0.000224862 0.162782 0.631111 -0.152846 -0.195612 1.63526 1.00218 0.392004 0.196558 -0.950356 -1.25871 -0.865755 0.440027 -0.768149 -0.475464 0.901769 1.49047 -0.346721 -0.393375 0.579744 0.404252 -0.0022291 0.142298 0.309781 0.132367 -0.317012 -0.238635 -0.426652 -0.605094 0.0840316 0.135277 -0.796983 0.581403 1.55089 1.54988 0.522917 0.672066 0.0662172 -0.898691 
-0.243583 -0.00718729 1.03822 0.361999 -0.112267 1.48752 1.25201 0.831611 0.664185 -1.09035 -1.32778 -0.790417 0.180337 -0.736382 -0.676312 0.0806198 1.07803 -0.169328 -1.01477 0.755937 1.35237 1.31423 0.989279 1.56056 0.526305 -1.3418 0.0579074 -0.15432 -0.673052 -0.818684 -0.820477 -1.34267 0.169139 0.718265 0.285798 0.802908 1.52177 0.522299 -0.41496 
-0.422389 -0.231281 0.799318 0.447965 -0.43261 1.10988 1.4588 1.28697 1.27483 -0.239322 -0.360024 -0.265983 -0.765109 -0.551168 -0.511617 0.0379862 0.505728 -1.45591 -2.03407 0.629506 1.14123 0.39968 1.10541 2.33469 0.967252 -0.888825 -0.159183 0.0205828 0.424301 -0.0833887 -0.84814 -0.198371 -0.190591 -0.641762 -0.687808 -0.425235 -0.764564 -0.364122 0.609809 
-0.546834 -0.289478 1.1665 0.642196 -1.80363 0.400306 1.63424 1.58672 1.02953 -0.298437 0.0310542 0.348619 -0.62108 -0.761367 -0.516972 0.635146 0.886285 -1.3183 -1.22864 0.39524 0.430367 0.274223 0.555413 0.503778 -0.0867647 -0.381067 1.05117 0.631788 -1.07444 -1.4323 2.10053 0.972606 -2.87825 -2.78416 -1.19379 -0.66673 -1.71535 -0.733493 1.03462 
-0.860594 -0.517206 1.48684 0.941356 -1.96842 0.466617 1.7032 1.5712 1.54239 0.169546 -0.0894842 -0.415974 -1.11398 0.772892 0.330878 -1.34458 -1.14077 1.63589 -0.787852 -2.79787 -2.39411 -1.3897 0.396851 -0.00361752 -0.24918 0.707216 0.546328 0.340549 -0.496155 -0.727392 0.867395 0.958507 -0.220864 -0.23872 -0.170737 -0.532093 -0.354288 0.0643084 0.222204 
