-2.57584 -3.007 -1.86511 0.675935 0.449233 -0.48268 0.576328 1.30038 0.994717 0.254202 1.13 1.99198 0.839852 -3.27515 -3.42174 -1.29363 2.26859 2.18281 -0.59007 0.762118 1.35346 -1.56201 -1.63391 0.462393 0.324701 -1.82604 1.15875 1.29286 1.25867 1.47374 0.911729 0.146073 -0.616874 -1.18505 -2.22697 -1.5933 -1.86854 -1.9159 -1.70813 
-1.98098 -2.31769 -1.10774 1.47724 2.35285 -0.318134 0.471289 1.02243 -1.70207 -1.44432 0.2014 0.241592 -2.42659 1.20354 1.44916 1.56024 1.44816 1.24959 0.146978 -0.724275 -1.49807 -3.40994 -2.16417 -2.45669 -2.82719 -2.88284 3.67552 4.00465 2.49093 -1.35694 -2.42275 -0.00888788 -1.64083 -2.08806 1.64978 2.16231 0.17364 0.524257 2.18771 
-1.75899 -1.89671 -0.299357 1.61729 1.76571 -0.352925 0.218362 0.22919 -2.76413 -1.64685 -0.445778 -0.98636 -2.98546 0.22423 0.789088 1.79205 0.73844 -1.24334 -0.635842 -0.913359 -1.18091 0.993124 1.54899 0.767288 1.13594 2.00893 -0.0602656 0.351935 0.847737 -0.324376 -2.20031 -1.59149 -0.327907 0.927068 3.36333 2.90655 3.41326 3.67039 3.12895 
-1.7759 -1.67194 0.675177 1.95503 0.900844 -0.664083 0.00783438 0.184104 -0.56023 -0.147045 0.588423 1.31194 0.222577 1.29507 1.9401 2.61178 1.00442 -1.86466 -1.86732 -1.18012 -0.572267 1.78179 2.07835 2.22906 2.67514 2.57516 2.08833 1.51536 -0.219821 -1.01629 -0.706905 -1.35738 -0.195591 0.862654 -0.344745 -0.611837 0.102064 -0.547316 -1.5268 
-0.884958 -0.440913 2.25148 2.26882 -0.376291 -1.44722 -0.393916 -0.162267 -0.744496 0.106393 0.83119 1.65641 0.413142 2.27575 2.46484 1.52204 -0.433293 -2.26347 -2.35894 -1.24628 -0.329025 0.479323 0.782178 0.975392 0.349402 -0.561235 0.0953237 -0.987747 -3.00892 -3.05009 0.791703 1.52664 0.796302 0.158035 -1.2011 -1.02828 -0.973644 -1.88687 -2.17931 
-0.289245 0.153159 2.20515 1.66749 -1.68405 -2.05712 -0.641359 -0.0287617 0.00974063 0.489737 1.10214 1.57877 -0.529984 1.52854 1.06672 -1.11093 -2.30718 -0.783378 -0.00311054 -0.591621 -0.529005 -0.0496625 0.718632 0.982511 -0.108763 -1.12017 -1.44868 -2.02726 -2.62217 -1.88809 2.0475 3.37454 0.904909 -0.897458 -0.713418 -0.129539 -0.723283 -0.664223 0.471072 
0.134917 0.40023 1.31489 0.757303 -1.31749 -1.40867 -0.677874 -0.52196 -0.763294 0.688439 1.34924 1.45518 -1.0792 1.10075 0.532835 -1.7219 -2.52229 0.57874 1.80377 -0.5569 -1.49705 -0.601746 0.702045 0.0673984 -0.611455 0.313638 -0.996149 -0.881733 -0.16369 0.902582 1.27747 0.781086 -0.350808 -0.679569 -0.00499304 0.2094 -0.855571 -0.873133 0.773771 
0.46339 0.61857 0.696206 0.0154661 -1.11257 -0.920568 -0.905946 -1.0992 -0.623536 1.0575 1.06307 0.863992 -0.12461 0.766339 0.301307 -1.31146 -1.45996 0.979071 0.933731 -1.06873 -1.44698 -0.0406941 1.12107 -0.104373 -1.38112 0.27666 -1.0127 -0.701701 0.552231 1.85251 0.362236 -0.905967 0.246664 0.661386 -0.00737444 0.0199298 0.169147 -0.534891 -0.672117 
0.678649 0.702699 0.190454 -0.200837 -0.301432 -0.800819 -1.22801 -1.55564 -0.772111 1.61712 1.20559 -0.0458754 -0.722769 0.323446 -0.0492369 -1.03617 -0.675607 1.0578 0.642167 -0.478992 -0.876141 -0.596442 0.834719 0.366218 -1.37947 -0.782755 -0.912148 -0.482934 0.627656 0.812581 -0.661549 -0.352884 1.2524 1.21344 0.178044 -0.788907 -0.303101 0.665228 -0.010488 
0.730448 0.674337 -0.170348 -0.430354 -0.00907547 -0.489896 -1.12707 -1.71377 -1.25091 1.73953 1.20591 -0.635376 -1.17036 0.0807687 -0.0579753 -0.532358 -0.707446 0.0225421 0.460078 -0.0565534 -0.192531 0.24991 0.102153 -0.444164 -0.35968 0.321152 -0.460648 -0.127564 0.603216 0.523856 -0.774379 -0.76032 0.543161 1.25931 0.834331 -0.710467 -0.393067 1.07913 0.516879 
0.794107 0.752317 -0.20413 -0.667453 -0.34763 -0.4808 -1.21346 -1.66829 -0.457481 1.66816 0.855067 -0.503438 -0.307451 0.0497419 -0.0466148 -0.287328 -0.226871 -0.0569384 -0.338275 -0.125653 0.430954 0.703976 -0.0725141 -0.0952329 0.259127 0.171107 -0.142562 -0.193617 -0.0361519 0.576051 0.228983 -0.518788 0.515841 1.00342 -0.00711384 -0.351017 0.494852 0.522986 -0.185982 
0.826523 0.73195 -0.335388 -0.583074 -0.14354 -0.65502 -1.15106 -1.36865 -0.430896 1.64013 1.06782 -0.460773 -0.953636 0.0972288 -0.12262 -0.575004 -0.203792 0.314754 -0.219934 0.271406 0.820901 0.255615 -0.29331 0.295098 0.449667 0.0630296 -0.113433 -0.208618 -0.290881 -0.0858959 0.222665 0.272833 0.81631 0.904955 0.264204 -0.417261 -0.155418 0.317248 0.236718 
0.919847 0.756439 -0.638664 -0.805099 -0.0693168 -0.57401 -1.01594 -1.03687 -0.136501 1.37857 0.954615 -0.134182 -0.23377 0.0927741 -0.126537 -0.645308 -0.419686 0.226413 -0.0336276 0.481427 1.33139 1.12715 -0.562293 -0.235315 0.761706 0.64187 -0.261918 -0.123733 0.120002 -0.00418549 -0.00265037 0.297432 0.207893 0.42256 0.370355 -0.802757 -0.866999 0.401839 0.261852 
0.94948 0.733315 -0.835783 -0.861734 0.0366681 -0.635015 -0.836372 -0.362425 0.860118 1.11885 0.84445 0.227258 -0.113833 0.00481006 -0.116097 -0.424342 -0.310636 0.28216 0.115311 0.313298 1.16773 0.842124 -1.33194 -0.807239 1.07838 0.577133 -0.365673 -0.145427 0.246113 0.111868 0.242503 0.84145 -0.070202 -0.717496 -0.680961 -0.812018 -0.960404 0.0528292 0.275381 
0.987853 0.765152 -0.932059 -1.01253 0.172799 -0.463498 -0.795042 -0.1508 0.837272 0.19436 0.383049 0.877356 0.52035 -0.0942922 -0.142106 -0.338532 -0.404424 0.537583 0.978298 0.264982 0.369883 0.096024 -1.61411 -1.46396 0.870019 1.1793 -0.384568 -0.252979 0.200162 0.626836 0.459709 0.427921 -0.0126872 -0.781004 -0.6894 0.352989 -0.00484151 -0.865173 -0.303947 
0.955578 0.723724 -1.04879 -1.13043 0.56244 -8.46142e-005 -0.642434 -0.0621455 1.00347 -0.308411 -0.126937 1.02594 1.43729 -0.199493 -0.241196 -0.17445 0.246452 0.897904 0.612867 0.150281 0.133349 -0.20199 -0.725073 -0.7437 -0.18211 0.115597 -0.364994 -0.224831 0.31235 0.78386 -0.0627758 -0.491161 -0.165056 -0.54789 -0.41478 0.950179 0.663792 -1.04364 -0.801443 
0.928232 0.685825 -0.991356 -0.85609 1.09872 -0.0506318 -0.665095 -0.0241865 0.64893 -0.467127 -0.149835 0.601196 0.663606 -0.280739 -0.238539 0.0502407 0.317876 0.420678 0.33265 -0.0395774 -0.396977 -0.525538 -0.156988 -0.496245 -0.656567 -0.140094 -0.303503 -0.1172 0.157124 -0.513206 -1.12132 0.154387 0.842874 -0.198657 -0.297996 0.40637 0.0887852 -0.43357 -0.15287 
0.845202 0.646266 -0.897599 -0.927334 0.958386 0.242499 -0.618408 -0.324903 0.455015 -0.480579 -0.509167 0.265081 1.24212 -0.329846 -0.228019 0.0221652 -0.395959 -0.70334 0.770187 0.782039 -0.232731 -0.643859 -0.0422021 -0.553553 -0.799049 -0.0854285 -0.228117 -0.135849 0.0155912 -0.3609 -0.602807 0.560936 1.67563 0.739334 -0.222472 -0.180217 0.0693463 -0.121653 -0.259528 
0.78718 0.615771 -0.866465 -1.11925 0.246406 0.457834 -0.182692 -0.166352 -0.0312179 -0.540425 -0.566954 -0.305221 0.540796 -0.342324 -0.244354 0.0716489 -0.164286 -0.453479 0.995657 1.36577 0.313386 -0.851199 -0.309275 -0.332384 -0.808419 -0.525035 -0.53378 -0.353209 0.260767 0.942326 0.887899 0.657467 0.556156 0.612568 0.630828 -0.156844 -0.233092 0.320828 0.232514 
0.696355 0.564716 -0.726351 -1.03917 0.383549 0.887978 0.189655 -0.0661037 -0.455907 -0.783919 -0.791637 -0.650908 0.537476 -0.670261 -0.455191 0.347082 0.493072 0.51283 1.55326 1.14745 0.332155 0.343433 -0.161212 -0.798672 -0.291132 0.378085 -0.673157 -0.462684 0.220744 0.841295 0.761589 0.387051 -0.411701 -0.220355 0.817941 0.528343 0.110959 0.383026 0.223253 
0.43347 0.38584 -0.437192 -0.801728 0.74469 1.44216 0.503572 0.106227 0.387505 -0.716231 -1.13331 -0.692756 1.03147 -0.809883 -0.583015 0.347021 0.618444 0.585574 1.44238 0.832086 -0.0775949 0.423999 0.547256 -0.112252 -0.207762 -0.0774904 -0.165891 -0.152477 0.0102399 0.126111 -0.510194 -0.897423 -0.307052 -0.199266 -0.517509 0.181975 0.543396 -0.0985614 -0.528018 
0.255424 0.244828 -0.297136 -0.63976 0.962617 1.80492 0.699979 -0.094367 0.0524873 -0.349488 -0.940088 -0.953273 0.425173 -0.675082 -0.477941 0.361866 0.52332 -0.231462 0.402283 0.710983 -0.0346237 -0.436196 0.202175 0.00623552 -0.408552 -0.46983 -0.0506802 0.0486578 0.341774 0.308281 -1.21587 -1.81072 0.249842 1.10186 -0.41455 -1.31388 -0.957044 -0.083638 0.249675 
0.0767489 0.139899 0.00592973 -0.464445 0.416412 1.72706 0.946334 0.109513 -0.0615112 -0.579035 -1.20962 -1.20025 0.399885 -0.709606 -0.40093 0.772218 0.840363 -1.14824 -0.844616 0.912946 1.0488 -0.197208 -1.21908 -1.33635 -0.30293 0.415615 -0.176049 -0.0927289 0.189769 0.31105 -0.455874 -0.573358 0.994182 1.53249 0.829254 -0.245039 -0.141434 0.13516 0.198279 
-0.122864 0.0530847 0.530401 -0.0953938 -0.383779 1.3321 1.25541 0.70438 -0.130532 -1.43649 -1.83379 -1.35286 0.965517 -0.68917 -0.439843 0.598893 0.748152 -0.899583 -0.345606 1.4833 1.58597 0.856411 -0.0424024 -0.114937 -0.177479 -0.0653496 -0.0680163 -0.167491 -0.301921 -0.213721 0.0707036 -0.0628432 -0.152282 0.148669 1.05293 1.5367 1.79633 0.417833 -0.507633 
-0.288773 -0.0792292 0.671097 0.0196912 -0.653839 1.55748 1.81997 1.30266 0.928163 -0.652505 -1.3597 -1.47167 0.30365 -0.625145 -0.438969 0.40057 0.513056 -1.07798 -0.957499 0.620253 1.08131 1.43956 1.0731 1.16287 0.349628 -0.397148 -0.0331507 -0.123949 -0.246427 -0.0591654 0.193455 -0.605898 -1.38565 -0.685738 -0.439821 -0.354708 0.0862329 0.41117 -0.0800554 
-0.448389 -0.165429 1.00978 0.235185 -1.65214 0.79069 1.64756 1.527 1.5082 -0.549124 -1.20593 -1.0858 0.430133 -0.572904 -0.433539 0.295942 0.583461 -0.65719 -1.13397 0.0448656 0.660912 0.19632 -0.443121 0.0717595 0.465143 -0.140817 -0.128812 -0.257584 -0.38001 0.0729342 0.903723 0.557563 -0.169888 -0.170935 -0.671155 -0.985358 -0.70169 0.168874 0.258307 
-0.581663 -0.293921 1.05246 0.396256 -1.4549 0.908828 1.8911 1.81661 1.18315 -1.07113 -1.39613 -1.08661 0.107532 -0.596141 -0.568757 -0.0677451 0.487354 0.160382 -0.298689 0.311205 0.747048 0.423518 -0.225509 0.284072 0.630971 0.110843 1.37407 0.579511 -1.2381 -1.02718 1.46929 -0.316301 -3.62342 -2.64564 -0.85057 1.14154 1.68822 0.440743 0.0025252 
-0.755796 -0.475283 1.05044 0.548976 -1.54526 0.649622 1.86728 2.1042 2.01605 -0.780313 -1.11309 -0.531329 0.567097 0.827058 0.289161 -1.23462 -0.599724 1.37424 -1.56212 -3.47234 -2.51334 -1.09578 1.28645 2.42479 1.15186 -0.0738854 0.492902 0.428348 0.0530224 -0.365835 -0.0937817 0.268042 -0.17221 -0.530625 -0.28607 0.0851346 -0.261897 -0.442981 -0.100571 
