-1.02288 -0.267391 3.17876 2.11652 -2.57953 -1.1997 2.59166 1.26601 -0.288712 1.25227 2.14772 1.64901 0.189533 -0.299524 0.405458 2.06495 1.42523 -0.64046 -0.579573 0.624787 0.631163 0.354176 0.145545 1.46789 2.10325 0.395955 1.71579 1.11361 -2.01904 -1.74476 1.88748 1.31282 -1.22081 -1.01555 0.58007 0.197304 -0.489269 -0.432346 -0.205184 
-0.251621 0.156614 1.63891 1.14714 -0.658497 -0.68077 0.52855 0.777261 0.39448 0.0809613 1.42291 1.9889 0.456562 1.78274 1.18127 -2.66201 -2.19944 2.65127 1.97357 -1.81878 -1.61421 0.859476 0.275273 -0.808243 -0.721617 -0.269487 1.148 0.209011 -2.59307 -2.31628 1.23838 1.63613 -0.391654 -1.50119 -0.39684 0.878029 -0.980164 -2.30858 -0.751196 
0.0985101 0.368885 0.810272 0.271452 0.115209 0.777366 0.558559 -0.768488 0.734106 1.48036 1.21108 0.855033 -0.176414 0.936475 0.715278 -1.3144 -1.44572 1.11844 1.86291 0.00267357 -1.74119 -0.211768 1.55709 -0.0649638 -1.59657 -0.790394 -1.12023 -0.662191 1.47972 1.28131 -1.36174 -1.10077 0.513317 0.564479 -0.588271 -0.310991 0.00367257 0.172511 0.350772 
0.311752 0.504781 0.412896 -0.0757246 0.474767 1.1811 0.404923 -1.41624 0.0852101 1.76278 1.25679 0.332983 -0.553246 0.83458 0.651808 -0.951739 -0.843353 0.835557 0.446549 -1.1348 -0.761841 0.0142117 -0.297909 -0.888853 -0.483127 0.394585 -0.209499 -0.124882 0.517635 0.763032 -0.871416 -1.85724 -0.98868 1.38779 0.252238 -1.8853 -0.74963 1.25467 1.14343 
0.594696 0.677811 -0.108291 -0.45415 0.960307 1.1648 -0.757513 -1.73561 0.705841 1.0584 0.190876 0.296002 0.278455 0.865286 0.703439 -0.806416 -0.698598 -0.0231934 -0.761267 -1.48109 0.396456 0.169363 -1.64395 -1.25753 0.359656 1.20471 -0.266448 -0.0813938 0.4864 0.202526 -1.20462 -0.709401 0.471773 0.5583 -0.304937 -0.125489 0.336041 0.241294 0.323335 
0.828185 0.845629 -0.382466 -0.68183 0.44507 0.311184 -1.27417 -0.93289 0.249876 -0.185753 -0.145601 0.604207 0.902968 0.708554 0.681864 -0.48279 -0.754804 -0.764163 -0.512839 -0.510783 0.0808845 -0.417636 -0.561448 -0.478851 -0.135456 1.01258 -0.61544 -0.50242 0.458353 0.44126 -0.0222613 0.373031 1.05353 0.0492074 -0.190489 0.823451 1.02636 -0.194516 -0.68588 
1.00778 1.00532 -0.629291 -1.10665 0.175796 0.553496 -1.41941 -1.64743 0.140574 0.337547 -0.404299 0.0794745 1.49719 0.403202 0.327896 -0.372516 -0.329546 0.0025854 -0.150734 -0.0174511 0.444436 -0.0954923 -0.323507 0.17146 0.0155543 0.128041 -0.659427 -0.798227 0.211957 0.937194 1.04766 -0.0406568 0.259071 0.965578 0.934989 -0.25237 0.583925 0.650689 -0.740533 
1.03993 0.954288 -0.809978 -0.983278 0.441634 0.0768372 -1.4189 -0.389457 0.0851942 -0.63675 -0.0666334 0.536445 1.02838 0.204113 0.021352 -0.356802 0.19695 0.732527 -0.502303 -0.193744 1.55941 0.959705 -1.03678 0.297054 0.86206 -0.155857 -0.495296 -0.423866 0.39386 0.540573 0.274223 0.19443 0.485291 0.0749989 -0.00868581 0.157706 0.173449 0.0984688 -0.202616 
1.08825 0.924451 -1.04348 -0.973473 0.91594 -0.046836 -1.74894 0.292227 1.28803 -0.922383 -0.195136 0.845634 1.2717 0.0568099 0.0280282 -0.0192116 0.156194 0.435967 0.200763 0.626079 0.532679 -0.0950772 -0.114331 0.341459 0.136515 -0.137133 -0.601458 -0.202001 0.847705 0.246756 -0.670239 0.679945 1.23483 -1.01867 -1.76458 0.589251 -0.0688458 -0.812297 -0.216545 
1.02327 0.877549 -0.937967 -0.883742 0.879677 0.208402 -0.888993 0.264478 -0.0789712 -0.850518 0.188562 0.587845 0.826027 -0.244506 -0.0647798 0.563656 0.337467 -0.132526 0.553367 1.53156 -0.0596722 -1.60192 -0.107262 0.1094 -0.462663 -0.444421 -0.525744 -0.28347 0.544775 0.149309 -0.629256 0.14226 0.366438 -0.372732 -0.135467 0.229272 -0.21578 -0.108953 0.0409988 
0.872906 0.79033 -0.677328 -0.724294 0.774867 0.451792 -0.269806 0.204394 -0.74989 -1.12813 -0.180503 0.306763 0.689524 -0.318902 -0.136588 0.522686 0.182215 -0.372744 0.476594 1.09808 -0.078032 -0.279649 0.214303 -0.0630851 -0.0717701 0.00676912 -0.215549 -0.372238 -0.175323 0.0125447 -0.220393 -0.389911 -0.158037 0.379349 0.694641 0.382152 0.721211 0.337214 -0.233444 
0.758868 0.699031 -0.606547 -0.762725 0.493898 0.627109 0.135717 0.153655 -0.472652 -0.691577 0.0243888 0.434056 0.801541 -0.32152 -0.314911 0.205675 0.202795 -0.379137 0.0573577 1.24661 0.503693 -0.575271 0.476561 1.08795 0.0372647 -0.761363 -0.0498627 -0.202693 -0.189342 0.00569181 -0.389188 -0.723724 -0.461643 0.346978 -0.315095 -0.526427 -0.230933 -0.325091 -0.657728 
0.606781 0.50156 -0.614663 -0.586288 0.382576 0.434071 0.910614 0.822032 -1.51118 -0.671762 0.848544 0.260388 -0.284399 -0.236371 -0.223386 0.147186 0.0394909 -0.851411 -0.503567 0.37495 0.434798 -0.726319 -0.718489 -0.489997 -0.623138 -1.02263 0.279166 0.307488 -0.274888 -0.545223 0.373822 0.462112 -1.40418 -1.2889 0.0583512 -0.914474 -2.54828 -0.646061 0.589099 
0.548888 0.466849 -0.593468 -0.759529 -0.379492 0.0254615 0.402356 0.685019 -1.42176 -1.59053 -0.582342 -0.262903 -0.495315 0.0778433 0.0897767 -0.276729 -0.587231 0.191172 0.797091 -0.836827 -1.53725 -0.477042 -1.10397 -2.7596 -1.02359 0.302906 -0.883489 -0.976963 0.137819 0.451235 0.79769 0.668295 -0.0802025 -0.686483 1.53645 1.65809 0.529571 -0.0766117 0.420579 
0.603988 0.462998 -0.960969 -1.10046 0.57125 1.18642 -0.0930819 -1.11609 -2.15031 -2.00789 -2.11097 -0.83107 0.0571517 -0.956567 -1.05608 0.180526 0.420262 0.301627 0.535206 0.202336 -0.66571 1.52862 1.99515 0.205675 -0.780087 -0.241336 -1.40766 -1.38721 0.996376 1.78136 0.222663 -0.6466 0.99055 1.16952 1.63974 2.1185 2.5179 0.105148 -0.451417 
-0.135976 -0.280167 -0.552124 -0.442001 -0.0782994 0.505184 0.48804 -0.16172 0.433138 0.588097 -0.467906 -1.11448 -0.826468 -1.1471 -1.13814 0.829517 1.35638 0.553669 -0.0712119 0.535913 0.259646 1.92861 2.3782 0.871057 -0.892026 -0.380053 -0.207374 -0.181847 0.358314 0.760434 0.218614 -0.853825 -0.797223 0.539191 -0.301035 -1.45171 -0.90135 0.512218 0.669754 
-0.206507 -0.334749 -0.369425 -0.0101518 1.12919 1.03485 0.342299 -0.804054 0.201976 0.605164 -1.30676 -1.79292 -0.44546 -1.02571 -1.1228 0.48941 1.16433 0.658557 -0.633648 -1.00511 0.147184 1.10247 -0.482136 -1.21084 -0.00237086 0.958369 -0.941175 -1.2307 -0.162332 -0.000913382 -1.78025 -1.67271 -0.301867 1.26459 -0.528394 -1.50342 0.627987 1.69207 0.378431 
-0.866431 -1.06843 -0.248915 0.489763 0.586493 -0.231879 -0.692073 0.00948262 1.75812 -0.0428039 -1.8219 -1.1999 0.32526 -1.92284 -2.21527 0.487771 1.2059 -1.83741 -2.42775 0.0433829 2.20497 1.17072 -0.185403 1.712 1.75851 0.330463 -0.00851926 0.456055 0.8989 0.236424 -1.35152 -0.0650676 2.16627 0.723329 -1.13668 0.695487 1.55098 -0.45396 -1.93304 
-1.52851 -1.79846 -0.0676059 0.955928 -0.748619 -1.56988 0.261348 1.94399 1.61182 0.310792 0.369199 -0.143641 -0.0698478 -0.903368 -0.57499 1.47384 1.29271 -1.14311 -0.658517 2.06448 1.24754 -0.542979 0.624713 0.992537 -0.758296 -2.21253 1.7676 2.62437 0.788161 -0.239499 1.4023 2.11365 0.437603 -2.37289 -2.08912 0.693593 -0.925929 -1.72265 -1.39535 
-1.51622 -1.518 0.888874 1.52751 -0.584048 -0.99483 1.34574 1.55859 1.03699 0.581589 -0.891767 -2.03001 -2.44236 -0.0902135 0.421406 1.33382 0.775085 0.146833 0.707319 0.618088 -1.5282 -1.86444 0.918283 0.259201 -1.01125 -1.93754 -0.210437 -0.732687 -1.12097 -1.00241 -0.725411 -0.806545 -2.32238 -1.07115 -0.899175 -0.920536 0.0166313 1.73691 2.20857 
-1.64212 -1.63198 0.951473 1.56637 -0.605113 -0.91099 0.782875 0.0172058 -0.752545 1.26813 0.539122 -1.22294 -2.49757 -0.97546 -1.17236 -0.0658722 -0.0344911 -2.08402 -1.7588 -1.34415 -0.453476 -1.84189 -0.965932 0.931056 1.96341 1.57115 2.62961 2.3479 -1.74886 -2.11709 0.288595 0.119049 -0.822739 0.9953 1.70891 -1.14318 -0.405086 1.49454 2.32831 
-2.21354 -2.33691 0.721328 1.46963 -2.71307 -2.90318 -0.189791 0.977622 -1.29933 -0.597992 -0.0253666 -0.178871 -0.533214 2.57247 2.79174 -0.990557 -1.86183 0.599973 0.949486 -0.626186 -0.0032721 0.642127 -1.04401 -0.424779 1.32574 2.04721 0.877438 1.10436 0.163851 0.156518 1.47487 1.16474 0.970737 0.308958 1.25336 0.611066 -0.57247 -1.21466 -0.980353 
