-2.66212 -2.78301 -2.03319 1.3851 -0.601316 -1.06493 1.58321 2.04992 0.601981 -0.163315 1.09031 1.67349 -0.490211 -2.87511 -2.93298 -1.70903 1.24986 -1.21116 -2.20571 1.59224 2.37341 0.227412 -1.2718 0.212133 0.0637188 -1.64854 1.08522 1.02677 0.404818 -0.722371 -1.01837 -0.863296 -0.658004 -0.173403 -0.443955 -0.609782 -0.579406 -0.787663 -1.51936 
-1.97746 -2.10535 -1.77691 0.830293 -1.46403 -1.48387 1.14933 1.94844 0.270155 -1.05593 0.056496 -0.00429118 -1.11132 1.23867 1.22348 0.581333 -0.920106 -1.44702 -1.18311 -0.804394 -0.335352 -0.691908 -0.736315 -0.730659 -1.22588 -1.87122 3.05088 3.13892 1.99297 -0.52173 1.3286 2.49992 -1.12773 -2.38893 0.215303 2.52296 1.90743 1.50894 1.77882 
-1.68598 -1.76139 -1.23775 0.74933 -2.35041 -1.83613 0.998016 1.74314 -0.317309 -0.797486 0.52284 0.143304 -1.75321 0.347556 0.53562 1.07636 0.55698 0.816398 1.45655 0.304791 -0.542795 0.556076 2.33944 2.83675 2.42338 0.605838 0.582096 0.869347 1.61865 2.17627 2.56687 1.9084 -0.770504 -2.04125 -0.908797 1.55678 1.80394 1.64093 1.77448 
-1.64112 -1.60122 -0.425504 1.19246 -0.477601 -0.415453 1.36689 1.46896 0.965546 0.732441 1.85005 2.78345 -0.687031 1.96953 2.27963 2.84724 1.44246 2.41373 1.62696 -1.72448 -2.84654 -2.10342 1.53408 1.75433 1.33985 0.377722 1.9127 1.67613 0.582071 0.0735631 0.090723 -1.78091 -2.77128 -1.26872 -1.55676 -1.75295 -2.43327 -2.4609 -1.69689 
-0.1851 0.0547854 2.10257 1.70974 0.566527 -0.648956 -0.253067 -0.654354 -3.06286 0.356566 1.60001 1.64898 -1.48431 2.42143 2.44935 1.90368 0.538259 1.01133 -1.04856 -2.67281 -2.15407 -1.85852 0.0166588 -0.395175 -1.41481 -1.48745 -1.28882 -1.79462 -2.80416 -2.28155 -1.36727 -1.47428 0.495615 2.27678 2.54643 -0.365875 -1.77921 -1.79615 -0.107351 
0.184209 0.342634 1.8551 1.54199 0.744424 -1.09289 -0.57053 -0.352014 -1.46314 0.691332 1.50461 1.02971 -1.68862 0.812025 0.504093 -1.02488 -1.24339 0.450181 -0.436392 -1.34254 -0.327695 1.83397 1.13626 -0.595125 -1.46051 0.27274 -2.01687 -2.18194 -2.25799 -1.90973 -0.684654 0.847816 1.59598 1.24137 1.83472 0.536038 -0.430199 -0.077972 1.88792 
0.484716 0.535197 1.09404 0.855552 1.11035 -0.89976 -1.22773 -0.954753 -0.714081 1.19728 1.12224 -0.158844 -1.28692 0.529093 0.262109 -1.21046 -1.72652 0.0583627 0.233519 -1.1593 -0.841366 0.97711 0.870489 -0.92452 -1.5327 0.9034 -0.711186 -0.528768 0.0528669 -0.143217 -0.623651 0.453105 1.05495 0.416864 -0.0833832 -0.615152 -0.374792 0.475389 0.592416 
0.650886 0.640998 0.638137 0.361389 0.814708 -0.876821 -1.41258 -1.08008 -0.223 1.32272 0.808829 -0.863521 -1.06164 0.237542 0.0741043 -0.931992 -1.50762 -0.412479 0.277031 -0.385413 0.0245509 1.70025 0.392488 -1.04972 -0.714468 1.04308 -0.635734 -0.385791 0.469283 0.52009 -0.493211 0.291763 1.47868 1.02293 0.360038 -0.482184 0.0705916 0.965848 0.574573 
0.742066 0.692121 0.189835 -0.177149 0.611588 -0.653369 -1.50969 -0.961885 1.46169 1.45218 0.343601 -1.08391 -0.564806 0.0307668 -0.0159016 -0.539661 -1.23956 -0.611188 0.714498 0.233573 0.216888 1.52983 0.311252 -0.778193 -0.0209275 1.65142 -0.420845 -0.218836 0.506974 0.554213 -0.656912 -0.00425333 1.18423 0.216937 -1.39393 -0.556132 0.938893 1.16073 0.442714 
0.759776 0.730209 0.174565 -0.490208 0.0757872 -0.325554 -1.24656 -0.927075 1.73227 1.51364 0.209895 -0.967969 0.0748503 -0.0438909 -0.0264406 -0.208885 -0.982007 -1.32438 0.331541 0.704668 0.143903 -0.462281 -0.269373 0.268135 1.10156 1.62615 -0.166067 -0.169994 0.0471676 0.520197 -0.199782 -0.615191 0.422362 0.271966 -1.51723 -0.950173 0.841627 1.00394 -0.401751 
0.797354 0.773404 0.0977657 -0.854742 -0.989281 -0.36899 -1.00273 -0.869648 0.839494 1.18579 0.437161 0.139804 0.554481 0.00648667 -0.0645296 -0.454679 -0.752471 -0.846331 -0.111167 0.54018 0.400343 -0.823573 -0.897451 0.408424 1.55031 1.17818 -0.111024 -0.190524 -0.214709 0.534117 0.874286 -0.153757 -0.468688 0.185231 0.442782 -0.151334 -0.396274 -0.407666 -0.693291 
0.851234 0.782837 -0.193561 -1.01272 -0.947323 -0.349703 -0.858637 -0.621337 0.642626 0.752555 0.396303 0.786733 0.888993 -0.0126148 -0.0968908 -0.487338 -0.479158 0.0305832 0.170662 0.0949577 0.226321 0.218535 -0.369463 -0.215439 0.468946 0.788238 -0.256851 -0.211146 0.0684399 0.583012 0.809298 0.441394 -0.318807 -0.419331 0.332646 0.479605 -0.548713 -1.12458 -0.629847 
0.875097 0.801686 -0.307041 -1.1926 -0.952571 -0.196729 -0.937027 -0.708794 1.09816 0.840559 0.210676 0.614993 1.10301 -0.109424 -0.1569 -0.340176 -0.194248 0.412422 0.585385 0.0846009 -0.22149 -0.313255 -0.121937 -0.280823 -0.201567 0.419623 -0.390747 -0.300396 0.145146 0.590543 0.396481 0.455807 0.468131 -0.179867 -0.73319 -0.357484 -0.421159 -0.713674 -0.591071 
0.85947 0.765973 -0.433087 -1.15809 -0.44913 0.111583 -0.800434 -0.833314 0.213248 0.602284 0.126545 0.468546 1.18643 -0.26367 -0.28413 -0.266382 0.0875932 0.67818 0.887979 0.448631 -0.116562 -0.921127 -0.755644 -0.732588 -0.641416 0.0781857 -0.287958 -0.190445 0.0924809 -0.128819 -0.665598 -0.177762 0.506497 0.52819 0.159121 -0.718937 -0.84862 -0.355429 -0.0617527 
0.772588 0.689105 -0.463687 -1.14756 -0.133189 0.475438 -0.615363 -0.833412 -0.117698 0.191164 -0.358076 -0.22364 1.16788 -0.256731 -0.227266 -0.192308 -0.442164 -0.512339 0.389922 0.477728 0.260439 -0.071565 -1.00974 -1.37471 -0.752625 0.371678 -0.101553 -0.100088 -0.0738933 -0.10748 -0.299926 -0.16803 0.563208 0.89012 0.788383 -0.229797 -0.215911 0.13509 -0.33711 
0.761943 0.696172 -0.50654 -1.47096 -1.06858 0.436648 -0.457712 -0.644054 0.0965768 -0.24724 -0.867183 -0.501674 1.45122 -0.222835 -0.258451 -0.34941 -0.136158 0.29478 0.706536 0.900078 0.786976 0.2947 -0.964624 -0.972814 -0.426658 -0.314195 -0.368465 -0.377538 -0.0253386 1.24741 1.70277 0.941119 0.831474 0.352232 -0.282892 -0.0391259 0.682356 0.557222 -0.752931 
0.699398 0.595843 -0.713584 -1.25368 0.222824 1.02116 0.0330259 -0.205777 0.239517 -0.622829 -1.08582 -0.808163 0.965466 -0.485296 -0.496504 -0.207952 0.868485 2.06915 1.80642 1.20505 0.537395 -0.514137 -0.954105 -0.40298 0.121182 -0.540841 -0.482368 -0.319942 0.368976 0.865134 0.203081 -0.0536688 -0.225891 -0.565761 -0.945237 -0.17728 0.352801 0.415119 -0.107617 
0.500312 0.423818 -0.597562 -0.898331 1.4319 1.74889 0.411393 -0.224212 -0.592708 -1.05295 -1.21779 -0.437972 1.09442 -0.566365 -0.466467 0.182181 0.741564 0.656057 0.689853 0.540049 -0.00543175 -1.17322 -1.10072 -0.445727 0.225292 -0.419509 -0.231576 -0.100261 0.318599 0.026752 -1.46192 -1.52756 -0.80214 -0.0843649 0.273585 0.33406 0.0702494 -0.25267 -0.0528552 
0.379561 0.346087 -0.36644 -0.766801 1.01547 1.55525 0.420851 -0.237872 -1.30251 -1.54402 -1.46471 -0.621275 0.69132 -0.575695 -0.471008 0.253726 0.79675 -0.0345242 -0.333691 0.252429 0.305762 -0.0952493 -0.380576 -0.257114 -0.269444 -0.577656 -0.209425 -0.198857 0.0376145 0.450094 -0.235176 -0.752409 -0.0234162 0.65554 1.41 1.19036 0.461786 -0.623045 -0.439649 
0.173776 0.170646 -0.170065 -0.374168 1.38992 1.56966 0.591059 0.00278177 -0.740023 -1.40693 -1.47186 -0.836474 0.712555 -0.634407 -0.545775 0.253905 1.14926 0.368516 -0.3335 0.388237 0.624846 1.0049 0.661171 0.228405 -0.743578 -0.940153 -0.317794 -0.262594 0.0602976 0.293496 -0.296242 -0.198016 0.512284 0.430377 0.695897 1.18099 1.19451 0.20244 -0.700022 
0.0108707 0.0366663 0.0612579 -0.00447808 1.4606 1.37615 0.698806 0.254779 -0.0264142 -1.07749 -1.39745 -1.58079 0.0625313 -0.753118 -0.618066 0.356929 1.0271 -0.412472 -0.558333 0.651507 0.673748 0.977403 1.3683 1.40561 0.0504635 -1.42399 -0.327747 -0.132333 0.474652 0.176701 -1.27063 -0.766571 0.248578 0.0823065 -0.683903 -0.45529 0.479823 1.31579 1.38328 
-0.280145 -0.19316 0.373342 0.305623 0.891165 1.23388 1.05955 0.536147 0.500496 -0.383449 -0.625474 -0.856449 -0.245809 -0.821875 -0.554371 0.932155 1.24734 -1.45196 -1.37726 0.516131 0.587367 -0.0584587 0.139257 0.926872 1.31453 0.819447 0.072089 0.12853 0.288015 0.169143 -0.599722 -0.72259 0.100794 0.443059 -0.854197 -2.0049 -1.31923 0.342609 1.1415 
-0.492417 -0.279221 1.25071 0.82411 -0.294463 0.469646 1.06932 0.716227 -0.126128 -1.02204 -0.867913 -0.105072 0.632318 -0.537021 -0.349376 0.776162 1.11662 -1.23971 -1.53873 0.627427 1.05651 -0.349584 -1.30412 -0.323225 0.589208 0.0331826 1.232 0.619938 -1.5796 -2.06994 1.10452 0.393013 -1.8104 -1.09981 0.115751 0.805089 0.341081 -0.744434 -1.43427 
-0.578914 -0.354827 1.3876 1.0459 -0.607369 0.214841 1.51061 1.38818 0.0241152 -1.46484 -0.923296 -0.238962 -0.211597 0.564944 0.236665 -1.24051 -1.19887 0.243853 -0.750408 -1.47333 -0.827151 0.116093 1.36647 1.43815 0.156146 -0.945334 0.390049 0.204437 -0.573336 -0.895897 0.796433 1.02596 -0.485916 -0.792477 0.228817 0.860509 0.201703 -0.379865 -0.0499514 
