-2.08771 -1.83065 2.73971 2.72501 -0.47373 -3.27938 0.86052 1.5326 -2.45422 -0.93757 2.46051 1.57916 -1.60061 -0.493628 0.112646 2.01262 1.40435 -0.771107 -0.898787 0.960408 0.485464 -1.23874 -0.150066 2.05949 1.01149 -1.05595 2.65534 2.68545 -2.25624 -2.59769 0.691291 1.82111 -0.735353 -1.09267 0.730786 0.792519 -0.952891 -1.1856 0.389837 
-0.358759 0.080127 1.59125 1.03934 -1.05306 -1.00042 0.914175 0.545037 -1.40723 -0.126886 1.5129 0.83664 -0.857373 3.31747 3.3509 -2.89149 -3.23605 1.27455 2.90374 -1.14848 -1.8618 1.22004 1.25858 -1.44865 -1.78526 0.696107 1.39683 0.738127 -3.00563 -2.50577 1.09835 1.47143 -2.28934 -1.75548 1.39114 1.01821 -2.18608 -1.28467 1.61294 
0.425965 0.619193 0.294408 0.158533 1.37143 0.3279 -0.279942 -0.769146 -0.846876 0.774713 1.26884 -0.0820408 -0.959234 1.3057 1.10427 -1.79389 -1.72126 1.18133 1.46712 -2.43283 -2.4639 1.0387 1.46363 -1.12931 -0.918569 1.54581 -2.49232 -2.55886 1.96927 2.21412 -1.28068 -2.04857 0.328839 0.91119 -0.680777 -0.675469 1.25358 1.65256 -0.00270186 
0.638639 0.885912 0.0493818 -0.350066 0.660032 0.86603 -1.47761 -2.48693 -0.0222186 1.85312 0.567413 -0.0504926 0.510851 0.4253 0.348061 -0.623512 -0.690337 -0.73491 -0.144267 -0.759704 -0.435629 0.179801 0.207306 0.216252 0.577435 0.780617 -0.93301 -0.909226 1.11075 1.24892 -1.29884 -1.54961 2.0515 2.38462 -0.735316 -1.67242 0.8502 1.20997 -0.859426 
0.759806 0.871594 -0.284129 -0.429796 0.369645 0.241762 -1.04163 -1.34122 -0.514908 1.11442 1.36071 0.366938 -0.245568 0.294525 0.100043 -0.574189 -0.335315 -0.858365 -0.813465 0.444354 1.37992 -0.0888713 -1.15633 -0.0336248 0.797285 0.295494 -0.148678 -0.190336 0.160966 0.367539 0.113371 -0.532047 -0.0239704 0.714867 0.208316 -0.932525 -1.39572 -0.140429 0.088983 
0.873914 0.956816 -0.488558 -0.662526 -0.516657 -0.0310059 -1.06621 -0.857098 -0.0196548 0.412423 0.466641 0.594839 0.809533 0.360272 0.214806 -0.563524 -0.363434 -0.422797 -0.859795 -0.880572 0.668414 0.56323 -1.24843 -1.85728 0.319687 1.00798 -0.241701 -0.146107 0.291842 0.148316 0.35617 0.361736 -0.525451 -0.741254 0.163091 0.464776 -0.207848 -0.107146 0.176944 
1.04463 1.02648 -0.813291 -0.764106 -0.189944 -0.711414 -1.92108 -0.574298 0.287161 -0.446527 -0.145996 0.585718 0.662586 0.117282 0.0203727 -0.354397 -0.271826 -0.14191 -0.154311 -0.400913 0.0947236 0.222141 -0.413449 -0.430947 0.588179 0.659902 -0.487923 -0.328998 0.607354 0.300433 0.0509846 0.924361 1.41501 -0.308197 -0.612921 0.797622 1.76991 0.334323 -0.223057 
0.9756 0.969419 -0.845588 -0.925652 -0.678293 -0.129315 -1.47834 -0.785954 0.364224 -0.0583448 0.0595567 1.05341 1.41994 -0.113989 -0.0864458 0.0415163 -0.117166 -0.214579 0.664702 1.07719 0.0937888 -0.368351 0.0181714 0.536217 0.755785 0.749161 -0.335972 -0.281651 0.508505 0.601727 0.506234 0.325563 1.2602 0.469031 -0.528423 -0.182654 0.411605 -0.22625 -0.638554 
0.97201 0.960914 -0.844447 -0.907054 -0.454535 0.182713 -0.893124 -0.504287 -0.0529298 -0.353757 0.192547 1.19398 1.34934 -0.17368 -0.223516 0.129945 0.33647 0.824452 0.449207 1.33323 0.795394 -0.574137 -0.689286 0.0458418 0.205004 -0.246279 -0.136362 -0.149344 0.138061 0.229475 0.0951822 -0.228047 -0.178077 0.0934633 0.213622 0.0573377 -0.319739 -0.576726 -0.59058 
0.857987 0.803546 -0.803958 -0.716102 0.529184 0.503686 -0.200938 0.134967 -0.228169 -0.889254 0.020049 1.16977 1.25518 -0.164162 -0.170037 0.0735366 0.0438407 0.0672434 0.416742 0.733716 0.178218 0.0235748 0.119956 -0.0189941 -0.13961 -0.0822752 -0.0891255 -0.0196826 0.0322657 -0.312059 -0.925595 -0.191691 -0.650301 -0.569881 0.369254 0.57406 -0.293428 -0.485234 0.0643615 
0.861571 0.834176 -0.849247 -0.924891 -0.319849 0.776375 -0.19981 -0.331881 0.0874978 -0.128093 0.103055 1.00256 1.32487 -0.166871 -0.150017 0.0327861 -0.153219 -0.593666 0.257163 0.307609 -0.208608 0.0669952 0.22555 -0.472242 -0.556675 -0.0572806 -0.134486 -0.129677 0.0788167 -0.00570258 -0.542697 -0.36537 -0.150551 0.149526 0.198417 -0.138587 -0.605952 -0.536086 -0.241979 
0.745506 0.691459 -0.8423 -0.887064 -0.272486 0.903979 0.0772292 -0.161772 -0.0345063 -0.525723 -0.418871 0.605851 1.25209 -0.212072 -0.229802 0.0332176 -0.0777365 -0.713219 -0.0424294 0.43 0.354637 0.391154 -0.0865408 -0.978079 -0.975608 -0.370572 -0.00366773 -0.125356 -0.0422226 0.320938 0.0979068 -0.750204 -0.0463701 0.820238 0.168899 -0.414648 0.1538 -0.356682 -1.17654 
0.715021 0.663703 -0.887233 -1.0372 -1.2909 0.813638 0.1976 0.0544876 0.678593 -0.172038 -0.725838 0.064482 1.05379 -0.0569734 -0.204546 -0.155326 0.117688 -0.307306 -0.7939 0.154384 1.06833 0.387308 -0.415323 -0.359242 -1.13048 -1.80167 -0.117923 -0.184501 0.184946 0.587217 0.791215 -0.532175 -0.976427 -0.543248 -1.5168 -0.96947 -0.0769119 0.217598 -0.547479 
0.715855 0.539468 -1.03548 -0.847518 -0.668451 0.0306512 0.206113 1.09017 0.551874 -0.998937 -0.770676 -0.470539 -0.243188 -0.240001 -0.355989 0.122486 0.513125 0.727732 -0.758154 -1.06671 -0.605664 -1.98776 -1.60041 -1.19064 -0.710103 -1.13485 -0.578442 -0.367054 0.705467 0.342474 0.442606 0.92191 -0.0840975 -1.3758 -0.945064 0.0453906 -0.669956 0.482566 1.31982 
0.547422 0.400888 -0.851744 -0.690379 -0.220453 -0.0163752 -0.863202 -0.723802 -1.64697 -2.19255 -1.7186 -0.636465 0.128925 -0.640428 -0.551904 0.569513 0.414472 0.553094 0.726827 -0.0533395 -1.25804 -1.07612 -0.332337 -1.40864 -0.477721 0.343401 -0.318676 -0.258199 0.12651 -0.162365 -0.00535639 0.965815 0.995713 0.302504 2.09458 1.88052 1.2704 0.617079 0.994652 
0.246452 0.133284 -0.63204 -0.577356 0.154573 1.00006 0.132617 -0.479331 -0.655972 -1.3638 -1.93151 -0.963941 0.0964741 -0.510099 -0.571464 0.140401 0.203305 0.842124 0.830101 0.285374 -0.178235 1.41606 1.3701 0.497994 0.139242 0.503587 -0.0727915 -0.176689 0.150181 0.557553 -0.0113908 -0.960081 0.572342 1.73387 1.71119 0.976488 2.22283 -0.150059 -1.35817 
0.176248 -0.0196088 -0.801508 -0.584305 1.01206 1.07817 -0.606698 -0.983705 0.200713 -0.334652 -1.40952 -0.578845 0.605614 -0.613914 -0.668626 0.616333 0.969691 0.657436 -0.647037 0.687178 1.518 1.71379 1.21571 1.62397 -0.749543 -1.68398 -0.816264 -0.658476 1.14655 0.994994 -0.990946 -0.811849 1.34304 1.10478 0.0545866 0.187206 0.688181 -1.07975 -1.63783 
-0.202968 -0.358316 -0.190067 0.124239 1.12543 0.304691 0.780591 1.31797 1.55674 0.292514 -0.754373 -1.70011 -1.29813 -1.38044 -1.27189 1.40381 1.28414 -0.684825 -0.315776 2.13918 1.56559 1.55333 1.67623 1.36506 -1.49131 -1.95952 -0.477231 -0.306087 0.5086 0.0751741 -0.348501 0.412583 -0.48834 -1.43845 -1.04763 0.0195228 -0.714107 0.139026 0.857757 
-0.850903 -0.952673 0.288637 0.361635 0.0812383 0.784209 1.45592 0.871319 2.21669 1.92293 -0.431991 -1.97751 -1.02469 -1.07528 -0.94212 1.10079 0.945294 0.200375 0.0903206 -0.104481 -0.911179 0.08613 1.25799 0.512261 -0.59887 -0.25883 0.614429 0.645444 -0.242415 -0.0556255 0.757916 -0.265215 -1.18469 -0.604904 -2.00621 -2.16243 -0.601297 2.77459 2.011 
-1.00012 -1.05006 0.650662 0.806875 1.44873 0.502813 0.657269 0.169146 1.77386 2.00404 -0.434299 -2.30172 -1.47362 -0.524928 -0.392561 0.971263 1.10258 0.700673 -0.620903 0.341618 0.504125 -1.60925 -1.71474 0.412541 2.51123 1.26245 0.402712 0.409359 -0.123749 -0.0621072 -0.426588 -0.512333 0.76964 0.986861 -1.22422 -1.85644 0.0336979 1.68053 0.126123 
-1.23325 -1.24225 1.02275 1.16649 1.11335 0.120509 1.76723 1.43899 0.3552 -0.24684 -0.188795 0.198581 0.101147 -0.475164 -0.348816 0.813135 0.755942 -0.386726 -0.594886 0.921038 0.639157 -1.82429 -1.65151 0.455785 1.8047 0.0263967 -0.197709 -0.371313 -0.535451 -0.837553 -2.31415 -0.842478 -0.63388 -0.232061 0.705574 1.05433 0.402327 -1.56196 -1.70089 
-1.34496 -1.30762 1.25462 1.34238 0.940245 -0.12936 1.53309 0.900582 -0.351282 -0.083189 -0.157764 -0.756637 -1.40513 -0.649104 -0.74508 0.180905 -0.0185308 -3.02985 -1.81389 -0.660278 0.0544272 -0.429587 -0.0442111 0.876237 0.175925 -1.2989 -0.1816 -0.442196 -0.571468 -0.33138 -0.0568671 -0.275872 -1.40763 -0.535437 1.34353 1.39936 0.575031 -0.585416 0.571733 
-1.7092 -1.7898 1.10632 1.10019 -3.13984 -1.98879 1.1024 1.46126 -0.0599685 -0.235519 0.411885 0.288964 -0.964049 -0.579907 -0.787213 -0.0212011 0.243037 -0.358118 -0.916403 -1.19855 -0.308328 0.376913 0.561917 1.16318 0.89661 1.00591 2.3086 2.55596 -1.07212 -1.01184 3.05938 2.13204 -0.251219 -0.703486 0.210881 0.101781 -0.857051 -0.254691 1.46561 
-1.76875 -1.886 1.17184 1.47932 0.472292 -1.15113 0.343838 0.482903 0.222353 0.719514 0.664134 -0.022596 -0.498748 2.25009 2.44894 -1.26474 -1.34906 2.18837 1.56807 -1.10941 -1.1688 -0.0420502 0.127504 -0.437174 -0.248817 1.07332 0.38596 0.56941 0.129201 -0.106786 0.140996 0.528994 0.889425 0.229918 -0.266525 -0.364468 -0.750589 -0.577558 -0.70256 
