-1.19646 -1.48578 -2.14749 0.457143 0.333748 -0.925863 0.66788 1.38646 -0.289275 -0.622253 0.694712 0.438248 -0.583872 -1.82241 -2.35904 -2.26481 0.544328 0.892821 -0.999997 1.42222 2.40596 -0.307004 -1.24285 0.90708 0.379944 -0.95719 0.316 0.256193 -0.0393063 0.266605 0.681201 0.0807999 -0.0842492 0.0125263 -0.863345 -1.26044 -1.17278 -1.19385 -0.760747 
-1.07043 -1.41567 -2.5001 0.341819 0.975667 -0.693336 0.780529 1.61622 -0.204649 -0.854484 0.552861 0.320934 -0.658346 0.487285 0.412693 -0.0117253 0.252168 1.04558 0.11529 -0.21394 -0.0973542 -1.35421 -1.58939 -1.63849 -1.70394 -1.12117 2.1808 3.01647 2.626 1.2931 1.03738 1.28393 -1.69437 -2.82737 -0.686273 1.01994 -0.73732 -1.11723 -0.132375 
-0.926812 -1.24029 -2.09112 0.624753 1.48282 -0.802475 0.575556 1.31324 -1.35957 -1.72512 -0.296873 -0.781185 -1.36336 0.803417 1.0891 1.69886 2.06461 2.49964 0.91197 -0.754261 -1.309 -1.39765 0.038539 -0.139629 -1.21878 -1.1754 0.847479 1.62108 2.34089 1.43488 -0.781853 -0.55599 -1.39318 -1.26096 1.55991 3.1399 2.6798 2.36679 0.96721 
-0.617367 -0.764802 -0.50282 1.59015 3.77532 0.0134615 0.399957 0.725294 -1.31086 -0.790545 0.470664 -0.539883 -1.4779 1.58407 2.32634 3.52669 1.9476 -0.214221 -0.72036 -2.02331 -1.81694 0.898449 2.36083 1.95861 1.48105 0.2407 0.625838 0.872187 0.301585 -2.40284 -3.75872 -1.56045 -0.692465 -0.217188 1.10417 0.960582 0.861533 2.12738 1.08451 
-0.0208159 0.152081 1.98012 1.80332 1.20183 -1.29103 -0.482022 0.0795248 -0.567758 0.00330313 0.893969 0.353668 -1.13677 1.64602 2.17919 2.19558 -0.981015 -3.45092 -1.42367 -1.70954 -1.69898 0.176672 1.24521 0.986475 1.63748 0.355026 -0.662802 -1.4746 -2.77115 -3.24409 -0.464806 0.945539 1.4332 0.479239 -1.543 -1.75272 -1.12579 -0.9399 -0.23598 
0.324576 0.539383 2.05807 1.02244 -0.179798 -0.990132 -0.490235 -0.428819 -1.11569 0.138262 1.07169 0.710601 -1.16685 0.948864 0.835699 -0.559666 -2.13729 -0.974442 0.686274 -0.38767 -1.31977 -1.46738 0.151703 0.383975 0.1258 -0.12639 -1.09307 -1.84623 -2.07427 -0.0302331 2.24174 0.965458 1.12504 1.01795 -0.32114 -0.451608 -0.650004 -2.42569 -0.836432 
0.516637 0.651082 1.41476 0.546143 0.0578797 -0.749513 -0.667027 -0.818668 -1.73161 0.148352 1.12945 0.486743 -1.18136 0.517385 0.279872 -0.851353 -1.09556 0.0536634 0.0127075 -0.449512 -0.515567 -0.370497 0.674061 0.058427 -1.75782 -0.874902 -0.699531 -0.710786 0.105356 1.17143 0.256726 -0.777672 -0.311046 0.622161 1.59413 0.995468 -0.373617 -1.23892 0.063533 
0.611686 0.705266 1.16175 0.386429 -0.156698 -0.941864 -0.708231 -0.784273 -1.37282 0.657706 1.10966 -0.548666 -1.7644 0.271539 0.185015 -0.355622 -0.767315 -0.597721 -0.480421 -0.878047 -0.640539 0.836215 1.40229 -0.168468 -1.64001 -0.0630853 -0.419279 -0.240667 0.401344 0.262388 -0.473806 -0.0348377 0.017708 0.0801994 0.743695 -0.0873407 -0.545841 0.878135 1.41214 
0.661108 0.760116 1.08093 0.105855 -0.658438 -1.06236 -1.11364 -1.25846 -0.991242 1.18975 1.02976 -0.685437 -1.17919 0.161453 0.146173 -0.205834 -0.848597 -0.720739 -0.0446879 -0.539179 -0.526716 0.667277 0.561494 -0.728066 -0.61683 1.12633 -0.223743 -0.226425 -0.0267312 0.131743 0.102737 0.367275 1.13214 0.95128 -0.217309 -1.17829 -0.163813 0.784837 0.168021 
0.692286 0.79102 0.997873 -0.102325 -1.01266 -0.935628 -0.974063 -1.14725 -0.7721 1.09647 0.67045 -0.96453 -0.883552 0.139847 0.0669778 -0.348592 -0.681753 -0.463644 0.0626723 0.390634 0.457937 0.443593 -0.083683 -0.435791 -0.627119 0.150366 -0.0736994 -0.20177 -0.249853 0.244094 0.219481 -0.216739 0.732083 0.902547 -0.301944 -0.231474 0.98648 0.165434 -1.04038 
0.729172 0.798407 0.755066 -0.283413 -1.22256 -0.977506 -0.883434 -0.95692 -0.575424 1.16608 0.767875 -1.10891 -1.01933 0.201831 0.0552486 -0.531596 -0.624238 -0.402705 -0.373723 0.241887 0.509683 0.14868 0.267476 0.567839 -0.454406 -0.396663 -0.0543139 -0.107361 -0.105545 0.15588 0.204102 -0.228548 -0.444485 -0.208112 -0.0222615 0.291556 0.548136 0.659257 0.299589 
0.796313 0.822282 0.464367 -0.457299 -1.50761 -1.17034 -0.823213 -0.810786 -0.600067 1.3245 1.01749 -1.26033 -1.12781 0.202456 0.0798743 -0.459113 -0.566372 -0.169843 -0.283997 -0.262388 0.0795226 0.341287 0.280745 0.264411 0.213345 0.552879 -0.155096 -0.113355 0.0489213 0.151271 0.555138 0.353221 -0.689741 -0.302749 0.682793 -0.568703 -1.01025 1.1033 1.22367 
0.833562 0.844427 0.303801 -0.603882 -1.45317 -1.14652 -1.0016 -0.910761 -0.244175 1.40362 0.930817 -0.91112 -0.562115 0.148863 0.061554 -0.411727 -0.514552 0.444234 0.148382 -0.710072 0.0107154 1.09581 -0.451081 -0.849779 0.995756 1.33374 -0.115583 -0.121935 -0.0628193 0.0743718 0.489544 0.361978 -0.0264535 0.242339 0.244577 -0.972108 -0.63577 0.801166 0.182416 
0.869608 0.857322 0.0668694 -0.746868 -1.04115 -1.02272 -1.18021 -0.811063 0.35489 1.0375 0.50443 -0.484201 -0.0937385 0.194802 0.0767435 -0.505909 -0.551685 0.573738 0.251186 -0.405882 0.274915 0.636154 -0.945661 -0.644294 1.24866 0.787015 -0.116024 -0.132984 -0.0239555 0.117107 -0.0327181 0.0376225 0.326692 -0.0483872 -0.495482 0.261465 0.564552 -0.22038 -0.496224 
0.933511 0.888571 -0.20056 -0.915594 -0.83971 -0.923611 -1.19632 -0.732735 0.330819 0.762145 0.542432 0.0519519 0.0680677 0.140702 0.0462734 -0.400556 -0.44707 0.364869 0.199194 -0.423127 -0.164233 0.289139 -0.124535 -0.127266 0.628439 0.592681 -0.313411 -0.27706 0.154135 0.574301 0.273379 0.188596 -0.0354742 -0.688424 -0.60418 0.66134 -0.0218226 -1.2538 -0.27132 
0.938168 0.883205 -0.317953 -0.9962 -0.664787 -0.83789 -1.38413 -0.92941 0.643032 0.984562 0.429734 0.0204166 0.39288 -0.039721 -0.0969759 -0.22911 0.0806053 0.976701 0.527451 -0.560372 -0.715344 -0.332304 -0.115711 -0.718655 -0.537596 0.369142 -0.289582 -0.229099 0.169 0.444452 0.345973 0.460951 0.288347 -0.244091 -0.576267 -0.67281 -1.07743 -0.790727 0.00280847 
0.89739 0.828601 -0.39085 -0.850283 0.231174 -0.498397 -1.47346 -1.22301 0.105257 0.715528 0.10893 -0.305343 0.389547 -0.066494 -0.0747043 -0.101586 0.0248076 0.88222 0.882176 -0.18292 -0.588479 -0.63777 -0.974153 -1.63617 -0.521988 0.568726 -0.0317363 0.0392113 0.0616427 -0.618096 -1.09913 -0.227564 0.683101 0.891989 0.862302 -0.530255 -0.736286 0.359369 0.335541 
0.886514 0.836583 -0.363547 -0.96416 0.298848 -0.152911 -1.45991 -1.33407 0.164962 0.322664 -0.560443 -0.325341 0.861801 0.0487801 0.0771046 -0.0902671 -0.76017 -0.783044 0.182251 0.160992 0.307605 0.882009 -0.785865 -1.76396 -0.108891 0.823317 0.039598 -0.0243233 -0.214046 -0.488134 -0.723287 -0.415925 0.813576 1.26923 0.876031 0.154331 0.806348 0.6236 -0.461483 
0.912618 0.872962 -0.423602 -1.28631 -0.695513 -0.325973 -1.36577 -1.02293 0.883483 0.188583 -0.958777 -0.345748 1.04655 0.103813 0.0295078 -0.373941 -0.655416 -0.285298 0.255689 0.697476 0.915024 0.596977 -0.782478 -0.585065 0.269518 -0.122408 -0.186837 -0.257144 -0.083632 0.730834 1.29471 0.914261 0.722434 -0.00166185 -0.732231 0.189493 0.848786 -0.212378 -0.850059 
0.933672 0.852418 -0.718171 -1.33772 -0.0628234 0.0732919 -1.06601 -0.724049 0.707572 -0.201853 -0.912893 -0.0860323 0.820149 -0.0405879 -0.0747143 -0.168106 0.0654992 1.22927 1.54218 0.930297 0.192177 -0.277043 -0.549925 -0.655178 -0.46522 -0.426193 -0.465396 -0.347415 0.335377 0.833343 0.867289 1.20782 0.607498 -0.721523 -0.653194 0.311828 -0.531228 -1.14325 -0.136592 
0.875995 0.826334 -0.544674 -1.23001 0.662071 0.842325 -0.847669 -0.90074 0.7036 -0.169254 -1.35377 -0.649544 0.780474 -0.305006 -0.221581 0.173185 0.296891 1.05351 2.05399 1.32669 -0.117398 -0.444433 -0.392531 -1.3517 -1.36494 -0.346679 -0.299495 -0.271183 0.0307844 -0.0467634 -0.572423 -0.0592841 0.600426 0.0297015 -0.860013 -0.462684 -0.0711114 0.00754874 0.1856 
0.743634 0.71777 -0.451996 -1.14345 1.09525 1.61639 -0.336446 -0.810788 0.38932 -0.446879 -1.73047 -1.05489 0.612816 -0.259153 -0.241971 -0.0752883 -0.0694622 0.299472 1.44827 1.55089 0.116702 -1.62629 -1.13501 -0.796522 -0.51958 -0.18748 0.0775706 0.02056 -0.159489 -0.465491 -1.13142 -1.13485 -0.0855601 0.392419 -0.564095 -0.490768 0.620255 0.70811 -0.131293 
0.712561 0.679465 -0.56043 -1.25418 0.9642 1.94186 0.00150348 -0.82949 -0.591613 -0.946448 -1.83451 -0.993522 0.69075 -0.0911518 -0.0680111 -0.0177961 -0.355359 -0.757115 0.353911 1.11115 0.269174 -1.35322 -1.01297 -0.553488 -0.457401 -0.563336 -0.0255406 -0.0102636 0.157233 0.425704 -0.412028 -1.23045 -0.714315 0.461899 0.941613 0.603937 0.695468 0.203354 -0.6057 
0.677674 0.675159 -0.402518 -1.33809 0.197996 1.91452 0.278136 -0.636637 -0.680168 -1.1366 -2.06377 -1.35291 0.245429 -0.163546 -0.122298 0.206131 0.379254 -0.377584 -0.394572 0.568979 0.591781 -0.29393 -0.377329 0.103903 -0.30509 -1.08585 -0.277252 -0.243078 0.226164 0.822741 0.0276033 -0.628628 0.0413151 0.661958 0.885184 0.961016 1.4682 0.926337 0.0450713 
0.604597 0.60432 -0.256873 -1.01079 0.49777 1.69187 0.326849 -0.437618 -0.785455 -1.18058 -1.76895 -1.17895 -0.0626454 -0.284208 -0.204362 0.366436 0.58385 -0.74143 -0.590211 1.05026 0.999097 -0.104853 0.19424 1.39707 0.749777 -0.526561 -0.199807 -0.156481 0.111048 0.131088 -0.29006 0.0178668 0.673471 0.488623 0.159298 0.0457392 0.334106 0.608659 0.679923 
0.499703 0.550831 0.0829293 -0.972707 -0.681453 1.52127 0.860233 0.0301233 -0.717712 -0.961066 -1.21362 -0.758597 -0.0947912 -0.267788 -0.163419 0.418663 0.464007 -0.862452 -0.373262 1.2786 1.1009 -0.125997 -0.322362 0.513242 0.465901 -0.136806 -0.206031 -0.215855 -0.0290008 0.287851 0.423796 0.047626 -0.293048 0.14266 0.380307 -0.893001 -1.42807 -0.298419 0.377993 
0.436153 0.50453 0.287834 -0.716864 -0.519057 1.4575 1.03076 0.297849 -0.840478 -1.37531 -1.45504 -0.794481 -0.114935 -0.395588 -0.310775 0.370082 0.862265 -0.10145 -0.524461 0.581819 1.06751 0.392039 -0.932578 -0.588354 0.275309 -0.0113829 -0.0626269 -0.449063 -0.842975 0.458724 0.972094 -1.34898 -1.04215 1.19562 1.24744 0.0348471 0.622725 -0.0716145 -0.955491 
0.257109 0.362727 0.572513 -0.441308 -0.83443 1.17617 1.19243 0.743057 -0.344511 -1.59317 -1.56806 -0.515007 -0.0544243 -0.214713 -0.526288 -0.791759 0.953516 0.6415 -2.3931 -0.102897 2.51063 1.66157 -0.281107 1.31481 0.302847 -1.53782 0.233704 -0.493127 -1.76352 -0.283579 1.43196 -1.57738 -1.92762 0.234985 -0.571515 0.159914 2.36655 0.928874 -0.693192 
0.298503 0.187264 -0.540868 -0.131054 0.171324 -0.256013 0.997678 1.98471 0.582156 -1.54048 -0.654804 -0.530535 -1.20222 -0.00268089 -0.722101 -2.21336 0.434746 2.12712 -2.88538 -1.87896 1.25354 -0.527798 -0.733874 2.58305 1.48597 -1.03548 -2.10208 -1.67058 0.713417 0.599073 -0.631411 1.80402 0.119683 -3.05099 -1.6112 1.19182 0.077655 1.58436 2.85233 
0.24248 -0.0718925 -1.86921 -0.16483 1.54235 -0.897832 0.211855 1.58153 -0.731675 -2.08285 0.00163487 0.623482 -0.770606 -2.50047 -2.23245 0.319226 1.61641 -0.381246 0.295523 -0.0682701 -1.48919 -0.805779 1.21667 1.37564 2.41352 2.53293 -2.99681 -1.79212 2.66344 1.78052 -1.9114 3.41219 3.15019 -1.76378 1.43985 2.53413 -2.05934 -0.374256 2.7506 
-1.16534 -1.15254 -0.108987 0.850027 -0.299263 -0.000639559 0.983065 0.972179 -0.0347957 -0.632124 0.182339 1.29358 0.717754 -3.31452 -2.56192 1.80615 2.55718 -0.912543 2.20478 1.84947 -1.10657 1.54616 2.45375 -0.260265 0.907377 2.88909 1.31094 1.25216 -0.0132845 -0.556186 0.386449 0.0642473 0.297029 1.27351 1.80178 0.21474 -0.644188 -1.10434 -0.667856 
-1.69367 -1.60915 0.24982 1.37721 0.468665 0.755693 1.22031 0.827226 0.595563 -0.28783 -0.153754 1.33429 1.41248 -0.872197 -0.724509 0.346313 0.852117 0.199884 0.386095 0.18252 0.0197658 1.80688 1.48439 0.455493 0.832482 1.54524 2.77611 2.29328 -0.997358 -1.96167 0.0517467 -1.84859 -1.56084 0.900729 -0.42662 -0.747659 1.3066 -0.263542 -2.0392 
-1.68446 -1.5886 0.353629 1.37538 -0.11018 0.32106 1.10224 0.978009 1.50796 0.468116 0.461213 1.94902 1.90808 -0.00598665 0.0909391 0.365463 0.0565664 -0.858814 -0.561153 -0.164249 -0.0724846 0.841994 1.5099 1.47068 0.480797 -0.0691928 0.623837 0.542807 -0.217421 -0.747483 -0.256879 0.00630534 0.302157 0.00663705 -1.24695 -0.693784 0.231502 -0.763626 -1.66584 
-1.71021 -1.5565 0.734164 1.42819 -0.544033 0.383722 1.1545 0.770799 1.34071 0.830695 0.741053 1.72977 1.41014 -0.0318855 0.00337108 0.0689249 -0.148501 -0.232698 0.39014 0.439561 -0.0850904 -0.11829 0.608369 0.725396 -0.280735 -0.876524 -0.0794114 -0.258234 -0.545866 -0.296601 0.78616 0.770315 0.47779 0.303 0.0887631 -0.512343 -0.686766 -0.448479 -0.253311 
-1.71603 -1.58843 0.501505 1.30407 -0.412143 0.645721 1.35855 0.913075 1.45931 0.940475 0.903843 1.7816 1.30932 0.0278406 -0.0620781 -0.401812 -0.387039 0.352156 0.583812 0.306866 0.200181 0.904942 0.862296 0.492674 -0.199709 -0.461188 -0.012131 -0.0865844 -0.132789 0.299293 0.542073 -0.113068 -0.124167 0.602555 0.83224 -0.537826 -1.02064 -0.0682033 0.710502 
-1.70714 -1.59555 0.347917 1.21465 -0.1821 0.85021 1.34001 0.898388 2.13789 1.48505 1.04249 1.62223 1.11821 0.079099 0.0391153 -0.0822331 0.144051 0.593655 0.215921 0.176966 0.569163 1.05128 -0.0713175 -0.706344 -0.439105 0.116462 -0.092721 6.90963e-005 0.286632 0.213752 -0.699693 -0.693219 0.0467749 0.176353 -1.05676 -1.52914 -0.638393 0.487393 0.437098 
-1.68321 -1.56684 0.477869 1.40722 0.223927 0.842802 1.47476 1.28968 2.37746 0.925676 0.477811 1.4971 1.44413 0.0464046 0.0689581 0.0726096 -0.200165 -0.778183 -0.456766 0.252628 0.311518 -0.737154 -1.06535 -0.419596 0.404779 0.138923 2.37151 2.22551 -0.299845 -1.98787 -0.463148 -0.94731 -2.35548 -1.84928 -2.63203 -1.00742 -0.0299024 -1.14763 -1.46789 
-1.69329 -1.55608 0.499974 1.11254 -1.10327 0.554682 1.49659 1.10112 1.57767 0.757789 0.790429 1.96152 1.26962 2.92364 2.61745 -0.482561 -2.38892 -0.163953 -1.2041 -2.80532 -1.89986 -2.93551 -1.34218 -0.791685 -2.07958 -2.02086 -0.149373 -0.181795 -0.0801263 0.22451 0.511503 0.309467 -0.115989 -0.155597 0.541725 0.848331 0.341653 -0.247664 -0.0771976 
