-0.0629384 0.338118 1.20996 0.125438 -1.55327 0.863948 1.68108 -0.623776 -1.74394 0.384899 0.345788 -0.148425 -0.25642 0.709663 1.23698 0.565094 -0.440214 -0.436908 0.922019 0.484848 -0.951352 -0.818982 0.565966 -0.0231856 -0.716511 -0.195001 0.852162 0.664936 -0.931676 -0.679295 0.505789 -0.18398 -1.29482 -0.297756 0.0559349 -0.28743 -0.151376 0.238657 0.439976 
0.341373 0.605874 0.492226 -0.201724 -0.533786 0.864129 0.506141 -0.744457 -0.525753 0.653125 0.0640256 -0.71591 -0.257576 1.04257 0.807999 -1.30858 -0.891975 0.79144 -0.245152 -1.85123 -0.448945 0.0807311 -0.482655 -0.260442 0.309288 0.616138 -0.101531 -0.81061 -1.18366 -0.0948088 0.428261 -0.951099 -1.17988 0.414174 -0.359215 -0.643061 0.386534 0.948338 0.353174 
0.488149 0.690617 0.190818 -0.376906 -0.650045 0.450647 -0.0273528 -0.893939 -1.48835 -0.0623867 0.15938 0.253387 0.383775 0.719729 0.476204 -1.05819 -0.677826 0.240678 -0.510662 -1.20855 -0.371396 -1.39712 -0.454368 0.512362 0.595716 0.292331 -0.596464 -0.536302 0.448528 0.288771 -0.161525 0.512118 0.976581 -0.175809 0.167019 0.972518 0.468736 -0.579573 -0.337986 
0.689086 0.7624 -0.324945 -0.561565 -0.27488 0.160236 -0.593041 -0.94141 -1.55358 0.235522 0.693342 -0.00200213 0.0242276 0.516805 0.338862 -0.893425 -0.700149 0.602899 0.587283 -0.583462 -0.72165 0.33776 0.93961 0.396747 -0.537767 0.0778591 -0.602272 -0.472467 0.512603 0.304338 0.335744 0.974367 0.991145 0.198232 1.68676 0.280319 -0.85597 -0.398881 0.0538311 
0.708031 0.766022 -0.493448 -0.751601 0.0326151 0.948419 -0.533958 -1.42155 -1.00954 0.982836 0.666661 -0.267762 0.428201 0.187673 0.0749356 -0.563011 -0.468571 0.782399 1.03735 0.0792158 -0.103525 1.27184 -0.0786414 -0.790727 0.0040205 0.335468 -0.283102 -0.161852 0.514541 0.453612 -0.518 -0.739838 0.0274784 0.88972 -0.00876914 -1.58865 -1.0288 0.889403 0.539807 
0.701634 0.681919 -0.742688 -0.782158 0.617773 1.15059 -0.471435 -0.885481 -0.263585 0.212204 -0.0528024 0.0671872 0.353776 0.330295 0.267834 -0.395826 -0.323773 -0.109138 -0.518358 -0.618967 0.545579 0.315801 -1.51036 -1.1621 0.691172 0.842135 0.0977519 0.388065 0.458013 -0.180379 -1.35581 -0.973289 -0.900011 -0.452292 -0.559346 -0.12599 -0.176246 -0.0333038 0.744095 
0.810423 0.799475 -0.776333 -0.875841 -0.117721 0.236103 -1.07422 -0.752835 -0.549807 -0.542911 -0.47148 0.550156 1.31853 0.413491 0.58857 -0.136011 -0.801984 -1.16 -0.42968 -1.22988 -0.775809 0.37608 -0.317215 -1.08797 -0.0710331 1.40289 -0.00394656 -0.216819 -0.183894 0.41909 0.442161 -0.295822 0.179494 0.303462 -0.584332 0.648103 1.39872 -0.215845 -0.925143 
0.856434 0.904813 -0.815997 -1.22462 -0.761942 0.535333 -1.59084 -1.46422 0.2485 -0.061472 -1.1127 0.0545973 1.86475 0.44601 0.138366 -0.770502 0.0139525 0.588861 -0.936645 -0.445729 0.965531 -0.619615 -0.578579 0.871269 0.358147 -0.567426 -0.312292 -0.822093 -0.208641 1.47824 1.88163 -0.0387283 1.54388 1.78063 -1.23173 -0.57779 1.58371 0.760188 -1.59142 
0.985709 0.756459 -1.36144 -0.775343 0.548516 -0.934014 -1.45026 0.31233 -0.902422 -1.09086 0.536677 1.00521 0.648753 0.195379 -0.184415 -0.541594 0.721515 1.65192 -0.449976 0.816882 1.77899 -1.5868 -1.23887 1.21913 0.975297 -0.995356 -0.707847 -0.181545 1.11492 0.0193951 -0.334458 1.51409 1.05747 -0.950295 0.987834 0.603762 -1.10226 -0.480457 0.311902 
0.873837 0.671147 -1.21646 -0.65328 1.14795 -0.102142 -0.769935 0.368888 -0.944051 -1.30232 0.262638 1.1821 0.721336 -0.200347 0.0464014 0.476905 -0.0958016 0.146362 1.44687 0.933109 -0.426482 0.940103 0.286162 -0.796273 -0.348835 -0.141338 -0.682209 0.0137402 1.18522 -0.671324 -1.65903 1.09823 0.206527 -1.84817 1.26063 1.37487 -1.13597 -1.05324 0.539958 
0.753826 0.659125 -0.940356 -0.747881 0.697084 0.504551 -0.51917 0.0633737 0.0994832 -0.731357 -0.215321 0.68992 0.450572 -0.423221 -0.0687563 0.793615 -0.161536 -0.735765 1.28978 1.02724 -0.910662 0.405875 0.791712 -0.498292 -0.541159 -0.230856 -0.11525 -0.207718 0.0335173 0.181743 -0.776666 -1.19276 -0.512133 0.506592 0.193291 -0.000581194 0.332263 0.263664 0.381627 
0.501555 0.505796 -0.539906 -0.669561 0.264535 1.16449 0.250387 -0.337155 -0.40609 -0.412298 -0.174829 0.657257 0.424076 -0.205134 -0.0733908 0.373754 -0.0237983 -0.945538 -0.359912 0.15663 0.28704 1.23883 0.237195 -0.341035 -0.00420633 0.388216 0.384869 -0.0280435 -0.740484 0.160313 0.170811 -1.41122 -0.80037 1.34797 0.422143 -0.87419 -0.119581 -0.356499 -0.645031 
0.518928 0.491036 -0.602472 -0.672505 -0.431738 -0.0343512 -0.324176 0.488013 1.36081 -0.423242 -0.486798 0.750146 0.838502 0.113442 0.00247886 -0.276186 -0.113525 -0.436254 -0.855185 -0.145036 1.01884 1.0678 -0.578067 -0.711684 -1.07296 -1.22476 0.00478329 -0.0753803 0.0543084 0.540453 0.630631 -0.126589 -0.0869439 -0.124514 -1.97876 -0.991686 -0.601224 -1.54689 -1.51596 
0.467342 0.382518 -0.726285 -0.653892 -0.268487 0.0835287 0.159405 0.778339 0.706715 -0.959708 -0.837541 -0.447044 -0.973239 -0.079967 -0.0524833 0.296568 0.4498 0.0292375 -0.51622 -0.0359954 0.0884693 -1.90965 -1.31023 -1.26715 -2.2183 -1.89806 -0.435206 -0.136775 0.932452 0.744991 0.158369 0.246377 -0.236608 -1.09849 -1.30071 0.145329 -0.149062 -0.141051 0.742857 
0.362877 0.335295 -0.326848 -0.281977 -0.420191 -0.744327 -0.311789 0.725193 -0.112116 -1.73897 -1.73583 -1.60213 -1.30403 -0.237742 -0.0418877 0.743342 0.589065 -0.155016 -0.434127 -0.543174 -0.587349 -1.00456 -0.406432 -0.968704 -1.30028 -0.159176 -0.316488 -0.350249 0.00656514 -0.0199581 0.447828 0.82206 0.450923 -0.105741 1.58476 1.1636 0.747363 1.06196 0.760937 
0.211902 0.233036 -0.090279 -0.170691 -0.472495 -0.536599 -0.309008 0.377516 0.0198016 -1.32701 -1.77155 -1.79904 -1.19116 -0.302622 -0.323812 0.159756 0.295988 0.735559 0.796018 0.509958 -0.0829707 0.597433 0.40093 -0.197658 -0.745498 -0.80565 -0.144053 -0.537535 -0.717789 -0.0509678 1.4811 1.1994 0.563297 -0.132619 0.657487 1.10565 1.30518 0.907215 -0.250566 
0.0665669 0.0192961 -0.161582 0.00619843 0.417664 -0.0181018 0.218156 0.800526 0.592201 -1.25903 -1.85597 -2.34963 -2.23747 -0.273711 -0.512335 -0.298116 0.400536 2.0687 1.46224 0.157086 -0.797633 0.0308785 1.21711 0.926246 -0.0461725 -0.567733 -0.259135 -0.378521 -0.059031 0.111973 0.0819234 -0.0902595 -0.798313 -1.02078 -0.358985 1.46938 1.98766 2.2297 1.81222 
-0.0661968 -0.194313 -0.294348 0.187055 1.92498 0.918784 -0.113582 -0.221823 0.232101 0.00942014 -0.705358 -1.78454 -1.86128 -0.463184 -0.625199 -0.0589787 0.28988 0.904534 0.69595 -0.659492 -1.57685 0.0196572 2.57441 2.70721 2.37759 1.84675 -1.0113 -0.877527 0.9244 0.573694 -1.56805 -1.23996 -0.570287 -0.0646817 0.363768 0.259486 0.22338 1.24651 1.84008 
-0.330889 -0.474715 -0.172755 0.290309 1.4532 0.598602 -0.360525 -0.534426 0.794755 1.50172 1.0901 0.305829 -0.235226 -1.2486 -1.34426 0.711356 0.91135 -0.185375 -0.417616 -0.699247 -0.909732 0.600161 1.56134 1.22036 1.68743 2.12602 -1.00776 -0.713373 1.46776 1.33909 -0.87811 -0.60963 1.96064 1.78922 -0.253017 -1.74637 -1.82609 -1.80472 -1.09831 
-0.958423 -1.11303 0.315857 0.884717 1.68545 0.316727 -0.72995 -0.926989 0.938787 1.70708 0.671279 0.118913 0.450062 -1.43424 -1.28259 1.62909 1.6576 -0.336342 -0.208124 1.95955 0.990365 -0.389939 -0.114028 -0.031454 -0.200874 0.180236 -0.0726168 0.32196 0.984508 0.416766 -1.69697 -1.11483 1.75052 1.97823 -0.852521 -1.84967 -0.994516 -0.984914 -1.34475 
-1.34005 -1.35701 1.17773 1.48456 1.03706 0.225826 1.54362 0.554182 0.6416 1.44127 1.14539 0.151763 -0.0774884 -1.20723 -0.900904 1.7959 1.24647 -2.62878 -2.10376 1.63127 1.93064 -0.760888 -1.28327 -0.287746 0.26754 0.0938051 0.173323 0.225037 -0.0954577 -0.389226 -0.879211 -1.06373 -1.70402 -0.336339 0.15374 -0.486806 -0.194081 0.961516 0.726986 
-1.82459 -1.76989 1.80089 1.80539 -1.41256 -2.13076 0.862985 1.04928 0.463486 0.419637 0.45605 0.475237 0.512137 -1.12661 -0.942288 1.36486 1.09037 -1.57883 -1.81516 -0.453581 0.485659 -0.153985 -0.89812 -0.355091 1.12998 1.22227 0.0234817 -0.459608 -1.07738 -0.434937 1.37168 1.13265 0.315607 0.0411326 1.97817 1.71698 1.45163 0.393486 -1.09105 
-2.15543 -2.03831 2.31508 2.30134 -0.832637 -1.9058 1.16014 1.16633 0.693356 0.557999 0.859081 1.44781 1.23357 -1.06182 -1.2885 0.305347 0.628071 -0.56574 -0.310719 1.99141 1.97146 2.37056 1.26456 1.82391 0.795637 -1.56195 4.24517 4.2358 -3.31094 -4.068 1.5398 2.35736 -0.543293 -1.29064 -0.535547 0.236821 -0.342071 -1.76207 -1.52459 
-2.59915 -2.65567 2.08359 2.31454 -2.09707 -2.61582 2.79733 3.06409 2.70765 1.80586 2.46976 1.40698 -1.25838 3.58937 3.66219 -2.91517 -3.59544 0.731097 1.87378 -1.27285 -1.39823 -1.01198 -0.588157 -0.897721 -1.38822 -1.07682 0.869942 1.11688 -0.128382 -0.443572 0.352099 0.175101 -1.3969 -1.35124 -1.4886 -0.804594 -1.20793 -0.543189 1.07736 
