-2.66125 -1.87138 -0.00894652 0.823453 -0.726065 -0.433608 1.20301 0.881815 0.891306 0.448727 0.381849 0.712732 0.616297 -3.25046 -2.53225 0.456507 1.84472 -1.43351 -1.58989 1.21921 0.778059 -0.0142987 0.315592 0.631627 1.62958 1.72539 1.56953 1.81517 1.47711 1.45773 0.3061 -0.650717 -1.65402 -2.55773 -1.33442 -0.0775519 -0.360713 -0.437022 -0.167572 
-2.72462 -1.79229 0.290684 1.25777 -0.908938 -0.998953 0.82671 0.410453 -0.032883 0.171411 0.318977 1.06622 0.995408 2.27501 2.59269 1.79275 1.95977 0.390196 -0.768766 -2.17986 -3.40695 -2.04174 -0.0863402 -0.401604 -0.604515 -0.231558 5.09445 4.40325 0.404477 -1.27677 1.84195 0.365039 -3.198 -2.66487 0.0227842 0.812456 -0.226394 -2.42815 -2.41535 
-0.706132 -0.0164256 1.18735 2.15962 -0.439573 -0.922112 -0.371951 -0.947997 -1.17883 0.37587 0.178206 0.299557 0.435992 3.89322 3.61333 0.960922 -0.0163469 0.877176 -1.03194 -2.98214 -2.7698 0.0411807 1.4725 0.363766 -1.50833 -1.81468 -0.496798 -1.01811 -1.93923 -3.32887 -0.294167 1.10395 1.11806 2.18265 1.97634 0.673171 0.352108 0.12079 -0.130986 
0.601022 0.789013 0.923224 1.24724 -0.303233 -1.65106 -1.31512 -1.07829 -0.010018 1.04591 0.502467 0.0545491 -0.136017 1.69598 1.29587 -0.517869 -2.76865 0.0297911 0.754307 -0.730317 -0.579762 1.03248 0.875997 -0.0934426 -0.4993 -0.409266 -2.61415 -2.51645 -1.14766 -1.35071 -0.722975 2.41075 2.51621 1.42175 -0.211742 -0.653111 -0.444619 0.741508 1.3075 
0.758583 0.915628 0.817669 0.273433 -0.389323 -0.463807 -0.922717 -1.26439 -0.159866 0.88786 0.130434 -0.043946 0.148922 0.389678 0.259613 -0.398938 -1.98073 -0.0194287 2.19799 0.297965 -0.943275 -0.265743 0.582163 -0.121385 -0.613347 0.124922 -1.05115 -0.921091 0.095678 1.4428 -0.11551 -1.00113 0.290747 -0.141955 -0.973827 0.535017 1.46871 -0.40705 0.304025 
0.959375 0.983593 0.634147 -0.101999 -0.285248 -0.295298 -1.13933 -1.58928 -0.295562 1.37933 0.440561 -0.364474 -0.102153 0.35128 0.132251 -0.384354 -0.829749 -0.107213 -0.472145 -0.363955 -0.809691 -0.452057 1.64535 1.32653 -1.06568 0.0533198 -0.263113 -0.167442 0.269909 0.745394 -0.463539 -1.8619 -0.118142 0.347761 -0.103948 0.117544 0.539073 0.18328 0.57449 
1.08441 1.01957 0.538477 -0.291421 -0.428879 -0.767919 -1.21462 -1.70388 -0.632626 1.86741 0.800902 -0.7625 0.139768 0.133419 0.130591 -0.0561534 -1.01629 -0.591623 -0.152744 0.128981 -0.529171 -0.406097 0.76835 0.372941 -0.428623 0.985607 -0.378218 -0.14191 0.36674 0.075013 -0.238307 0.97194 0.660119 0.546571 0.296012 -1.28784 -2.0587 0.799269 0.803605 
1.10069 1.08635 0.577386 -0.793978 -0.642332 -0.400856 -1.08295 -1.87859 -0.72214 1.8259 0.628692 -0.661175 0.448799 -0.0639626 0.0382784 0.0747343 -0.802013 -0.397768 0.878505 0.486016 -0.13413 0.0256281 -0.131635 -0.765783 -0.0972051 1.25124 -0.214652 -0.221991 0.00102023 0.811944 0.42314 0.207055 0.403961 0.931256 0.164367 -0.661744 -0.323061 0.017696 -0.803404 
1.05856 1.05663 0.570422 -0.837372 -0.658892 -0.232407 -0.905964 -1.78172 -0.625389 1.76703 0.413053 -0.83974 0.850309 -0.0559043 -0.0733156 -0.0363317 0.0411388 -0.0550761 0.198859 0.643572 0.652297 -0.131836 -0.134043 0.00882778 -0.454579 -0.181834 -0.04979 -0.0921172 -0.0446397 0.458582 0.143587 -0.737994 -0.12525 0.554125 0.241082 0.0424224 0.894574 0.238516 -1.21787 
1.08166 1.044 0.534058 -0.765332 -0.647713 -0.287842 -0.662964 -1.53546 -0.873129 1.72405 0.63265 -0.975065 0.298368 -0.0255764 0.0126611 0.0397137 -0.238325 -0.210785 -0.00425651 0.307725 0.551367 0.418432 -0.0503842 0.0825209 0.157797 -0.526254 -0.0528357 0.00412302 0.0296122 -0.415398 -0.23663 -0.276997 -0.417164 -0.0910688 0.609708 -0.153972 -0.417936 1.09385 0.658437 
1.06522 1.07547 0.578632 -0.999177 -0.76634 -0.245658 -0.723281 -1.49262 -0.223447 1.71602 0.454285 -0.748121 0.492955 -0.0217249 0.0331844 0.0178318 -0.616363 -0.343534 -0.081776 0.0830878 0.489289 0.830589 -0.327134 -0.449754 0.8887 0.802412 -0.0715041 -0.0927294 -0.123415 -0.237077 -0.00213337 0.188706 0.0664017 0.164518 0.0158214 -0.744872 -1.03657 0.732634 1.33617 
1.09158 1.07744 0.527438 -1.18477 -0.842176 -0.349283 -0.639002 -1.27959 -0.0570345 1.50486 0.404651 -0.39945 0.739259 -0.017182 -0.0137968 -0.0899243 -0.646664 -0.206018 0.323381 0.380359 0.724485 0.463152 -1.0689 -0.992046 1.04149 1.45555 -0.0532815 -0.129738 -0.176286 0.186616 0.276292 0.222217 0.308579 0.652946 -0.0688053 -0.937284 -1.08266 -0.171629 0.171167 
1.07898 1.07547 0.498983 -1.43926 -0.870662 -0.0552361 -0.489276 -1.11084 0.223432 1.04603 -0.0480111 -0.0713308 1.32624 0.0118387 -0.0440783 -0.17531 -0.432687 0.00938796 0.289631 0.472798 1.30475 0.74454 -1.61443 -1.57021 0.621856 1.06944 -0.0802992 -0.135595 -0.122643 0.328026 0.307123 -0.00182992 -0.0551756 0.24218 0.184259 -0.0211014 -0.242844 -0.865962 -1.09871 
1.12993 1.05589 0.389921 -1.47903 -0.805301 -0.179841 -0.339684 -0.587195 0.672594 0.503328 -0.390087 -0.000536583 1.34058 -0.0209355 -0.0991 -0.218634 -0.265399 0.185457 0.402152 0.293816 0.999737 0.768152 -1.07638 -1.27629 -0.108786 -0.146559 -0.27485 -0.221615 0.0348004 0.371878 0.319517 0.972829 -0.0104011 -0.877765 -0.400642 0.675159 0.264316 -1.31627 -1.25255 
1.08957 1.01477 0.332103 -1.61952 -0.718375 0.184154 -0.316421 -0.581725 0.976787 0.371491 -0.69408 -0.15624 1.197 -0.26063 -0.247468 -0.114915 0.00985021 0.416361 1.64144 0.444876 0.107142 0.145719 -0.649312 -1.34946 -1.10137 -0.759102 -0.153446 -0.128747 0.0311237 0.251391 0.0800872 0.379202 0.114566 -0.640574 -0.705454 0.561342 0.890106 -0.611909 -0.288905 
0.937507 0.8896 0.293335 -1.4717 -0.501657 0.829945 -0.0600936 -0.535888 0.800503 0.0883337 -1.07317 -0.742721 0.843333 -0.12572 -0.175002 -0.162655 0.00878491 0.293036 0.978604 0.42951 0.114066 -0.30168 -0.270258 -0.432432 -0.935818 -0.556708 0.127496 0.0641833 -0.0372739 0.152727 -0.11838 -1.01266 -0.0640371 0.177959 -0.781987 -0.571135 0.883347 1.01171 0.680959 
1.01141 0.900047 0.203162 -1.61292 -0.49557 0.781891 -0.0476878 -0.526712 0.655132 0.186861 -0.913316 -0.7888 0.821353 0.0226256 -0.0585184 -0.141088 0.146174 0.275768 0.399925 0.346731 0.297937 -1.04238 -1.42513 -0.512339 0.137404 0.258294 -0.132364 -0.0575482 0.174325 0.380151 -0.0322043 0.0115024 0.385917 0.596139 -0.18045 -1.0973 -1.08601 0.202919 0.210512 
0.984988 0.857777 0.179011 -1.37148 -0.290172 1.06795 0.15015 -0.382447 -0.265433 -0.798155 -1.33282 -0.664606 0.957325 -0.201386 -0.153164 0.0653228 0.462882 0.260201 1.07479 0.920476 0.854816 -0.56025 -1.78108 -1.55623 -0.726108 -0.231762 -0.399925 -0.215471 0.323837 0.480498 -0.176271 0.280604 0.350667 0.284266 1.04146 1.16882 -0.0773885 -0.987185 -0.727638 
0.86917 0.800868 0.228729 -1.29686 -0.294288 1.43942 0.567947 -0.0751698 0.0736552 -0.915948 -1.70098 -1.28249 0.640925 -0.4226 -0.253474 0.26647 0.740483 0.0627859 0.847594 0.791545 0.628538 0.58722 0.229577 -0.631833 -1.16711 -0.797627 -0.283726 -0.137029 0.237352 0.147166 -0.222475 0.187536 -0.159836 -0.921691 0.163207 1.71059 1.86843 0.484219 0.109378 
0.65539 0.68721 0.340901 -0.866236 -0.218295 1.58425 0.674686 -0.0520333 0.306113 -0.679017 -1.65292 -1.45032 0.436933 -0.486115 -0.240436 0.369004 0.591436 -0.0105559 1.4009 0.696904 -0.400557 -0.287781 0.630415 0.261756 -0.158486 -0.0556771 -0.0525751 -0.0462613 -0.0358629 -0.312305 -0.324693 -0.202859 0.314866 0.148566 -0.483138 -0.125495 1.1994 1.48724 0.959988 
0.485778 0.639581 0.460108 -0.893194 -0.270486 2.29968 1.02561 -0.295638 -0.234034 -0.553207 -1.56909 -1.40031 0.566287 -0.38806 -0.216141 0.241991 0.227031 -0.335789 0.663793 1.18949 0.780678 -0.139078 0.0762657 0.519986 0.67671 0.630474 -0.0432951 -0.0897406 -0.058328 0.131944 -0.42876 -1.84695 0.231531 1.63584 0.610779 -0.564293 -0.0577309 0.301157 -0.17682 
0.355045 0.543213 0.4862 -0.710907 -0.407681 1.98628 1.48039 0.359822 0.147847 -0.653053 -1.39041 -1.01509 0.774526 -0.438758 -0.262791 0.317542 0.69872 -0.539262 -0.930316 0.985737 1.70752 0.676298 -0.135849 0.161836 0.176218 -0.300848 -0.241634 -0.152906 0.165559 0.41093 -0.176808 -1.01503 -0.444103 0.162386 0.754962 0.171118 -0.724663 -0.647827 -0.815898 
0.142495 0.462384 0.656611 -0.416414 -0.593248 1.71074 1.68736 0.612364 0.427022 -0.656152 -1.48774 -1.2965 0.344354 -0.614651 -0.325209 0.459441 0.724135 -0.549443 -0.580823 0.593731 0.950993 1.0478 0.33729 -0.244009 -0.196022 -0.555357 -0.251746 -0.147868 0.14073 0.22309 0.0506654 0.144024 -0.583439 -1.08619 -0.0992834 0.37362 -0.0403217 0.290487 0.485283 
-0.137209 0.321595 0.778872 -0.216808 -0.737116 1.61461 1.86516 0.862848 1.1822 -0.468454 -1.51434 -1.15776 0.399686 -0.679316 -0.364942 0.50517 0.93336 -0.468473 -0.661039 0.207553 0.235812 0.543152 0.408049 0.0792504 0.497346 0.428533 -0.104893 -0.11671 -0.0108979 0.54838 0.436473 0.22974 -0.442415 -0.950808 -0.941369 -0.186692 0.785758 0.946835 0.779939 
-0.404526 0.21249 0.980275 0.220269 -0.869608 1.28921 1.79926 0.732549 0.954288 -0.428551 -1.44816 -0.980031 0.560624 -0.652374 -0.384586 0.464948 1.41329 0.00377681 -0.199589 0.00018627 -0.342673 -0.38658 0.0984933 0.495946 0.960208 0.607728 0.0371845 -0.0652491 -0.227955 -0.00496727 0.243182 -0.107252 -0.202887 -0.00554184 0.0121948 0.318529 1.07673 0.396577 -0.330432 
-0.661412 0.0577205 1.07528 0.746945 -0.703919 1.47993 1.83055 0.673366 0.775238 -0.428981 -1.26399 -0.534796 0.723615 -0.520799 -0.353675 0.249968 0.849342 -0.156952 -0.719964 -0.0723847 0.185282 0.582268 0.874992 1.10893 0.953458 -0.0427395 0.101698 0.0183622 -0.253196 -0.864582 -0.508746 -1.08529 -0.174115 0.647625 1.18579 0.911786 0.487541 -0.34981 -0.58586 
-0.817293 -0.0293864 1.13098 0.799696 -0.941768 0.831042 1.71337 0.825685 1.52086 0.0828277 -0.887759 -0.361534 0.493759 -0.404751 -0.258539 0.17943 0.128159 -0.624946 -1.53597 -0.242081 0.465787 1.46604 1.39415 0.93896 0.466656 -0.239509 0.192758 -0.0479242 -0.50189 -0.193649 0.357012 -0.631597 -0.412057 0.409276 0.303321 -0.0457216 0.301488 -0.164254 -0.696496 
-0.975893 -0.11645 1.17818 0.834894 -1.08285 0.514505 1.62475 0.916658 2.22986 0.397908 -0.789565 -0.238654 0.538533 -0.147403 -0.318625 -0.334257 0.501683 0.296906 -1.46376 -0.626183 0.680285 1.07125 0.833115 1.36669 0.695997 -1.05282 0.335912 -0.36023 -1.44133 0.323668 1.72508 -0.711046 -1.2367 -0.46144 -2.25752 -2.09311 1.38323 1.86809 0.516793 
-0.913816 -0.246318 0.885741 1.1422 -0.716427 -0.0894984 1.23618 1.1838 2.57878 0.568756 -0.196979 0.0864745 -0.179952 0.166371 -0.652218 -1.53316 0.503334 1.5396 -2.38353 -1.87556 -0.184302 -2.00213 -1.50771 2.27382 2.79504 0.536251 -0.18098 -1.334 -2.81593 0.135557 3.04727 0.204887 -1.54385 -0.0411223 -2.06423 -2.64135 1.24369 1.86187 0.0563507 
-0.806668 -0.57079 0.120406 1.17852 -0.0429249 -0.977806 0.264796 0.811953 0.199523 -0.538763 0.360054 1.59932 0.819518 -0.290218 -2.04908 -3.69788 0.614016 4.11478 -1.11498 -2.66181 0.582962 -2.09824 -2.83458 2.56261 3.01647 -0.954788 -0.0377531 -0.650965 -1.6897 -1.12394 1.58599 2.19317 -0.080939 0.53122 0.919618 0.516859 0.404523 -1.3115 -2.487 
-1.13129 -1.69476 -1.63913 1.56125 2.01151 -0.793227 -0.679312 1.48982 0.451868 -1.1743 1.09871 2.07107 -0.794765 0.221383 -1.44502 -3.54407 -1.14419 3.53023 0.562212 -1.99583 0.471071 -0.560818 -0.76372 2.63417 1.07788 -3.10928 0.618065 1.53759 2.13553 -2.25104 -3.17377 1.35172 1.80353 -0.803354 1.12161 2.32012 -1.86112 -2.62594 0.276951 
-0.590851 -1.58934 -2.30022 0.399379 2.30184 -0.638917 -1.18014 1.05807 -0.382524 -1.02329 1.69194 2.30021 -1.08969 0.670619 0.16255 -1.11429 -2.60838 0.153588 0.731711 -0.314806 -0.516783 -0.344788 0.428372 0.667034 -0.373109 -0.532052 -0.205552 1.11108 3.18298 0.77905 -3.13723 0.0508992 2.3346 0.0677313 0.155696 0.387072 -3.10472 -1.61682 1.80088 
-0.535002 -1.56925 -2.41302 -0.215715 2.1429 -0.348969 -0.93649 1.20713 0.0868962 -0.934348 1.4356 1.81113 -1.1556 0.0446294 0.1811 0.297615 -0.132722 -0.385262 0.709854 1.04649 0.516904 -0.299956 -0.201031 -0.499676 -1.02774 -0.443467 -0.291388 0.348629 1.81785 2.79094 -0.535555 -1.08728 0.310869 -0.491076 -1.5237 -1.18561 -0.890737 -0.142645 -0.444142 
-0.524734 -1.45063 -2.11722 0.309541 2.08002 -0.208246 -0.475474 1.32873 -0.702447 -1.16585 1.43869 1.60677 -1.39731 0.375307 0.741983 1.08773 1.21425 -0.508658 -0.607264 0.0779029 -1.20585 -2.67901 -1.20581 -0.262323 -0.603075 -1.17069 0.366066 0.562023 0.700689 0.476634 -0.410772 -1.60134 -1.28919 -1.52309 -0.778726 -0.436501 -0.597835 -0.0390158 -0.38372 
-0.188821 -1.03138 -1.69454 0.612394 1.8402 -0.737076 -0.916192 0.555586 -2.6236 -1.68754 1.30241 1.39891 -1.90013 0.657401 1.05348 1.15781 0.456188 -0.891474 -1.30056 -0.655721 -1.52938 -1.48301 -0.788783 -1.13739 -1.12586 -0.993174 -0.126831 -0.0843474 -0.0518018 -0.562791 -0.33253 -0.331954 -0.218835 0.644827 2.19336 1.36996 0.112086 0.743485 1.34387 
0.0603638 -0.691083 -1.35124 0.621038 1.52639 -1.02734 -0.973532 0.503992 -2.21115 -1.6656 0.862883 0.848374 -2.03518 0.307284 0.727032 1.04411 0.350803 -0.917034 -0.959681 -0.222915 -0.401066 0.730551 0.729875 -0.193154 0.294423 0.822445 -0.795273 -0.889438 -0.622928 -0.215068 0.319005 1.5124 1.23844 1.73746 1.95801 1.64151 1.31611 0.61613 1.23971 
0.0997481 -0.504156 -1.00562 0.852072 1.26981 -1.34426 -1.10844 0.334845 -1.90803 -1.26436 1.2042 1.581 -1.4472 -0.333883 -0.0666926 0.428206 0.0786018 -0.485141 0.756005 0.951434 0.712342 1.56288 1.52622 0.130645 -0.390397 0.846652 -0.801191 -1.03601 -1.00716 -0.660952 0.321542 1.3292 1.1316 1.27084 0.714026 0.538405 -0.104533 -1.44232 -0.620537 
-0.194097 -0.728724 -1.07974 0.675215 1.2391 -0.567976 -0.336024 0.879267 -0.659225 -0.758447 0.928457 0.576985 -1.56771 -0.692175 -0.594345 -0.147 -0.649805 -0.507529 0.857605 1.24435 1.227 1.85417 1.50396 -0.339675 -1.58918 -0.0758333 -0.3017 -0.380151 -0.312621 -0.0157784 -0.0070188 -0.883537 -0.521168 -0.477127 -0.964256 -0.962478 -0.404603 -0.380264 -1.1648 
-0.458164 -0.91731 -1.12395 0.409849 0.967853 -0.821742 -0.263968 0.985619 -0.0633939 -0.370732 1.03188 0.515796 -1.53395 -0.643439 -0.48772 0.0713127 -0.0205225 -0.486483 -0.316857 0.254781 0.0416224 0.0931303 0.203737 -0.314661 -0.922697 -0.85273 -0.138298 0.0377535 0.503248 1.08513 0.0408571 -1.07311 -1.0514 -1.49361 -1.6901 -1.4948 -0.507381 1.02475 0.266224 
-0.710732 -1.06599 -1.05011 0.661839 0.950938 -0.775553 -0.190749 0.895501 -0.584159 -0.655014 0.76879 -0.0468868 -2.12121 -0.776037 -0.441678 0.476048 0.789342 -0.449005 -0.462866 -0.146516 -0.78052 -0.737189 -0.562121 -0.887319 -0.333808 0.331114 -0.286593 -0.130323 0.262078 0.265852 -0.12617 0.0660587 -0.216985 -0.370381 0.387959 0.15406 -0.450958 1.03848 1.75511 
-1.0871 -1.22181 -0.820019 0.948386 0.704254 -1.12009 -0.402237 0.561754 -0.822666 -0.732738 0.582555 0.28188 -1.37621 -0.932127 -0.565786 0.404692 0.273867 -0.636817 -0.149413 -0.0436145 -0.488714 0.712897 0.440933 -0.806123 0.350137 1.74572 1.38937 1.48885 0.61852 -1.50636 -0.543554 1.6848 0.595199 -0.162986 1.00569 1.2738 -0.221915 -0.0188318 1.36764 
-1.47187 -1.45882 -0.794545 0.849087 0.564229 -0.879041 -0.256312 0.627841 0.113674 -0.407428 0.360536 0.172097 -1.11359 1.25013 1.70303 1.23755 -1.39254 -1.12125 1.81887 0.618457 -1.03811 0.83713 1.23923 -1.15072 -0.406241 2.35923 0.59728 0.338687 -0.352416 -0.140838 0.503327 0.052255 0.044237 0.404494 -0.474465 -0.331396 0.852212 -0.237093 -1.19628 
