-1.13562 -1.21985 -1.00778 0.541594 -0.329839 -1.30802 -2.2181 0.339464 1.15358 0.54571 0.46429 1.21792 1.16241 -3.64463 -3.25624 -0.856595 2.13902 0.0201094 -2.35493 -1.13726 0.827736 -0.0545082 -0.427156 0.779649 1.13374 0.853497 -0.753679 -0.274445 0.535808 0.630469 -0.17867 0.643381 0.86536 -0.223924 -0.697688 0.56274 0.988301 -0.183346 -0.660969 
-1.26777 -1.26117 -0.622876 0.864622 -0.0262048 -0.923747 -0.890475 0.571303 -0.0322006 -0.438685 0.3536 0.863927 0.459427 -0.743565 -0.28128 0.686108 0.735778 -0.235349 0.709589 1.32933 -0.351427 -1.03298 0.838451 1.21317 -0.282687 -0.991949 2.77362 2.62989 1.00778 -1.83614 -0.753357 2.15052 1.12787 -0.847024 -0.276092 1.06317 0.284816 -0.719356 -0.691666 
-1.36736 -1.28935 -0.406215 0.824283 -0.564958 -0.989881 -1.01662 0.105459 0.138261 1.40099 1.02826 0.975557 0.596789 -0.66903 -0.271137 0.455164 -0.0872767 -1.09798 -0.0328746 0.595335 -0.485054 -0.477083 1.15199 1.14916 0.0701874 -0.182738 0.00208982 -0.085089 -0.334089 -0.917757 -0.312562 -0.0408261 -0.062955 0.274475 0.3838 -0.878476 -1.34714 0.426346 1.25146 
-1.47289 -1.32661 -0.204609 0.805985 -0.966784 -0.906486 -0.311511 0.246039 -0.488986 0.737157 0.88651 0.897172 0.343278 -0.690251 -0.3496 0.21907 -0.387663 -0.676359 0.687155 1.23258 0.0661114 -0.500136 -0.456263 -0.374449 0.322835 0.775058 0.0711127 -0.0423511 -0.190062 0.130789 0.636965 0.278888 -0.384896 0.300512 0.905421 -0.622186 -1.5062 -0.128857 0.544903 
-1.58006 -1.38622 -0.175336 0.641074 -1.16074 -0.680831 0.102792 0.156612 -0.341687 0.932541 0.821824 1.20613 1.01265 -0.542939 -0.291392 0.17905 0.0484504 -0.0804846 0.286748 0.0040088 -0.0273434 0.810978 0.236617 -0.629222 -0.133119 0.564958 0.768372 0.660883 0.300718 0.321725 0.251559 -0.239118 -0.572628 0.135161 1.29923 0.890672 0.0205058 -0.651021 -1.25839 
-1.63298 -1.40016 -0.00549309 0.803635 -1.07525 -0.7597 -0.234058 0.233367 0.348416 0.977115 0.556441 0.771626 0.642437 0.171028 0.421042 0.593539 -0.0226473 -0.250864 0.45257 0.352854 0.268706 1.35809 0.867564 -0.321913 -0.641169 -1.07875 1.93858 1.87077 1.1739 0.814927 0.147681 0.290544 0.232003 0.0874325 0.309244 0.561874 0.394174 -0.418884 -1.584 
-1.48518 -1.17439 0.35276 0.60924 -1.40855 -0.466846 0.476105 0.346127 1.04543 1.81758 0.64088 0.683776 0.398809 1.5522 1.83996 1.71102 1.00574 0.185452 0.618842 0.36037 0.101613 1.23587 1.07379 -0.12856 -0.758943 -1.7586 0.962711 0.874641 0.724451 1.84445 1.12256 0.0272048 -0.62257 -0.364113 -0.242563 -0.259692 -0.424866 -0.315992 0.0193149 
-1.04485 -0.619963 1.40955 1.19828 -0.966242 -0.478333 0.14563 0.308766 1.61273 2.073 0.469323 0.157285 -0.34902 1.23722 1.43209 1.52971 2.17096 1.51252 0.502921 -0.60359 -0.299014 0.984059 0.48872 -0.803493 -1.1171 -1.08929 -1.71336 -1.74472 -1.14076 -0.480887 0.0430671 -0.172217 0.374572 0.568799 -0.39489 -0.927183 -0.460477 0.120192 1.03548 
-1.00953 -0.557579 1.6239 1.48711 -0.214253 -0.232456 0.0382456 0.147919 2.05673 2.31529 0.226243 -0.210298 -0.220884 -0.203252 -0.0948719 0.174648 0.406922 0.290697 0.455833 0.935746 0.973254 0.641298 -0.293022 -0.652847 -0.59943 -0.303167 -1.8023 -2.05055 -1.85663 -2.54267 -1.69595 -1.57362 0.54142 0.572535 -1.87579 -1.59824 0.632738 0.830508 0.507763 
-1.08363 -0.614795 1.60517 1.34459 -0.771159 -0.263025 1.0133 0.979451 2.27965 1.77145 0.12779 -0.332469 -0.53206 -0.612005 -0.846699 -0.955622 -0.90379 -1.05342 -1.15942 0.228102 0.578393 -1.75461 -1.87133 -0.0167315 0.0772159 -0.395177 0.534752 -0.76718 -2.11498 -0.802554 0.920332 -1.82637 -1.84681 -0.560929 -2.32545 -1.87393 1.22473 1.64782 0.324799 
-1.19429 -0.853567 0.922426 1.08986 -1.1184 -0.671726 0.305755 0.548934 0.316345 0.400078 0.193391 -0.171563 -0.455032 0.411699 -0.930308 -2.65317 -0.578175 1.74345 -1.47693 -1.90139 0.101873 -2.7484 -3.06113 0.843871 1.78555 0.126997 1.61781 0.38511 -1.17858 0.660143 2.28028 -0.245234 -1.28826 0.55985 0.583348 -0.482018 0.994339 1.77285 0.413721 
-0.902802 -0.944274 -0.443648 1.08237 0.611989 -0.830965 -0.52524 1.05503 -0.45926 -1.36021 0.512554 1.04055 -0.476167 1.14492 -0.386207 -2.54213 -0.132378 2.48824 -1.40055 -1.75099 1.43623 -0.932858 -2.57924 1.20368 2.64435 0.163269 -0.0449194 0.568836 1.17181 0.405827 -0.989737 -0.201429 0.465706 0.360146 1.74938 2.1368 0.869556 -0.455689 -0.560602 
-0.751608 -0.965098 -1.03826 1.01252 0.873847 -1.20871 -1.10523 1.53581 -0.598382 -2.23891 0.752759 1.87221 -0.378991 0.415447 -0.263187 -1.12397 -0.112163 0.262275 -1.67119 -1.18601 0.651591 -0.238432 0.107118 1.91464 1.10611 -0.720159 -0.666578 0.569812 1.89402 0.249019 -1.71954 0.905974 1.30797 -0.95988 -0.153278 2.05991 0.306778 -2.03496 -1.41445 
-0.720632 -1.00653 -1.27874 1.01342 0.783828 -1.47763 -1.45706 1.50603 -0.676259 -1.25265 1.41692 1.8829 -0.890825 0.493194 0.282012 -0.0555622 0.145328 -0.113929 -0.410018 0.25828 -0.0506846 -1.17762 0.475192 1.59954 -0.335803 -1.91569 0.0351858 0.480597 0.745654 -0.140343 -0.134355 1.7883 0.971793 -0.63467 -0.294149 0.34617 -0.924217 -1.26032 -0.493591 
-0.541672 -0.808963 -1.02535 1.05034 0.738024 -1.34429 -0.812124 1.50719 -1.75903 -1.75503 1.50422 1.58836 -1.45771 0.503658 0.304695 -0.159688 -0.302031 0.0949948 0.263327 0.306821 -0.333563 -0.68715 0.625021 0.834206 -0.745534 -1.47064 -0.206157 -0.344254 -0.600014 -0.818974 0.564582 0.891241 -0.63698 -0.466554 1.24346 0.494921 -1.33014 -0.439114 1.24246 
-0.50696 -0.841306 -1.34848 0.865721 0.818864 -1.34033 -1.12279 1.28423 -1.34411 -0.61559 1.79699 1.27903 -1.72234 0.326934 -0.0777794 -0.875114 -0.859489 0.792379 0.564753 -0.7203 -0.776457 0.599863 1.21326 0.0323017 -0.991097 -0.161672 -0.544229 -0.452302 -0.268515 -0.356346 0.177871 0.50643 -0.000512906 0.158979 0.65355 -0.321153 -0.826 0.629492 1.65549 
-0.391112 -0.796948 -1.66293 0.671466 1.34338 -1.08484 -1.34897 0.982914 -1.13375 -0.516544 1.49516 0.792698 -1.56215 -0.0190649 -0.176613 -0.539801 -0.75129 0.407303 0.826394 0.305989 -0.0942203 0.236243 0.155209 -0.128439 0.155935 0.879237 -0.684258 -0.244403 0.473454 0.175679 -1.07323 -0.865399 0.747635 0.939373 -0.107257 -0.783128 0.0210683 0.834981 0.577142 
-0.479963 -0.868881 -1.71992 0.531714 1.10931 -0.974856 -0.789221 1.22588 -1.08418 -0.458864 1.70993 1.37925 -1.24861 -0.343434 -0.325272 -0.271664 -0.669855 -0.817035 -0.339881 0.428181 0.666932 0.421733 0.059674 0.0855123 0.209732 0.632533 0.104224 0.182351 0.388886 0.802224 -0.255293 -1.4264 -0.947756 -0.322428 -0.293849 -0.234353 -0.415373 -0.822229 -0.986898 
-0.479955 -0.884071 -1.82154 0.37123 0.63256 -1.19199 -0.911768 1.4444 -0.687445 -0.457493 1.51192 0.934933 -1.22546 0.141939 0.055845 -0.0484548 0.190744 0.0542592 -0.678446 -1.15001 -0.597625 -0.212042 -0.18613 -0.598636 -1.05749 -0.582912 1.3004 1.15369 0.650498 1.25656 1.52966 1.50183 -0.381915 -1.16054 -1.10992 -1.02386 -1.89786 -1.3529 -0.556876 
-0.395469 -0.803341 -1.70137 0.588374 1.11103 -1.21921 -1.69051 0.823738 -1.27466 -0.651123 1.39471 0.531731 -1.58704 1.07881 0.999612 0.566478 0.817773 1.57166 1.28815 -0.158566 -1.12957 -1.20809 -1.45023 -2.16257 -1.77679 -0.209247 0.767324 0.751265 0.351436 -0.0171028 0.708698 2.00715 0.838396 -0.210684 -0.248977 -0.56817 -1.16425 0.104188 1.13994 
-0.0608829 -0.44049 -1.31493 0.687923 1.87522 -0.639394 -0.972197 0.678962 -1.87872 -1.94217 0.437781 -0.474385 -1.35633 1.00211 0.928135 0.393247 0.148872 1.18193 1.49022 0.137901 -0.928625 -0.595358 -1.02156 -1.96694 -0.92129 1.02322 -1.25982 -1.03298 -0.487512 -0.828636 -0.653125 -0.641419 -0.756798 -0.418795 1.30115 2.1845 2.13626 1.30113 0.594667 
-0.00378703 -0.388391 -1.33225 0.62767 2.03497 -0.58472 -1.4995 0.195538 -1.85028 -1.69752 0.415499 -0.20941 -1.03334 -0.198423 -0.134761 -0.103939 -0.198646 0.607537 0.623146 -1.32121 -1.78166 0.652921 1.78861 0.42731 0.10314 0.61024 -0.0925273 0.412554 0.939399 0.360899 -0.758032 0.254448 1.35253 1.41836 2.41483 2.32171 1.15002 -1.07398 -2.11931 
-0.097939 -0.4513 -1.34042 0.583101 2.32942 -0.356283 -2.01868 -0.531816 -1.20013 -0.115442 0.620405 -0.415403 -1.03202 0.955663 1.41949 1.61436 0.560932 0.0566675 1.7837 2.21563 1.25378 2.87807 2.42037 -0.559818 -2.50146 -2.0726 2.1119 2.67004 2.34464 -0.0734402 -2.32614 0.00787084 3.30551 2.97632 1.13498 -1.05114 -1.6253 -0.780888 -0.471412 
0.371306 0.22338 0.00607473 0.837849 2.03866 0.168702 0.453663 1.05781 1.06404 0.77511 0.119109 -2.18473 -2.19921 2.07947 2.89549 2.97998 -0.308172 -2.92638 0.652811 3.7567 2.80448 2.27335 0.238341 -1.49391 -1.05006 -0.108245 0.728737 0.504715 -0.41819 -2.67399 -1.79196 -1.20553 -1.14429 -1.64859 -2.56693 -2.07494 -0.311083 2.62607 3.4808 
0.678489 0.751706 1.0818 0.432858 -0.106438 -0.0611507 1.24148 1.3895 1.1066 0.12628 -0.129262 -1.25712 -1.10679 1.77515 2.0145 1.03584 -2.67152 -2.65674 0.515161 0.457716 -1.29572 -0.861265 -0.645246 -0.904942 1.30866 2.91054 -0.477077 -1.57988 -2.79737 -2.15771 2.04007 1.0048 -3.271 -3.67246 -1.96409 0.0490274 0.339973 0.701293 1.43418 
1.03906 1.07349 0.885222 -0.292488 -0.176678 0.408052 0.915912 0.178897 0.221251 0.11345 -0.344757 -1.18419 -0.597202 1.62755 1.14604 -0.752407 -2.92064 0.246326 1.74908 -1.2683 -2.86758 -0.593169 0.316438 -1.05825 -0.0439873 1.92236 -0.887073 -1.33412 -1.25654 0.763335 2.03907 0.712485 -0.867644 -0.343296 0.524649 0.539969 -0.291003 -1.23639 -1.1212 
1.29353 1.25394 0.541615 -0.800792 0.0523575 0.67824 0.239868 -0.562901 0.533177 0.447847 -0.667521 -1.31305 -0.053668 0.890936 0.54145 -0.654009 -1.77618 0.514426 1.29868 -0.875213 -1.83132 -0.124498 0.1595 -1.22599 -0.508126 1.25465 -1.47643 -0.963275 0.430901 1.71431 -0.226925 -0.907584 0.932831 1.34499 0.120111 -0.350032 0.216818 -0.11825 -0.728028 
1.39103 1.33355 0.423138 -1.05152 0.201372 0.964922 0.247686 -1.0658 0.118727 0.274565 -0.964412 -1.60263 0.0850443 0.12192 0.0900661 -0.205365 -0.88331 -0.0631438 0.799308 0.164681 -0.798378 -0.442108 -0.19612 -0.770282 -0.231841 0.833672 -1.11048 -0.619278 0.48118 1.01652 -0.727027 -1.16169 0.609889 1.0112 0.0909908 -0.133522 0.77766 0.71928 0.0500812 
1.37087 1.33319 0.435621 -1.18955 -0.041932 1.03274 0.453589 -1.10215 0.111534 0.245375 -1.06604 -1.5157 0.394747 -0.228836 -0.127649 -0.0403174 -0.57681 -0.563215 0.0770535 0.0616609 -0.277121 -0.0155978 -0.0325972 -0.265426 0.524147 1.28849 -0.1612 -0.252652 -0.153244 0.502446 0.131464 -1.01665 -0.383445 0.707877 0.206168 -0.63969 0.671778 1.2825 -0.105228 
1.34312 1.32559 0.448142 -1.31317 -0.301878 1.02673 0.374034 -1.24906 0.125622 0.239278 -1.11795 -1.21482 0.786089 0.00306209 -0.166704 -0.432672 -0.301271 0.177883 -0.267146 -0.424416 0.287843 -0.16645 -1.1374 0.063299 1.62094 0.64346 0.175534 -0.144912 -0.425363 0.371351 0.839276 0.06938 -0.160543 0.339082 -0.156794 -0.468159 0.616657 0.576154 -0.639192 
1.40577 1.30958 0.149212 -1.33693 0.0608908 0.955062 0.167689 -0.899566 -0.0331406 -0.91947 -1.06006 -0.271246 0.737509 0.00735762 -0.263249 -0.62835 -0.152199 0.76503 0.172527 -0.185012 0.240098 -0.265449 -0.719996 0.50205 1.34791 0.327961 -0.435873 -0.0770113 0.351234 -0.0335751 0.00221967 1.39937 0.618268 -0.796426 0.0330923 1.42925 0.0267453 -1.25047 0.189252 
1.37955 1.26331 0.00642453 -1.39873 0.281116 1.12723 0.291177 -1.07908 -0.118522 -0.498807 -0.899053 -0.183623 0.953607 -0.405409 -0.225939 0.00876181 -0.362925 0.220386 1.25126 0.525329 -0.946879 -0.141377 0.983575 0.123318 -0.216347 0.878078 -0.492887 0.0600985 0.690411 -0.0108877 -0.572446 0.756058 0.475324 -0.645086 0.180726 0.950472 -0.727375 -1.22763 0.291646 
1.2948 1.26225 0.21317 -1.50988 0.198473 1.49272 0.687281 -1.54023 -0.152623 0.0841805 -1.02495 -0.461797 1.21059 -0.46123 -0.168282 0.262701 -0.186607 -0.0751711 1.00267 0.545141 -0.761127 -0.0266269 0.692342 -0.342317 -0.456108 0.710297 -0.0915616 -0.0913703 0.111372 0.619515 -0.262163 -1.27249 -0.107046 0.801329 0.101551 -0.643412 0.013348 0.237116 -0.614221 
1.24864 1.23907 0.271935 -1.49856 0.17699 1.56414 0.827572 -1.59289 -0.122709 0.207086 -1.0899 -0.561437 1.33349 -0.450841 -0.301323 0.132232 0.3597 -0.143211 -0.0889104 0.360839 0.283527 -0.0171872 0.0367808 0.16727 0.113502 -0.0464301 -0.104052 -0.232496 -0.147615 0.472177 -0.173829 -1.26441 0.0663554 1.04937 0.0160897 -0.64962 0.59453 0.51742 -0.998014 
1.1676 1.18472 0.375127 -1.38315 0.0387036 1.48727 1.06737 -1.3406 -0.147325 0.119826 -0.968512 -0.394721 1.17015 -0.519832 -0.402384 0.0428547 0.359082 -0.303085 -0.328862 0.647033 0.851974 -0.0261709 -0.263639 0.398623 0.282092 -0.767888 -0.263447 -0.164326 0.0066202 -0.140804 -0.324626 -0.362549 -0.154375 -0.0778732 -0.119383 -0.137167 0.0501832 0.230254 -0.00797544 
1.0968 1.12106 0.362952 -1.37209 -0.113524 1.46145 1.45038 -1.00503 -0.126438 -0.0644177 -0.921196 -0.362686 0.892324 -0.677507 -0.458757 0.116842 0.169279 -0.602754 -0.455552 0.123642 0.157438 -0.212873 -0.160711 0.255397 0.433354 -0.0963415 -0.223295 0.00665795 0.235485 -0.129822 -0.20685 0.142468 -0.477904 -0.934064 -0.360447 -0.0051662 -0.78652 -0.408708 0.743638 
0.959449 1.04413 0.524868 -1.33539 -0.496881 1.33324 1.24628 -1.22707 -0.338644 -0.0464444 -0.869311 -0.0778275 1.10199 -0.704162 -0.36752 0.330851 0.181849 -0.581719 -0.155193 -0.0871737 -0.595106 -0.570878 -0.265755 -0.516675 -0.328907 0.266512 -0.0430358 -0.0477973 -0.0400137 0.0935769 0.275392 0.20334 -0.277906 -0.26157 0.100725 -0.182155 -1.01778 -0.687521 0.500891 
0.879135 1.01701 0.682553 -1.31912 -0.631906 1.42914 1.4505 -1.40546 -0.677463 -0.338085 -1.19665 -0.641151 1.02571 -0.671773 -0.485136 0.039633 0.260319 -0.14065 -0.216757 -0.303324 -0.252072 -0.0898784 -0.42479 -0.937237 -0.583823 0.587861 -0.318016 -0.449347 -0.400687 0.127692 0.226961 -0.657861 -0.495507 0.566934 1.07581 -0.0118197 -0.721752 -0.572079 -0.500355 
0.753349 0.892972 0.613328 -1.24988 -0.654555 1.27598 1.06308 -1.39322 -0.406383 -0.48271 -1.34885 -0.555392 1.41387 -0.988367 -0.845504 -0.224471 0.313857 -0.194008 -0.837784 -0.848422 0.273658 0.963886 -0.277719 -1.3543 -1.17791 -0.493728 -0.435096 -0.299982 0.0559929 0.336572 -0.0848424 -0.40214 -0.0526265 0.38576 0.741017 0.567134 0.565 0.177478 -0.715609 
0.559973 0.721505 0.561394 -1.21141 -0.833217 1.12022 0.804997 -1.21256 0.313574 -0.623985 -1.87857 -1.58272 0.736824 -1.07943 -0.795136 0.0896918 0.643165 -0.231877 -0.625756 -0.384214 0.337164 0.960153 0.420164 -0.231711 -0.340856 -0.482915 -0.272717 0.0884961 0.78316 1.4763 0.0992886 0.0326572 0.734178 0.311244 -0.456685 0.779882 2.91711 2.23461 0.589487 
0.401667 0.617638 0.741521 -1.0056 -0.886836 1.05298 0.811278 -1.15695 0.580904 -0.0550927 -1.48602 -0.843189 1.13099 -1.22481 -0.718601 0.78953 2.06537 -0.00240397 -0.7816 0.279385 0.747926 0.279842 0.882126 2.17202 2.06193 0.318286 1.05276 0.944273 0.585747 0.592001 -0.233537 -0.677281 0.255358 0.504853 -0.346002 -0.124428 1.13305 0.716142 -0.43376 
0.156372 0.476828 1.24505 -0.377326 -0.877833 0.834059 1.116 -0.695763 0.617313 0.275944 -0.84931 0.00615707 0.898969 0.081708 0.294222 0.841999 1.33275 -0.551504 -1.32912 0.0080254 1.11015 0.43636 0.241527 1.15506 0.686846 -1.14708 1.54237 0.968997 -0.38886 -1.79471 -1.04761 -1.19679 -0.296823 0.746502 0.858184 -0.477125 -1.40469 -1.15501 -0.651221 
0.464652 0.778664 1.46682 -0.475343 -1.38051 0.544939 0.892138 -0.39278 1.04191 0.189886 -0.95025 -0.328308 0.479199 0.452576 0.398564 0.249887 -0.111175 -1.57247 -2.04078 -0.176643 1.89374 1.49951 0.181456 0.515375 0.363708 -0.659599 -1.44972 -2.11023 -2.06526 -0.0925012 1.46653 -0.104959 -0.746776 -0.348617 -1.01735 -0.291103 0.68892 -0.153274 0.242009 
0.351802 0.67965 1.50039 -0.445873 -2.20645 0.0376205 1.04024 0.603567 2.14652 0.459507 -0.623952 0.268654 0.517948 -1.39576 -2.05168 -1.9199 1.20033 1.74022 -1.42017 -1.13922 0.566334 -1.05943 -0.183809 2.0092 0.447968 -0.836355 -0.477702 -0.378729 -0.170277 0.110344 0.99827 1.88762 0.115015 -1.22356 -1.01992 -0.126333 -0.453045 -0.238961 0.483837 
