-2.07553 -1.51115 0.12475 0.868859 -1.50541 -0.585907 -0.525956 0.0542456 1.07596 0.546673 0.151542 0.724183 0.430676 -1.80455 -1.94385 -0.25009 1.22697 -0.656254 -1.59152 -1.09124 1.04419 1.06414 -0.64846 -0.0508431 0.781467 -0.390537 0.980725 0.638878 -0.544066 0.234471 0.781464 -1.01177 -0.605935 0.920958 -0.300346 -1.4603 -0.0980946 0.0366219 -0.952178 
-1.45947 -1.22973 -0.204209 1.00096 -0.654628 -0.813229 -0.691532 0.725302 0.95037 -0.517864 -0.049815 0.636428 -0.300127 1.34269 0.849019 -0.677367 0.25912 1.19329 -0.853851 -0.644059 1.27598 -0.529795 -2.10516 -0.131484 0.0293116 -1.16077 1.56408 1.67029 -0.0523295 -0.962453 0.421922 1.352 0.778533 -0.711388 -1.24011 0.276314 0.445153 -0.458644 -0.0796068 
-0.898507 -0.92997 -0.402362 1.07853 -0.174647 -1.02653 -0.940521 0.93617 0.594107 -1.05054 0.032308 0.743134 -0.424968 0.297415 0.136271 -0.283542 -0.15814 -0.0137221 -0.224626 -0.0622222 -0.0553111 -0.87445 -0.208641 0.603948 0.0758396 -0.474829 -1.45692 -1.14169 0.469364 -0.400039 -1.20183 1.10464 0.805444 -1.40319 -0.347959 1.88264 0.635588 0.0501253 1.01638 
-1.15809 -1.1107 -0.433699 0.869488 -0.619529 -0.936031 -0.745732 0.707651 0.158825 -0.709841 0.464043 0.693576 -0.661047 -0.487334 -0.427269 -0.0276759 -0.353394 -0.651497 0.280655 0.417482 -0.830274 -1.13097 0.688707 0.798935 0.0786612 0.107043 -0.254799 -0.176394 0.116166 -0.0323435 -0.0204716 0.378988 0.0496463 -0.473017 -0.112866 0.532372 0.311253 -0.0598844 -0.228295 
-1.25453 -1.17634 -0.438488 0.787427 -0.824168 -0.894115 -0.697612 0.394864 -0.427931 -0.577624 0.714019 0.802598 -0.366224 0.0320089 0.0121695 -0.0963535 -0.265546 -0.0488616 0.228131 0.0859644 -0.807924 -1.1232 0.606428 1.06494 -0.0380572 -0.742556 0.858396 1.12524 0.64933 1.10713 2.33929 1.78556 0.730397 0.591575 1.3299 0.593095 -0.136619 -0.552965 -1.27607 
-1.07905 -1.07214 -0.521727 0.650207 -0.622151 -0.830143 -0.708151 0.181447 -0.856231 -0.297888 1.37474 0.65722 -1.21506 0.69614 1.00228 0.857675 1.10451 2.92811 2.05487 1.38833 -0.0336299 0.78313 1.59276 0.611693 -0.766933 -1.45331 1.68716 2.46283 1.26325 -0.303281 0.831247 2.82205 2.33322 1.15258 1.76068 -0.639395 -2.88067 -2.12391 0.901225 
-0.619131 -0.495787 0.194464 1.68827 2.36884 0.134468 0.146601 0.391863 0.269941 0.565161 1.23454 0.167877 -1.43286 2.29417 3.03828 1.59291 -0.745142 1.22068 2.97613 2.99377 0.805133 1.43667 -0.295709 -3.09393 -3.21482 0.383192 1.28239 1.5038 -0.336478 -3.23692 -2.83285 -0.252184 -0.323705 -0.601118 0.306908 -1.20837 -2.95796 -1.35584 2.94693 
0.895036 0.928573 0.666855 0.0388221 0.738022 0.663771 1.1304 0.745211 0.428881 -0.554378 -1.2947 -1.98708 -0.95715 2.43147 2.88369 0.452139 -3.40507 -1.4151 1.91465 1.08534 -0.972664 1.16366 -0.143194 -3.65904 -2.80393 2.1962 -1.14377 -1.77137 -1.32289 -0.80358 -0.990553 -2.22228 -3.27799 -2.20182 -0.195216 1.77725 1.69755 2.17892 1.80013 
1.46998 1.40469 0.520944 -1.0978 0.899633 1.09222 0.803152 -0.245658 1.30974 0.421677 -1.92137 -2.13911 0.13265 0.871716 1.01039 -0.104303 -1.91201 -0.300453 0.985013 -0.879382 -2.46334 1.06448 2.34371 -0.626479 -0.00648435 2.6179 -1.7168 -2.06313 -0.109395 1.8959 0.225471 -1.79548 -1.11381 -0.410085 -1.12879 0.744573 2.45236 2.09721 -0.26829 
1.67751 1.61439 0.57282 -1.52656 0.46533 1.15196 0.570087 -0.899583 1.37956 1.14483 -1.84005 -1.99751 0.912506 0.2632 0.507545 0.343962 -0.863618 -1.0735 0.324511 -0.172465 -1.63369 -0.608046 0.982851 -0.0991059 0.283142 1.87913 -0.744189 -0.796589 0.283162 1.26526 -0.129169 -0.838161 0.811794 1.13036 -1.24822 -1.52238 0.457986 0.28191 -1.52989 
1.74269 1.76445 0.765672 -1.80605 -0.202885 1.24679 0.680672 -1.32985 0.757573 1.11254 -2.01273 -1.91178 1.46948 -0.0306546 0.146011 0.301562 -0.236877 -0.502097 0.294269 0.189833 -0.882628 -0.88627 0.147581 0.0468863 0.386817 0.744413 -0.387206 -0.626977 -0.251695 0.843845 0.955312 -0.152605 0.26561 1.09203 0.350668 -0.462522 0.424723 0.0856984 -1.85619 
1.70406 1.73973 0.785506 -1.7224 -0.0238188 1.29126 0.671999 -1.47627 0.57739 1.21679 -1.80573 -1.68507 1.43094 -0.174541 -0.154379 0.0494463 0.232608 0.386095 0.277841 0.236706 -0.108756 -0.161913 0.339918 0.526115 0.385279 -0.396906 -0.279758 -0.337316 -9.11278e-005 0.42064 0.173793 -0.243129 0.128226 0.657738 0.605197 0.242416 0.347024 0.0047617 -0.636553 
1.6487 1.69502 0.787829 -1.61805 0.261398 1.37779 0.811616 -1.38361 0.606278 1.32702 -1.56588 -1.6006 1.16476 -0.328546 -0.17017 0.336514 0.277986 -0.239657 0.162553 0.432981 0.0103006 -0.0585739 0.537723 0.559649 0.368851 -0.0269769 -0.339924 -0.23827 0.239204 0.0838597 -0.609255 -0.185229 0.316375 0.0125017 -0.374152 -0.0760576 0.102675 0.245264 0.720609 
1.48106 1.66007 1.02461 -1.4973 -0.231251 1.36402 0.924508 -1.44958 0.51895 1.57784 -1.33001 -1.38738 1.39302 -0.55074 -0.352337 0.397749 0.284831 -0.550959 0.200521 0.707225 -0.154814 -0.80235 0.263343 0.685216 0.724201 0.506018 -0.507519 -0.582774 -0.0964165 0.172884 0.0482968 0.173361 0.395093 0.0133821 -0.682696 -0.516526 0.0850032 0.387077 0.163942 
1.23957 1.49724 1.0732 -1.38736 -0.280201 1.46973 1.23398 -1.4685 -0.120483 1.48477 -0.982059 -1.01118 1.51125 -0.922881 -0.779333 0.245332 0.452504 -0.169456 0.422125 0.998627 -0.0344758 -1.16155 -0.18435 0.693173 0.918212 0.189193 -0.558403 -0.603035 -0.0525747 0.0882591 -0.342158 -0.344664 -0.0202379 0.311541 0.368407 0.0222584 0.119722 0.344486 -0.270424 
0.760177 1.18541 1.1948 -1.12953 -0.363324 1.5679 1.52735 -1.45315 -0.530567 1.40386 -0.739344 -0.638688 1.51102 -1.2113 -0.985684 0.363976 0.343099 -1.07887 -0.0265859 0.770959 0.234309 -0.329624 0.330848 0.868991 1.21036 0.186316 -0.394584 -0.333355 0.255771 0.417243 -0.664859 -1.15429 -0.765641 -0.0810625 -0.0319162 -0.145628 0.150995 0.328579 -0.209541 
0.277067 0.888786 1.33306 -1.10903 -1.38848 1.44696 1.69582 -1.29045 -0.422475 1.69253 -0.24004 -0.0226552 1.62717 -1.37022 -1.09079 0.615329 0.962701 -1.19169 -0.565617 0.161569 -0.216694 -1.28894 -0.36288 0.922212 1.38077 -0.055397 -0.165969 -0.033177 0.51371 1.05323 0.282163 -0.613978 -0.725733 -0.514057 -0.884782 -0.951745 -0.662523 -0.776091 -0.558437 
-0.335454 0.508813 1.6446 -0.344628 -1.59271 1.27286 1.61176 -1.57985 -1.69455 1.0976 0.0484895 0.489731 1.4526 -1.36109 -0.93884 1.07174 1.72695 -0.650422 -0.506712 -0.0178716 -0.578028 -1.73554 -1.02903 -0.0794227 0.0336644 -0.488703 0.109399 0.148094 0.0399461 -0.0962147 -0.019346 0.0235747 -0.028255 0.495983 1.63982 0.807351 -0.865058 -1.52973 0.0104593 
-0.810914 0.310708 2.12778 0.300702 -2.03685 1.18168 1.66909 -1.66131 -1.98776 0.892676 -0.314458 -0.000131126 1.25625 -1.16161 -0.827574 0.702709 0.767554 -1.2251 -0.446767 0.215615 0.440839 1.08976 0.855167 -0.319343 -0.914276 -0.0285759 1.01726 -0.00336881 -2.09203 -0.87276 1.23895 -1.16125 -0.748798 2.30129 2.3186 0.357435 0.992643 0.660625 -0.924327 
-1.25632 0.00288104 2.16044 0.280725 -2.85797 1.03785 1.72964 -1.26225 -0.721163 1.69386 -0.232462 -0.265951 1.41354 0.0291493 -0.856417 -1.63264 0.465057 1.24365 -1.501 -0.834576 2.7067 1.6607 -0.470331 1.36778 0.988952 -1.61511 2.41211 0.748394 -3.39978 -1.33735 2.67545 -1.75456 -2.09127 1.4234 -1.10464 -2.77625 1.45493 2.16408 -1.87222 
-0.734268 -0.213925 0.87875 0.678742 -0.652022 0.414174 1.13652 0.187371 -0.501343 0.506797 0.856942 0.80663 0.0729147 2.0441 0.152165 -3.71413 -1.13256 2.86944 -1.99846 -2.22342 2.44801 -0.645743 -3.17849 1.79696 2.27203 -2.32439 1.16969 0.860659 -1.04954 -1.832 0.0768544 0.276237 -1.27335 -2.00745 -2.1047 -1.23962 -0.919683 -1.02301 -0.25943 
0.50828 0.132218 -0.661615 -0.647403 0.272064 0.0190791 0.336883 0.411631 -1.3072 -0.698646 1.30839 1.59415 -0.281347 1.61779 0.257324 -2.97191 -2.11456 1.3576 -1.14477 -2.28518 -0.278913 -1.57399 -2.25209 0.0471647 -0.554152 -1.92125 -1.72626 -0.654948 2.11524 0.667643 -1.68774 1.21588 0.428906 -2.36092 0.043778 1.96297 -1.47804 -2.57414 0.873626 
0.67321 -0.0164027 -1.3824 -1.05224 0.855123 -0.173399 -0.294486 0.0186288 -1.92146 -1.19928 0.891497 0.34659 -1.33121 -0.136487 -0.543146 -0.909219 -0.278388 0.280339 -0.75945 -1.61692 -1.052 -0.659665 -0.266904 -0.331803 -1.57283 -1.23269 -1.91741 -1.01064 2.27037 2.38007 -0.792823 0.201298 1.10777 0.414753 1.54517 1.66006 0.114563 0.688019 1.95717 
0.44617 -0.18929 -1.36394 -0.877182 0.622823 -0.373865 -0.680229 -0.279496 -1.90575 -0.933794 1.01671 0.297827 -1.18886 -0.811586 -0.862545 0.0361409 1.09199 0.13935 -0.858954 -0.858292 0.260409 0.662809 0.215596 0.223472 0.441787 0.507198 -0.430799 -0.135538 0.838664 1.08824 -0.145814 -0.00936834 1.24274 1.64126 1.28208 0.205981 0.278593 1.36907 1.36635 
0.0455583 -0.54501 -1.3703 -0.161643 1.05454 -0.616603 -0.841739 0.214315 -1.3317 -1.07692 1.07782 0.704159 -0.983864 -0.630966 -0.618482 0.224059 1.15357 0.0531968 -0.67155 -0.0269191 1.27221 1.18274 0.0698437 0.0819146 0.43373 0.466878 0.59398 0.842437 0.387735 -0.335023 -0.389256 0.37504 0.613085 0.282717 0.281516 0.129275 -0.221196 -0.365244 -0.394689 
-0.0301731 -0.559645 -1.20983 0.063765 0.729756 -0.72241 -0.712564 0.59988 -0.84881 -0.919426 1.08118 0.648783 -0.870595 0.0277358 0.229445 0.578941 0.568788 -0.460703 -0.409905 -0.0292104 0.607585 1.00528 0.439932 -0.0861834 -0.125242 0.0341938 0.402751 0.502909 0.109992 -0.278664 -0.129522 0.0402112 -0.218377 -0.308512 -0.287324 -0.345395 -0.184534 -0.0301913 -0.522417 
0.121021 -0.365565 -0.947989 0.301205 0.609822 -0.83299 -0.875493 0.644593 -0.434215 -0.788333 0.997587 0.59623 -0.977661 -0.0405382 0.0682434 0.403162 0.707789 -0.14899 -0.53707 -0.20263 0.758996 0.672469 -0.401441 -0.174677 0.363896 -0.163704 -0.25242 -0.352818 -0.213503 -0.0918072 0.00656832 -0.00641065 0.00166592 0.0374386 -0.147627 -0.45493 -0.314789 0.00625402 0.151506 
-0.011905 -0.484724 -0.92036 0.640255 0.619651 -1.00303 -0.853726 1.13247 -0.250372 -1.25426 0.924765 0.942408 -1.00712 -0.234574 -0.105238 0.334437 0.379696 -0.454422 -0.319227 0.0609937 0.597817 0.704422 -0.191874 -0.531302 -0.140994 0.235022 -0.425573 -0.468036 -0.141846 -0.191116 -0.0248911 0.408252 0.0366835 -0.528336 0.0511824 0.638114 -0.157367 -0.493174 0.614568 
-0.0232583 -0.40313 -0.710459 0.609456 0.171851 -1.00357 -0.853378 1.06827 0.192934 -0.967886 0.534172 0.475369 -0.826615 -0.528215 -0.403967 0.252491 0.382276 -0.190899 -0.0568192 -0.0701079 -0.07412 0.669647 0.56859 -0.39195 -0.392971 0.608399 -0.359723 -0.681261 -0.585814 0.192423 0.937378 0.206229 -0.321188 -0.168272 -0.0239951 0.245952 0.485581 0.346315 -0.122749 
-0.402172 -0.715986 -0.744758 0.950615 0.464559 -1.04107 -0.91281 1.10211 0.34553 -0.870343 0.58131 0.614688 -0.586785 -0.636543 -0.831957 -0.397597 0.581055 0.977699 -0.0287744 -0.23896 0.288687 0.588902 0.203451 0.182003 0.347879 0.0975066 0.0441048 -0.188558 -0.533675 -0.364255 0.226625 -0.0557345 -0.117582 0.28514 -0.00339331 -0.582068 -0.0600613 0.268497 -0.403452 
-0.504273 -0.911904 -1.02614 1.08233 1.27119 -1.02745 -1.01704 1.28306 0.716283 -0.854521 0.684801 0.755846 -0.774749 -0.404583 -0.542587 -0.411269 -0.18108 0.152471 -0.0124798 -0.124011 0.276582 0.585011 -0.249534 -0.468386 -0.0195735 0.124582 0.894186 1.4089 0.820924 -0.671096 -1.27884 0.0121351 0.115169 -0.588847 -0.49624 -0.0691711 -0.370587 -0.410025 0.187654 
-0.68887 -1.03713 -1.07077 0.800391 0.678057 -1.05672 -1.00528 1.30872 0.865382 -1.09262 0.172055 0.593507 -0.515392 0.593512 0.93617 0.712451 -0.403813 -0.985051 0.0793279 -0.0115915 -0.632489 -0.234557 0.136968 -0.343876 -0.285601 0.34293 0.238378 0.525963 0.605291 0.262401 -0.17811 0.194248 0.16542 -0.282208 0.156737 0.894072 0.295935 -0.291719 0.222289 
0.0451493 -0.274213 -0.502939 0.750008 0.263617 -0.996724 -1.03988 0.875404 0.499714 -0.790417 0.38273 0.516271 -0.545877 -0.0280938 0.171654 0.416414 0.116408 -0.124143 0.266716 0.164085 -0.198354 0.740425 1.0956 -0.0295675 -0.477496 0.412734 -1.08946 -1.56037 -0.805106 0.433058 0.941861 -0.0590406 -0.356392 0.42032 1.04766 0.26501 -0.293029 -0.125395 0.276173 
-0.660177 -0.895157 -0.771292 0.893385 0.594624 -0.931339 -0.919314 1.19442 1.52488 -0.318212 0.140555 0.196397 -0.236174 -0.758245 -0.839864 -0.306739 0.128109 0.453938 0.120561 -0.354088 -0.085065 1.25643 0.560221 -0.7575 -0.496711 0.697559 0.349133 0.374929 0.0226938 -0.128604 -0.13301 -0.347927 -0.415595 -0.277023 -0.925055 -1.17987 -0.147872 0.625005 -0.322481 
-0.537817 -0.788114 -0.749959 0.852569 0.800725 -0.94517 -1.27485 0.837648 1.62287 -0.4127 -0.275407 0.103387 -0.0612345 0.492548 0.70562 0.481203 -0.123233 -0.331672 0.0365436 -0.249956 -0.665744 -0.725867 -0.598593 -0.233098 0.424934 0.0288108 0.977047 1.60988 0.980679 -0.804591 -0.81113 1.78018 1.94423 -0.769291 -1.98554 0.00841287 0.742011 0.270926 -0.487141 
-0.195334 -0.406957 -0.422848 0.790456 0.288419 -0.922223 -1.08979 0.764285 0.866846 -0.799127 -0.066153 0.540132 -0.233854 0.579659 1.16816 1.0125 -1.04014 -0.792354 1.88973 2.08363 -1.26883 -1.79963 0.607436 0.326951 -0.119709 0.110497 -0.429316 -0.663585 -0.394262 0.135551 0.218989 -0.141827 0.13386 0.501626 0.537269 0.384656 0.1538 -0.269488 -0.0346347 
