-1.4761 -1.38644 -0.49064 0.848484 -0.969468 -1.03562 -0.395415 0.390505 -0.232109 1.64133 1.03466 0.458507 -0.219404 -3.50267 -3.29938 -0.669239 1.76615 -0.952092 -1.7218 0.274567 0.850104 -0.57056 1.67334 2.63898 0.752039 -0.833749 0.0216241 0.0176331 0.197061 0.474869 0.0970631 -0.242055 0.00819171 -0.256732 -1.0929 -0.0160583 0.56936 0.0149727 -0.487622 
-1.46697 -1.38224 -0.538829 0.83007 -0.823047 -0.844935 0.296525 0.649544 -0.306919 1.64881 1.14919 0.604053 -0.472741 0.0880843 0.0659509 0.23795 0.536683 0.251445 -0.228887 -0.0144042 -0.379983 -1.32041 -0.0561301 0.621036 -0.0339556 -0.582026 4.01298 3.66284 0.586617 -1.171 0.772328 1.29308 0.0355051 -0.553881 -0.628562 -1.37689 -1.77878 -0.421851 0.678928 
-1.3797 -1.29732 -0.210106 1.07648 -0.784655 -1.13566 -0.419448 0.116349 -0.977908 1.48585 1.26863 0.436506 -0.550593 0.131285 0.0714463 0.0989784 0.4507 0.250379 -0.168228 0.302756 0.079415 -1.34114 -0.339763 0.513318 0.158533 -0.01747 -0.497686 -0.594672 -0.787334 -0.80743 -0.199405 0.230605 0.100257 0.616153 1.18611 -0.334358 -0.871719 0.0986027 0.642024 
-1.35176 -1.29071 -0.383813 1.01596 -0.639127 -0.914705 0.624321 0.720361 -1.06485 1.19743 1.3343 0.735372 -0.486466 -0.285178 -0.423237 -0.864066 -0.369635 0.0853513 0.0910374 0.114761 0.387747 0.0577825 -0.569998 -0.443603 0.0392148 0.190018 -0.194032 -0.283766 -0.366868 -0.0532991 0.139282 -0.443504 -0.848858 -0.135527 0.671713 -0.273258 -0.36636 0.106935 -0.470396 
-1.44581 -1.42207 -0.924901 0.860651 -0.738931 -1.07607 -0.300196 0.418699 -0.917063 0.79428 1.01973 0.472786 -0.447643 0.0277837 -0.135863 -0.430697 0.393023 0.561284 -0.63102 -1.04816 -0.141202 -0.572049 -0.765766 0.0398129 0.242378 -0.578847 0.734197 0.779189 0.887211 1.14209 0.364061 -0.688617 -0.365985 0.0730225 -0.946299 -0.194712 0.813363 0.207089 -1.0282 
-1.28162 -1.28982 -0.707194 1.17361 -0.19485 -1.21539 -0.546465 0.625511 -1.37264 0.301623 1.30466 0.933474 -0.815868 0.435945 0.333169 0.313321 0.917886 0.712829 -0.656359 -0.483146 0.441342 -1.08903 -0.883046 0.46285 0.251352 -1.03999 -0.225293 -0.156104 0.0526228 -0.0851445 -0.185156 0.299448 0.520396 0.084414 0.124257 0.502574 0.0152373 -0.596338 0.358189 
-1.19795 -1.21612 -0.576293 1.27532 -0.167748 -1.38939 -0.844209 0.761295 -1.52744 -0.223882 1.18195 0.678035 -1.03636 -0.10349 -0.227428 -0.389358 0.29951 0.41526 -0.231161 -0.263815 -0.0726285 -0.451206 -0.0760649 0.012674 -0.574637 -0.147027 -0.713608 -0.708431 -0.646692 -0.89922 -0.355251 0.765775 0.487432 -0.630432 0.545187 1.15634 0.246257 -0.0845498 1.4867 
-1.26863 -1.32896 -0.993238 1.28546 0.127144 -1.31656 -0.847172 0.582155 -1.6097 0.125351 1.26271 0.480813 -0.902447 -0.12914 -0.259157 -0.597254 -0.0917236 0.327247 0.284958 0.249792 -0.429999 -0.469762 0.746821 0.705942 0.0899124 0.744543 0.510287 0.395743 -0.203785 -0.419632 0.0460918 0.115921 0.138907 0.928976 0.939079 -0.0835855 0.490038 1.37748 0.258925 
-1.19613 -1.26913 -1.05011 1.19559 0.0805426 -1.23304 -0.575166 0.449581 -1.77536 0.458328 1.45443 0.754696 -0.621582 0.418716 0.181331 -0.697043 -0.17041 0.594918 -0.0443972 -0.0743782 1.10642 0.634476 -0.229304 0.540924 1.13671 0.165808 0.842825 0.616736 -0.179958 -0.0481225 0.175117 -0.746492 -0.654834 1.14318 0.657038 -1.15327 -0.432142 0.482047 -1.20769 
-1.02827 -1.18939 -1.55718 1.16719 0.599586 -1.32454 -0.937735 1.42417 -1.21132 -0.210789 1.46034 1.39126 -0.81311 0.688487 0.349964 -0.872506 -0.143575 0.688622 -0.529636 -0.798555 1.0307 0.281952 -0.944705 0.15549 0.654256 -0.7006 0.547553 0.665873 0.624281 0.33408 0.361416 0.183719 -0.482712 -0.991291 -0.872247 -1.37848 -2.4611 -2.03121 -0.850065 
-0.838322 -1.05583 -1.77252 1.09046 0.631454 -1.48314 -1.46907 1.23474 -1.58331 -0.62416 1.47725 1.28086 -1.01945 0.974028 0.835 0.122442 0.207839 1.21867 0.221087 -0.854312 -0.2394 -0.424652 -2.2447 -2.38287 -1.5183 -0.850665 0.937179 1.59821 2.0491 0.434632 0.996851 2.81523 1.39702 -0.800563 1.35888 0.679369 -1.94091 -2.09713 -0.20106 
-0.546141 -0.76403 -1.38097 1.23415 1.59437 -1.20006 -1.89349 1.25558 -1.43284 -2.64951 0.331899 0.186958 -1.29536 1.58994 1.84893 1.88645 0.347828 2.20731 2.79133 1.35282 -0.0643417 1.86472 -0.000760375 -2.15982 -2.0852 -0.939133 0.500796 1.43374 2.27992 -0.739139 -1.29044 2.36452 2.77106 0.394121 2.49526 3.54955 1.87392 -0.568503 -0.136613 
-0.0880309 -0.18717 -0.00308481 1.22597 2.45413 -0.0762235 0.0235807 1.1976 -0.464879 -0.72187 0.449974 -0.374982 -1.55145 1.4878 2.18485 3.1956 -0.621628 -0.484008 3.01872 3.43978 0.236392 2.50372 2.82677 -0.235848 -2.29966 -1.01195 -0.210195 -0.0181009 -0.205012 -2.35895 -3.4901 -1.5802 -0.323479 -0.820738 0.558278 1.50816 0.469598 -0.368618 1.46332 
0.159681 0.2515 1.57088 0.89492 1.1633 0.320316 1.91424 1.44428 0.0595887 0.202622 0.177229 -1.63971 -1.86831 1.47208 1.88248 1.57709 -2.30445 -2.59332 1.0087 0.821201 -1.18591 2.49949 2.13504 -1.65548 -2.61052 0.817371 0.251456 -0.811065 -3.18419 -2.08445 -0.251725 -1.97076 -3.59027 -2.97847 -0.716247 -0.809512 -0.966475 1.33347 3.09236 
0.610945 0.696162 1.48695 0.0626661 0.256702 0.441243 0.926493 0.318259 1.02508 1.40862 -0.348561 -2.44925 -1.09572 1.78006 1.49947 -1.16904 -2.96501 -0.723788 0.782612 -2.18618 -3.72227 1.62931 1.62959 -1.41133 -0.644683 2.69723 -0.549336 -1.41126 -2.29154 0.507332 1.98668 -0.424917 -1.21479 -0.286242 -2.15186 -1.58879 1.15613 2.91128 0.778648 
0.992751 0.967375 0.580629 -0.591866 0.531441 0.724973 -0.518959 -1.33968 1.04024 1.80579 -0.510572 -2.14816 -0.355487 1.05293 0.652945 -1.57247 -1.73123 0.319421 0.567493 -1.10036 -1.60469 -0.0748421 -0.182792 -0.348082 1.06556 1.75318 -1.73125 -1.51188 0.415482 1.99265 0.51917 -0.485567 1.22061 2.67625 -1.5371 -1.82774 0.696643 1.1265 -1.53776 
1.12743 1.04193 0.132335 -0.819938 0.49844 0.738566 -0.302205 -0.875557 1.0083 1.121 -0.554133 -1.59547 -0.113764 0.310918 0.178705 -0.633778 -0.720333 0.122142 0.270979 -0.3099 -0.245826 -0.217073 -1.03187 -0.641403 0.745171 0.856437 -1.01842 -0.670777 0.628047 0.848919 0.0998621 0.0820955 0.227779 0.107524 -0.312243 -0.562775 -0.731202 -0.683445 -0.604296 
1.18617 1.1058 0.0738281 -0.979432 0.607973 0.874349 -0.870789 -1.5131 0.940212 0.632366 -0.849179 -1.54958 0.122208 0.217052 0.0947576 -0.747853 -0.773622 0.574809 0.714981 -0.772337 -1.50573 -0.470864 -1.02514 -1.24835 0.136964 1.0313 -0.397229 -0.350728 -0.0479793 0.021932 -0.151639 0.0756091 0.220987 -0.294218 -0.54281 0.219116 0.332909 0.0865188 0.119167 
1.27998 1.14365 -0.477497 -1.2336 0.954042 1.10948 -1.16702 -1.99506 0.759734 -0.0454031 -1.16802 -1.48133 0.462263 0.0268996 -0.0893147 -0.72938 -0.69335 0.0233205 0.410936 0.0075342 -0.675097 -0.886112 -0.749803 -0.296952 0.802862 1.00175 -0.425615 -0.346597 0.223575 0.308088 -0.837832 -0.798375 0.701149 1.3199 -0.168488 0.495301 1.50649 0.912953 -0.0524884 
1.25593 1.12704 -0.519319 -1.35378 0.601751 1.09356 -0.870485 -2.00886 0.448604 -0.246789 -1.03156 -0.905044 0.681616 -0.0921844 -0.169516 -0.473812 -0.424622 -0.490429 -0.159855 0.293877 0.187317 -0.696663 -0.345899 0.468868 1.25328 0.970858 -0.440681 -0.371886 0.229121 0.741024 0.165968 -0.311332 0.246792 1.20708 0.993038 0.15268 0.0620488 0.146808 0.466946 
1.29789 1.12982 -0.839819 -1.47636 0.517599 1.04389 -0.849074 -1.84322 0.379008 -0.503181 -1.00307 -0.478038 1.0043 -0.295721 -0.376516 -0.447789 0.142843 0.371809 0.10161 0.36521 0.869611 0.263464 -0.563275 -0.269334 0.937782 1.56393 -0.920408 -0.634238 0.675389 1.31561 0.625857 0.307657 0.586092 0.912409 0.59375 -0.00867628 -0.243527 -0.304568 -0.150946 
1.18523 1.02271 -0.858137 -1.31865 0.887359 1.15842 -0.473408 -1.34467 0.629832 -0.931347 -1.20142 -0.153044 1.55715 -0.840988 -0.694575 0.415241 1.05817 0.505756 0.249535 1.18067 1.34458 -0.0198893 -0.391413 0.139044 0.810005 0.792395 -1.03478 -0.5154 1.09989 0.808784 -0.619737 -0.146439 0.603468 0.202679 -0.0717504 0.715942 0.937034 -0.0790768 -1.44438 
0.989786 0.886439 -0.399158 -0.992988 0.915376 1.18256 0.452599 -0.822363 0.394392 -1.00844 -0.987707 0.172187 1.44598 -1.14613 -0.793833 1.0191 1.05529 -0.38627 -0.0162559 1.2791 1.09369 0.152212 0.433265 0.781781 0.783353 -0.164929 -0.551723 -0.229252 0.349716 -0.534536 -0.912265 0.0463168 -0.0325966 -0.547861 0.793439 0.507777 -0.475192 -0.556205 -0.116089 
0.744267 0.735929 0.127921 -0.836695 0.53814 1.16448 0.937454 -0.512211 0.745946 -0.576257 -0.894547 0.475952 1.46051 -1.26226 -0.85246 0.860987 0.458946 -0.664311 0.35548 1.10266 0.581806 0.893339 0.30577 -0.461765 0.0443994 0.655713 0.245598 0.313217 -0.0262475 -0.94133 -0.816053 -0.15169 -0.461046 -0.845971 0.405995 0.102402 -1.11422 -1.43334 0.0674686 
0.498263 0.574024 0.444095 -0.80306 0.333322 1.3741 1.66773 -0.37429 0.944282 -0.786362 -1.24484 0.212597 1.8108 -0.859067 -0.459895 0.953079 -0.00171062 -1.42083 -0.140219 0.532951 -0.0610589 0.606663 0.54749 -0.566523 -1.10582 -0.0815854 1.03003 0.824541 -0.0355967 -0.322923 -0.623276 -1.25611 -0.901035 -0.291561 -0.604014 0.231967 1.2306 0.293594 -1.32478 
0.428288 0.595149 1.05435 -0.872351 -0.677437 1.10869 1.52061 -0.54688 1.12805 -0.102 -1.19919 -0.399807 1.41073 -0.278318 -0.0549359 0.782241 0.0978555 -1.42737 -1.05083 -0.329622 0.156029 0.151827 0.606318 0.932747 0.367345 -0.929788 0.880796 0.348681 -0.755318 0.352392 0.884687 -0.648105 -0.469591 0.963482 -0.461189 -0.490992 1.46661 1.85679 -0.660907 
0.435136 0.610296 1.21623 -0.789958 -0.887732 0.863947 1.29403 -0.245942 1.06017 -0.250733 -0.869499 0.510236 1.28406 -0.00770728 -0.0938029 -0.105358 0.397146 -0.0601193 -0.840575 -0.226522 1.16336 0.0342726 -0.191629 1.10405 1.21949 -0.871322 0.141823 -0.0258863 -0.21303 0.366589 0.558984 0.235545 0.491106 0.521666 -1.03616 -0.767528 -0.249288 -0.161811 -0.143527 
0.482982 0.614428 1.02481 -0.712686 -0.753533 0.703445 1.26127 0.337894 1.17513 -0.398836 -0.746157 0.576581 0.916861 -0.0834506 -0.0284412 0.461971 0.512688 -0.52537 -0.725174 0.409045 0.799523 -1.10139 -0.53048 0.596184 0.106938 -1.09936 -0.0586717 0.0939116 0.227978 -0.359604 -0.44422 0.12606 -0.211105 -1.19431 -0.495857 0.0621708 -0.65928 -0.654492 0.502796 
0.456852 0.658152 1.69909 -0.573712 -1.35344 0.516286 1.73973 0.36562 0.442559 -0.901077 -0.646804 0.600459 0.661959 0.00904348 0.041305 0.174677 -0.00522305 -0.571003 -0.64204 -0.582904 -0.449395 -0.579169 -0.13526 0.28791 0.327987 -0.266167 -0.00300718 -0.112645 -0.602142 -0.925108 -0.448303 -0.31524 -0.859607 -0.582951 1.42816 0.693203 -0.0982659 0.0998858 0.574194 
0.544969 0.692778 1.2482 -0.750062 -1.25745 0.397264 0.606596 0.0116143 0.863175 -0.636864 -0.663278 0.842871 0.763286 -0.0172483 -0.0806055 -0.387961 -0.526055 -1.042 -1.03904 -0.95863 -0.00938789 0.56341 0.433359 0.436277 0.181752 -0.408621 -0.660438 -0.630978 0.13418 0.944726 -0.10871 -1.20713 -0.332343 1.10887 0.139788 -0.367029 0.205461 -0.43801 -1.41736 
0.507392 0.683201 1.41431 -0.86614 -2.25178 0.0120201 0.668259 0.369752 0.799343 -0.545889 -0.496634 0.750271 0.42828 -0.508807 -0.480799 0.327033 1.0602 -0.609364 -1.99149 -1.12835 0.966182 -0.439936 -0.696112 0.483282 -0.286217 -1.96263 -1.51998 -1.84185 -0.89649 2.10035 2.58949 0.804732 0.250515 -0.346413 -1.64597 0.150083 0.691497 -0.840699 -0.290768 
0.38149 0.542857 1.60919 -0.265699 -1.79349 -0.582235 -0.653146 0.748324 0.63271 -1.46001 -0.49179 0.61994 -0.344255 -1.2987 -1.70053 -1.63856 1.83981 2.71971 -0.0524865 -0.595149 -0.507288 -1.41189 0.616151 1.20018 -0.948278 -0.754684 0.495205 0.475201 -0.217998 -0.944176 0.351199 1.67023 0.740993 -0.702562 0.393736 0.507032 -0.374718 0.264922 1.63529 
