-1.56224 -1.35666 -0.255486 1.09952 -0.206641 -0.624476 -0.2053 -0.620181 -1.7352 0.910018 0.963958 0.594489 0.0935141 -2.94474 -2.64361 -0.55704 1.39977 -0.741994 -1.65936 -0.581411 -0.760399 -1.35756 1.96698 2.24627 0.575648 -0.695637 0.0867368 -0.0767965 -0.255077 -0.0503976 0.213205 -0.20579 -0.100174 0.78097 1.20823 1.45905 0.505467 -0.352439 -1.09234 
-1.43489 -1.29062 -0.481203 0.811591 -0.534627 -0.808131 -0.498282 -0.541235 -1.24201 1.86661 1.22048 0.557768 -0.394344 0.195529 0.0324341 -0.337265 -0.138073 0.309426 -0.133698 -0.131771 1.06841 1.97246 2.28958 0.491513 -0.572479 -1.18045 2.92073 2.47002 0.182132 -0.708098 0.979655 1.09598 0.218917 1.18826 1.11403 -1.35821 -1.5386 0.0985007 0.360059 
-1.44785 -1.33019 -0.552269 1.016 0.0293046 -0.703705 -0.32997 0.24239 0.124144 3.08759 1.23302 0.0519044 -0.56505 0.035586 -0.111357 -0.25277 0.382115 0.641889 -0.358582 -0.225116 0.88492 0.463842 -0.279841 0.295023 0.678113 -0.226488 0.130254 0.0525559 0.0870718 0.600509 0.17275 -1.02735 -0.565366 -0.324525 -1.91499 -3.47753 -0.494462 1.36047 1.027 
-1.3994 -1.33492 -0.707083 1.03085 -0.055023 -0.994801 -0.700514 0.180488 -0.787688 1.56747 1.38301 1.21374 -0.533005 0.43382 0.191834 -0.172481 0.594349 0.562141 -1.17271 -0.975079 0.570935 -1.0634 -3.3698 -0.211938 1.41884 0.0461961 0.0585979 0.102447 0.102488 -0.116881 -0.592619 -0.321453 0.227747 0.331157 -0.101504 -0.350323 -0.506073 -0.946783 -0.40384 
-1.21589 -1.22527 -0.710775 1.35879 0.450462 -1.27933 -1.15536 0.723096 -0.843904 -0.190016 1.12068 1.41778 -0.5551 0.203465 0.0970131 -0.0653655 0.155129 -0.178337 -0.619733 0.144685 1.31619 0.336045 -0.903744 -0.422304 -0.783952 -0.624957 -0.58081 -0.389566 -0.0454864 -0.551666 -0.516198 0.990246 0.773026 -0.161517 0.800778 2.46002 0.388435 -1.07467 -0.247956 
-1.28109 -1.27667 -0.775705 1.11798 -0.176553 -1.30624 -0.595472 1.23326 -0.452389 0.666943 1.15661 0.46848 -0.888828 -0.0266081 -0.0827301 -0.202206 -0.2141 -0.150954 0.0115504 0.228754 0.304353 0.255679 0.531542 0.139716 -0.234635 -0.175223 0.00184089 -0.0773379 -0.283454 -0.318445 0.840706 0.882888 -0.816413 -2.14299 -0.665555 0.242996 0.266808 1.01156 1.28711 
-1.21109 -1.25548 -0.894225 1.23101 0.349001 -1.28917 -0.980461 0.999172 -0.583452 0.292953 1.19901 1.19898 -0.665822 0.315572 0.128916 -0.44427 -0.341419 1.01076 0.446225 -1.08261 -1.75706 -0.69625 -0.572276 -0.216001 0.685133 0.897112 0.804738 0.588069 -0.221355 -0.395603 1.13245 1.0528 -0.656509 -1.3726 -0.069067 0.0375492 -0.422042 -0.373684 -0.538409 
-1.10747 -1.20271 -1.16228 0.916095 0.573391 -1.1084 -1.51021 -0.073021 -1.0785 0.0859223 1.04207 1.13118 -0.415136 0.874456 0.602301 -0.489989 -0.813836 1.44712 1.26475 -0.753962 -1.67768 0.179897 0.532196 -0.47719 -0.838914 -0.726532 0.919483 0.562333 -0.253384 -0.0651314 0.653542 0.196887 0.519519 1.73885 1.05367 0.519047 0.342018 -0.651049 -2.22746 
-0.761738 -0.948537 -1.31916 0.754146 1.41875 -0.700275 -1.62212 -0.246172 -0.393578 0.776552 0.94285 0.401045 -1.077 1.32939 0.788686 -0.779051 -0.499196 1.93748 0.756252 -0.26653 0.668148 1.02837 0.20369 0.0801822 -0.334292 -1.57258 -0.376663 -0.448286 -0.225824 -0.1364 -1.1367 -1.34106 0.257987 1.19096 -0.31419 -0.717504 0.556337 0.53353 -0.177244 
-0.433676 -0.804035 -1.82978 0.622373 2.00252 -0.762449 -1.74685 0.482306 -0.0984185 0.252869 1.08811 0.816868 -1.28741 0.614631 0.2701 -0.78433 -1.06693 -0.13583 -0.119954 -0.337907 -0.0285359 -0.288958 -0.682944 0.0751142 -0.0853179 -0.867639 -1.75868 -0.954053 0.48189 -1.0257 -3.12536 -0.0558079 0.848012 -1.1965 -1.00921 0.269024 -0.214858 -0.0146516 1.89308 
-0.440574 -0.805095 -1.99109 0.129971 1.32837 -0.772938 -1.91807 -0.225624 -0.640364 0.0888565 0.986147 0.325351 -1.56509 -0.288458 -0.0399498 -0.0349339 -1.9416 -2.4333 0.787825 1.052 -1.06444 -0.555011 0.577069 -0.289129 -0.401188 0.637737 0.366407 1.70581 2.87772 2.10425 0.560494 2.8762 2.38491 0.144908 0.0542383 0.107688 -1.64777 -1.45622 1.20622 
-0.558061 -0.813192 -1.87287 -0.510914 0.228356 -0.40141 -0.88791 -0.292311 -0.592988 0.779722 0.933919 0.438446 -0.955073 1.08497 2.05225 3.47529 1.67654 0.660447 3.14252 3.3314 0.13892 -0.16701 -0.569353 -2.00659 -2.30989 0.562563 2.8234 3.34506 2.52391 2.31804 1.89138 1.26634 0.583978 1.26642 1.59341 -0.49734 -2.47336 -1.90116 -0.144629 
0.112639 0.21548 0.911373 1.10266 1.82158 0.713082 0.83486 -0.076536 -0.773576 -0.489346 -0.0992349 -1.88235 -1.27372 2.59622 3.3512 3.70553 1.08779 0.2287 2.27632 1.96667 0.69159 2.03511 -0.283563 -3.35746 -3.29172 0.533674 1.21503 -0.177235 -2.66548 -3.41213 -1.47277 -2.90831 -3.34776 -0.766074 1.81173 1.18221 0.277988 1.45776 1.33513 
0.740741 0.846696 1.2228 0.119085 0.405139 0.670774 0.731051 0.28101 1.32471 0.476997 -0.883889 -2.71023 -0.679451 2.38921 1.9861 -0.398856 -2.95737 -1.39362 0.0308069 -1.76773 -0.983989 2.7732 1.27445 -1.78693 -0.172948 2.13918 -0.981922 -2.37162 -3.34516 -2.45328 0.088298 -1.69655 -2.4922 -2.24399 -1.4005 0.544598 2.86677 2.8108 0.608426 
1.30931 1.2035 0.562908 -0.621872 0.80938 0.712447 -0.649149 -0.7894 1.83153 0.709725 -1.06552 -2.04202 -0.123111 1.74164 1.13116 -1.16594 -2.26381 0.363025 0.499895 -1.82383 -2.52472 -0.175722 0.533547 -0.0440788 0.870382 1.28491 -1.69928 -1.57095 -0.193732 1.11825 0.948519 0.61875 0.991777 -0.300429 -2.16635 -0.733094 1.59212 0.515729 -1.06437 
1.61793 1.41393 0.23065 -1.20175 0.680366 0.894251 -0.799575 -1.61453 1.18338 0.961898 -0.905218 -1.86999 0.0055897 0.829734 0.55195 -0.646107 -1.53254 -0.053389 0.805702 -0.2293 -1.44733 -0.66573 0.0342059 0.00318622 0.554004 0.990501 -1.6632 -1.17451 0.476547 1.22953 -0.0328535 0.016787 1.16184 1.6267 0.216022 -0.763325 -0.488505 -0.0506149 0.259779 
1.7366 1.48566 0.0069659 -1.51707 0.779423 1.08203 -0.854856 -1.85793 1.23384 0.713303 -1.06122 -1.505 0.401477 0.217616 0.0861344 -0.429665 -0.69016 0.327512 0.611463 -0.0252844 -0.258371 0.205658 -0.755376 -0.740412 0.749658 1.64017 -1.20871 -0.932409 0.23825 0.995421 0.179075 -0.122826 0.717955 1.24393 0.239025 -0.373588 -0.185334 0.00493781 0.145314 
1.74322 1.46683 -0.143668 -1.60662 0.929567 1.17103 -0.835763 -1.77041 1.39725 0.204383 -1.30409 -1.14545 0.884241 -0.247693 -0.25544 -0.259493 -0.271983 0.208193 0.763425 0.8903 0.276835 -0.247463 -0.627158 -0.330842 0.516429 1.21575 -1.02764 -0.604997 0.492885 0.626002 -0.501496 0.355009 1.25311 0.327213 -0.947972 0.0818379 0.862395 -0.0746031 -0.801069 
1.63232 1.37044 -0.224556 -1.67854 0.941176 1.43141 -0.130272 -1.60298 1.0257 0.0793807 -1.23803 -1.00399 1.04882 -0.681882 -0.399886 0.330586 0.0763545 -0.364974 1.09573 1.91287 0.167313 -1.27951 -0.683408 0.177648 0.59303 0.790535 -0.795047 -0.457621 0.428975 0.572607 -0.67826 -0.662158 0.158413 0.313466 0.0784534 0.750202 0.843761 0.259978 -0.719312 
1.42474 1.28052 0.119966 -1.56534 0.671254 1.67918 0.73849 -1.59952 0.227927 -0.483759 -1.2052 -0.571023 1.29985 -0.918638 -0.596804 0.40698 0.423124 -0.732091 0.126838 1.15405 0.683047 -0.0866843 0.521018 0.564949 0.860585 0.458972 -0.289128 -0.449799 -0.219888 0.611215 0.186781 -1.64984 -1.04527 0.898708 1.15674 0.532488 0.198464 -0.0576454 -0.733523 
1.19703 1.08722 0.103183 -1.43541 0.413807 1.47665 0.813467 -1.03621 0.9673 0.552206 -0.929146 -0.173138 1.28373 -0.855692 -0.733571 0.0449552 0.823094 -0.0925899 -0.629223 0.335519 1.40249 0.610371 0.114203 0.302277 0.461783 0.0176195 -0.0102 0.0385811 0.0659268 -0.0119167 -0.0619869 -0.171597 -0.372927 -0.240598 0.151946 -0.431078 -0.732881 -0.204166 0.583117 
1.0205 0.929979 0.143918 -1.08941 0.612567 1.3632 1.0021 -0.480508 0.818715 -0.40307 -1.03874 -0.122381 1.29423 -0.818363 -0.451121 0.540737 0.336514 -0.808445 0.0308192 0.605089 0.304451 0.191944 -0.232916 -0.423425 0.510033 1.18147 -0.055024 0.426896 0.660812 -0.580657 -1.32158 0.596329 0.2949 -1.30751 -0.480869 0.458762 -0.0325897 0.394576 1.05539 
0.811214 0.87569 0.543162 -1.2427 -0.169521 1.47602 1.30107 -0.760063 1.16839 0.2983 -1.15615 0.321745 1.9124 -0.799462 -0.206739 1.05161 -0.024126 -1.93472 0.120965 0.808034 -0.487334 -0.125765 0.793099 0.150785 1.0074 1.27651 0.285471 0.32226 0.199984 0.0115429 -0.310185 -0.183289 0.122363 0.0824004 -0.24918 -0.0841275 0.226614 -0.274469 -0.939126 
0.644005 0.838732 1.01259 -1.10661 -0.796196 1.40564 1.65833 -0.812136 0.723916 0.332017 -0.954413 0.849173 1.97469 -0.42755 -0.0269943 0.871201 0.281277 -1.23274 -0.078084 0.813699 0.383368 -0.172662 -0.428187 -0.265155 0.0542544 0.175032 0.629678 0.230025 -0.334543 0.38707 0.933112 -0.700415 -0.602828 0.752094 0.371106 -0.680086 -0.49424 -1.0456 -1.53198 
0.618207 0.872909 1.26045 -1.08214 -1.06381 1.42337 1.962 -0.423335 1.02992 -0.143831 -1.29734 0.379815 1.99256 -0.0704191 0.126855 0.597743 0.422851 -0.616086 -0.557779 -0.0925735 0.540174 0.504304 -0.361792 -0.552401 -0.602566 -0.403274 0.32233 0.0176834 -0.347595 0.0809137 0.205599 -0.950928 -0.680439 0.143904 -0.0289331 -0.0469185 0.373761 -0.442131 -1.5565 
0.627192 0.911673 1.50041 -0.863644 -1.23855 1.1238 1.56623 -0.355043 1.21592 -0.0461142 -1.25135 0.277754 1.73968 -0.0005178 0.0981762 0.39818 0.318814 -0.933975 -1.03288 -0.205619 0.549403 -0.184086 -0.563544 0.0689625 -0.652472 -1.53261 0.128201 -0.152519 -0.491687 -0.408641 -0.384199 -0.904836 -0.456073 0.0166334 -0.368656 0.0742288 1.18479 0.741412 -0.999583 
0.63588 0.931735 1.5808 -0.899729 -1.73914 0.914543 1.77597 0.0408424 0.880803 -0.716435 -1.25738 -0.239434 1.14208 0.165854 0.0849642 -0.0867099 -0.194321 -1.14414 -1.46178 -0.768712 0.525935 -0.0518915 -0.302076 0.75094 0.462178 -1.47837 -0.246546 -0.35135 -0.282067 0.0632966 0.332562 -0.479591 -0.928867 -0.564136 0.351531 0.664807 0.625854 1.17581 0.8448 
0.726947 0.963996 1.41387 -0.979911 -2.0679 0.410068 0.912315 0.0911207 1.18992 -0.366685 -0.841625 0.726774 0.918749 -0.132485 -0.138877 0.0213114 0.332791 -0.457226 -1.46829 -1.60492 -0.287471 0.414593 0.447128 0.704343 1.06245 -0.512898 -1.26445 -0.918774 0.29781 1.05856 0.915214 0.853795 0.309982 -0.838732 -0.687577 -0.22446 -0.629628 -0.887337 0.0741932 
0.588446 0.873888 1.58491 -0.709183 -2.06506 0.197698 0.427239 -0.13737 1.28926 -0.314834 -0.872925 0.784881 0.847323 -0.966349 -0.709043 0.387299 1.15068 0.14941 -0.427883 -0.273129 -0.699892 -1.1195 -0.723313 -0.114041 -0.910911 -1.3339 -1.1424 -1.07401 -0.104088 0.839873 0.512193 0.659932 1.43612 0.0440022 -2.28364 -1.43006 0.0887463 -1.4475 -0.741958 
0.268117 0.625527 1.7251 -0.313305 -1.94923 0.190288 0.670189 -0.403669 0.169627 -1.09329 -0.900886 -0.14016 0.176555 -1.14476 -1.08526 -0.0944016 1.38533 0.27134 -0.648013 0.613155 -0.262944 -3.21242 -1.91538 0.697854 -1.14906 -1.29539 0.199385 -0.622345 -1.26479 0.123615 1.38957 -0.452447 0.175923 1.65796 0.252506 0.680683 1.64707 0.457953 0.28183 
0.0415964 0.350256 1.49192 0.0940025 -1.85703 -0.127251 0.921539 -0.296755 -1.68024 -2.1905 -0.491985 -0.310293 0.126116 -0.660127 -1.21209 -1.43155 1.24532 2.10793 -0.833381 0.0174049 1.61073 -0.679615 0.312923 1.74174 -0.270434 -0.953605 0.546875 -0.0286891 -0.941106 -0.459655 1.33978 -0.0325111 -0.973724 1.01549 2.36696 1.44721 0.386344 1.07452 0.283999 
-0.0396347 0.0394697 0.510059 0.40839 -0.395177 -0.223223 0.669472 0.875191 -0.44099 -0.821055 0.0460393 -0.393269 -0.35838 -0.497079 -1.0056 -1.43831 0.699931 2.16006 -0.590769 -0.854758 1.13765 0.618156 0.355122 1.04701 0.41427 -0.912631 -0.0304508 0.419534 0.698175 -0.107747 -0.711247 0.046194 -0.55861 -1.05054 0.163782 -0.645961 -1.33171 -0.121959 0.0317221 
-0.185714 -0.134173 0.271221 0.498245 -0.264772 -0.424851 0.196129 0.618967 -1.0822 -1.87758 0.0782623 0.0928124 -0.386487 -0.579751 -0.692484 -0.370073 1.03055 1.12141 -0.689408 -0.815569 0.0848896 -0.382006 -0.787019 0.0377385 -0.497942 -0.857373 -0.180986 0.239361 0.728774 0.0224707 -1.65548 -0.367468 0.911427 0.476398 -0.0890306 0.544246 -0.144274 -0.982923 -0.17379 
-0.307732 -0.290849 0.185746 1.00508 0.435859 -0.567949 -0.0233759 0.982805 -0.774435 -1.60907 0.0690716 -0.864418 -0.840868 -0.564624 -0.662844 -0.331926 0.659308 -0.150149 -0.902626 0.560769 1.77465 0.510361 1.17167 0.762049 -1.10189 -1.04981 -0.257939 -0.189563 -0.187663 -1.08698 -1.73777 -0.210468 0.567864 -0.144755 -0.458949 0.709066 1.03879 0.925612 0.592578 
-0.446349 -0.449904 -0.0210812 0.878844 -0.365643 -0.871444 0.646901 2.02365 -0.584554 -0.777587 0.494008 -0.957153 -0.973855 -0.722914 -0.770736 -0.608418 -0.493807 -1.30416 -0.828261 0.0744595 -0.157949 -1.08299 0.294919 1.1666 0.842503 -0.124135 -0.250011 -0.35053 -0.434866 -0.341295 0.797764 0.571809 -0.790251 -1.20964 -0.419489 -1.03483 0.0503497 2.29975 1.70644 
-0.646461 -0.659682 -0.33857 0.71449 -0.510771 -0.979014 0.0233145 0.904014 -1.76073 -1.35419 0.704162 -0.0508986 -0.923748 -0.699996 -0.899093 -0.933004 0.132201 0.978748 -0.179457 -0.626512 0.0234436 -0.127349 -0.554435 0.709674 2.2953 0.948519 0.566521 0.454523 0.0934963 0.478681 1.24432 0.259879 -0.45559 0.622261 1.36667 0.321081 -0.546018 -0.0275141 0.32224 
-0.77377 -0.881911 -0.817768 0.952634 0.36084 -0.972535 0.111144 2.0841 -0.680828 -1.34141 0.881356 1.24871 -0.472146 -0.0559304 -0.216786 -0.434207 0.0756866 0.450751 -0.44882 -0.60094 0.685656 1.14354 0.75212 0.401539 0.756355 0.302061 0.629115 0.887906 0.667596 -0.194531 -0.846302 0.111464 0.151194 -0.380478 0.457798 1.54775 0.019553 -1.56535 -1.58393 
-0.656126 -0.755874 -0.7167 0.755385 -0.17125 -1.2088 -0.491195 1.47278 -0.673384 -0.658597 0.924443 0.680058 -0.774354 0.0284948 0.0802432 0.0836077 -0.198629 -0.197107 0.0364393 -0.373803 -0.553286 0.641736 1.87796 0.620496 -0.0926073 -0.790263 -0.482095 -0.284507 0.20906 0.280059 -0.0153651 0.295369 0.138024 -0.859596 -0.862781 -0.157899 -0.0260955 -0.369822 0.123738 
-0.741783 -0.831912 -0.761382 0.83386 0.225554 -0.97048 -0.214634 1.70185 -0.0608295 0.43939 1.22035 1.16603 -0.91806 -0.419357 -0.38823 -0.0904249 0.379553 0.439754 -0.0302721 -0.368376 -0.569725 -0.205021 0.438061 0.257809 0.157858 0.502802 1.35187 1.50871 0.547334 -0.865788 -0.0953808 1.75503 0.411186 -1.18698 -0.396221 -1.39329 -2.31244 -0.725182 2.15054 
-0.845092 -0.936446 -0.806351 0.973148 0.160212 -1.23861 -0.812462 1.07791 -0.841996 -0.265736 1.0668 0.83742 -0.515557 1.46719 1.66893 0.923754 -1.42717 -0.320275 2.06344 0.276578 -2.27239 0.0413381 -0.425344 -2.25553 -1.22299 1.71248 0.31452 0.285688 0.0363958 -0.230962 -0.321214 -0.0569886 0.226815 0.428904 0.106043 -0.234909 -0.121555 -0.0754245 -0.4957 
