0.130655 0.297276 0.601755 -0.000858434 -0.0384887 1.02635 0.411505 -0.198528 0.106659 0.357658 -1.12347 -1.54429 -1.64777 0.903016 0.997843 -0.815669 -1.4207 0.670425 1.637 -0.370597 -0.839901 1.18217 1.26058 -1.92206 -1.80034 -0.310816 0.728526 0.71827 -0.820251 -0.944687 0.524807 0.0128758 -1.26643 -0.988003 0.791317 1.0207 0.0548224 0.416743 0.503648 
0.592311 0.621074 -0.774144 -1.17205 0.625262 1.96704 -0.211908 -0.736709 1.04597 1.06564 -1.55688 -1.3445 -0.171185 0.971308 0.943353 -1.13109 -1.2042 0.800105 -0.142117 -1.74416 -1.42569 1.04479 1.32446 0.115507 0.557726 0.767808 -0.298332 -0.259865 0.858682 1.36805 -0.400228 -2.01654 -0.541902 0.174488 -1.06396 -1.07362 2.11045 1.96007 0.252474 
0.78709 0.870158 -0.539631 -0.964151 0.75514 0.721072 -1.22425 -1.54855 1.01105 1.48631 -0.794228 -0.783451 -0.407401 0.585771 0.735732 0.328506 0.298349 -0.0159834 -1.64901 -1.15156 -0.534889 -0.175555 -0.128026 0.798612 0.796235 0.0244601 -0.569942 -0.649944 0.49678 0.944022 -0.184901 -0.0286619 1.30994 1.25115 -1.04124 -1.83994 -0.0164179 -0.0851042 -0.415626 
0.886734 1.01033 -0.216132 -0.686554 0.359338 -0.262862 -1.23336 -1.15407 0.692705 0.761643 -0.595309 -0.370716 0.0963939 0.313232 0.200505 -0.477358 -0.0211146 0.459723 -0.348582 -0.0632393 0.48225 -0.283501 -1.05686 0.140729 0.452474 -0.0474118 -0.649641 -1.05575 -0.885774 -0.309796 -0.0275668 0.933748 1.52448 1.75365 0.611192 0.167765 -0.363498 -0.738432 -0.712207 
0.825605 0.786052 -0.919882 -0.786689 1.10684 0.152096 -1.11755 -0.90098 0.546544 0.266153 -0.44164 -0.116582 -0.233878 -0.172315 -0.507241 -0.891379 -0.103361 -0.103532 -0.364544 0.814576 2.12116 0.635983 0.0915043 0.383967 -0.172114 -1.30148 -0.598329 -0.541331 0.79124 0.588407 -1.13634 -0.508703 0.931841 0.54822 -0.85482 -0.132938 0.983111 0.272659 0.0762288 
0.469328 0.300284 -1.07843 -0.588396 -0.0202521 -0.852225 -0.216713 1.20942 1.17579 0.674175 -0.0175625 -0.261495 -1.37124 -0.380465 -0.408488 0.57542 0.712479 -1.4096 -1.29871 1.11503 1.34367 -1.3704 -1.22687 1.43269 0.819853 -0.015637 -0.387014 -0.218118 1.01786 1.11052 0.570634 0.321393 -0.23874 -1.55926 -1.76139 -1.23017 0.501982 1.12217 2.01537 
0.212751 0.163342 -0.0743894 0.0981202 -0.968464 -1.6304 0.210554 0.648486 -1.03808 -1.12169 1.10688 0.878293 -0.0187729 -0.600844 -0.717902 0.468514 1.29017 0.770216 -0.0287182 0.436647 -0.154996 -1.62489 -1.49989 1.06618 1.31753 2.06958 -0.663805 -0.667375 0.160188 0.243391 1.45523 1.88149 -0.461805 -1.27169 1.01102 1.11133 -1.33591 -0.50797 0.624387 
-0.350458 -0.596078 -0.357403 0.853436 0.734571 -1.01267 0.408174 1.1898 -0.671116 -0.982963 1.19169 1.17772 1.5727 -1.15633 -1.17282 0.773008 1.00998 0.885671 1.45396 0.440553 -0.504367 -0.0410907 0.214991 -0.214324 0.155963 0.960089 -1.11075 -0.803761 1.27782 -0.252834 -1.88049 0.590732 0.844472 0.00674737 0.659846 0.953523 -1.14549 -1.30459 -1.63231 
-1.12862 -1.13536 1.00115 1.26979 -0.0637418 0.10286 0.83949 0.263077 -1.25277 -1.08736 1.1308 1.28043 1.47323 -1.93756 -1.65032 2.18069 0.960457 -2.29495 0.724358 1.49877 -0.0997135 -0.750349 -0.262464 -0.33952 -0.398751 -0.840826 2.05075 2.18596 -1.30178 -1.99522 -0.376165 -0.823367 -1.02001 0.048095 1.08409 0.822425 -1.02063 -1.43195 -1.25802 
-2.42539 -2.31708 2.3571 1.97735 -2.4902 -0.211265 2.13406 1.22806 -1.61674 -1.41957 1.09972 1.0846 0.707917 1.47418 1.57934 -1.01064 -1.52207 0.237931 0.0163644 -0.976016 -0.387527 1.38284 1.28259 -1.46177 -1.72858 -1.30576 1.49854 1.29191 -1.59476 -0.751852 1.45503 -0.362967 -1.08184 0.0365909 0.56394 0.200907 0.231581 0.296405 0.54605 
