-1.8125 -1.23269 0.443885 0.765128 -0.655909 -0.415617 -0.733742 -0.398509 1.65264 0.20107 -1.34636 0.509485 0.994362 -1.47643 -1.80845 -0.547259 1.17748 0.280234 -1.57145 -1.86812 0.689112 1.36401 -1.00537 -0.76549 0.718928 -0.264 0.708055 -0.0484139 -1.69847 0.453864 0.905041 -1.22153 -0.510614 1.59658 -0.446025 -1.11968 0.996431 0.137099 -1.32108 
-1.13556 -1.09809 -0.314098 0.942392 0.249588 -0.737814 -0.919677 0.474505 0.95515 -0.712501 -0.540125 0.573875 -0.203628 0.9714 0.00714164 -1.85804 0.639464 1.40561 -1.21996 -0.544469 2.22424 -0.693551 -1.55772 1.37688 0.226681 -1.78343 1.79523 1.91369 0.336791 -0.706424 0.0122652 1.14383 1.33137 -0.306215 -1.10995 0.715173 0.985171 -0.642302 0.0615606 
-1.0623 -1.22639 -0.619465 1.27097 0.629905 -0.986523 -0.994816 1.19086 1.13504 -0.932798 -0.25019 0.660511 -0.264758 0.876973 0.723228 -0.184756 0.123454 0.324334 -0.361622 -0.291486 0.296316 -0.317778 -0.0585643 0.596048 -0.112465 -0.179988 -0.740805 -0.0842344 1.461 -0.347884 -0.764728 0.893319 -0.146113 -1.81686 0.702393 1.44155 -0.851226 -0.281643 1.1648 
-0.458108 -0.656207 -0.420987 1.02954 0.539781 -0.901138 -1.05487 0.663749 0.706513 -0.702722 -0.040338 0.433567 -0.348896 0.101027 -0.0318052 -0.268988 0.108743 0.26477 -0.267466 -0.669205 -0.246237 0.322282 0.380567 0.236354 -0.115099 -0.209346 -1.15971 -1.12442 0.0218483 0.262192 -0.194586 -0.0628262 0.355976 0.473723 0.666953 0.0953058 -0.165518 0.440116 0.108714 
-0.982619 -1.24378 -0.774502 1.34618 0.865254 -1.10514 -1.31795 0.986081 1.34454 -0.588021 -0.0251295 0.51794 -0.430419 -0.525905 -0.654081 -0.165868 0.483165 0.052977 -0.391317 0.161951 0.976219 0.645304 0.0421404 0.389789 0.525577 -0.0322884 0.0570741 0.383234 0.902061 -0.119864 -0.554925 0.447374 1.33543 0.161482 -1.03561 -0.493987 0.115272 0.179063 -0.0833105 
-0.861402 -1.05212 -0.517079 1.40855 0.580114 -1.07856 -0.964456 1.34676 1.14723 -0.616119 0.301913 0.841349 -0.391563 0.244908 0.530716 0.710247 -0.0891744 -0.556116 0.226935 0.912112 0.00422156 -1.24884 -0.323092 0.412666 0.16855 -0.321001 0.545638 0.76532 0.433139 -0.521904 -0.231203 0.615799 0.0667882 -1.10143 -1.19125 -0.492358 -0.451806 -0.179933 0.0485427 
-0.792094 -0.918998 -0.369802 1.26079 0.344747 -0.988982 -0.854281 0.963197 0.429466 -0.780041 0.334595 0.61903 -0.673644 0.239032 0.400052 0.301756 -0.301547 -0.27422 0.276095 0.282379 -0.510277 -1.15748 -0.659296 -0.206533 0.321873 0.0341416 -0.0855569 -0.518886 -1.18796 0.0902347 0.532839 -0.52214 -0.849851 0.445062 0.697866 -0.230176 -0.356765 -0.166547 0.258428 
-0.675404 -0.806814 -0.345875 1.15085 0.319171 -0.939065 -0.814118 0.95023 0.29755 -1.06462 0.188707 1.07415 -0.388083 0.207479 -0.067476 -0.59081 0.0195574 0.281876 -0.274583 -0.0230007 0.644705 -0.23975 -0.66666 -0.0541642 -0.0169816 0.0289072 0.57648 0.348773 -0.435443 0.130757 0.276121 -0.498366 -0.248273 0.574244 0.309147 0.405564 0.732235 -0.501732 -0.729389 
-0.630404 -0.958085 -0.708793 1.26364 0.595846 -1.11098 -0.855889 1.40545 0.236679 -1.23415 0.337764 0.560744 -0.673801 1.04317 0.918235 -0.17828 -0.133672 0.172269 -0.201 0.0400032 0.307877 -0.726985 -0.1351 0.810383 -0.318689 -0.950131 0.346625 0.543113 0.382798 -0.362606 -0.0495918 0.675886 -0.0148024 -0.856587 -0.0983669 0.672482 0.473089 0.130726 -0.660135 
0.13009 -0.246312 -0.449062 1.02936 0.469346 -1.02612 -0.784377 1.14787 -0.243987 -1.11322 0.852198 0.756688 -1.06834 0.719433 0.700754 -0.178111 -0.532652 0.231641 0.454553 0.00347293 -0.505051 -0.415823 0.221871 0.609669 0.201048 -0.861827 -0.857444 -0.702774 0.109974 -0.270463 -0.24206 0.697503 0.187189 -0.862935 0.209356 0.823013 -0.125557 -0.25984 0.0913489 
-0.0743141 -0.529873 -0.811884 0.818411 0.80069 -0.886737 -0.844325 1.01272 -0.0821359 -1.01044 0.847955 0.68975 -1.29272 0.024533 0.0834435 -0.0632425 -0.551394 -0.171487 0.550342 0.299076 -0.850609 -0.445022 0.958901 0.658571 -0.630871 -0.825885 -0.0180182 0.610827 2.03928 0.86329 0.468439 1.95256 2.3475 0.656512 0.494194 -0.000335651 -1.28319 -0.648761 1.28848 
0.150842 -0.193598 -0.486493 0.56893 0.302997 -0.756393 -0.625731 0.50418 -0.583703 -0.327257 1.39974 0.171059 -1.66229 0.767858 1.55611 2.04187 0.704388 0.971421 2.49513 2.75021 0.426252 0.290112 0.192029 -1.1194 -0.639113 0.879307 1.21663 1.79815 1.6298 0.0190296 0.878034 3.01785 2.54153 0.732091 0.886348 -1.20374 -3.3544 -1.22448 2.05248 
0.519081 0.418636 0.353981 1.37693 1.68671 0.306473 0.533923 1.29633 0.104342 -0.809494 0.0375223 0.0970415 -0.702133 1.64243 2.46647 1.70999 -0.546589 1.19294 3.68522 3.26925 0.184642 0.844622 -0.713552 -3.8925 -2.2526 1.94713 0.424549 0.190245 -1.46948 -2.04782 -1.11947 -0.518414 -1.43392 -1.39375 0.232287 0.336267 -1.22733 -1.58324 0.102168 
1.41799 1.30866 0.489663 0.112396 1.39299 1.00194 1.01077 0.612323 -0.000318739 -0.817143 -1.52872 -1.80766 -0.329927 1.37887 1.87032 0.433663 -2.30747 -0.710416 1.99744 1.14253 -1.4623 0.606207 0.621638 -2.77236 -2.74787 1.01817 -1.02681 -1.41311 -1.42622 -0.721994 -1.28305 -2.72591 -3.00476 -1.12695 0.800538 1.92722 2.14681 1.24905 -0.698528 
1.58319 1.55828 0.600584 -0.508396 1.02413 1.26335 1.11224 0.208407 0.517074 -0.280814 -2.0354 -2.30713 -0.0150902 0.408492 0.717724 0.14897 -1.62334 -0.738366 0.919921 -0.147311 -1.33697 2.00654 1.88765 -0.948238 -0.516389 1.00454 -0.913505 -1.09169 -0.203282 0.828847 -0.0791247 -1.76816 -1.62983 -0.025201 0.394324 0.828716 2.03728 2.38638 0.305497 
1.73453 1.7472 0.573534 -1.21782 0.704666 1.44715 0.947313 -0.384575 1.41474 0.677333 -2.20843 -2.29495 0.347652 0.288962 0.535124 0.206925 -1.1207 -0.805689 0.215965 -0.690755 -1.4686 1.16349 1.72342 0.0226542 0.532318 1.43165 -0.435253 -0.520659 0.190257 0.940591 0.177947 -0.765007 0.00465484 0.0738973 -2.00976 -1.09548 1.02342 1.12434 0.331965 
1.80765 1.88574 0.717582 -1.43077 0.273815 1.3743 0.778383 -0.884086 1.32869 1.08838 -1.97356 -1.89356 0.959182 -0.0734666 0.117251 0.351599 -0.273476 -0.441597 0.168922 -0.0984318 -1.20697 -1.01459 0.362981 0.465414 1.05052 1.45377 -0.512942 -0.566368 0.108397 0.74761 0.480103 0.424839 1.18226 0.545744 -1.57461 -1.21857 0.259456 0.0395332 -0.767939 
1.67979 1.82048 0.773228 -1.45275 0.289605 1.53576 0.908173 -1.28706 0.667344 1.00869 -1.80841 -1.43623 1.33729 -0.291753 -0.12416 0.320241 -0.0524997 -0.0481212 0.687217 0.71417 -0.68964 -1.20993 0.0307342 0.395416 0.62655 0.395308 -0.218834 -0.252363 -0.0778361 0.180715 0.252692 0.271341 0.431436 0.706334 0.82701 0.169916 0.0237867 0.0316652 -0.4053 
1.58474 1.81217 0.899352 -1.48639 0.22106 1.70902 1.14357 -1.41087 0.441479 1.16628 -1.62701 -1.39904 1.21355 -0.280317 -0.138019 0.261727 -0.0326835 -0.0308384 0.482496 0.441901 -0.207143 0.186735 0.565526 0.51708 1.13407 0.907226 -0.30694 -0.387808 -0.142798 0.244179 0.0225637 -0.329195 0.110434 0.629562 0.364883 0.0173371 0.324054 0.376673 0.194068 
1.46569 1.73848 0.921552 -1.4923 0.252763 1.77327 1.13788 -1.46345 0.779827 1.49457 -1.36894 -0.505747 1.94727 -0.610601 -0.553701 0.159493 0.280921 0.0116835 0.3839 0.884858 0.204597 -0.696466 0.0250144 0.856192 1.17846 0.65829 -0.728351 -0.622227 0.497263 0.50836 -0.466976 -0.571598 0.71119 0.4778 -1.22654 -0.923569 -0.0519511 -0.624761 -0.784267 
1.1162 1.47732 0.989238 -1.27148 0.223371 1.89971 1.59368 -1.28824 -0.0782141 1.23982 -0.928534 -0.430413 1.6506 -1.13486 -0.869175 0.799311 0.68632 -0.717599 -0.0698262 1.30438 0.478367 -1.66859 -0.724498 0.465554 0.326487 -0.151166 -0.845476 -0.571371 0.895607 0.399167 -0.879202 -1.03386 -0.124445 0.0389653 -0.271759 -0.172746 -0.275679 -0.755816 -0.650814 
0.593271 1.21173 1.37716 -0.948436 -0.416435 1.7485 1.79673 -1.14199 -0.435693 0.996332 -0.968824 -0.268987 1.82202 -1.61403 -1.21942 1.13169 0.840553 -1.30374 -0.643272 0.785074 0.28655 -1.13063 -0.240162 0.49984 0.192971 -0.219855 -0.504614 -0.477084 0.163136 0.390532 0.0170992 -0.476736 -0.788563 -0.282267 0.770957 0.931727 0.415992 0.0635524 0.18238 
-0.125366 0.737527 1.63484 -0.602472 -0.98553 1.60264 1.99414 -1.10609 -0.90867 1.11106 -0.502228 -0.308345 1.47764 -1.70499 -1.41358 0.97235 1.23335 -0.666127 -0.524703 0.439841 0.11851 -0.550703 0.517893 1.05159 0.453326 0.0960302 0.130396 0.0270359 -0.15672 0.373612 0.606904 -0.169065 -1.19342 -0.499719 0.635913 0.382593 -0.0905274 0.392638 0.780848 
-0.718366 0.353836 1.93168 0.0392872 -1.03824 1.50774 2.02542 -1.08188 -0.851052 1.44587 -0.121101 0.0767304 1.8685 -1.37694 -1.1152 0.95575 1.36289 -0.352791 -0.782099 -0.545667 -0.372383 -0.213748 0.25268 0.395755 0.76656 0.835652 0.710196 0.515038 -0.61015 -0.301121 0.427833 -0.017522 -0.956991 -0.302469 0.392986 -0.458926 -1.23453 -1.24997 -0.747629 
-1.18428 0.0611264 2.17987 0.49036 -1.31882 1.23965 1.73247 -1.40248 -1.08284 1.35828 -0.15542 0.306447 2.0379 -0.730867 -0.681475 0.301702 0.77088 0.011727 -0.507859 -0.618647 -0.269133 0.00458639 -0.137909 -0.611179 -1.20301 -0.912877 0.986001 0.663469 -1.18973 -0.994466 0.109476 0.239142 -0.0627027 0.193712 0.0854725 -0.350855 -0.433599 -0.941892 -0.859384 
-1.27956 -0.0587355 2.10285 0.651759 -1.03589 1.27498 1.72744 -1.30328 -0.868948 1.39512 -0.543366 -1.00038 1.21412 -0.0522225 -0.192116 -0.347239 -0.11155 -0.160441 -0.501601 -0.574352 -0.0775972 -0.116182 -0.25561 -0.175761 -0.47154 -0.324195 2.23996 1.9412 -1.49408 -2.72775 -1.87341 -1.78552 -1.44762 -0.649584 -1.39303 -0.930682 0.684431 1.25697 0.183328 
-1.22266 -0.0537774 1.9801 0.386821 -1.475 1.00986 1.45653 -1.48478 -1.18718 1.21774 -0.245123 -0.142313 1.79245 2.18787 1.8856 -1.33335 -3.23336 -2.8199 -2.30716 -2.24211 -1.13418 -2.09855 -1.43764 0.340604 0.543953 -0.664402 2.63237 2.19406 -1.65881 -2.24212 -1.03648 -1.57136 -1.27351 0.716744 0.259677 -0.826875 0.605206 0.842752 -1.80285 
0.407786 1.0902 1.33942 -1.98485 -3.64084 0.187809 0.621677 -2.15291 -2.39222 0.352851 -0.238682 -0.576809 0.732347 3.36534 2.70031 -2.16201 -3.407 -1.71572 -2.08091 -1.99732 0.936546 0.240682 -1.41365 0.66808 0.7131 -2.75832 -0.959562 -1.67577 -1.11672 2.79837 3.60093 1.44927 1.01272 2.92214 2.71872 0.654338 1.19835 0.609139 -1.43946 
1.37178 1.59073 0.743 -2.39067 -3.06325 0.0301291 0.472567 -0.830579 -1.03609 0.193772 0.30968 0.426556 -0.14388 1.03942 -0.201096 -2.55669 0.828006 2.69703 -0.783576 -1.03241 2.91318 1.91852 -0.573878 1.9926 1.41145 -2.60773 -3.26213 -3.66598 -0.239351 3.56941 2.98264 1.35908 0.765441 0.194033 -0.852874 -0.211699 0.131236 -0.40456 0.733437 
1.21038 0.969833 -0.123278 -1.32602 -1.16591 -0.17588 0.117821 -0.0632202 -1.04016 -0.0304833 1.32776 0.591956 -1.09938 -0.710112 -1.94709 -2.4281 1.77975 2.85831 -0.64997 -1.07237 1.23177 -1.05845 -1.732 0.866143 0.204454 -1.76684 -1.28182 -0.809223 1.06826 -0.0835424 -0.879758 0.517205 0.339252 -1.935 -1.91474 -0.603742 -1.54125 -0.307073 2.49566 
0.826575 0.408307 -0.6462 -0.959597 -0.439821 -0.270117 -0.0511721 0.0380233 -1.81488 -1.07305 1.01576 0.558488 -1.39148 -0.51869 -1.17285 -1.39612 0.683102 1.38077 -0.217442 -0.598232 0.280215 -0.961161 -1.42735 -0.0880685 1.03515 0.763867 0.471098 1.04908 1.11786 -1.32394 -1.52652 0.3855 0.623088 -0.407848 1.1059 0.996966 -0.806018 0.208969 2.26407 
0.812648 0.258366 -0.92259 -0.784772 0.0970223 -0.270739 -0.170003 0.114331 -1.74932 -1.0649 1.30503 1.43747 -0.588985 -0.0399289 -0.52786 -1.21343 -0.175566 0.555698 -0.219128 -0.311345 0.699195 0.557993 -0.400557 -0.212786 0.528704 1.29196 0.00277576 0.268243 0.623454 -0.287855 -0.578809 0.0767094 0.361475 0.161899 1.05582 0.996193 -0.255418 -1.46667 -0.849869 
0.797667 0.0891764 -1.34108 -1.11508 0.0634083 -0.365777 -0.19625 0.519851 -1.43666 -1.32416 0.897777 0.968957 -0.514242 -0.443832 -0.758282 -0.720858 0.239995 0.523457 -0.1038 -0.138462 0.531246 0.580734 -0.0969647 -0.416814 -0.915359 -0.38313 -0.714032 -0.393439 1.06653 0.68107 -0.118261 -0.0633725 -0.208413 -0.625045 0.136598 0.982736 0.494429 -0.737388 -1.53643 
0.472582 -0.200926 -1.33592 -0.603064 0.570564 -0.311636 -0.229061 0.474188 -1.35482 -1.08441 1.03122 0.607462 -0.875368 -0.876268 -0.964646 -0.0547504 0.795516 0.40074 -0.249383 -0.507821 -0.132105 0.731658 0.911459 0.480123 -0.431773 -0.782329 -0.214661 0.0226417 0.663198 -0.0211058 -0.668153 -0.563147 -0.355604 -0.417086 0.0622222 0.657114 0.716201 0.960337 0.570503 
0.12446 -0.495643 -1.37366 -0.482617 0.423955 -0.475804 -0.439089 0.397962 -0.934133 -0.574389 1.30902 0.554357 -1.07793 -0.645376 -0.659717 -0.00223192 0.186221 -0.470105 -0.647442 -0.504433 -0.0140363 0.643692 0.770589 0.578256 0.428907 0.388279 0.518107 0.650499 0.434023 -0.154664 -0.460754 -0.536688 0.164873 0.787515 -0.0551061 -1.37797 -0.852154 0.996126 1.2713 
-0.0227512 -0.600262 -1.33848 -0.464989 0.129254 -0.610682 -0.470213 0.438044 -0.915256 -0.442105 1.51742 0.932203 -0.625882 -0.146327 -0.0582468 0.413837 0.546807 -0.276531 -0.765846 -0.274445 0.979374 0.619977 -0.998804 -0.661667 0.961078 0.935596 0.323623 0.450504 0.591066 0.552166 0.525202 0.166284 -0.195127 0.308543 0.379074 -0.924307 -1.25371 -0.450952 -0.283109 
0.0135849 -0.529116 -1.13839 -0.0519591 0.160884 -0.831074 -0.565807 1.08326 -0.511545 -1.28188 0.848196 1.33624 -0.448248 -0.162661 -0.0106424 0.637695 0.969161 0.35624 -0.441786 -0.685609 0.438684 1.17827 -0.520442 -1.11065 -0.142718 0.00676802 0.208199 0.249858 0.10308 0.0633646 0.535875 0.91969 -0.0790412 -1.05228 -0.00927601 1.41006 0.482232 -1.73551 -1.52586 
-0.14621 -0.604779 -0.975247 0.30837 0.448827 -0.812072 -0.801512 0.73068 -0.0930509 -0.784675 0.713669 0.765908 -0.641418 0.189662 0.332666 0.521353 0.616321 0.566091 0.213735 -0.321945 -0.439529 0.576513 0.896488 0.0146232 -1.35439 -1.12442 -0.059875 -0.177637 -0.559045 -0.530615 -0.117772 0.629679 0.723096 -0.56582 -1.10512 0.691212 1.30775 0.098969 -0.218937 
0.161549 -0.324805 -0.841664 0.435103 0.673683 -0.721189 -0.71616 0.738114 -0.120068 -0.543531 0.903904 0.129098 -1.24958 -0.167444 -0.169765 0.0228054 0.171735 0.202029 0.239884 0.190579 -0.311162 -0.496317 0.393655 0.690394 0.0322005 -0.288069 -0.544892 -0.595477 -0.312153 -0.253176 -0.457384 -0.425957 -0.0519653 0.246681 0.109286 -0.36786 0.062875 1.70183 1.42414 
-0.273353 -0.706087 -0.963492 0.434691 0.626404 -0.689769 -0.69685 0.478755 -0.469482 -0.429915 1.28552 0.749871 -0.861766 -0.431669 -0.364072 0.175832 0.22383 -0.10604 -0.18898 -0.338266 -0.0718922 0.709525 0.364987 0.119546 0.996494 0.799938 0.0208962 -0.0283475 -0.151054 -0.0171228 -0.0725432 -0.735577 -0.947481 0.696642 2.00548 -0.197743 -1.60266 -0.232753 0.977319 
-0.169147 -0.544306 -0.742439 0.603694 0.567596 -0.802533 -0.874633 0.659954 0.366616 -0.21064 1.03975 0.941407 -0.714127 -0.0695522 -0.136805 -0.14695 0.123773 0.116792 -0.480883 -0.856957 0.675335 2.45912 0.0943575 -1.47395 -0.24321 1.0328 -0.223692 -0.298423 -0.297356 -0.132458 -0.0921855 -0.0736165 0.1092 0.402165 0.64057 0.0863576 -0.584631 -0.916302 0.140962 
-0.325083 -0.787346 -1.04877 0.522096 0.725497 -0.909724 -1.11341 0.943255 1.26952 -0.303477 0.204287 0.497251 -0.164558 -0.644693 -0.678606 -0.153545 0.00753246 -0.221232 -0.229758 -0.168999 0.509592 1.63334 0.453478 -0.657748 -0.206866 0.991193 0.127945 0.519048 1.19752 0.186905 -0.243529 0.612578 0.814374 -0.888087 -2.01132 -0.341589 0.735036 0.344303 -0.669416 
-0.663954 -0.955133 -0.831487 0.59678 0.355443 -0.903241 -0.948885 1.00409 1.51454 0.189757 0.581916 0.720007 -0.0458214 0.164419 0.600462 1.15464 0.3736 -0.229203 0.183222 0.124341 -0.517744 -0.564331 -0.401284 -0.453216 0.264762 0.129528 0.309638 0.456268 0.389808 -0.0220027 0.272444 0.820549 0.146765 -1.00437 -1.18008 -0.425096 -0.479047 -0.9765 -1.35503 
-0.196565 -0.42014 -0.390054 0.812211 0.506004 -0.814327 -1.0417 0.541302 0.844407 -0.555146 -0.0973301 0.680988 -0.0948173 -0.179756 -0.0221149 0.266802 -0.0475513 0.219649 0.64798 0.0435252 -0.843415 -0.152827 -0.156148 -1.29119 -1.49195 -0.838087 -1.15464 -1.3397 -1.02392 -0.651667 -0.217393 0.705173 0.37574 -0.659505 0.521037 1.59026 0.0770955 -1.60771 0.0670268 
-0.800582 -0.966628 -0.680263 0.54517 0.549245 -0.587153 -0.917392 0.36562 1.38398 0.125093 -0.359723 -0.605303 -0.648245 -1.23202 -1.05383 0.032548 -0.600507 -0.53534 0.942443 0.600537 -1.39644 0.181559 1.73999 -0.328918 -1.87721 0.220924 -0.632915 0.00855472 1.57423 -0.441359 -1.52283 0.406257 1.29947 -1.21233 -1.09666 1.68107 1.07703 -0.300688 1.5186 
-1.14384 -1.05921 -0.372731 0.311929 0.00462634 -0.358414 -0.73306 -0.498789 0.953185 0.826681 -0.304011 -0.975271 0.0384125 -0.912979 0.0583254 1.9794 -0.714703 -2.07732 1.10014 1.58343 -2.48245 -1.81483 2.10907 0.195512 -1.85958 1.21385 0.319184 0.660946 1.18756 0.292881 -0.418727 -0.25993 0.246371 -0.125987 -0.379802 0.603923 1.23723 0.864941 -0.1591 
-1.50207 -0.929193 0.449893 -0.0477735 -1.37196 -0.0563542 -0.119696 -1.46317 0.0637844 1.78848 -0.165856 -2.24642 0.174734 -0.754948 -0.133993 1.32327 -0.196004 -1.14852 0.710276 0.92776 -1.54136 -0.413421 2.53494 1.37604 -0.66245 0.00690389 2.19403 1.08545 -2.52904 0.556752 2.32853 -1.00657 -1.22111 3.27518 1.19919 -3.2935 -0.0410506 3.30374 -1.06404 
-1.72358 -1.13876 0.382377 0.139863 -1.06136 -0.0127445 -0.261602 -1.64412 0.636089 2.81495 0.791516 -1.58803 0.0229711 1.94737 1.52435 -0.784828 0.0749312 1.49917 0.101002 0.220795 2.05047 -0.0595243 -2.41582 0.158838 2.66597 -0.222406 0.53778 0.0501768 -1.20832 0.150029 0.736459 -0.725364 -0.843466 1.10007 0.297674 -1.83562 -1.02408 0.458095 -0.00575317 
