-1.93824 -1.46253 0.125465 0.179123 -2.45055 -0.602196 -0.561602 -1.04383 0.106197 1.91254 0.336913 1.1191 0.761433 -3.70206 -3.16135 0.117526 1.53468 -1.57283 -1.1914 -0.151594 -1.16494 -0.988087 1.32132 1.30471 0.864849 0.250136 0.048103 -0.35161 -0.573622 0.861908 0.878259 -0.409112 0.502524 1.1708 -0.446712 0.147925 0.970698 -0.663255 -1.23313 
-1.93935 -1.54386 0.0537391 0.841627 -1.23982 -0.546947 -0.141594 -0.771835 -0.746486 1.43121 0.716677 0.867837 0.103905 0.171709 -0.23665 -0.758263 0.980282 1.21967 -0.351332 0.796425 1.79171 -0.496138 0.220353 1.12998 -1.00556 -1.55845 3.69685 3.09769 -0.835896 -1.35621 1.607 0.827204 0.195508 1.62283 1.04774 -0.626175 -0.574898 -1.00639 -0.841931 
-1.82118 -1.56881 -0.457841 0.725493 -1.33324 -0.768775 0.15365 0.296582 -0.272342 2.12276 0.960297 0.0853164 -0.216742 0.496658 0.0898256 -1.00303 -0.232752 0.641927 -0.184165 0.186213 1.31697 0.381151 0.248259 0.488185 -0.633567 -0.803382 0.0892037 0.337816 0.182284 -0.96887 -0.0361544 1.12263 -0.50658 -1.59458 0.112117 -0.27512 -0.917856 0.885942 1.29714 
-1.6498 -1.48967 -0.707608 0.741973 -0.610178 -0.637837 0.0221314 0.229416 -0.468865 1.67238 0.997385 0.212257 -0.422509 0.38878 0.223827 -0.472358 -0.307334 1.19073 0.980542 0.0854536 -0.63904 -0.294745 -0.266145 -0.118457 0.214011 0.14902 -0.207123 0.0815186 0.607881 0.0144755 -0.696408 -0.177554 -0.270782 -0.880659 -0.593868 -0.399775 -0.415996 0.73215 1.04706 
-1.58889 -1.44875 -0.83318 0.586118 -0.240352 -0.332309 0.226306 -0.0995469 -0.50025 1.79346 0.917098 0.291456 -0.173334 0.386683 0.291142 -0.129227 -0.302237 -0.288575 -0.281041 -0.172524 -0.0236921 -0.298669 -0.446522 -0.128216 0.365112 0.581303 0.812503 0.928256 1.0318 1.74256 0.367502 -1.45959 -0.74585 0.109572 -1.36201 -1.57005 -0.692718 -0.869536 -0.715987 
-1.41862 -1.33653 -0.833356 0.605313 -0.765968 -0.772591 -0.13838 0.272893 -0.699708 1.14303 0.948975 0.572019 -0.120467 1.40413 1.28134 0.987022 1.76387 1.71297 -0.525147 -0.982939 -0.467722 -1.93336 -2.91629 -1.08336 -1.08784 -0.741938 1.07508 1.12775 0.466224 0.767534 2.23087 1.82264 0.0437306 -1.45431 -1.29629 -0.279019 -0.103158 -1.39461 -1.96967 
-0.817597 -0.808901 -0.146974 1.5498 1.29335 -0.577589 -0.666681 -0.373286 -1.95375 -1.47488 0.358705 -0.825973 -0.662986 1.69184 1.55038 0.548898 0.561137 2.77805 1.82007 -0.0614429 -2.24026 -1.85526 -0.939535 -0.350635 -1.69091 -1.92784 -1.26342 -1.28558 -1.40844 -3.28257 -1.24845 2.46973 1.12525 -1.04221 1.93975 3.13594 1.40289 0.770335 0.185722 
-0.494599 -0.564435 -0.465839 0.928459 1.66677 0.0439978 -0.198493 -1.26715 -2.09479 0.0669278 0.781808 -1.15855 -1.31964 0.128361 0.100285 -0.924417 -2.38987 0.0286618 2.28705 0.743711 -2.05506 0.549289 2.29665 0.590919 -0.0343111 -0.46902 -1.5703 -0.951144 0.794334 -0.938336 -2.8802 -0.204411 1.42838 1.65602 2.40642 1.39499 0.170402 1.25443 1.92821 
-0.723553 -0.74957 -0.85114 0.301334 1.40534 0.450436 0.000926343 -1.78103 -1.55037 1.03796 0.694266 -0.872299 -0.989352 0.0773592 0.707494 1.68026 -0.688655 -1.13437 1.69368 2.11803 0.292325 1.20989 1.3645 -0.228536 0.0579334 0.594187 1.57499 2.53915 3.18117 1.85337 -1.21244 -1.25973 1.03221 3.28246 1.68062 -1.91938 -2.60734 -0.771828 1.83435 
-0.42763 -0.206643 0.724622 0.586006 0.797053 0.80336 1.71126 -0.997913 -1.19731 1.54602 0.679834 -1.11109 -1.00989 1.98524 2.78668 3.50399 -0.181407 -1.60647 1.00098 2.33138 2.96093 2.70849 -0.937194 -2.78523 -1.19582 1.93185 2.14547 1.57283 -1.06994 -1.08055 0.614475 -1.298 -2.14513 0.51861 1.42138 -1.69414 -2.2914 -0.301396 1.25643 
0.356227 0.630204 1.6659 0.229025 0.137122 0.896155 2.10352 0.39467 0.467969 -0.0355425 -0.772814 -2.09951 0.120724 2.56387 2.41677 0.23641 -2.11462 -0.274888 0.36556 -1.0406 1.0882 3.04551 -1.49299 -3.20679 -0.427885 2.24911 -0.364824 -1.68809 -3.55676 -1.65046 1.25662 -1.01461 -3.01008 -2.80494 -1.38885 0.588644 1.8115 1.3253 -1.1405 
0.959316 0.991311 0.864837 -0.515871 0.652816 0.961374 0.766158 -0.160094 1.07309 -0.143866 -1.01233 -1.55756 0.290001 1.70122 1.19863 -1.37502 -2.31335 0.129842 -0.0157282 -2.11931 -1.31792 1.03638 0.0195426 -0.596354 0.654814 0.492955 -1.59474 -1.86404 -0.816689 0.452546 0.0317428 -0.233514 0.113433 -1.3459 -2.36765 0.91775 2.60492 1.08226 -1.35679 
1.28523 1.2294 0.633963 -0.978691 0.334517 0.88153 0.183448 -0.486456 1.23566 -0.0480208 -1.07118 -1.44521 0.369908 0.92242 0.650802 -0.857614 -1.64144 -0.211117 0.20719 -0.8254 -0.962837 0.151653 0.0136426 -0.0187017 1.07366 0.53104 -1.39181 -1.21169 0.40163 1.10598 -0.0123951 0.422758 1.45156 0.581308 -1.21611 -0.400492 0.520555 0.753371 0.366457 
1.47489 1.32124 0.209264 -1.36575 0.562408 1.04768 0.0155596 -0.787545 1.17906 -0.162888 -1.00227 -0.477426 0.561971 0.283745 0.0922932 -0.786124 -1.03072 0.133344 0.547071 0.0947786 -0.426313 -0.420118 -0.676435 -0.0332792 1.68397 0.999156 -1.05842 -0.885022 0.497265 1.20925 0.0214252 -0.099097 0.81213 0.729762 -0.513937 -0.498627 -0.0826744 0.171036 0.442476 
1.46176 1.2848 0.0303915 -1.50332 0.534866 1.12173 0.264532 -0.730612 0.913985 -0.832343 -1.0689 0.255414 0.921952 -0.127105 -0.125219 -0.136611 -0.230883 -0.161435 0.196529 0.433516 0.155449 -0.428396 -0.846306 -0.215324 1.2664 1.13536 -0.77521 -0.435527 0.81959 0.82793 -0.370028 0.0079779 0.500693 0.131898 0.187612 0.498367 -0.0816476 -0.819074 0.104042 
1.43332 1.26973 0.0781451 -1.46441 0.513936 1.12916 0.402804 -0.616089 0.851187 -1.1356 -1.09719 0.798663 1.19551 -0.453212 -0.229212 0.380122 -0.0925328 -0.351494 0.654073 0.888469 -0.220906 -0.124491 0.129459 -0.228608 0.454605 1.16665 -0.555294 -0.3843 0.320871 0.328557 -0.0266629 0.288953 0.0863325 -0.50555 0.225466 0.869474 0.109443 -1.07821 -0.302166 
1.24707 1.18218 0.275141 -1.5283 0.325966 1.41038 1.06298 -0.828025 0.813417 -0.722923 -1.17091 0.706161 1.57421 -0.621346 -0.394925 0.340731 0.0887045 -0.177416 0.612292 0.608236 -0.612461 -0.0855203 0.57966 -0.169996 -0.335165 0.77854 -0.0749241 -0.172071 -0.126986 0.352748 0.118093 -0.827233 -0.80795 0.112014 0.519253 0.101698 -0.0560863 -0.465805 -0.572288 
1.12938 1.08565 0.294242 -1.39286 0.451975 1.39889 0.947965 -0.99323 0.779767 -0.526903 -1.16791 0.446464 1.61556 -0.417284 -0.284318 0.238818 0.257021 -0.169815 -0.156726 -0.272689 -0.0458592 0.58509 0.272574 -0.391745 -0.267358 0.461166 0.15933 0.103043 -0.00366859 0.194847 -0.13685 -0.767209 -0.336962 0.633539 0.239887 -0.451992 0.0066565 0.550798 -0.224813 
1.05146 1.05247 0.417107 -1.36711 0.270421 1.33191 0.811933 -0.800384 1.24357 -0.454787 -1.36003 0.422901 1.80437 -0.326878 -0.171843 0.369771 0.242657 -0.343855 -0.132549 0.150639 0.358902 0.275356 -0.202369 -0.254116 0.403036 0.521561 0.0512399 0.0702555 0.0226731 -0.214801 -0.266538 0.361034 0.836905 0.279982 -0.706783 -0.138929 0.414979 0.0879916 -0.381469 
0.981756 1.01122 0.531463 -1.23933 0.249523 1.33137 1.07954 -0.676426 0.978261 -0.785482 -1.28354 0.844783 1.88185 -0.242112 -0.0943903 0.304245 -0.0964832 -0.513339 0.338246 1.02324 0.385659 -0.23567 0.0136318 0.03837 -0.193893 0.00198556 0.0810509 0.151891 0.0388279 -0.572963 -0.5719 0.312248 0.3946 -0.370921 -0.215561 0.617656 0.22325 -1.29368 -1.13721 
0.948837 1.01611 0.606665 -1.39419 -0.0750917 1.47756 1.73218 -0.464466 1.05985 -0.473821 -1.31949 0.214331 1.75981 -0.118805 0.100631 0.457513 -0.554525 -1.10434 0.308812 0.785849 -0.203444 0.0677406 0.802842 -0.0654615 -1.50801 -0.913081 -0.0813156 0.00264389 0.24506 0.163475 -0.551637 -1.05368 -1.1863 -1.06513 -0.338389 0.108446 -0.174819 -1.12399 -1.01045 
0.944591 1.07072 0.832507 -1.51035 -0.594855 1.46369 1.78523 -0.761364 1.02147 0.0707232 -1.29844 -0.699834 1.28981 -0.213238 0.0271701 0.676865 0.0186062 -1.24616 -0.721395 -0.703104 -1.23668 -0.5966 0.168021 -0.274297 -1.86121 -1.26905 -0.109193 -0.233441 0.0283444 1.02389 0.15608 -1.7475 -1.40851 0.008848 -0.284688 -0.788147 -0.145392 0.324178 0.0229479 
0.861542 1.0395 1.06726 -1.35998 -1.03918 1.14342 1.09212 -1.28755 0.606171 -0.321636 -1.4459 -1.68938 0.954782 -0.120699 -0.0165303 0.530774 0.626412 -0.870795 -1.51326 -1.27242 -0.185921 -0.226159 -0.540857 -0.341069 -1.09531 -0.850263 0.0512867 -0.109165 -0.108018 0.956076 1.06367 -0.501598 -0.592313 0.896087 1.09204 0.201765 0.789802 2.25537 0.68219 
0.90642 1.07263 1.18684 -1.15244 -1.24209 0.771016 0.630599 -0.833784 0.84486 -0.563241 -1.4605 -1.82486 0.735343 -0.0380152 0.0356723 0.561763 1.11554 0.226678 -1.17436 -1.54214 0.135572 0.827942 0.478333 0.627863 1.32529 -0.355322 -0.222174 -0.194349 0.104302 0.552008 0.750191 0.270557 -0.218036 0.131424 0.955802 0.792582 0.916178 2.12563 0.773073 
0.867265 1.06707 1.44414 -0.74158 -0.760043 0.604192 -0.306294 -1.13029 1.21797 0.174687 -1.09061 -0.353424 0.696442 -0.247287 -0.0941634 0.708959 1.2228 0.173999 -1.11771 -1.55237 0.0187631 1.02832 0.756633 0.720249 1.90485 0.180774 -0.329913 -0.286581 -0.110091 -0.670102 -1.01061 0.308637 1.27848 0.578846 -0.63986 -0.251234 -0.101618 -0.682102 -0.0457043 
0.80105 1.03639 1.67078 -0.476911 -1.00743 0.257435 -0.777056 -0.759976 1.60653 0.241719 -1.05589 0.100328 0.797749 -0.283511 -0.135223 0.443796 0.198025 -1.13285 -0.736966 0.413397 1.02342 0.090715 0.0317456 0.407384 0.292652 -0.381116 -0.526739 -0.616373 -0.450989 -0.662339 -0.738614 0.571456 1.50178 0.10812 -1.74242 -0.197574 0.600712 -0.970653 -1.0539 
0.742665 1.01064 1.7352 -0.611815 -1.62849 0.263005 0.062767 -0.338751 1.27836 0.175742 -0.853048 -0.0673309 0.42267 -0.710013 -0.598534 0.120095 0.314904 -0.814135 -0.39151 0.736743 0.187864 -1.08512 0.399703 1.38427 0.457767 -1.14634 -1.29135 -1.48235 -0.581226 0.568606 0.464376 0.220428 0.474844 -0.0864909 -0.595789 0.752308 1.18267 0.1169 -0.415904 
0.45004 0.752226 1.72639 -0.284901 -1.60684 0.0726633 -0.115746 -0.565363 0.78747 0.650841 -0.296726 0.55429 0.0661424 -1.59012 -1.51524 -0.324971 0.814976 -0.478333 -0.396504 1.16847 0.895374 -0.591502 1.26194 1.80431 0.407639 -0.884743 -0.310001 -0.935603 -1.3354 0.3713 1.08691 -0.326618 0.0107188 0.791099 0.0336646 0.0695652 0.091892 -0.724536 0.542606 
-0.0755545 0.275895 1.46707 -0.153483 -1.94445 0.0759721 1.11429 0.36131 0.828494 1.54109 0.130388 0.335667 -0.152423 -0.933532 -1.4257 -1.69045 0.687438 0.690448 -0.652191 0.798512 1.39981 -0.981648 0.489128 1.4075 -0.635815 -0.412778 1.22194 0.243599 -1.80435 0.141175 1.57139 -1.69727 -1.86531 0.353734 -0.92637 -2.03593 -0.794049 -0.365621 -0.00548679 
-0.0196262 0.0614896 0.465021 0.105509 -0.936241 -0.230139 0.601392 0.495065 0.0457992 1.15914 0.474834 -0.103575 -0.226574 -0.122881 -1.15003 -2.7833 0.902441 1.6878 -2.16338 -1.57217 1.4395 -1.68635 -2.16664 0.711799 -0.170428 -0.858627 0.62917 0.534964 0.0863624 0.641816 0.79788 -0.8999 -1.41433 -0.0739724 -0.169827 -1.59957 -1.05093 -0.381391 -1.36175 
-0.114883 -0.279343 -0.589232 0.351431 -0.431993 -0.911065 -0.31126 1.4501 -0.440253 -0.895876 0.530491 0.150953 -0.711891 -0.120516 -0.765874 -1.53704 1.39508 1.80036 -1.54284 -1.26845 1.29087 -1.13218 -2.21035 -0.00853702 -1.23653 -2.13725 0.0585792 0.83895 1.80762 0.578954 0.212935 1.66692 0.556888 -0.867418 1.05821 1.16207 -0.40262 -0.685567 -0.435835 
-0.0576993 -0.304922 -0.684765 0.872786 0.671233 -0.936211 -0.54965 1.47767 -0.80846 -1.32631 0.490325 -1.37218 -1.55104 0.0603905 -0.182826 -0.252242 1.53221 1.99898 -0.23339 -0.694532 0.119056 -0.304047 -0.251778 0.112242 -1.20804 -1.38798 -0.278723 0.172421 0.647368 -0.867158 -0.897542 1.1715 0.463442 -1.07096 0.917748 1.76151 0.582404 1.34782 1.80222 
-0.0569215 -0.35917 -0.804461 1.19174 1.34313 -1.02424 -0.943577 1.59555 -0.675118 -1.20925 0.61047 -1.08868 -1.58807 -0.309515 -0.47264 -0.608694 0.233459 0.595216 -0.157266 -0.530408 -0.340368 0.0748055 0.706097 0.63243 0.646438 0.222151 -0.882535 -0.753598 -0.347624 -1.69717 -2.27932 -0.293824 0.520423 0.111287 0.33383 0.602577 0.783304 2.44756 2.08788 
-0.196103 -0.527201 -1.15927 1.02142 1.26145 -1.01492 -1.03363 1.29491 -0.759966 -0.577391 0.84805 -0.726399 -1.46388 -0.795017 -0.825955 -0.698324 -0.657595 -1.09295 -0.458034 0.128631 0.292992 0.174088 0.728239 1.00622 2.25451 1.34014 -0.402043 -0.160928 0.432808 -0.20794 -1.29512 -0.632812 0.207691 0.340352 -0.19044 -0.44683 -0.156398 0.204773 0.0671854 
-0.453057 -0.755113 -1.34417 0.865828 0.508371 -1.23914 -0.831896 1.86527 -0.552367 -0.43578 1.16777 1.192 -0.832017 -0.634618 -0.516479 0.0232716 -0.111547 -1.15281 -0.754419 -0.174403 0.183329 -0.101454 -0.0673067 0.342961 0.887638 0.342068 0.483796 0.52339 0.393343 0.746398 0.740629 -0.219178 -0.789718 -0.711867 -0.512142 -0.535128 -0.648688 -1.34413 -0.958088 
-0.50709 -0.771028 -1.1741 0.986317 0.37616 -1.36401 -1.19584 1.48629 -0.843304 -0.686185 1.05122 0.164606 -1.30497 -0.142446 -0.177832 -0.120873 0.179598 -0.061214 -0.60065 -1.00529 -0.789944 -0.40372 -0.192699 0.0967691 0.270996 0.136691 0.545251 0.343843 -0.338597 0.0732849 1.1108 0.705001 0.0725796 -0.204446 -0.349791 -0.136828 0.162773 0.470991 0.239873 
-0.502772 -0.832485 -1.46384 0.985779 0.544496 -1.5186 -1.74508 1.36134 -0.861782 -0.683635 1.23949 1.45608 -0.795985 0.0857784 -0.0499081 -0.410341 -0.108181 0.384384 0.118533 -0.0202267 -0.124826 -0.476616 -0.322738 0.455452 1.51121 0.68488 0.0281104 0.0603974 0.0553295 -0.00130622 0.250655 0.557741 0.517038 0.296649 -0.0634437 -0.358559 -0.335468 -0.111975 -0.0759996 
-0.435651 -0.785521 -1.50432 0.953005 0.788412 -1.31785 -1.2187 1.45751 -1.20724 -1.07825 1.31445 1.68959 -0.940957 0.00719783 0.00212705 -0.0103367 0.0905631 0.301476 0.11048 -0.187183 -0.332978 -0.421462 -0.818613 -0.418217 0.0572452 0.0717932 -0.570139 -0.305798 0.527986 0.285309 -0.555001 -0.403387 -0.420311 -0.223302 0.850161 0.358519 -0.777774 -1.16478 0.0164464 
-0.473048 -0.821402 -1.50311 1.05831 0.886766 -1.47608 -1.91884 1.18386 -1.18447 -1.62563 1.03624 1.50283 -0.798782 -0.424847 -0.240235 0.353098 0.157831 -0.35303 -0.226508 -0.60233 -0.461773 0.646006 0.24949 -0.616567 -0.214703 0.739306 -0.55475 -0.319081 0.41981 0.0445834 -0.633891 0.136478 0.337662 -0.328033 0.297103 1.30324 0.853815 -0.0711813 -0.202534 
-0.635279 -0.893566 -1.27923 1.06136 0.578216 -1.42791 -1.76768 1.18802 -0.731522 -0.83572 1.00529 1.45986 -0.544381 -0.486444 -0.20163 0.603675 0.0583743 -0.543661 0.35869 0.362971 -0.829839 0.0108312 1.33212 0.564561 -0.0979127 -0.156429 -0.133747 -0.196703 -0.177808 0.116195 0.738836 1.15795 1.12683 0.5241 0.00307965 0.594232 0.791507 -0.368286 -1.33657 
-0.705375 -0.910471 -1.09575 1.1137 0.515658 -1.32118 -1.59536 0.651424 -1.18382 -0.182458 1.35773 1.39185 -0.938125 -0.45384 -0.320247 0.141591 0.214352 0.67626 1.14419 1.12669 0.342487 0.711298 1.21556 0.287741 -0.796597 -0.952665 1.493 1.8935 0.660414 -1.70152 -0.140373 2.25462 0.911405 -0.11171 1.21812 -0.664319 -2.42379 -0.840288 1.36951 
-0.850299 -1.04094 -1.20799 1.19982 1.23684 -0.917347 -0.753926 1.4931 -0.20697 0.478196 1.17898 0.638532 -1.16011 1.27996 1.8319 1.55004 -2.13683 -0.714911 2.9345 1.77018 -0.996395 1.59274 0.195318 -2.58042 -1.35775 1.64445 0.303732 0.199136 -0.127194 -0.10247 -0.510215 -1.13062 -0.784874 -0.226931 -0.619088 -0.711459 -0.155027 0.591455 0.712354 
