-1.31275 -1.21275 -0.574078 1.03817 -0.689634 -1.08789 -1.2435 0.621216 1.44474 -0.589628 -0.0576433 0.808765 0.0815433 -2.20652 -2.41058 -1.73214 2.18071 -0.243599 -2.49214 -1.75422 2.43087 0.794601 -2.24535 0.859206 2.12508 -0.294914 -0.018799 -0.205514 -0.492807 0.341185 0.534827 -0.462877 0.0625989 1.13378 -0.298402 -0.795021 0.626027 0.524431 -0.546542 
-1.61588 -1.6358 -1.22304 1.35692 -0.305436 -1.37394 -1.07078 1.35457 0.623351 -1.35059 0.824867 1.52363 -0.254361 0.0995852 -0.154752 -0.710757 0.297949 0.758034 -0.442208 0.0411757 1.11563 -0.391825 -0.933108 0.725161 0.521561 -0.910212 2.72855 2.75464 1.4355 -2.0407 0.45953 2.26251 1.02904 -2.37565 -0.734167 1.58531 -0.412566 -1.82253 -0.457295 
-1.21983 -1.27479 -1.01165 1.18078 -0.248251 -1.26743 -1.08262 1.21221 0.907851 -1.109 0.648631 1.16484 -0.739103 1.29709 1.10058 0.277865 -0.226792 0.419652 -0.1626 -0.412931 -0.0666381 -0.291257 -0.159482 0.291251 -0.180026 -1.06443 -0.175543 -0.161519 -0.0886491 -0.0469305 -0.287537 -0.186782 -0.330963 -0.271585 0.403468 0.511231 -0.0243269 -0.364418 0.0964457 
-0.635612 -0.822067 -0.900342 1.16108 -0.116351 -1.39056 -1.22142 1.25918 0.184806 -1.37992 1.14725 1.36886 -1.21694 0.0049608 -0.25502 -0.851264 0.15506 0.480878 -0.603625 -0.447094 0.784374 0.334203 -0.20949 0.640588 -0.0274035 -0.806765 -1.56835 -1.52074 -0.899728 0.32848 0.488664 0.0156201 0.0915555 0.333715 0.472521 0.116068 -0.0497947 0.391851 0.845399 
-1.19702 -1.40678 -1.55728 1.23123 -0.013516 -1.54101 -1.25671 1.61089 1.08096 -1.17001 1.28008 1.1212 -1.46454 -0.523247 -0.682964 -1.00704 0.0567263 1.11958 -0.118171 -0.332802 0.225289 0.544749 0.0629499 0.174969 0.181856 0.219729 0.0584588 0.254469 0.631271 0.147222 0.838812 0.883802 0.200199 -1.32466 -0.543537 0.135257 -0.529336 0.100043 0.660005 
-1.0042 -1.25261 -1.56577 1.14811 0.594598 -1.3813 -1.3171 1.33327 0.563819 -1.26836 1.36676 1.47759 -0.997653 0.20027 0.159878 0.0240097 0.232698 1.62157 0.323756 -0.220809 -0.631079 -0.448044 0.0372799 -0.072753 -0.0169729 0.185122 0.440432 0.66419 0.939517 -0.283791 -0.782933 0.657116 0.488272 -0.882572 -0.60385 0.144054 -0.557494 -0.805356 -0.579249 
-1.02948 -1.24932 -1.4298 1.33175 1.07172 -1.27426 -1.27555 1.18781 0.489092 -1.07471 1.28043 1.08516 -1.27711 0.145335 0.23934 0.303155 -0.355199 0.218816 0.578667 0.281016 -0.735013 -0.333557 0.320876 -0.573431 -0.89817 -0.742045 0.977004 1.33194 1.60496 -0.786967 -1.24795 1.63509 2.0307 0.371828 -0.158712 -0.339239 -2.02773 -1.54448 -0.230406 
-0.877374 -1.03972 -1.22362 0.869461 0.633939 -0.966015 -0.991693 0.849852 0.0839072 -0.993428 0.924146 0.799931 -1.66353 1.53368 1.90913 2.27312 -0.750755 0.135448 2.01521 2.46799 -0.299913 -0.617388 -0.317757 -2.65169 -1.9872 -0.226707 1.64678 1.78595 1.33023 -0.835554 0.576663 1.61716 1.01978 -0.547238 0.557408 0.431843 -2.03135 -1.1233 1.46034 
0.126088 0.128492 0.427311 0.797981 1.0489 -0.0219692 0.550124 0.956987 -0.268387 -1.20431 -1.00086 -0.385444 -1.46869 2.30861 2.55086 2.16463 -1.39384 1.02951 2.25188 1.60986 -1.35007 0.637648 0.943806 -3.15688 -2.36113 1.51156 -0.151029 -0.621737 -2.00715 -1.64345 0.0550662 -0.950372 -2.42399 -2.09405 1.28566 2.34695 1.88846 1.12342 1.46758 
0.852419 0.785794 0.550057 -0.0790723 1.27774 0.424173 0.245304 0.00934961 0.553768 -0.32391 -1.80409 -0.942937 -0.255315 1.46943 1.23892 -0.574315 -2.70704 0.28956 1.07721 -0.835957 -2.50749 1.51368 2.73411 -0.354714 -0.74422 2.03831 -1.53269 -1.83417 -1.98788 -0.171163 -1.29398 -1.82217 -1.50121 -0.03439 -0.254792 0.373168 2.71685 1.78408 -0.322542 
1.23405 1.03874 0.0946655 -0.997515 1.14099 0.683793 0.10928 -0.555469 1.05818 0.599246 -1.24998 -0.95101 0.424315 0.532454 0.379147 -0.655615 -1.67783 -0.514555 0.427255 -0.452697 -1.43713 0.315279 1.49232 0.171486 -0.322448 0.954478 -1.3144 -1.09279 0.439812 2.34733 -0.729752 -1.1414 0.540665 1.93047 -1.42311 -1.95226 0.588083 0.512017 -1.37543 
1.2661 1.09622 0.154889 -1.21077 0.770275 0.751233 0.0673791 -0.881694 0.708375 0.693053 -1.58767 -1.2014 0.640194 -0.0362697 -0.0146454 0.0308172 -0.130429 -0.544255 -0.0550633 -0.151656 -0.57162 -0.669442 0.333278 0.323204 -0.237611 -0.178622 -0.61566 -0.462379 0.517131 1.77953 0.315006 -0.543255 0.333158 1.28374 -0.396271 -0.851026 0.428873 0.320831 -0.539367 
1.22631 1.07444 0.227382 -1.1312 0.611383 0.729828 0.137871 -0.944031 0.24979 0.882039 -0.899321 -1.1477 0.276983 -0.107485 -0.0937119 0.0586117 0.253841 -0.0332311 -0.0966995 -0.0475478 -0.167107 -0.23242 0.48818 0.651178 -0.0461022 0.0555765 -0.231381 -0.148774 0.209373 0.405416 -0.254792 -0.116626 0.246797 0.608278 0.035742 -0.472759 -0.12812 0.575278 0.656427 
1.20558 1.07677 0.308981 -1.09661 0.62169 0.773008 0.167388 -1.03541 0.327369 1.07396 -0.946847 -1.25866 0.708404 -0.200078 -0.09913 0.31081 0.240476 -0.780192 -0.14513 0.137314 0.0029831 -0.529084 -0.191103 0.109402 0.345189 0.807626 -0.212806 -0.143478 0.111736 0.10419 -0.685529 -0.197956 0.157789 0.471058 -0.35783 -0.93166 -0.235593 0.612367 0.0410385 
1.09719 1.05121 0.57542 -1.02566 -0.0941377 0.723385 0.364696 -0.998999 -0.421333 0.832674 -0.737821 -0.920049 1.03734 -0.248279 -0.171638 0.200842 0.282601 -0.811379 -0.269481 0.121683 0.266222 -0.718895 -0.618228 0.303565 0.581369 0.0716746 -0.207113 -0.259872 -0.376111 -0.123957 0.840012 0.336032 0.180239 0.103078 0.240121 0.256929 0.177963 -0.330859 -0.930829 
1.04075 1.00295 0.57245 -0.963907 -0.107083 0.694112 0.383491 -0.937553 -0.529377 0.754046 -0.613567 -0.859034 0.79143 -0.333819 -0.3212 -0.235295 0.0100974 0.362008 0.225162 0.336747 0.0574575 -0.0632155 0.209983 0.276693 -0.163356 -0.708408 -0.319578 -0.281496 -0.219826 -0.310774 0.494721 0.607695 0.394979 0.130297 1.20896 1.18587 -0.0250572 -0.616188 -0.481478 
0.868965 0.873044 0.503489 -1.06871 0.0519679 0.932694 0.728333 -1.02234 -0.636869 1.03737 -0.428315 -1.06268 0.402421 -0.521365 -0.420487 -0.12475 -0.159972 -0.10383 0.377096 0.609998 0.348719 1.29002 0.961042 0.218083 -0.270825 -0.735966 -0.280647 -0.117048 0.408685 0.308392 -0.837799 -0.180558 0.0221019 0.0799288 -0.0417554 -0.260729 0.144912 1.04295 0.970574 
0.673553 0.755518 0.585532 -1.11664 -0.308308 0.991947 0.934579 -0.791801 0.578458 1.43448 -0.355914 -1.07991 0.13115 -0.558669 -0.366394 0.325918 0.270798 -0.607816 0.0700746 0.323443 0.0880984 -0.0462854 -0.045479 0.402834 0.982707 0.773087 -0.31733 -0.153424 0.670161 1.34227 -0.501034 -0.66932 -0.176241 -0.339661 -2.29541 -1.71224 0.695093 1.91975 1.78584 
0.47413 0.663352 0.863147 -0.94361 -0.525029 1.05164 1.08284 -1.0279 -0.835848 1.08024 -0.00720961 -0.370832 1.13099 -0.791665 -0.51073 0.805397 1.27504 -0.649737 -0.275068 0.32987 -0.0526291 -2.2824 -1.13538 1.02924 1.93125 2.03079 -0.607332 -0.484489 0.251672 1.07905 -0.0497264 -0.302342 0.338575 0.616611 -0.94068 -1.08097 -0.121795 -0.00168347 -0.397317 
0.106071 0.445131 1.31392 -0.343845 -0.91656 0.909795 1.2935 -0.879056 -1.80729 0.786985 0.61938 0.302581 2.01723 -1.18829 -0.866634 0.665593 1.40685 -0.585617 -0.208868 0.735879 0.671281 -1.46105 -1.34126 0.196907 0.870619 0.0981259 -0.56797 -0.470877 -0.189981 -0.577837 -2.07959 -0.360417 0.0556999 0.619182 1.39609 0.996163 -0.164009 -1.50207 -2.34454 
-0.387247 0.104671 1.48402 -0.0858052 -1.08547 1.00806 1.72029 -0.694877 -2.41837 0.302339 0.231708 0.239398 1.23836 -1.37252 -0.994113 0.521915 0.529131 -3.18273 -0.613073 0.361765 0.5332 0.0245589 0.203281 0.770749 0.0120946 -1.71393 1.26083 0.444936 -1.92895 -0.974946 1.6863 -1.6557 -2.52282 0.655565 2.51636 0.532647 -0.383647 -0.877469 -0.896683 
-0.891817 -0.202484 1.8243 -0.0521349 -3.41342 0.630704 1.6743 -0.626201 -1.93699 0.987434 1.36599 0.287703 0.456886 0.496787 -0.215858 -2.0715 0.20988 1.62189 -1.86419 -2.70102 1.29457 2.63013 -0.590475 -0.335043 -0.296261 -1.36408 1.00857 0.722174 -0.358968 -0.38698 2.46103 0.574752 -0.236927 -0.467729 -0.0678053 -0.219587 -0.575444 0.0813408 1.11802 
