-1.52942 -1.49934 -1.16315 1.06338 -0.250627 -1.25712 -1.09436 1.29503 1.87577 0.273016 2.01208 1.75869 -0.292325 -2.23494 -2.42213 -1.68753 1.82846 0.223755 -2.51333 -1.92735 2.47234 1.34451 -0.820759 2.2083 2.05704 -1.50108 0.506684 0.376119 -0.0393215 0.136986 0.472712 -0.260576 -0.320184 -0.152962 -0.864361 -1.3665 -0.724978 -0.489129 -1.0065 
-1.44473 -1.47224 -1.24644 1.24346 0.131292 -1.47421 -1.3317 1.47584 1.30135 -0.727082 1.49522 1.44906 -1.06049 0.642457 0.481647 -0.0616799 0.0717878 0.77063 -0.21214 -0.416527 -0.260928 -1.32094 -1.6542 -0.998008 -0.715296 -1.41389 2.25773 2.3146 0.857111 -1.49503 0.869785 2.32864 1.3084 -2.3169 -0.922665 0.338585 -1.95908 -1.91527 0.84672 
-1.04167 -1.115 -1.06926 1.07055 0.452503 -1.29544 -1.28645 1.03347 0.188958 -1.1671 1.15062 1.1256 -1.28667 0.251187 0.0588422 -0.533868 0.0716091 1.56759 0.0490516 -0.259941 0.0241885 -0.0669555 -0.336729 -0.315344 -0.356656 -0.366383 -0.753558 -0.793574 -0.508836 0.0946872 0.0604192 -0.142494 -0.049681 0.591814 1.0914 1.35458 1.09319 0.854839 1.13601 
-1.21977 -1.35823 -1.54181 1.25051 1.66777 -1.34955 -1.40567 1.39551 1.02035 -1.04006 1.13552 1.08531 -1.26009 -0.041987 -0.243114 -0.759907 0.0961802 0.946081 -0.297748 -0.486917 0.230935 0.394586 0.103924 0.251656 0.169954 0.118646 -0.350421 -0.19619 0.303545 -0.0140846 -1.44571 -0.251146 0.307453 0.105145 -0.655081 -0.429895 0.32615 0.61881 0.407026 
-1.0136 -1.19404 -1.55098 1.09489 1.33909 -1.38717 -1.53163 1.08456 0.425379 -1.10309 1.20767 1.15736 -1.11828 -0.0087976 -0.0497841 -0.130705 -0.025875 -0.431172 -0.152985 0.126657 0.0241453 -1.06297 -0.816398 -0.013916 0.247505 0.163636 0.0246978 0.473889 1.39088 0.221622 -1.07502 0.538606 0.762435 -0.747762 -0.858348 -0.33971 -0.889211 -1.13021 -0.777214 
-1.16941 -1.31366 -1.50483 1.18895 1.11423 -1.35095 -1.18804 1.31515 -0.377255 -1.76341 0.997378 1.17533 -1.05757 0.0929892 0.339372 1.11742 0.262801 -0.517561 0.346491 0.481876 -0.631194 -0.91702 -0.26265 -0.949383 -1.30881 -0.979924 0.745619 1.25348 1.77873 -0.140815 -0.264262 1.49366 1.28454 -0.421814 0.682549 1.34408 -0.752066 -1.2947 -0.127314 
-0.894884 -0.900662 -0.485067 1.23649 0.695229 -1.07691 -1.04607 0.587642 -0.808603 -1.35269 0.381952 0.0785101 -1.78338 0.885232 1.33676 2.27244 -0.265358 -0.724424 1.51466 1.76354 -0.508528 0.0177862 0.928552 -1.04541 -1.42715 -0.0411795 1.69464 1.77365 0.488601 -1.97678 -0.804362 1.82664 1.52685 -0.0610416 0.777614 0.983432 -0.899528 -0.0332137 2.22346 
-0.518613 -0.382584 0.513264 0.958849 0.254062 -0.311784 0.264274 0.896206 -0.563253 -0.993908 0.101073 0.0075943 -1.01044 1.98624 2.26242 1.77147 -2.03384 -1.59049 2.37095 2.42882 -0.799213 0.311335 1.03004 -2.16318 -1.48115 2.04809 1.08922 0.484341 -1.86016 -2.05331 0.518543 0.12646 -1.28795 -1.8166 1.02328 1.18003 -0.470087 -0.131889 1.28396 
0.495355 0.622256 1.12004 -0.238208 -1.07055 0.496564 0.908073 -0.0160785 -0.665512 -0.496364 -1.33593 -1.12978 -0.151132 2.14103 1.93003 -0.257848 -2.64776 0.112366 1.71725 0.108658 -2.451 1.62756 2.46778 -1.72832 -1.717 1.69481 -1.19064 -1.79736 -2.21264 0.68399 1.82144 -1.85849 -2.61173 -0.503364 0.848193 0.754095 2.06592 1.25817 -0.872598 
0.975588 0.92781 0.445433 -0.947903 0.268879 0.8538 0.468327 -0.75747 1.05542 1.09245 -1.29718 -1.37783 0.35377 0.841588 0.502361 -1.2367 -1.34915 1.12714 0.446526 -0.91997 -1.41431 1.64927 2.03513 0.289011 -0.115568 0.818342 -1.88065 -1.83647 -0.165874 2.01425 -0.318454 -1.8145 -0.481358 1.7588 -1.28718 -1.73577 2.00246 1.8556 -0.9336 
1.11684 1.01985 0.245256 -1.23104 0.00536857 0.869242 0.336238 -1.01079 0.977499 1.21985 -1.25141 -1.31245 0.54811 0.269881 0.129635 -0.491103 -0.472538 -0.259117 -0.160031 -0.514107 -0.779592 -0.349836 0.350496 0.645413 0.360061 0.381176 -0.865323 -0.618734 0.720995 1.27982 -0.71019 -0.63416 0.519164 1.24415 -1.44377 -1.86961 0.216553 0.585546 -0.478431 
1.21311 1.08709 0.185311 -1.32381 -0.104745 0.847999 0.202632 -1.34872 0.457294 1.36741 -0.950703 -1.20328 0.721337 0.0394675 -0.0420722 -0.267578 0.0031606 0.190154 -0.165935 -0.262467 -0.263092 -0.571256 -0.249987 0.454952 0.448979 0.130664 -0.523282 -0.430104 0.284224 0.949498 0.650618 -0.134546 0.353451 1.43468 0.09438 -0.677985 0.0106656 0.295512 -0.565911 
1.19961 1.06934 0.169404 -1.27217 0.101525 0.859757 0.260354 -1.27372 0.131142 0.981082 -1.04493 -1.07113 0.725615 -0.172107 -0.220248 -0.114134 0.509653 0.768334 -0.237122 -0.0686499 0.564211 -0.182256 -0.440286 0.55683 0.579203 -0.426807 -0.353325 -0.244782 0.287359 0.50117 0.0121098 -0.0965113 0.184437 0.604739 0.292893 0.331785 0.515808 0.255478 -0.156017 
1.15379 1.02266 0.235955 -1.00848 0.595985 0.794096 0.272943 -1.08578 0.0470339 0.965837 -0.669338 -0.864153 0.475891 -0.223574 -0.200816 0.113641 0.483009 0.295867 -0.202269 -0.0332797 0.241836 -0.095469 0.225515 0.990843 0.620444 -0.113625 -0.337485 -0.186959 0.186431 -0.190388 -0.732817 0.265468 0.49572 0.15433 -0.0359661 0.0284493 -0.0681013 0.185158 0.404631 
1.10573 1.01734 0.407822 -0.97559 0.30822 0.827601 0.357344 -1.2157 -0.181823 1.14912 -0.44456 -0.70102 0.717778 -0.418471 -0.319353 0.130251 0.214624 -0.201316 0.11443 0.558854 0.613882 -0.217049 -0.345176 0.370873 0.666923 0.099919 -0.601765 -0.49754 -0.0564618 -0.0330211 -0.384075 0.183073 0.593031 1.31109 0.58161 -0.319332 -0.627905 -0.055262 -0.0467571 
0.929007 0.894875 0.488066 -0.900784 0.282801 0.959553 0.816577 -0.791272 -0.402231 0.645629 -0.524655 -0.45914 0.630069 -0.748196 -0.620251 0.028723 0.364307 -0.170346 0.0609909 0.718744 1.46072 0.828573 -0.115505 0.112839 0.421845 -0.207657 -0.524317 -0.382101 0.29124 0.381874 -1.05975 -0.587857 -0.167385 0.165908 -0.102553 0.0582057 0.579857 0.590976 0.633353 
0.659498 0.697165 0.576234 -0.762552 0.0274194 0.959713 1.02158 -0.382906 0.541129 1.0254 -0.489536 -0.480072 0.6386 -0.861549 -0.619725 0.516732 0.560804 -1.64292 -0.448415 0.33785 0.675256 -0.355223 -0.212752 0.985942 1.23794 0.941187 -0.431963 -0.247377 0.578603 0.651248 -1.20263 -0.742796 -0.254987 -0.788351 -1.7586 -1.15801 0.671456 1.01111 0.934236 
0.406651 0.575036 1.05878 -0.549458 -1.5378 0.773806 1.19351 -0.45775 -1.0064 0.438716 0.0721119 0.37473 1.42251 -1.09404 -0.781671 0.804799 1.01231 -1.81821 -0.667883 0.385643 0.55756 -1.88075 -1.50825 0.841144 1.49321 1.04739 -0.511302 -0.434561 0.0974661 0.573234 0.637269 -0.0088784 -0.225646 -0.664935 -0.376901 -0.473127 -1.25491 -1.41735 -0.87919 
-0.0189971 0.273783 1.38443 -0.0934688 -1.97647 0.637023 1.43456 -0.124197 -1.77326 -0.289849 0.000803245 0.545518 1.51162 -1.29092 -0.974205 0.640503 1.1214 -0.634739 -0.390845 0.0422939 -0.103155 -0.919345 -0.746636 -0.667182 -0.582785 -0.297622 0.882872 0.135988 -1.95563 -0.657043 2.57579 -0.532715 -1.90884 -0.104173 2.33492 1.4487 -0.4582 -1.64505 -2.2639 
-0.404076 0.0285544 1.73154 0.196396 -2.30419 0.623983 1.3475 -0.619024 -2.24299 -0.224952 -0.54619 -0.158845 1.27508 -0.0554937 -0.547692 -1.85492 0.194408 1.98838 -1.17164 -2.06373 0.345946 1.76545 0.367897 0.172936 -0.598686 -2.09569 1.12257 0.853687 -0.466259 -0.927903 0.378578 0.302136 -0.0277235 0.207245 0.578584 0.547995 0.622012 0.60086 0.238037 
