-1.27313 -1.06602 -0.765767 -0.207302 -0.644891 -0.256797 0.660534 -0.579513 -1.8215 1.97684 1.31124 -0.184259 -1.04867 -2.60449 -2.73179 -2.22276 -0.378529 -0.552666 -1.5158 -0.172954 0.579213 -0.876968 1.77205 2.78064 0.406191 -1.38553 -0.0659121 -0.665041 -1.10841 0.119027 0.375435 -1.11363 -1.16725 0.429938 0.228453 -0.934754 -0.230088 0.354116 0.150248 
-1.26341 -1.23987 -1.27093 -0.183702 -0.415039 -0.89209 -0.179399 0.588495 -0.766616 1.79851 1.40913 0.401281 -0.827508 0.0397257 -0.458091 -1.07537 0.115181 0.490335 -1.3772 -1.67317 0.675168 0.373409 -1.472 -0.399313 0.454366 0.263186 2.79321 2.89136 1.41565 1.13398 1.92866 1.35216 -0.528302 -0.222829 0.780246 -2.40259 -3.56657 -0.479941 2.06323 
-1.26279 -1.27971 -1.37989 -0.10937 -0.239077 -1.06896 -0.774242 0.101419 -1.43828 0.422374 1.09677 0.261703 -0.871165 0.323422 -0.104339 -0.625058 1.07268 2.08611 0.327953 -0.903077 0.183502 0.338539 -1.93362 -1.71556 -0.300198 1.44892 0.166874 0.594049 1.07279 1.16785 0.888475 1.33993 0.889488 -0.1234 0.516182 1.20889 0.0221495 -0.434388 0.296869 
-1.11641 -1.2939 -1.62728 0.460429 1.24667 -0.720881 -0.969761 0.795781 -0.415459 -0.233081 0.522621 0.147416 0.0727879 0.314604 0.176206 0.159225 1.61097 1.69031 0.450574 -0.310713 0.442572 1.18592 0.318099 -0.488903 -0.188627 0.723447 -0.78091 -0.0236564 1.28408 0.196727 -1.85399 -0.927623 0.437545 -0.0527457 -0.521019 1.51297 2.44969 0.762249 -1.97822 
-1.12004 -1.20712 -1.28728 0.841824 1.11113 -0.82703 -1.06892 0.55828 -0.307871 0.718113 0.836566 0.111315 -0.413096 -0.359118 -0.00596335 0.833299 1.29014 -0.507333 -0.806269 -0.20766 0.0668158 -0.431832 0.319206 1.17564 0.722166 -1.14881 -0.85713 -0.43937 0.406693 -0.658283 -1.80991 -0.740742 0.696124 -0.0461923 -1.81391 -0.988015 0.936086 0.708052 -0.798845 
-1.29819 -1.30353 -1.14881 1.22861 0.867303 -1.20378 -1.1782 0.890657 -0.77273 0.0638031 1.11228 0.841752 -0.610419 -0.444931 -0.0860928 0.688401 0.702943 -0.842151 -0.439533 0.766352 0.336637 -1.55755 -1.23495 0.543736 0.75831 -0.289058 -0.0354276 -0.0152819 -0.443819 -1.85563 -0.46056 1.26968 1.19578 -0.254832 -0.0615247 0.497868 -0.663548 -1.04492 0.334097 
-1.34316 -1.25291 -0.891757 1.27504 0.468266 -1.09843 -0.462308 0.913089 -1.70034 -0.591343 1.10359 0.839172 -0.572222 -0.288598 0.0996777 0.461756 -1.194 -1.17336 0.929735 1.60687 -0.381397 -0.500963 1.0273 0.244077 -0.770506 -0.638507 1.55345 1.54988 0.394542 -0.456139 0.976332 1.41951 -0.430449 -1.41965 0.774094 1.30206 -1.293 -1.90767 -0.28144 
-1.44601 -1.26548 -0.88302 0.579727 -0.0362265 -0.685523 0.131753 0.553746 -1.19357 1.09256 1.22631 0.151695 -0.98256 1.23062 1.37749 1.20471 0.0610094 0.479352 1.49219 0.180654 -2.02249 -0.35143 0.69693 -1.16073 -1.93505 -0.60611 2.3102 2.5279 1.7059 2.03681 1.95946 1.2105 -0.287107 -0.373876 0.76858 -0.00349957 -1.05302 -0.367627 0.292054 
-0.759153 -0.638149 -0.200678 1.34207 0.865437 -0.255803 -0.345808 -1.00477 -1.98368 0.0959477 0.500369 -0.930946 -0.924615 2.15139 2.41179 2.36684 1.44564 1.50802 2.58844 1.23274 -1.0249 0.69674 0.972439 -1.16572 -1.32059 -0.184717 0.57281 1.03115 1.02992 -0.393384 -0.744092 0.732909 2.13921 2.36022 1.87704 0.6737 0.141803 0.311394 -0.330154 
-0.418454 -0.183906 0.473307 1.43661 1.17051 0.789319 1.12864 -0.403088 -0.513018 2.06461 0.62054 -1.04854 -1.07808 1.91556 2.39101 2.3939 -0.498317 -0.578856 2.52704 3.38764 1.81936 2.53792 1.6726 -1.1034 -1.54013 -0.98864 0.087605 -0.167886 -0.908877 -2.66364 -2.51495 -1.87392 -0.394737 1.20376 0.897583 -0.803386 -0.866279 0.184331 0.81902 
0.1548 0.434045 1.17114 1.09004 0.429786 1.18363 2.45429 0.778418 0.390012 1.79167 -0.0735836 -2.3348 -1.51019 2.34619 2.38503 1.50278 -2.10211 -1.99967 0.218118 0.699753 0.919738 2.09132 -0.29965 -2.34621 -1.10251 0.977375 0.0833491 -1.22915 -2.65668 -1.15679 0.037671 -2.67044 -3.83568 -1.48676 -0.702784 -1.45833 -0.150013 1.75661 2.7974 
0.702942 0.885587 1.33502 0.2697 -0.383331 0.897186 1.67952 0.513453 1.44998 1.72186 -0.587959 -2.04652 -0.465226 2.10606 1.4435 -0.321133 -2.06255 -0.55572 -0.883742 -2.22399 -0.649855 1.49015 -0.596152 -1.40439 0.866075 2.83262 -1.11319 -2.08039 -2.15628 0.705129 1.61963 -0.592476 -1.45965 -0.718886 -1.16885 -0.492064 1.56316 1.69377 0.552541 
1.16052 1.0786 0.988769 -0.0543033 0.0123427 0.656049 0.558588 0.182889 1.80018 1.14246 -0.801212 -1.507 0.23358 1.328 0.698978 -0.682315 -1.21542 0.21166 -0.478318 -1.40499 -0.289766 0.332278 -1.09799 -0.543583 1.21625 1.78129 -1.57744 -1.22154 0.206346 0.758973 0.0168294 0.609758 1.37084 0.189711 -1.28828 -0.223904 0.940806 -0.0688092 -1.56283 
1.33386 1.19412 0.945892 -0.391403 -0.196837 0.603416 0.469152 0.264815 1.79538 0.553963 -0.876085 -0.893943 0.637675 0.61889 0.502594 -0.00413078 -1.10498 -0.561413 -0.009758 -0.151085 -0.368786 -0.451146 -0.986414 -0.365954 0.731857 0.793239 -0.984856 -0.474481 0.484855 -0.25057 -0.514205 0.828426 1.1335 -0.442539 -0.987011 0.0587631 0.098399 -0.705905 -1.11153 
1.44985 1.2985 0.987864 -0.652405 -0.409581 0.632499 0.39749 -0.141872 1.42515 0.0898814 -0.998646 -0.803674 0.734192 0.439439 0.406217 -0.0703635 -1.58676 -0.528565 0.681301 0.317616 -1.04592 -1.14925 -1.0581 -0.539545 0.195385 0.348501 -0.726577 -0.737355 -0.431985 -0.205435 0.540547 1.06079 0.553945 -0.834266 -0.997264 0.208221 0.233981 -0.51516 -0.474825 
1.53675 1.37052 0.907072 -1.26433 -0.592908 0.978402 0.700261 -0.712261 0.778377 -0.572704 -1.16215 -0.688176 0.867187 -0.00876444 -0.0182371 -0.363142 -1.4169 0.157307 1.45338 0.716133 -1.76757 -1.94832 -0.719089 -0.195434 -0.0235454 0.216255 -1.06268 -1.06349 -0.191132 1.21631 0.757084 -0.226992 -0.726865 -0.232829 0.707958 0.904767 0.0306168 -0.207553 0.520213 
1.43684 1.28333 0.781447 -1.42844 -0.265863 1.45275 0.962076 -1.81416 -0.326674 -0.686392 -1.10902 -0.800955 0.883091 -0.52774 -0.397566 -0.174304 -0.0271758 0.489671 0.462279 -0.705575 -1.45803 -0.0440625 0.269195 -0.618738 -0.131923 1.10896 -0.33662 -0.315051 0.0864617 0.734548 -0.025798 -1.06558 -1.13347 0.632485 2.17504 1.19834 -0.355529 -0.14325 0.707775 
1.27374 1.18415 0.808754 -1.24761 -0.187616 1.22708 0.0751674 -2.08635 0.777696 -0.32751 -1.48865 -0.785973 1.56026 -0.242498 -0.172676 -0.173101 -0.491487 0.0926518 0.138955 -0.90719 -0.760123 1.3958 1.05495 -0.748776 -0.261362 1.22882 0.436561 0.205519 -0.329835 -0.356465 0.158156 0.377164 0.851424 0.902491 0.207072 0.179091 0.733784 0.298538 -0.646859 
1.31123 1.19846 0.683816 -1.67658 -0.17303 1.51496 0.168271 -2.51591 0.996731 0.370941 -1.50191 -1.0188 1.64922 0.0195659 -0.100358 -0.425135 -0.537905 0.679463 1.03244 0.600705 -0.00763119 0.296716 0.492191 0.165493 0.245095 0.300744 -0.172576 -0.283214 -0.0077702 0.991563 0.398936 -0.0727516 0.888922 1.30159 -0.378599 -0.931717 0.583263 0.690592 -0.393452 
1.27437 1.13192 0.56685 -1.52222 0.367043 1.80456 0.543164 -2.06319 1.09039 0.148166 -1.41474 -0.534101 1.76066 -0.310521 -0.299494 -0.0828553 0.772246 0.615493 0.12141 0.454435 1.34502 0.842776 -0.412425 -0.149372 0.661276 0.761211 -0.410813 -0.258129 0.270072 0.405799 -0.516768 -0.744617 -0.139355 0.379988 -0.101787 -0.701772 -0.425071 -0.217121 -0.426037 
1.15285 1.05635 0.637846 -1.20383 0.331285 1.56705 0.513869 -1.18968 1.81158 -0.0883723 -1.58876 -0.38094 2.13031 -0.289115 -0.205411 -0.040645 -0.0452353 -0.0643078 0.137266 0.444647 0.585592 0.166141 -0.625267 -0.473241 -0.0955281 -0.210664 0.0271001 0.120757 -0.0411812 -1.19334 -1.00331 0.00773227 0.326387 -0.776086 -1.48344 -0.307347 0.489302 -0.422445 -1.80497 
1.1263 1.03227 0.545042 -1.5158 0.336348 1.8658 0.880572 -1.46855 1.28301 -0.531136 -1.66695 -0.598144 1.64932 -0.176837 -0.0758254 -0.0279925 -0.840089 -0.801271 0.208997 0.985788 0.0416734 -1.39635 -0.929667 0.334658 0.034904 -1.60364 -0.158449 0.0919344 0.680167 0.579909 -1.17313 -1.43271 -0.0715403 0.698791 -0.422259 -0.470893 0.895563 0.867545 -0.147708 
1.05887 1.01519 0.623282 -1.65083 -0.279409 1.66966 1.3041 -1.11903 0.567343 -1.0823 -1.42848 -0.324012 1.16985 -0.342867 -0.00674889 0.778148 0.676622 -1.71596 -1.65673 0.388681 1.70182 -0.453512 -1.39139 0.50964 1.07338 -0.347965 -0.124509 0.00406742 0.591839 1.39324 -0.275998 -1.5249 -0.899441 0.939944 1.17909 -0.00131017 -0.138623 0.66042 1.61151 
0.952343 1.02229 0.991943 -1.0976 -0.994218 0.892442 1.17115 0.201406 0.905806 -2.00228 -1.41733 0.421924 1.45428 -0.196304 0.0466032 0.697259 0.952393 -1.21201 -1.70541 -0.292116 1.55352 0.427838 -0.981197 0.0476557 0.915553 0.623647 0.0404631 -0.173603 -0.566107 -0.370119 0.864169 0.881027 -0.474206 -1.43156 -0.21222 1.27393 0.45969 -0.340221 0.113959 
0.955517 1.02929 1.02388 -1.07531 -1.21336 0.66822 1.02499 0.408067 1.00062 -2.12948 -1.41474 0.549681 1.56708 -0.195685 -0.0384671 0.277098 0.147921 -0.549604 -0.428396 -0.261599 -0.676844 -0.752621 0.497688 0.957309 0.561434 -0.133555 -0.236358 -0.379729 -0.611871 -0.645757 0.71544 1.22153 0.00546357 -1.65304 -0.819408 1.69695 1.49296 -0.27365 -1.45532 
0.849285 0.99799 1.15202 -0.980989 -1.40685 0.627461 0.917571 -0.420124 0.253539 -1.52092 -0.939145 0.967187 1.38995 -0.328757 -0.16395 0.147743 0.060858 -0.251373 -0.0323036 -0.234429 -1.18848 -0.797909 1.5516 1.76408 0.496258 -1.27124 -0.0101712 -0.37948 -0.721096 -0.134708 0.173962 -0.463975 -0.195887 0.866109 0.680337 0.0222526 0.29674 -0.0712531 -1.07418 
0.788356 0.948356 1.10991 -1.00837 -1.39127 0.631668 0.794149 -0.706351 0.306705 -0.558818 -0.52464 1.0345 0.809245 -0.0996516 -0.248805 -0.388091 -0.0709005 -0.337949 -0.956977 -0.501096 0.713871 0.310414 0.482015 1.20489 0.423815 -1.51614 -0.456165 -0.542074 -0.185969 0.391821 -0.441437 -1.13594 -0.244621 1.02523 0.104702 -1.38397 -0.711212 -0.0147179 -0.00541623 
0.792487 0.87876 0.931325 -0.989206 -1.6529 0.0576462 0.463585 0.298094 0.578832 -1.05576 -0.33455 1.38481 0.482824 -0.683251 -0.515355 0.04927 0.535128 -0.890945 -1.43864 -0.545854 0.463277 -0.613358 -0.603987 0.773991 0.437319 -1.21729 -1.18159 -0.535571 0.948569 0.946823 -0.293731 0.0546784 -0.0606002 -0.969672 -0.794429 -0.27194 -0.660643 -0.351621 0.579102 
0.450431 0.708825 1.13957 -0.670879 -2.07254 -0.215923 0.30271 -0.229543 -0.217496 -1.21612 -0.140051 1.46465 0.0842952 -1.18695 -0.594568 0.714949 1.13394 -0.773213 -0.808067 -0.540916 -0.907053 -0.877212 0.0186542 0.276897 -0.103991 -0.676526 -0.718988 -0.78146 -0.360095 0.579148 1.15117 1.1384 0.525375 -0.176998 0.536768 1.35434 0.0228492 -0.764291 0.568067 
0.211925 0.603477 1.34205 -0.310129 -2.24151 -0.426292 -0.0237224 -0.545207 -0.188008 -1.06952 -0.203763 1.31292 0.0875082 -1.30324 -1.07445 -0.233608 1.25598 0.672391 0.125881 0.279195 0.142753 0.230574 1.40744 0.685261 -0.664798 -0.392504 0.182921 -0.971287 -2.18112 -0.260575 1.69217 0.795606 0.809724 1.26474 1.04495 1.6202 0.733433 -1.3818 -0.71031 
-0.18615 0.216958 1.00731 0.0778177 -1.52345 -0.161249 0.501668 -0.0615133 0.0343764 0.205532 0.199236 0.872632 -0.137889 -0.895859 -1.31836 -1.49645 0.749435 1.53845 0.308681 0.703818 1.13763 0.74227 2.43465 1.0607 -2.06549 -1.57003 1.3007 0.259463 -1.52835 -0.629044 0.762762 -0.271626 -0.486041 -0.12794 -0.923435 -0.984664 -0.697905 -1.49198 -1.06237 
-0.228415 0.00152803 0.486881 0.14961 -1.01083 -0.266197 0.530559 0.581237 0.534418 1.41384 0.327211 -0.57818 -0.852464 0.116986 -0.73044 -1.7537 0.386449 1.69848 -0.151444 -0.388553 -0.0972903 -1.15393 -0.14051 -0.288487 -2.77964 -1.75921 0.939054 0.689503 -0.222441 -0.625565 -0.195224 -0.668059 -1.45973 -1.63354 -2.12256 -2.46229 -0.79359 0.710321 0.483333 
-0.13859 -0.119647 0.00488218 0.330493 -0.166811 -0.26651 0.141858 -0.124729 -0.986932 0.0272635 0.0413547 -1.68081 -1.19318 0.159048 -0.601245 -1.63355 -0.115521 1.23944 -0.486486 -1.40104 -1.57238 -2.47223 -1.36188 -0.0305438 -1.1154 -0.859139 -0.880492 -0.496372 0.267905 -0.25465 -0.718988 -0.57122 -0.444669 0.500788 0.931246 -0.25042 0.826695 2.9859 1.78697 
-0.160594 -0.276768 -0.446765 0.11594 -0.0154598 -0.564678 -0.676497 -0.903012 -1.69919 -0.026807 0.301028 -1.58811 -1.3591 -0.666147 -1.04219 -1.37151 0.00974332 0.674997 -0.820113 -0.995238 0.694108 0.29202 -0.571123 0.60983 1.33737 0.703909 -1.28485 -0.641062 0.932582 0.993003 -0.685596 -0.527607 1.00225 2.71511 2.37711 0.16074 0.725246 2.58519 1.47151 
-0.468276 -0.596956 -0.77876 0.368279 0.384335 -0.757395 -0.725625 0.57445 -0.678553 -0.596076 0.342128 -0.415894 -0.747023 -1.03255 -1.03853 -0.54744 1.15011 0.26214 -1.09819 0.127848 2.85166 1.18028 -1.16681 0.743203 2.44395 1.17998 0.243462 0.662158 1.1834 1.05574 -0.235946 -0.15865 0.225549 -0.133054 -0.326327 0.601455 0.819608 0.14965 -0.493926 
-0.666781 -0.752423 -0.75868 0.80424 0.210762 -1.21593 -0.604185 1.87464 -0.573971 -1.26583 0.669898 0.703108 -0.622737 -0.313903 -0.348805 -0.019773 1.35795 0.319663 -0.949863 -0.612717 0.445675 -0.18123 0.294606 1.49944 1.50719 0.101252 0.925904 0.877764 0.116029 -0.480535 0.588363 1.13608 -0.348367 -2.25138 -0.971495 1.33511 -0.190917 -1.9067 -0.995992 
-0.628282 -0.761319 -0.78862 1.17514 0.655828 -1.32311 -1.27302 1.0343 -0.805372 -0.324618 1.09711 1.00651 -0.668228 0.00907178 -0.158082 -0.326086 0.476062 1.047 0.463308 -0.336701 -0.871934 -0.277567 0.815359 0.391988 -0.248063 -0.0975137 0.147088 -0.0991624 -0.821313 -1.50525 0.178801 1.05036 0.457591 -0.320228 0.234336 0.115505 -1.18155 -1.24214 0.0548171 
-0.671206 -0.830708 -0.943885 1.10803 1.05468 -0.966659 -0.920606 1.06517 -0.789381 -0.456135 0.859447 0.497595 -0.665103 -0.0590125 -0.315939 -0.791095 -0.664974 0.538011 0.499657 0.112285 -0.109822 0.201156 0.42084 -0.068175 -0.259952 0.236167 -0.109234 -0.415903 -0.838337 -0.838384 -0.0793085 -0.305805 -0.415827 0.443915 0.805483 -0.0807938 -0.0946532 0.463259 0.100144 
-0.665503 -0.910848 -1.24001 0.828038 1.09916 -1.05288 -1.21373 0.959013 -0.580552 0.0773116 1.05172 0.789975 -0.507191 0.00503571 -0.40002 -1.11544 -0.669035 0.908328 0.141337 -0.900817 -0.173836 0.976454 0.642875 0.158976 0.358197 0.0983262 -0.094277 0.0229554 0.363417 0.811993 0.135437 -0.555229 -0.56683 0.328997 0.454103 -0.355601 0.00555118 0.386254 -0.53146 
-0.677575 -1.01819 -1.58094 0.758615 1.78946 -0.903072 -1.70908 0.928218 0.148398 0.175285 0.930028 0.854364 -0.588091 -0.04794 -0.177123 -0.307749 0.362385 0.696377 -0.148124 -0.674704 0.399749 0.918933 -0.169832 -0.178145 0.23914 -0.416941 -0.413266 0.176714 1.37655 1.48062 -0.648124 -0.690381 0.349044 0.274469 -0.911117 -0.773931 0.259623 0.196423 -0.303044 
-0.697391 -0.997726 -1.41472 1.06699 1.66713 -1.15622 -1.81299 1.37462 0.304331 -0.131263 0.950173 1.03632 -0.744272 -0.306123 -0.127803 0.440847 1.23847 -0.0171374 -0.682987 -0.336024 0.246281 -0.389252 -0.584391 0.360982 0.593102 -0.247764 -0.640662 -0.23074 0.533911 -0.0758245 -0.729403 0.186837 0.585437 -0.677973 -1.0313 0.537434 0.678709 -0.0611735 0.157606 
-0.833832 -1.0828 -1.32713 1.49732 1.79588 -1.31488 -2.02493 1.19598 -0.169717 -0.461768 1.10375 1.429 -0.722046 -0.588806 -0.258413 0.356154 0.221075 -0.341513 0.173418 0.238993 -0.742636 -0.630185 0.598473 0.538458 0.115549 -0.143866 -1.48211 -0.708679 0.520233 -1.33391 -1.42213 0.84506 1.16129 -0.425088 0.282494 1.06373 -0.594127 -0.830343 0.636275 
-0.989821 -1.12129 -1.20939 1.22532 1.41828 -1.07413 -1.64767 0.689712 -0.235344 0.454264 1.21451 1.16805 -0.814893 -1.69699 -0.623755 1.09026 -0.558917 -2.01322 0.498359 1.4276 -0.48124 0.0666294 0.984809 -0.485337 -0.60094 0.668698 2.52984 3.04208 1.56323 -1.81115 -1.05329 1.25758 1.1666 0.0153433 0.536016 -0.628537 -2.26373 -0.979362 1.03521 
-1.66009 -1.37126 -0.701559 1.21071 0.23137 -1.04539 -0.864996 0.762889 -0.0686062 0.523067 0.845359 0.896207 -0.29735 2.07305 2.4998 2.11014 -2.20451 -1.82741 1.89362 2.01045 -0.74762 0.2126 -0.40754 -2.35798 -1.28588 1.30881 1.57468 0.581897 -1.12248 0.456126 1.47641 -0.440839 -1.00086 0.311727 -0.0598857 -0.614603 0.490367 0.459436 -0.543058 
