-2.12452 -1.94963 -0.930895 1.36661 0.504705 -1.1361 -1.23304 0.785203 1.49689 -0.422782 -0.0307105 1.10056 1.33141 -2.6647 -3.20446 -2.53648 2.25383 1.92654 -2.25959 -2.04447 2.28342 1.07454 -1.79988 0.387918 2.15088 0.90958 1.3514 0.958836 -0.455545 -0.171354 0.399557 -0.664015 -0.0685023 0.949975 -0.8283 -1.81053 0.040512 0.290407 -0.91697 
-1.82117 -1.83982 -1.09751 1.68334 0.847134 -1.37023 -1.30049 1.23848 1.08894 -0.740562 0.244315 1.33162 0.751432 1.60747 1.15813 -0.457434 -0.290137 0.434025 -0.606757 -0.0552032 1.19801 -1.14338 -2.01801 0.0540942 0.294385 -1.26438 2.90782 2.97485 1.18687 -1.75004 -0.808794 1.53154 1.1152 -0.531009 -0.487674 0.26089 -0.656205 -1.71093 -1.03301 
-1.02659 -1.26649 -1.10434 1.13472 0.675153 -1.48002 -1.22296 1.41972 0.210134 -1.25445 -0.00398439 1.25388 0.252822 0.653197 0.137267 -1.19473 -0.0495852 1.01104 -0.697912 -0.539014 1.58198 0.403197 -1.46042 -0.359929 0.188501 -0.510625 -1.20555 -1.25516 -0.663572 0.628573 1.03087 -0.0947699 -0.726675 -0.0615501 1.21987 0.917426 -0.00643519 0.252645 0.738389 
-1.37528 -1.74707 -1.59865 1.63255 1.27919 -1.77076 -1.60915 2.08665 1.45878 -1.33933 0.00117735 1.41774 0.307344 0.405013 -0.0817766 -1.14275 0.439862 1.57311 -0.6513 -0.978183 1.09868 0.551591 -0.931348 0.0541509 0.546188 -0.305875 -0.0758087 0.192137 0.62994 -0.351848 -0.670992 0.552871 0.0435637 -1.26486 -0.559248 0.503561 0.129572 0.258751 0.554276 
-0.750273 -1.30041 -1.58239 1.45241 1.36205 -1.85161 -1.82096 1.99896 0.738927 -1.63223 0.0227786 1.56702 -0.0189074 0.692254 0.464965 -0.463066 -0.569905 0.249447 -0.102815 -0.446462 -0.0606756 -0.367335 -0.844782 -0.203324 0.447189 0.200644 -0.576443 -0.304081 0.306439 -0.6706 -1.4058 0.374105 0.457623 -0.682707 -0.23625 0.645071 0.0834893 -0.00241266 0.377814 
-0.902697 -1.4648 -1.7746 1.19004 1.36596 -1.80177 -1.85685 2.02078 1.00328 -1.68095 -0.139884 1.66805 0.461999 -0.106097 -0.291544 -0.76547 -0.486958 -0.0091344 -0.232761 -0.33971 0.202675 0.228672 -0.154655 0.157713 0.51038 0.168434 -0.653316 -0.585678 -0.0968408 0.190435 0.109354 0.243932 -0.00740302 -0.738728 -0.25344 1.33 0.889675 -0.917733 -1.25684 
-0.823193 -1.45565 -1.89275 1.07234 1.33157 -1.9633 -1.99832 2.07962 0.921829 -1.68559 0.117044 1.85743 0.108633 0.0966649 -0.0498084 -0.527558 -0.398657 0.359365 0.187159 -0.421109 -1.02853 -0.714077 0.711418 0.82818 -0.620759 -1.52013 -0.0352259 0.158462 0.464769 -0.0948063 0.379491 1.23741 0.237036 -1.7078 -1.03094 1.03885 0.701483 -0.518514 -0.711447 
-0.837072 -1.48024 -1.97922 0.876446 1.50255 -1.65272 -2.08783 1.41635 0.176375 -1.37255 0.391398 1.24054 -0.831882 -0.0224424 -0.000320389 -0.214746 -0.679475 0.40248 1.03842 0.00792816 -2.00808 -1.19553 1.0702 0.972602 -0.107397 -0.81996 -0.241329 0.21666 1.17037 -0.144956 -0.687887 1.30068 1.33922 0.0119188 0.179089 0.0219189 -0.582974 0.852425 1.1753 
-0.838953 -1.44246 -1.95833 0.547336 1.48772 -1.28567 -1.94665 0.930136 -0.420778 -1.22733 0.742463 1.75575 -0.59585 -0.0461747 0.304452 0.796123 -0.65513 -0.421099 1.52083 1.37972 -1.03363 -0.461419 0.778906 0.164625 0.307373 0.0250719 0.853132 1.59399 3.18902 1.60465 0.547111 1.88532 2.64121 1.79046 0.766433 -1.2608 -2.93098 -1.94364 0.964797 
-0.869048 -1.29079 -1.59551 0.36977 1.2853 -0.675541 -1.1324 0.809084 -0.379903 -1.03597 0.490169 1.40211 -0.825023 1.03746 1.84576 3.32026 1.2953 1.0013 2.9495 3.52537 0.267914 -0.12893 -0.32217 -2.39358 -2.33218 0.442573 2.20526 2.53453 2.05184 -0.36108 -0.242025 1.6304 1.70921 0.353323 -0.243645 -0.878123 -2.23628 -2.26834 1.05394 
-0.130492 -0.361659 -0.452732 1.50905 1.91536 0.578626 0.422372 1.0471 -0.620915 -1.35065 -0.826226 0.242027 -0.237541 2.49964 3.16925 3.0854 -1.18722 -0.703611 3.18015 3.66836 -0.600865 -0.794587 -0.177937 -2.40193 -2.28356 1.40732 0.69368 0.0331784 -2.82165 -3.82391 -2.52563 -1.20535 -2.18387 -2.1677 0.0146018 1.68726 1.30542 1.20116 0.932396 
0.838498 0.555413 -0.194294 -0.537494 0.939956 1.33197 1.33082 0.442628 -1.29305 -1.09905 -1.08396 -0.0807585 0.345399 1.92214 2.00128 0.270873 -3.6529 -1.83161 1.8081 0.681135 -2.53269 -0.10422 1.64063 -0.883534 -1.01081 1.6616 -1.87535 -2.62237 -3.2107 0.164474 0.887438 -2.8218 -3.52167 -0.236605 2.02645 1.58451 1.29555 1.07695 -0.723142 
1.18246 0.809089 -0.302474 -1.25451 1.0586 1.73418 0.917561 -0.394299 -0.794584 -0.654128 -1.41065 -0.43304 1.14693 0.561113 0.448489 -0.390163 -1.04908 0.275294 0.442261 -0.939713 -0.924717 2.01814 1.66792 -0.903249 -1.10224 0.403217 -1.84062 -2.00202 -0.501965 2.80871 1.56536 -2.24585 -0.890646 2.47291 1.30975 -0.826503 0.454462 0.490219 -1.29786 
1.22147 0.828153 -0.337841 -1.34076 1.03844 1.63943 0.758165 -0.104033 0.806619 -0.391121 -1.68124 -0.813856 0.670578 0.0217742 -0.0475619 -0.237412 -0.142603 -0.09559 -0.360947 -0.458033 0.618582 1.71531 0.742535 -0.352972 -0.491111 -0.114262 -0.73463 -0.661282 0.235107 0.972395 -0.266728 -0.614132 0.71682 0.712133 -1.62305 -1.32974 0.977518 1.00774 0.205459 
1.19691 0.794954 -0.37813 -1.37533 0.988923 1.54289 0.662248 -0.0822047 0.98071 -0.332732 -1.64926 -0.778261 1.0365 -0.123835 -0.148172 -0.091023 0.11939 -0.0348076 -0.11523 0.040502 -0.0317517 -0.226601 0.197098 0.229365 0.00103192 0.646081 -0.358295 -0.217741 0.517132 0.778902 0.163875 0.125754 0.459307 -0.584435 -2.10018 -1.09353 0.614424 0.577618 0.0906995 
1.13643 0.755833 -0.348433 -1.26434 0.99632 1.60071 0.831294 -0.153811 0.501864 -0.297552 -1.54027 -0.84672 1.2002 -0.249604 -0.163812 0.370673 0.779109 0.0752188 -0.187691 0.182661 -0.151382 -1.19065 -0.459465 0.361711 0.127141 -0.0255015 -0.187086 -0.041847 0.562481 0.580623 -0.294205 -0.479035 -0.0701998 -0.0557149 -0.883153 -1.01473 0.0392759 0.314594 -0.465816 
1.02593 0.713589 -0.183514 -0.802232 0.996692 1.45918 0.829034 -0.19855 -0.35667 -0.513406 -1.42202 -0.731085 1.00079 -0.207065 -0.0739077 0.566739 0.788239 -0.375596 -0.539293 -0.0169393 -0.1236 -1.446 -0.915221 0.282036 0.322689 -0.0124703 0.121585 0.19184 0.0350608 -0.868527 -1.39783 -0.228786 0.152592 0.0521039 0.0980215 -0.0427506 -0.271062 -0.0374028 0.510478 
0.994524 0.726462 -0.0666729 -0.684369 0.799696 1.29868 0.86658 -0.254697 -1.10903 -0.668593 -1.36497 -0.675431 1.17545 0.0063766 0.163564 0.450673 -0.400124 -1.49813 -0.364595 0.418961 -0.104945 -1.05034 -0.465577 0.0571744 0.0518774 0.626954 0.0376737 0.167075 0.246514 -0.888785 -2.4704 -0.944741 0.522212 1.29633 1.29398 1.00499 0.274519 -0.33176 -0.319554 
1.02987 0.821552 0.0466579 -1.11693 0.291121 1.26563 1.1515 -0.289056 -1.54375 -0.696634 -1.39329 -0.731678 1.51431 -0.043298 0.226645 0.878376 -0.41683 -3.14682 -1.42331 0.706691 1.51864 0.351678 0.271097 0.605478 -0.0844997 -0.474615 -0.397382 -0.233466 0.663494 0.831321 -1.09325 -1.60148 -0.295401 1.38957 1.70587 1.70348 1.39252 0.0640946 -1.92992 
0.964514 0.870906 0.353598 -1.01164 -0.653369 0.447725 1.37861 0.558227 -0.794373 -0.544115 -0.978848 -0.762581 0.76168 -0.307956 0.0302813 1.21909 0.588438 -2.73132 -1.89724 0.064601 1.65688 1.31814 1.51568 1.66747 0.0910653 -1.99765 -0.535974 -0.406278 0.423846 1.26954 1.63413 0.3576 -0.835262 -1.2222 0.0543451 1.30821 1.18881 0.709451 -0.686024 
0.819019 0.852435 0.618363 -0.68738 -0.973562 0.120391 1.2405 0.600788 -0.193891 -0.0522987 -0.31495 -0.707398 -0.18155 -0.509935 -0.0938146 1.38427 1.13059 -1.33399 -1.02107 -0.359455 -0.0692939 0.431465 1.80251 1.9813 0.68241 -1.42887 -0.297783 -0.24523 -0.014901 0.356072 1.56741 1.2247 -0.329004 -1.65861 -0.855545 -0.095348 -0.116454 0.863493 1.48048 
0.615657 0.830022 0.99872 -0.173937 -1.28452 -0.153463 1.18824 0.487559 -0.394253 0.220027 0.304047 -0.362982 -0.455378 -0.512835 -0.115744 1.24436 0.97092 -0.993005 -0.638606 -0.334063 -0.490786 0.136995 1.44971 1.54089 1.03168 -0.0426435 -0.154962 -0.325874 -0.775076 -0.208055 1.36912 0.981635 -0.12257 -0.625761 -0.310575 -0.842193 -0.871449 0.752131 2.04258 
0.468181 0.798869 1.2013 0.0301192 -1.45011 -0.24331 1.06686 0.295584 -0.109187 0.56448 0.680885 -0.086124 -0.231694 -0.557864 -0.327187 0.576806 0.793643 0.182866 -0.0025054 -0.485945 -0.892262 0.00554534 0.886556 0.9857 1.49745 1.28095 -0.289708 -0.505521 -0.931731 -0.0914574 1.39317 0.740029 -0.163134 -0.275654 0.115083 -0.307129 -0.544489 0.0568474 0.672769 
0.234051 0.654175 1.28495 0.410099 -1.22794 -0.122184 0.914535 -0.0410428 -0.450349 0.60158 0.938002 0.553911 0.608674 -0.708841 -0.543696 0.265287 0.782673 0.550713 0.141338 -0.514035 -0.86472 0.300953 1.14271 0.921635 1.06269 0.827743 -0.0426183 -0.125918 -0.282824 -0.0663905 -0.0550734 -0.313838 -0.203863 0.27418 0.433413 0.0148488 -0.609748 -1.25866 -0.854341 
-0.0165852 0.497811 1.34907 0.605897 -1.22676 -0.122712 0.774655 -0.217691 0.151138 1.05303 1.27308 0.554836 0.450848 -0.482332 -0.343981 0.308579 0.637364 0.109147 -0.263411 -0.719615 -0.561 0.610645 0.945998 0.291327 0.0450559 0.100677 0.477364 0.285745 -0.312952 -0.0116616 0.365763 -0.301859 -0.217393 0.285104 -0.323275 -1.05825 -0.758471 -0.89692 -0.713517 
-0.0959448 0.468615 1.45197 0.87648 -1.20479 -0.252911 0.486886 -0.385316 0.141698 1.00796 1.11936 0.548989 0.679176 -0.0618792 -0.114608 -0.0359436 0.69619 0.946996 -0.107737 -0.765545 -0.519446 -0.142566 -0.0191414 0.0560778 0.0182146 -0.163431 0.548377 0.294373 -0.60352 -0.316728 0.862466 0.55604 0.238381 -0.153403 -0.773615 -0.267398 0.454128 -0.365269 -1.35392 
-0.0592915 0.444902 1.36296 1.11656 -0.823738 -0.156775 0.316747 -0.538843 -0.0636051 1.05627 1.3011 0.532878 0.299027 0.242667 0.0944511 -0.310955 0.161833 1.06016 0.334816 -0.370204 -0.778138 -0.456956 0.684216 0.821504 -0.399918 -1.75045 0.393788 0.322286 -0.292342 -0.876446 -0.420725 0.388672 0.133966 -0.626689 -0.528101 0.436966 0.64512 0.0414582 -0.922993 
0.0694415 0.536609 1.34363 0.984856 -0.750462 -0.0121752 0.289435 -0.850415 -0.409799 1.305 1.64629 0.261647 -0.808589 0.493236 0.354057 -0.314597 -0.493143 0.464907 0.325189 -0.553801 -1.3436 -0.869934 0.520709 0.806092 0.0318773 -1.4359 0.214896 0.12617 -0.361981 -0.684582 -0.653096 -0.414568 -0.376937 0.0923246 0.187775 -0.766289 -0.670998 0.63107 1.0744 
0.277305 0.66303 1.253 0.73184 -0.639289 0.0779828 -0.00166084 -1.31859 -1.05746 1.28501 1.81799 0.519591 -0.923948 0.601192 0.350698 -0.665895 -0.782819 0.318553 -0.0255756 -0.832067 -0.680116 -0.192261 -0.145349 0.0566304 0.278607 -0.340737 -0.0374111 -0.152942 -0.482959 -0.447887 -0.512008 -0.345769 0.200019 0.962788 0.798699 -0.128415 -0.662868 -0.77077 0.190575 
0.479803 0.752795 1.07753 0.382048 -0.632368 0.00477908 -0.212299 -1.26097 -0.677771 1.25553 1.67467 0.404957 -1.10967 0.57449 0.307991 -0.802062 -1.13594 -0.11913 0.0327469 -0.254969 -0.129159 0.24138 0.417103 0.0505767 -0.870351 -1.21302 -0.224622 -0.199978 -0.118375 -0.305273 -0.518617 0.230105 0.779573 0.644892 0.392542 0.501053 -0.184634 -1.34011 -0.836462 
0.669421 0.854518 0.926381 -0.136815 -0.719635 0.131152 -0.123193 -1.42257 -0.860942 1.47048 1.84242 -0.066329 -1.95931 0.476712 0.253687 -0.753976 -1.24374 -0.272864 0.250742 0.230884 0.126607 0.356199 0.467437 -0.148425 -1.26563 -1.49701 -0.348097 -0.284463 0.0530126 0.196982 0.0758966 0.0307179 0.0984069 0.454241 0.575758 -0.455701 -0.990695 -0.27218 0.571659 
0.805108 0.912878 0.772278 -0.567766 -0.782416 0.19331 -0.0137429 -1.22263 -0.35827 1.46202 1.56939 -0.431841 -2.38408 0.314319 0.119472 -0.702397 -0.956343 -0.0465786 0.112141 -0.0901087 0.433043 1.04374 -0.0589849 -1.08228 -1.21035 -0.478408 -0.542654 -0.411227 0.293528 0.640172 0.286525 -0.11999 -0.23224 0.0324196 0.220192 -0.928044 -1.59648 -0.608836 1.07183 
0.883766 0.936982 0.644057 -0.87026 -0.767088 0.23362 -0.136112 -1.21372 0.19501 1.45708 1.12845 -0.868045 -2.37627 0.00273305 -0.0721329 -0.390838 -0.49895 0.0349236 0.18129 -0.0402008 0.147797 0.665818 -0.54622 -1.97855 -1.98526 -0.0907446 -0.411379 -0.350778 0.0578719 0.296339 0.0704401 -0.031857 -0.0745573 -0.298638 -0.530215 -0.875494 -0.831002 0.0569325 1.44816 
0.806551 0.884533 0.62843 -0.956862 -0.792916 0.338715 0.00621815 -1.1725 0.292874 1.24511 0.271218 -1.72538 -2.47472 -0.0153959 -0.140874 -0.597408 -0.650037 0.0198792 0.129733 -0.153295 0.029631 0.313445 -1.01284 -2.03132 -1.17924 1.43321 -0.00283518 -0.212451 -0.745796 -0.29852 0.289491 -0.168665 -0.207362 0.488831 0.527411 0.0241864 0.629414 1.82485 1.60706 
0.872821 0.868883 0.408396 -1.3731 -0.784409 0.347011 -0.19066 -1.22934 0.468715 1.04527 -0.204117 -1.65002 -1.18406 0.121984 -0.182654 -1.16623 -0.951261 0.346024 0.0637634 -0.278485 0.754363 1.40118 -0.476151 -1.24662 0.0394081 2.03424 -0.275612 -0.258399 0.114834 0.743662 0.870252 0.0768578 -0.0140065 0.469001 0.810721 0.931252 1.04944 0.977298 -0.184586 
0.889475 0.792272 0.139951 -1.68648 -0.662367 0.411144 -0.130806 -0.784852 1.73169 1.05746 -0.549872 -1.73389 -0.776555 -0.195911 -0.301162 -0.430021 0.226734 0.97959 0.254696 -0.136648 0.610764 1.44142 0.0895564 -0.815918 -0.110301 1.1523 -0.840242 -0.458175 1.15958 1.40237 0.247143 0.0913773 0.257886 -0.329757 -0.506866 0.396329 0.958648 0.933132 -0.113332 
0.738533 0.708086 0.247133 -1.21587 -0.366609 0.537997 -0.234239 -0.921594 1.95063 1.09392 -0.744473 -1.75354 -0.228303 -0.679026 -0.559325 0.145626 0.765548 0.609829 0.203067 0.0966428 0.311038 0.70324 0.0174498 -0.135724 1.05855 1.84902 -0.631426 -0.482036 0.218768 0.00732836 -1.45882 -0.532885 0.874239 0.565047 -1.4139 -1.23076 0.75242 1.21654 -0.0789281 
0.425081 0.482175 0.234541 -1.1236 -0.412212 0.570071 -0.0206905 -0.643888 2.42292 1.07599 -0.646871 -1.09556 0.765689 -0.767444 -0.703678 -0.148779 0.164468 -0.661871 -0.222551 1.05112 1.31508 -0.513497 -1.26862 0.0576013 1.22841 1.01328 -0.60818 -0.711251 -0.413781 0.246356 -1.12659 -1.35378 0.285439 0.496998 -2.49135 -2.35141 0.683022 0.0978104 -2.0282 
0.213724 0.314507 0.210871 -1.10551 -0.693028 0.432642 0.504701 -0.221939 1.33857 0.575262 -0.715461 -1.0074 0.610422 -1.22501 -1.21011 -0.266058 1.00811 -0.660587 -1.08493 0.508098 0.928079 -2.7448 -2.61613 0.657918 1.13575 -0.907559 -1.28045 -1.1802 -0.0196669 1.19576 0.542866 -0.989392 -1.77339 -1.88004 -1.17176 0.187728 1.1205 0.698485 -1.10669 
-0.412378 -0.204282 0.146154 -0.378099 -0.738049 -0.0707711 0.360499 -0.159576 -0.579168 -0.00551057 -0.226567 -0.408227 -0.0125342 -2.05222 -1.8624 -0.128731 1.61779 -0.0677944 -1.15067 -1.25191 -1.11658 -2.13284 -1.01242 1.35479 1.98295 -0.505865 -0.557919 -0.305562 0.310697 -0.192609 -0.00741118 0.677906 -0.701985 -1.68968 1.01536 2.19011 -0.188935 -0.219711 1.42256 
-1.18895 -0.749179 0.18352 0.0989918 -0.750099 -0.249017 -0.273636 -0.875359 -1.00802 0.163619 0.159073 0.217636 0.170342 -1.71577 -1.42148 0.115888 0.690866 -0.681076 -0.366344 -0.382327 -1.25943 -1.33323 -0.0810314 0.447912 0.854915 0.969672 0.866038 0.862791 0.224797 -0.584034 0.413118 1.51677 1.50978 1.12218 1.38102 0.397472 -1.99513 -2.55599 0.680899 
-1.58516 -1.01298 0.227527 0.128561 -1.07317 -0.265414 0.155062 -0.892488 -2.06928 -0.028115 0.0568532 0.100859 0.789482 -0.978125 -0.808296 0.159116 0.801367 0.381376 0.396425 0.773781 0.302299 -0.21455 -0.51752 -0.934187 -0.932337 0.375439 0.707308 0.624536 0.114575 0.201071 1.50059 1.20378 0.964544 1.41396 1.56423 0.220499 -1.0014 -1.34584 -0.760021 
-1.85772 -1.20326 0.284107 0.688843 -0.603522 0.0299743 0.282591 -0.739258 -1.29987 -0.0413049 -0.458372 -0.407626 0.472137 -0.81611 -0.62544 0.282991 0.875677 0.982619 0.871623 0.924501 0.533669 0.838949 0.212459 -0.697266 -0.695782 -0.0839492 3.2533 2.53545 -0.828076 -1.27567 0.913351 -0.553469 -0.992316 0.861044 1.06908 0.480586 1.42746 1.47255 -0.660057 
-2.14322 -1.36131 0.383171 0.774356 -0.654001 0.308647 0.810585 -0.627642 -1.23268 0.0718702 -0.406165 -0.374264 0.704568 2.71942 2.0575 -0.706408 -0.897098 1.38922 -0.101152 -0.499436 1.38625 1.27146 0.0719729 0.716322 0.695058 -0.543947 0.631285 0.467029 -0.296301 -0.630497 -0.868895 -0.932194 -0.72783 -0.400198 -0.608619 -0.22406 0.599293 0.646374 0.0871168 
