-2.07489 -1.90377 -1.09867 1.3995 0.343673 -1.36573 1.37895 1.50385 -0.889907 -0.881415 1.4358 1.37266 -0.559671 -4.0994 -4.18675 -1.69958 3.7072 2.79286 -3.3496 1.82442 3.59641 -2.33886 -2.48981 3.45882 3.47197 -1.01236 0.427504 0.24413 -0.0618022 0.731745 1.53142 -0.700686 -0.261494 0.259117 -1.08021 -1.19762 0.642916 0.741031 -0.921535 
-1.90118 -1.8441 -1.36782 1.60385 1.33687 -1.39456 1.21142 1.50468 -1.47792 -1.31508 1.83725 2.04092 -0.595091 0.58969 0.34088 -0.0715827 0.759814 1.77302 -0.776977 -0.425407 0.246378 -1.33355 -1.5066 0.760712 0.801889 -1.14825 3.75968 4.12671 1.39731 -2.88885 -2.43562 2.14885 -1.31954 -2.91209 1.22116 1.12201 -2.6585 -3.38636 -0.0680919 
-1.73075 -1.6879 -1.1147 1.68212 1.18289 -1.6315 1.08086 1.55414 -1.71277 -1.65846 1.78498 1.78355 -1.238 0.443296 0.365213 0.268548 0.40292 -0.140936 -0.905836 -0.0878032 0.399756 -0.725763 -1.01489 0.137806 -0.304581 -1.09194 -0.680031 -0.652902 -0.283506 -0.414489 -1.3809 0.0152032 0.68759 0.924586 1.06166 0.681708 -0.551547 -1.04267 0.630586 
-1.62714 -1.61716 -1.10143 1.72648 1.24215 -1.71687 1.13984 1.62156 -1.90475 -1.82304 1.84288 1.77633 -1.23893 -0.134505 -0.291171 -0.453088 0.232989 0.0906288 -0.74481 0.482886 1.21527 0.0753226 -0.59762 0.0446446 -0.37485 -0.352958 -0.663134 -0.734956 -0.449979 -0.0403111 0.203223 -0.0284445 0.0349383 0.771628 1.26146 0.808749 -0.197553 0.0616133 0.994872 
-1.73339 -1.75959 -1.44751 1.72858 1.20117 -1.88316 1.39218 2.02507 -1.61762 -1.93809 1.73923 1.47607 -1.42917 -0.260854 -0.355834 -0.345671 0.296107 0.0562016 -0.923002 -0.0966487 1.20258 0.938943 0.0573812 -0.140599 -0.256357 0.159506 0.201407 0.0809067 -0.533247 -0.916828 0.526748 0.997313 -0.669641 -1.6791 -0.369509 0.53808 0.112409 0.307929 0.323845 
-1.69028 -1.71827 -1.34505 1.80123 1.24362 -2.04672 1.06233 2.08698 -1.24687 -1.74424 1.69497 1.54119 -1.11619 0.186963 -0.127325 -1.18371 -0.857707 0.671623 0.397402 -0.516069 -0.642713 -0.348253 0.126748 0.149462 -0.0533926 0.0582381 1.07344 0.80977 -0.868394 -1.84385 1.54581 2.70438 0.0778951 -2.0316 -0.897994 -0.17031 -0.591973 -1.11779 -0.301025 
-1.5821 -1.75674 -2.38699 1.2861 1.50294 -1.63365 1.03326 1.68938 -1.79847 -1.82132 1.75129 1.36483 -1.36846 1.09512 0.598544 -1.5448 -1.83517 1.84629 2.14865 -0.0451292 -1.03811 -0.161299 -0.128774 -0.906648 -1.51642 -0.211751 0.660039 1.09625 1.44663 0.67761 0.61254 0.889654 -0.0935069 -0.712743 0.318923 -0.165036 -1.4783 -2.13148 -0.487513 
-1.10413 -1.38517 -2.58436 0.920585 2.11859 -1.02882 1.01938 1.57963 -1.3059 -1.7673 1.12456 0.536796 -1.22086 1.05251 1.13777 0.853367 -0.158659 1.35441 1.41793 -0.705412 -1.4515 0.109633 -0.0526285 -1.7124 -2.43792 -0.546538 -1.42766 -0.601511 2.08042 1.85217 -2.97427 -1.31332 -0.0571833 -0.975129 -0.445593 1.55945 1.22849 1.00331 -0.690564 
-1.01635 -1.1783 -1.635 1.15699 2.1379 -0.936369 0.547302 1.00256 -1.68096 -1.80272 0.736493 -0.202121 -1.67821 -0.515996 0.0222322 1.37825 0.182311 -1.7266 0.679229 -0.183428 -2.13177 -0.682291 1.9084 0.578045 -0.423582 -1.07078 -0.876192 -0.120514 1.88459 1.11704 -2.61842 0.344676 1.9504 0.831961 0.801043 2.65952 1.8772 1.77049 -0.580018 
-1.28944 -1.31427 -1.39654 0.944322 1.25012 -0.655651 0.883641 0.597477 -1.7044 -0.675576 1.373 0.19956 -1.85174 0.0956091 1.08315 3.50266 1.03365 -1.79627 1.82249 1.97745 -0.583174 1.18482 3.39852 0.57432 -0.494074 -1.26715 2.51862 2.69265 1.39108 0.265486 0.935899 -0.583438 -1.05941 2.01564 3.3219 -0.203022 -2.19161 -0.542065 1.81929 
-0.908807 -0.624708 1.31681 1.56236 1.23543 -0.061576 1.86139 0.692717 -0.862862 0.104441 0.982874 -0.582391 -2.42937 2.55442 3.01881 3.33767 0.418753 -0.660159 0.0347721 -1.7301 0.0216958 3.62058 1.6802 -2.16572 -1.04501 1.21299 2.09529 0.885319 -3.06449 -3.06857 0.589518 -2.53336 -4.36689 -0.10877 1.23488 -2.83676 -2.38768 0.680634 3.67089 
-0.00452856 0.120001 1.41827 1.07405 0.902034 -0.565254 -0.289829 0.55023 0.70082 0.291274 0.108177 -0.517043 -1.08367 2.66382 2.11947 -0.766406 -2.47236 -1.1408 -1.0259 -4.21707 -0.736217 2.81548 -0.214939 -2.41185 0.240818 3.33518 -1.23667 -2.13873 -3.3009 -2.27434 0.0622367 0.288475 -0.0875 -0.917318 -2.35022 -2.17685 0.547251 1.51577 0.779444 
0.428491 0.400387 0.723834 0.39608 0.652806 -0.436567 -0.980695 0.31643 1.01776 0.0342257 -0.417694 -0.514023 -0.361345 1.16987 0.775217 -1.26189 -2.19574 -0.630298 0.375809 -1.911 -1.0092 0.660925 -1.08504 -1.52328 0.616283 2.19468 -1.88782 -1.6541 0.14018 0.935524 0.384353 1.70388 2.45685 -0.543661 -2.19744 0.221521 1.56947 0.476428 -1.51921 
0.617416 0.533488 0.413878 0.0317703 0.56852 -0.32522 -1.58467 0.0554308 1.17755 -0.255083 -0.802322 -0.219461 0.285732 0.506801 0.401509 -0.555635 -1.4838 -0.728754 0.914926 -0.822525 -1.36143 0.0514477 0.102543 -0.505593 0.749187 1.43853 -0.893914 -0.607854 0.723751 1.09194 -0.374802 0.475792 1.60894 -0.0600114 -0.977233 1.48194 1.72898 0.214882 -1.28154 
0.732932 0.643846 0.305872 -0.327056 0.271249 0.0400145 -1.54523 -0.331285 1.09736 0.137744 -0.766912 -0.135306 0.544873 0.191946 0.192025 -0.235335 -1.03161 -1.11897 0.928563 0.292011 -1.10931 -0.540773 0.852514 0.580185 0.834524 0.595638 -0.534799 -0.442339 0.336953 0.818097 -0.963231 -0.972865 0.746723 0.964503 -0.247351 0.432967 0.99032 0.358681 -0.294222 
0.771094 0.681636 0.261874 -0.488661 -0.00345199 0.157345 -1.40142 -0.482828 0.871255 0.258838 -0.552706 0.211353 0.675632 -0.0451023 -0.00216355 -0.0697932 -0.627058 -1.91559 -0.169687 0.168865 -0.349201 -0.215717 0.691804 0.684633 1.12694 1.07579 -0.360811 -0.336006 0.104638 0.494955 -0.679249 -1.27934 -0.274002 0.988684 0.522743 -0.476255 -0.278197 0.226093 0.579267 
0.773102 0.703642 0.291325 -0.666138 -0.689444 0.0407013 -1.4446 -0.539552 1.00287 0.563721 -0.45969 0.474024 1.22889 -0.153553 -0.0963169 -0.0742495 -0.537591 -1.96887 -0.502444 -0.150972 -0.0708248 0.178081 0.273115 0.202075 1.0652 1.32667 -0.117361 -0.148432 -0.0473086 0.34694 1.04073 0.0831165 -0.113012 0.158796 -0.045234 -0.724576 -0.494005 -0.560094 -0.652199 
0.759334 0.698595 0.243626 -0.787637 -0.990144 0.0120285 -1.51538 -0.570242 1.03336 0.455698 -0.511628 0.782991 1.51333 -0.101794 -0.0870605 -0.121115 -0.299184 -0.724771 -0.0607597 -0.0478879 -0.211743 -0.224094 -0.206772 0.0397083 0.48552 0.264797 0.0420691 0.00283164 0.0288868 0.477264 1.56901 0.518425 0.304128 0.0426795 -0.421973 -0.458155 -0.216893 -1.27933 -1.56796 
0.786127 0.724812 0.234162 -0.858242 -1.06906 0.089182 -1.4894 -0.688144 0.902926 0.497975 -0.508161 0.691777 1.41613 -0.0211101 -0.0171521 -0.0190571 -0.0634306 -0.151253 0.0984976 0.218461 -0.0594364 -0.312668 -0.283019 -0.100241 -0.374058 -0.631021 -0.0170196 0.0126893 0.115847 0.202673 0.438779 0.337482 0.385923 0.165834 -0.0831793 -0.0893949 -0.211683 -1.11399 -1.05877 
0.810992 0.751572 0.271207 -0.874059 -1.0899 0.130386 -1.38147 -0.652712 0.875704 0.348228 -0.637284 0.475989 1.15183 -0.0394486 0.00279606 0.0556402 -0.133249 -0.24815 0.335668 0.436488 -0.0666434 -0.281056 -0.288923 -0.256167 -0.770331 -1.0553 -0.0838797 -0.138449 -0.116148 0.169701 0.542558 0.12088 0.195499 0.0950888 -0.140936 0.180671 0.291715 -0.0109105 0.0560779 
0.829004 0.786865 0.323767 -0.975963 -1.2161 0.311603 -1.2092 -0.773743 0.765864 0.387274 -0.719814 0.142858 0.794741 -0.0380822 -0.0912214 -0.16661 0.0654938 0.4485 0.250108 0.435243 0.00885371 -0.443581 -0.0180427 0.226261 -0.406283 -0.555119 -0.153047 -0.274948 -0.210277 0.445883 0.755925 -0.371892 0.132144 0.537921 -0.0520932 0.220569 0.622874 0.572898 0.552152 
0.854524 0.770849 0.176268 -0.902688 -0.897 0.315266 -1.10212 -0.705534 0.632741 0.38576 -0.582866 0.149315 0.836827 -0.138475 -0.219322 -0.223498 0.305687 0.604757 -0.0696852 0.56424 0.482437 -0.298216 0.0273345 0.479766 -0.154949 -0.358216 -0.201893 -0.199073 0.0242871 0.278187 -0.0259949 -0.257468 0.371146 0.751679 0.115761 -0.207226 0.207343 0.255302 -0.342368 
0.824464 0.747859 0.181592 -0.89692 -0.946948 0.356168 -0.843298 -0.620964 0.61762 0.449637 -0.525582 -0.0303827 0.600351 -0.195055 -0.231045 -0.117848 0.316192 0.373676 -0.0259157 0.898853 0.790015 -0.245822 -0.251647 0.448451 -0.143203 -0.978146 -0.0970376 -0.035546 0.159382 0.175373 0.0569867 0.0696635 0.0192187 -0.221012 -0.292518 -0.179214 0.083514 0.159382 -0.245623 
0.822892 0.726509 0.121819 -0.818936 -0.74061 0.379036 -0.511702 -0.419224 0.518638 0.295457 -0.405905 -0.0167551 0.262695 -0.171056 -0.181782 0.0141149 0.440977 0.628389 0.0240367 0.533305 0.207531 -0.623212 -0.170266 0.548859 0.00172713 -0.6601 -0.153252 -0.0194566 0.308671 0.141944 -0.281962 0.137032 -0.337412 -1.22213 -0.62582 0.31625 0.0379948 -0.151832 0.5274 
0.804323 0.725933 0.236717 -0.75723 -0.666267 0.441854 -0.498147 -0.587533 0.257611 0.403868 -0.293243 -0.107975 0.22104 -0.294324 -0.176054 0.328458 0.413959 -0.00484779 0.143951 0.366762 -0.571818 -0.997574 0.187594 0.461266 -0.33175 -0.312059 -0.301104 -0.151938 0.210391 -0.0740714 -0.328157 0.482536 -0.109833 -0.764157 0.15347 0.457155 -0.462596 -0.173064 1.25632 
0.743725 0.70719 0.437955 -0.691357 -0.768927 0.517337 -0.278291 -0.724138 -0.0853043 0.445518 -0.221876 -0.297929 0.0965786 -0.445725 -0.270483 0.323034 0.296269 0.195056 0.584415 0.321019 -0.657076 -0.377171 0.450086 -0.0572343 -0.210372 0.918729 -0.249601 -0.197035 -0.0248964 -0.102699 0.116962 0.383757 0.0972174 0.418855 1.05543 0.41591 -0.492717 0.224692 1.13524 
0.652661 0.66365 0.548349 -0.682408 -0.597037 0.773418 -0.295429 -0.929461 0.0579208 0.697571 -0.39518 -0.31505 0.80885 -0.507894 -0.313667 0.308466 0.237116 0.0899441 0.592682 0.445435 -0.15201 0.403325 0.754931 -0.182067 -0.102626 1.11516 -0.118951 -0.0904569 -0.00547203 -0.0946948 -0.287763 0.0419364 0.243455 0.628757 0.752017 0.424717 0.0127612 -0.00910498 -0.522981 
0.562294 0.625259 0.737491 -0.643053 -0.750988 0.852528 0.00790345 -0.846798 0.223573 0.906039 -0.392661 -0.439227 0.804713 -0.504302 -0.2925 0.330196 0.128411 -0.19035 0.646797 0.605191 -0.00937408 0.635243 1.02874 -0.075617 -0.240594 0.269541 0.101641 -0.0128081 -0.291738 -0.181976 0.186024 -0.0902341 0.0144157 0.340556 0.0611056 -0.192188 0.172638 0.19381 -0.863482 
0.472949 0.59135 0.865928 -0.682834 -0.715872 1.13235 0.0979543 -0.990197 0.517915 1.30793 -0.507256 -0.540575 0.998996 -0.30478 -0.251465 -0.0845473 -0.0287144 0.266676 0.505677 0.40775 0.182788 0.531104 0.540655 -0.00278459 0.0922412 0.039598 0.311953 0.0681303 -0.458349 -0.0822736 0.0498414 -0.77364 0.0575075 0.64471 -0.698689 -1.02799 0.384576 0.230765 -0.781807 
0.478121 0.571628 0.710692 -0.713913 -0.64681 1.14954 0.268814 -0.824108 0.61571 1.2493 -0.464567 -0.461563 0.854006 -0.0516926 -0.142511 -0.295725 -0.0255046 -0.175196 -0.212638 0.628061 0.655648 -0.20981 -0.259828 0.365696 -0.0047329 -0.703747 0.236701 0.0824694 -0.186992 0.203083 -0.010386 -0.972756 -0.163351 0.576036 -0.437729 -0.871545 -0.0105504 -0.501765 -0.6997 
0.509964 0.587291 0.66378 -0.752255 -0.827313 1.11419 0.506682 -0.762221 0.427276 1.21315 -0.375936 -0.622111 0.592949 0.0585573 -0.0859244 -0.331134 0.137681 0.210372 -0.578812 0.120259 0.77325 0.0201803 -0.546826 -0.0499886 -0.484478 -0.830875 -0.0616104 -0.00884483 0.164874 0.289069 0.490234 -0.135491 -0.613128 -0.341622 0.262699 -0.188648 -0.759914 -0.776257 0.272225 
0.567927 0.593315 0.479143 -0.710182 -0.570107 0.970719 0.336833 -0.545076 0.674932 0.997472 -0.562508 -0.835974 0.370086 -0.0422463 -0.0760109 -0.050435 0.237409 0.362475 -0.350796 -0.291478 0.249794 0.176086 -0.469553 -0.607987 -0.885941 -0.357188 -0.248931 -0.053874 0.405944 0.134047 -0.306154 0.372423 -0.229936 -1.21602 -0.536426 0.126124 -0.21936 -0.126231 0.776423 
0.551502 0.613488 0.665306 -0.703819 -0.676388 1.03542 0.298448 -0.710441 0.588085 1.0036 -0.781627 -1.24161 0.399189 -0.154217 -0.0682632 0.251151 0.226584 -0.196855 -0.142892 -0.2608 -0.581952 -0.617113 -0.351962 -0.355356 -0.644626 0.147035 -0.104966 -0.0541615 0.0866322 -0.0076493 -0.244801 0.193499 0.213972 -0.381169 -0.724842 -0.577566 0.0364037 0.321342 0.115431 
0.555849 0.623038 0.731088 -0.666599 -0.692117 0.983162 0.149183 -0.85439 0.318897 0.852274 -0.828866 -1.30815 0.48519 -0.0842335 -0.0586615 0.0854803 0.167259 0.0280431 -0.117107 -0.0487374 -0.198997 -0.702453 -1.17917 -0.597139 -0.549606 -0.206964 -0.131227 -0.145084 -0.0938028 -0.0346415 0.0907915 0.370429 0.801083 0.824018 0.128997 -0.411474 -0.0619157 0.00866498 -0.688001 
0.572934 0.647579 0.779688 -0.68683 -0.688655 1.05917 0.253081 -0.8535 0.176443 0.405739 -1.18133 -1.65578 0.297449 -0.227359 -0.149529 0.134835 0.126135 -0.133114 0.290775 0.806979 0.277748 -0.402407 -0.848095 -0.466066 -0.655136 -0.708789 -0.412836 -0.380536 -0.00506728 0.28278 0.347264 0.111369 0.102926 0.177414 0.544405 1.14908 0.701815 0.750321 0.343702 
0.508749 0.615786 0.886451 -0.668044 -0.783023 1.18589 0.677954 -0.790475 0.102762 0.435581 -1.15628 -1.78675 0.0760541 -0.491451 -0.395301 0.0932079 0.423113 0.396083 0.0237532 0.0379563 -0.0413246 0.0441378 0.330546 0.236392 0.262589 0.229098 -0.402989 -0.480788 -0.433698 -0.212564 0.436862 0.190385 -0.286639 0.195758 1.12902 1.2556 0.38754 0.977128 0.940437 
0.399377 0.528507 0.900487 -0.555147 -0.521331 1.14474 0.26588 -0.928106 0.251276 0.634027 -1.12133 -1.57412 0.462822 -0.622894 -0.594904 -0.456626 -0.17403 0.341232 0.520944 0.346238 0.455336 1.09272 0.798537 -0.0210888 0.40865 0.474497 -0.467106 -0.899855 -0.890451 0.896419 0.648522 -2.49407 -0.25434 2.1595 -0.42957 -1.25146 1.5841 2.22203 -0.823528 
0.272251 0.405899 0.5507 -0.804045 -0.642464 1.4896 0.897593 -0.649462 0.860845 0.919965 -1.23829 -1.61592 0.391748 -0.963051 -1.2952 -1.13675 1.36777 1.12156 -2.78022 -0.377397 2.26833 -0.456339 -1.24525 2.16074 2.70732 -0.796431 0.455494 0.478338 0.316054 0.209885 -0.250531 -0.474161 -0.205156 -0.387197 -0.892119 -0.646745 0.0446868 -0.350252 -0.383472 
