-1.82684 -1.7237 -0.150794 1.14376 -0.920525 -1.00681 1.00071 0.688032 -0.806542 -0.280651 0.809006 1.645 1.35091 -3.84242 -3.9286 -0.899792 2.9963 -0.500787 -2.07518 1.86764 2.25565 -1.13774 -0.340192 2.174 2.62067 1.25096 0.100661 -0.115027 -0.407818 0.699796 0.660383 -0.182489 0.480551 0.806032 -0.331059 0.184569 0.953585 -0.379896 -0.567538 
-1.77913 -1.7686 -0.647654 1.24669 -0.431583 -1.0839 1.24592 1.23123 -0.806019 -0.236408 1.18798 1.77671 1.01605 0.210893 -0.0549832 -0.660382 0.757731 1.09868 -0.183203 0.579264 1.04918 -0.414563 0.273392 1.14424 -0.485892 -0.843881 3.23571 3.16436 0.385805 -1.2253 0.897633 0.426534 -1.18941 -0.517908 0.46238 0.156198 -0.821072 -2.97877 -2.13346 
-1.68051 -1.69688 -0.611441 1.42814 -0.0732986 -1.06118 1.37393 1.23217 -1.08584 -0.0468084 1.41098 1.22439 0.631824 0.0198444 -0.226097 -0.363883 1.53378 0.965336 -1.59506 0.251539 1.59252 -0.503738 -0.109933 1.21243 -1.17664 -1.75665 -0.0319133 0.10779 0.45502 0.153453 -0.493153 -1.41699 -0.602071 0.167761 -0.171934 -1.25909 -0.646214 1.01769 -0.0981371 
-1.72355 -1.82109 -0.876703 1.86468 0.309029 -1.90654 1.39716 2.08481 -1.15027 -0.296346 1.82876 0.867514 -0.459076 0.267377 0.145335 -0.0201394 0.885355 0.410843 -1.71098 -0.264711 1.27286 -0.618833 -1.64805 0.390157 0.808986 -1.03916 0.105794 0.363571 0.30669 -1.57348 -0.552313 1.72066 -0.571778 -1.56261 0.558808 -0.232296 -1.4664 1.82649 2.00841 
-1.50735 -1.57721 -0.571987 1.76738 0.223985 -1.94689 1.17549 1.90369 -1.51392 -1.28556 1.58383 1.71966 -0.249012 0.236716 0.267292 0.0527688 -0.330308 0.185871 0.294575 -0.552612 -0.421768 0.257703 -0.47031 -0.514888 1.14878 0.958824 -0.519963 -0.497066 -0.510923 -1.504 -0.485597 1.74112 -0.358684 -2.33622 0.444885 2.01376 -0.0443693 -1.32442 0.858638 
-1.56496 -1.6449 -0.780299 1.68133 0.426443 -1.70092 1.0037 1.79122 -0.939932 -0.632477 1.48657 1.60313 0.314996 -0.244568 -0.347383 -0.835941 -0.898597 -0.265296 0.200945 -0.788724 -1.74197 -0.00794608 1.4063 0.350223 -0.88039 0.0875993 -0.284662 -0.4406 -0.739613 -0.884803 -0.30922 1.01327 0.861378 -0.390996 -0.412775 1.36293 1.40111 -1.84776 -1.83824 
-1.57737 -1.68592 -1.16977 1.33973 -0.0193176 -1.79222 0.622095 0.858234 -1.49706 -0.183456 1.73395 1.02001 -0.196566 -0.00117528 -0.160729 -1.10775 -1.40013 -0.217105 1.41375 0.527296 -0.920754 -0.264851 1.59457 1.16039 -1.20743 -1.64087 1.25304 1.48268 1.55116 2.09573 1.54461 1.61074 1.44637 2.13126 -0.475052 -1.98173 -0.890668 -0.616698 -2.32037 
-1.51937 -1.6671 -1.59039 1.03808 0.22167 -0.886297 1.34172 1.21346 -1.11019 0.613916 2.09774 0.672162 -1.06423 1.3085 1.42827 1.4566 1.46909 2.20282 1.97087 1.06022 1.02118 -0.612802 -1.61378 -0.693933 -1.66801 -3.17829 1.30433 1.51895 1.48989 2.04282 1.3862 -0.572318 -1.00926 -0.127424 -0.806795 -2.47331 -1.92567 0.194485 -0.0640839 
-0.909647 -0.971615 0.0231871 1.92991 1.71069 -0.67444 1.3211 1.38642 -1.92075 -1.39594 1.28987 -0.236737 -2.84922 1.61162 1.65649 1.09243 0.906544 2.00568 0.805957 -0.851981 -1.07885 -1.30812 -2.17286 -1.1119 -0.96146 -1.78909 -1.29361 -1.49555 -1.83903 -3.40571 -1.98629 -0.0680711 -0.793809 -2.31715 0.414144 1.81397 0.488906 0.918674 2.93689 
-0.707643 -0.847013 -0.681897 1.38643 1.79405 -0.402407 0.745485 0.545652 -2.0403 -1.02705 1.4158 -0.0848297 -2.56622 -0.104509 -0.208492 -1.36116 -2.50813 -0.797495 1.91228 -0.0358153 -1.96898 -0.0425418 1.13683 -0.10108 -0.499294 0.820125 -1.60967 -1.13603 0.644527 -1.49298 -2.64189 0.81199 1.40009 0.0426378 1.65728 2.48322 0.109934 -0.2389 2.01059 
-0.913143 -1.01595 -0.984848 0.810353 1.04188 0.411464 1.2777 0.21168 -1.92909 -0.500362 1.18316 -0.666831 -2.19003 -0.169495 0.431647 2.01833 -0.864701 -2.01 1.70591 0.93613 -1.017 0.904998 1.59522 -0.968736 -1.2677 0.929393 2.04348 2.60958 2.70014 1.56054 0.00245535 -2.66062 -1.561 2.02128 3.03882 -0.256778 -2.46836 0.228397 0.514221 
-0.74201 -0.594642 0.949836 0.973357 0.155825 0.571195 1.36044 -0.0869271 -1.35852 0.219841 0.815342 -1.05843 -1.81653 2.36918 2.85834 2.66333 -0.757689 -0.717768 -0.970006 -2.14043 0.651925 3.99636 0.739232 -3.01733 -0.210114 1.47098 2.56203 1.72347 -2.11741 -0.908287 2.28416 -2.92789 -3.45594 1.34188 1.77817 -1.59427 -1.23835 1.89092 0.070942 
0.258442 0.361197 1.1507 0.44328 0.436821 -0.0710474 -0.191278 0.529573 1.00425 0.0905001 -0.583096 -0.892383 -0.991744 2.90814 2.48319 -1.21905 -1.9616 1.60348 -1.46749 -3.65961 0.725208 3.27789 -0.835789 -2.42546 1.13983 0.967742 -1.11535 -1.99542 -3.09471 -0.469826 1.12289 -0.150719 0.080631 -0.717976 -2.91486 -1.3724 2.19549 1.49901 -0.282743 
0.685602 0.60862 0.0528058 0.0887458 1.40665 -0.182025 -1.13757 0.272701 1.05153 -0.396393 -0.614098 -0.329147 -1.03507 1.16379 0.648827 -2.04722 -1.34891 1.09722 -1.11861 -2.08691 -0.269959 0.167177 -1.35447 -0.399444 1.69805 1.02062 -2.21275 -2.00748 0.302446 0.826491 -1.30425 0.717626 2.24966 -0.816574 -2.55966 0.224031 1.85218 -0.2981 0.0566825 
0.857428 0.714231 -0.393221 -0.177944 1.28287 -0.63442 -1.624 0.322443 1.14865 -0.923248 -0.85959 0.231742 -0.166487 0.424615 0.259858 -0.808794 -1.05775 -0.340537 -0.670319 -0.754632 -0.324197 -0.0818787 -0.502402 -0.214938 0.758157 0.986387 -1.01607 -0.57961 1.22415 0.597475 -1.02373 1.33598 1.71073 -0.126956 -0.262745 1.09283 0.541752 -1.18591 -0.588663 
0.933457 0.781367 -0.523769 -0.407317 1.10319 -0.50146 -1.66787 0.0346823 1.01454 -0.757118 -0.785595 0.130175 -0.238168 0.074024 0.0615298 -0.247595 -0.709182 -0.412355 0.352057 0.10958 -0.427451 -0.157105 0.299778 0.256117 0.185158 0.147551 -0.48102 -0.306174 0.533695 0.529968 -0.200016 0.685163 0.749291 0.0736755 -0.0461455 0.428582 0.31397 -0.0244848 -0.00232132 
0.93874 0.795053 -0.531435 -0.524165 0.921995 -0.397523 -1.56892 0.0256197 1.05687 -0.669184 -0.763023 0.285772 -0.0643837 -0.0419735 -0.0141388 -0.0499588 -0.495884 -0.574385 0.0914947 0.177924 -0.222205 -0.119913 0.141968 0.170336 0.725121 0.923503 -0.189803 -0.14768 0.148569 0.144288 -0.351668 -0.349571 0.345194 0.220185 -0.341863 -0.289868 0.0327953 0.439932 0.57592 
0.959667 0.827117 -0.507607 -0.661845 0.612764 -0.406349 -1.56649 -0.145251 0.949841 -0.623999 -0.737843 0.56613 0.506648 -0.0533847 -0.0308669 -0.069291 -0.592129 -0.881072 -0.0131247 0.510901 -0.135971 -0.585945 -0.148127 0.307747 0.743871 0.88366 -0.140641 -0.151034 -0.0215959 0.179062 0.0513721 0.0538118 0.149953 0.0222259 -0.187709 -0.0624423 0.0533548 -0.169947 -0.167561 
0.959529 0.833049 -0.530374 -0.820066 0.186368 -0.359342 -1.242 -0.105203 0.652742 -0.758393 -0.637074 0.734989 0.647431 -0.112124 -0.110378 -0.128158 -0.338724 -0.418898 0.165663 0.322576 -0.186754 -0.345031 0.0398234 0.246362 0.506742 0.632297 -0.125291 -0.177683 -0.0955866 0.521268 0.543293 0.0723485 -0.144119 0.309548 0.323988 0.0216484 -0.150702 -0.49892 -0.527521 
0.952553 0.82826 -0.552527 -0.848813 0.246653 -0.270879 -1.36713 -0.304995 0.721184 -0.569164 -0.646827 0.847622 1.01026 -0.105657 -0.157641 -0.259022 -0.0402976 0.0362719 0.0812331 0.26896 0.271085 -0.13483 -0.122426 0.141639 0.106322 0.0950735 -0.0362664 -0.0730641 -0.104246 0.0645181 0.103395 0.172161 0.349003 0.513039 -0.0181415 -0.160403 0.0652197 -0.332559 -0.68795 
0.955487 0.812286 -0.677514 -0.878746 0.184174 -0.269815 -1.07896 -0.00420192 0.577183 -0.827906 -0.605654 0.733258 0.706068 -0.0607103 -0.11728 -0.330941 -0.313671 -0.182842 0.368733 0.728905 0.483486 -0.346057 -0.211252 0.336467 0.0811655 -0.377964 -0.014903 -0.0181647 -0.0169149 0.0192327 0.0852685 0.192381 0.0205421 -0.092866 -0.0657831 -0.0185659 0.0262582 -0.0164423 -0.248276 
0.969862 0.826204 -0.755843 -1.02501 0.0692738 -0.0249076 -0.892548 -0.0830294 0.49178 -0.706753 -0.504535 0.828096 0.677086 -0.0293611 -0.10164 -0.330165 -0.0674727 0.244255 0.306326 0.243486 0.157683 -0.198816 -0.157865 0.185512 0.0835344 -0.307662 -0.0842006 -0.0746167 0.125606 0.544695 0.326575 -0.194728 -0.320555 -0.166192 0.0245351 -0.103118 -0.347126 -0.511341 -0.151478 
0.987688 0.817479 -0.880224 -0.949109 0.348267 -0.0578028 -0.933179 0.0322149 0.455019 -0.924579 -0.549266 0.715408 0.431123 -0.0651249 -0.125961 -0.187251 0.265179 0.398862 0.172201 0.255017 0.275248 -0.290684 -0.375237 -0.0627198 -0.57221 -0.646948 -0.151623 -0.132801 0.164531 0.501748 0.0374661 -0.155003 0.211002 -0.0409989 -0.381927 0.018554 0.102159 -0.765157 -0.301409 
0.985074 0.820124 -0.846922 -0.952372 0.356978 0.11412 -0.738953 0.020342 0.302706 -0.97002 -0.589409 0.346427 0.121115 -0.112302 -0.176988 -0.127799 0.461846 0.378204 0.153061 0.468394 0.111362 -0.680603 -0.136869 0.319449 -0.893248 -0.783815 -0.199599 -0.128929 0.233992 0.322421 0.000597092 0.043119 -0.118778 -0.434064 0.0344041 0.435583 0.186967 -0.0340982 0.351622 
0.98049 0.787748 -0.924864 -0.791927 0.619456 0.0708093 -0.635051 0.0422515 -0.0180467 -1.00516 -0.416659 0.0066637 -0.238214 -0.203944 -0.196874 0.119818 0.587677 0.475711 0.234723 0.0463901 -0.279441 -0.222268 0.279777 0.171851 -0.617495 -0.220765 -0.351844 -0.096221 0.538856 -0.277428 -0.329881 1.00824 -0.172748 -0.694125 0.95365 0.843634 -0.514729 0.235266 0.748993 
0.934342 0.781176 -0.698145 -0.741099 0.706125 0.287169 -0.726674 -0.192188 0.163462 -0.731284 -0.540796 -0.167272 -0.0818534 -0.428439 -0.210423 0.638817 0.0925262 -0.0567717 1.26676 0.188817 -0.779674 0.602642 1.13851 -0.278616 -0.595315 0.191441 -0.453802 -0.185364 0.559624 -0.44743 -0.830519 0.795637 0.450261 -0.217211 0.752684 0.953011 -0.100117 0.151942 0.529596 
0.823116 0.74252 -0.370691 -0.793509 0.542872 0.805445 -0.526298 -0.455167 0.443521 -0.108288 -0.624393 -0.491348 -0.0997568 -0.638832 -0.332448 0.917739 0.0222913 -0.734622 1.11686 0.585834 -0.553663 0.795389 1.72145 0.0657664 -0.425732 0.451336 -0.328115 -0.2653 0.144441 -0.001544 -0.590966 -0.385316 0.475641 0.444696 0.209549 0.537981 0.509464 0.337848 0.588853 
0.677025 0.67939 0.0738979 -0.772873 0.0875875 0.940238 -0.348998 -0.560891 0.765414 0.612349 -0.552552 -0.545334 0.271872 -0.71694 -0.437587 0.810898 0.041389 -0.896099 0.862641 0.761626 -0.197824 0.902521 1.94921 0.338631 -0.166675 0.94542 -0.0972532 -0.14027 -0.149534 -0.0752921 -0.17756 -0.223597 0.25783 0.264004 -0.203578 -0.105194 0.250363 0.431536 0.45617 
0.528694 0.592002 0.317898 -0.817073 -0.20477 1.32018 -0.0295474 -0.621215 1.1235 1.4099 -0.480869 -0.686175 0.663213 -0.658449 -0.416354 0.646689 -0.113901 -0.933691 0.888885 0.872304 -0.205511 0.549299 1.55431 0.375563 0.122284 1.02198 0.0459732 0.079582 0.142398 -0.0575062 -0.378795 -0.361456 0.259735 -0.125118 -0.931811 -0.744422 0.178996 0.468841 -0.34223 
0.410389 0.538713 0.63422 -0.863194 -0.69011 1.46925 0.22272 -0.731317 1.18813 1.82789 -0.388011 -0.535776 1.09825 -0.569741 -0.269589 0.979901 -0.0742906 -1.40683 0.484515 1.0506 -0.35294 -0.305965 0.810234 0.563744 0.428873 0.412862 0.179173 0.209402 0.223268 0.198702 -0.164684 -0.725868 -0.144138 -0.19102 -0.829713 -0.852294 -0.0633856 -0.144565 -1.05479 
0.304197 0.51935 1.1385 -0.890366 -1.36075 1.62915 0.662941 -0.875604 0.923297 2.05518 -0.209241 -0.459761 0.985071 -0.356114 -0.0996097 0.937593 0.0659097 -1.11282 0.113855 0.630338 -0.445861 -0.524259 0.251335 0.313064 -0.0637557 -0.495173 0.256804 0.111101 -0.285086 0.41396 0.634562 -0.919231 -0.951848 -0.0854675 0.0505611 -0.522419 -0.611238 -0.658431 -0.347801 
0.287372 0.544847 1.42177 -0.876217 -1.61102 1.57653 0.630541 -1.03863 0.828935 2.04482 -0.259037 -0.657807 0.667997 -0.17699 -0.0654778 0.504523 0.353781 -0.348134 -0.50112 -0.253199 -0.456774 -0.216197 0.00877619 -0.148839 -0.411921 -0.127393 0.200654 -0.00712265 -0.49285 0.298223 0.554104 -0.875236 -0.639805 0.0949865 -0.106856 -0.556198 -0.723381 -0.903193 0.0824663 
0.266269 0.541304 1.58777 -0.77964 -1.67028 1.40179 0.472292 -1.18913 0.788475 2.08622 -0.343122 -0.828055 0.859441 -0.0287594 -0.030957 0.149035 0.3605 -0.178734 -0.823863 -0.263244 -0.316306 -0.642525 -0.601477 -0.532589 -1.21642 -0.440901 0.0704501 -0.0190746 -0.213255 0.222029 0.476112 0.038502 -0.466035 -0.815838 -0.734246 -0.709946 -0.771046 -0.872935 -0.136058 
0.319859 0.582801 1.59337 -0.762603 -1.78512 1.17355 0.433088 -1.27215 0.383602 1.60817 -0.6113 -1.59514 0.282692 -0.00128373 -0.0105195 0.137422 0.560495 0.465163 -0.443627 -0.918338 -1.50523 -1.16359 -1.07778 -1.05105 -1.52603 -0.37507 -0.447863 -0.460955 -0.0963317 0.626335 0.791637 0.681442 -0.472664 -0.600039 -0.00153001 -0.216696 -0.105736 0.892283 0.208769 
0.311808 0.588732 1.7503 -0.580051 -1.32957 1.20571 -0.168894 -2.09976 -0.0363687 1.28452 -0.990427 -1.98438 0.528663 -0.45673 -0.4823 -0.0418191 1.03351 1.12323 -0.0661019 -0.937098 -1.08566 -0.621599 -0.938137 -0.645341 -0.0813317 -0.212107 -0.566216 -0.482194 0.106459 -0.0781598 -0.76477 -0.431794 1.06741 2.21326 1.05489 -0.0264727 0.248136 1.5697 0.623688 
0.149046 0.411558 1.61589 -0.359675 -0.918268 1.1829 -0.220805 -1.94383 -0.0464889 0.913494 -1.02773 -1.7296 0.0868941 -0.567099 -0.486198 0.25225 0.420995 -0.643342 -0.898363 0.43243 1.36398 0.253451 -1.12524 -0.743897 0.472201 0.427044 -0.173356 -0.0227824 0.291732 -0.907322 -1.70819 -0.818733 1.32909 1.72567 0.533705 0.36906 0.558326 0.651127 0.650951 
0.0885658 0.415682 2.00252 -0.440431 -1.87513 0.762186 0.104872 -1.37634 0.170871 0.446449 -1.46294 -1.72732 0.862268 -0.564983 -0.43159 0.352287 -0.0622806 -1.44638 -0.942279 0.757678 1.15293 0.106668 -0.384259 0.0298865 0.746481 0.627677 0.16301 -0.523912 -1.88468 0.649526 1.90591 -0.551948 -0.385293 0.881245 -0.410193 0.34085 2.85551 1.6328 -1.0017 
-0.0731912 0.263819 1.94625 -0.427805 -2.10587 0.715476 0.27327 -1.34061 0.0538427 0.643313 -1.0599 -1.27854 0.586681 -0.283589 -1.00968 -2.63433 1.12075 2.38433 -1.48397 -0.126564 2.51044 -0.265691 -0.614253 2.65717 2.55084 -1.01674 0.40468 0.309635 -0.203427 0.0967964 0.884888 0.850855 -0.536427 -0.896618 -0.0980791 0.257492 -0.0359019 -0.584411 -0.411069 
