-1.94841 -1.93768 0.638212 1.1485 -1.60878 -0.135058 1.74821 1.24605 -0.189546 2.01857 2.28728 1.54709 1.81171 -4.31054 -4.22916 1.11694 2.71852 -2.99495 -0.283106 2.32354 0.299066 -0.714391 1.90561 2.87823 1.49882 1.65659 0.0436543 0.0696895 0.30912 0.562556 0.0377318 -0.600498 -0.320003 -0.412103 -0.539959 -0.427446 -0.515848 -0.774362 -0.440734 
-1.88951 -1.84377 0.889059 1.0568 -1.79067 -0.132846 1.45036 0.170088 -0.542374 1.86628 1.89268 1.13139 1.72521 0.134749 0.157065 0.417459 0.57541 0.145631 -0.875645 -0.517172 -0.638873 -0.702377 -0.709166 -0.780473 -1.17504 -0.7815 3.84177 3.56849 -0.718475 -2.01835 2.62319 -0.29732 -1.34234 0.205435 -0.339006 -2.33224 -2.3107 -1.405 -1.64235 
-1.83803 -1.81255 0.982715 1.33871 -1.51939 -0.595534 1.37912 0.642292 -0.722833 1.26591 1.65972 0.52677 0.944546 0.110309 0.0402509 -0.00843681 0.607779 0.231694 -0.748118 0.335455 0.706494 -1.14953 -1.69149 -0.547342 -0.628994 -1.07791 0.0220515 -0.0871765 -0.626234 -0.572063 0.239644 0.441828 0.17267 0.140741 -0.0707828 -0.0772384 0.600481 1.1208 0.570118 
-1.79013 -1.77107 0.901995 1.2601 -1.64976 -0.522809 1.62737 0.676324 -1.41387 0.129736 1.42571 0.550485 0.54288 0.24512 0.129756 -0.569425 -0.0300669 0.531875 -0.339529 -0.325499 -0.341056 -0.780827 -0.887369 0.0842078 0.513108 0.0799473 0.542917 0.473508 -0.392649 -0.651803 0.796919 0.374611 -0.596392 -0.371782 0.931712 1.18648 0.849922 0.920898 0.965843 
-1.678 -1.69968 0.558913 1.2841 -1.19878 -0.759578 1.1328 0.284249 -1.31546 0.334769 1.62778 0.864938 0.993341 0.808467 0.671948 -0.644616 -0.0806895 1.28203 -0.303043 -0.579377 0.135939 0.105169 0.0462728 0.684945 0.757147 0.426713 -0.228929 -0.257514 -0.116405 0.0838369 -0.306231 -0.0584408 0.488777 0.952822 0.839109 0.718324 0.199382 -0.442318 0.124896 
-1.37665 -1.41482 0.419655 1.18502 -0.880091 -0.666679 1.21844 0.711824 -1.33636 0.133719 1.80757 1.08504 0.960385 0.0722647 -0.0977606 -0.79085 0.047103 0.267616 -0.480994 0.320979 1.33268 0.350731 0.140609 0.357783 -0.160287 0.21777 -1.12301 -1.14009 -0.259457 0.12348 -1.48459 -0.59114 0.574312 0.758029 0.31252 0.13884 -0.401997 -0.869211 -0.139195 
-1.59573 -1.68893 -0.0372724 1.2607 -1.03637 -1.00184 1.30054 1.30711 -1.05221 0.43324 1.78429 0.661212 1.18868 -0.373344 -0.592911 -1.08082 0.0377398 -0.386454 -1.16601 0.190167 1.47963 0.536449 0.195675 0.0722567 -0.561193 0.135307 0.614152 0.882069 1.59406 1.42902 1.17109 -0.334981 -1.35771 -2.32894 -1.92295 -1.91198 -2.19607 -1.74236 -1.60705 
-1.49486 -1.62634 -0.402276 1.15783 -1.10923 -1.28771 1.3024 1.85594 -0.93265 0.287342 1.7674 0.558693 1.06804 0.850809 1.01414 1.55583 1.52431 1.76383 -0.997014 -1.68922 -2.55391 -2.1908 -2.81932 -2.89886 -2.79778 -2.45936 1.45577 1.82643 2.07224 1.11218 2.06224 0.812687 -1.26428 -2.46648 -1.77108 -1.70572 -1.60237 -0.725342 -1.37772 
-1.1632 -1.17907 1.19347 1.83461 0.0217283 -1.52943 0.180761 -0.876636 -2.71128 -2.43293 -0.302489 -1.66496 -1.46252 1.35495 1.62896 1.9838 1.18519 2.17173 -0.127595 -1.68561 -2.63999 -1.80311 -2.45152 -2.30944 -1.66218 -2.16908 -0.546471 -0.757583 -1.69704 -2.34324 -1.00834 1.94491 1.99035 2.86031 2.86375 2.58301 2.78322 2.8507 1.8064 
-0.835524 -0.840497 1.16165 1.59462 0.193052 -1.33457 0.184935 -0.398835 -2.29849 -2.21045 0.0866356 -0.853635 -1.27451 0.319613 0.198866 -1.03876 -0.924579 0.662893 1.57493 1.11769 2.3517 1.6332 1.03578 1.18256 1.5039 0.411423 -1.5208 -1.65816 -1.16035 -0.683033 -0.750296 1.92399 2.34156 2.8224 2.43213 2.28819 2.09542 2.2181 2.48526 
-0.969656 -1.03517 0.404279 1.41829 0.420767 -0.634916 0.858785 0.98697 -1.47803 -1.43786 0.422151 -0.529483 -1.06127 -0.27576 -0.244822 0.194993 0.464217 1.37829 2.41601 1.6266 2.20139 1.4469 0.956581 0.758355 1.68377 1.80506 1.17148 1.59034 2.12863 0.6514 0.471672 -0.0885947 -1.26924 -1.43241 0.670532 0.869648 -0.729189 -1.29376 -1.13752 
-0.90983 -0.895765 1.33296 1.73987 1.02035 0.0249968 1.18891 1.34077 -1.20615 -1.29471 0.519072 0.426588 0.608559 1.72709 2.14324 2.11051 -0.2567 1.32564 1.39262 -0.765214 -0.0158833 2.54058 2.29319 0.0876784 -0.455848 -1.50257 2.71728 2.56614 -0.723125 -2.80992 -0.355286 -2.87296 -3.38109 -1.34762 1.57539 0.511892 -1.34424 -1.92728 -2.58969 
-0.1429 -0.0184827 2.06685 1.27204 1.21655 0.158792 0.330827 0.89721 0.44153 0.816622 0.392603 -0.971053 -2.69514 2.87612 2.84648 -0.937364 -2.47038 1.05557 -1.53753 -3.29478 -0.022526 3.5576 1.67158 -1.24294 -1.23309 -2.46916 -0.145898 -0.906991 -3.62637 -1.96488 -0.266803 -2.60991 -1.30618 0.15901 -0.923074 -2.08071 -0.723788 1.01961 1.40605 
0.433866 0.436596 0.622711 0.698503 1.65446 -0.801453 -0.959216 1.24552 1.48264 0.33717 -0.427048 -0.640446 -2.05306 1.64793 1.15236 -3.38079 -2.31179 1.10836 -2.20464 -2.70127 0.312886 1.32872 -0.92255 -0.99924 1.07943 0.717524 -2.11295 -2.18607 -0.540012 0.838746 -0.987085 0.931204 1.74852 -0.370916 -3.04453 -1.79103 0.800294 1.64357 1.91553 
0.648245 0.553418 -0.545642 0.294797 1.88226 -1.03652 -1.43716 1.0787 1.44449 -0.14976 -0.385651 -0.177151 -1.96842 0.577191 0.352211 -1.79479 -1.60751 -0.0200404 -0.338589 -0.83583 -0.591615 -0.47545 -1.10496 -0.083786 1.24485 0.578993 -1.38582 -0.887023 1.99174 0.940532 -2.07973 1.84899 2.00618 -0.43383 -1.22196 0.375207 0.52526 -0.199447 0.34069 
0.743295 0.649325 -0.75506 0.00604026 1.64467 -0.964977 -1.5324 0.680758 1.12099 -0.811912 -0.574707 0.286574 -1.47364 0.169553 0.18494 -0.437032 -1.34299 -1.26932 0.237382 0.128401 -0.362797 -0.280604 -0.414784 -0.245413 0.772967 1.20608 -0.483754 -0.312389 0.713317 0.359901 -0.854598 0.505334 0.712366 0.149063 0.392857 1.08265 0.360011 -0.503413 0.244427 
0.774281 0.691063 -0.866374 -0.290706 1.12461 -0.881575 -1.39276 0.702719 1.23021 -0.607567 -0.644645 0.370131 -0.722235 0.11677 0.0601955 -0.77047 -1.24302 -0.937773 0.283541 0.132343 -0.279698 0.0626652 0.475387 0.42651 0.479159 0.911091 -0.164646 -0.252759 -0.234913 0.60525 0.730491 -0.21985 -0.155299 0.173781 0.296448 0.345526 0.236496 -0.147038 -0.169455 
0.845585 0.730974 -1.33538 -0.539038 1.0855 -0.78451 -1.48548 0.373338 1.16635 -0.378132 -0.370856 0.597423 -0.54111 0.069239 -0.0369878 -0.836385 -0.723148 -0.298151 -0.1227 -0.151799 -0.00900104 0.129304 0.047982 0.0828562 0.545679 0.86549 -0.25471 -0.215765 0.335652 0.849548 0.31596 -0.187836 0.0137391 0.118358 -0.0913301 -0.289787 -0.247166 0.12545 0.14565 
0.855187 0.729088 -1.49801 -0.625569 0.948333 -0.925729 -1.52784 0.618637 1.32598 -0.601872 -0.677515 0.73451 0.161812 -0.0851797 -0.118251 -0.313175 -0.368915 -0.460586 -0.0331814 0.09535 -0.0198066 -0.0431092 -0.0250687 0.0419994 0.663544 1.08265 -0.140259 -0.0222247 0.506339 0.18308 -0.365128 0.388561 0.375896 -0.111661 -0.312499 -0.0695433 0.0312718 -0.0194074 -0.20722 
0.857019 0.732522 -1.55969 -0.730665 0.811984 -0.779166 -1.46226 0.280341 1.13171 -0.445604 -0.43187 1.05665 0.573835 -0.0035539 0.012045 -0.12282 -0.542688 -0.632597 0.341268 0.33227 -0.138831 -0.270589 -0.118554 0.108684 0.511215 0.463522 -0.0654596 0.0169907 0.38954 0.212897 -0.205554 0.261568 0.392988 0.129175 -0.357851 -0.287873 0.0467773 -0.137833 -0.591058 
0.903344 0.789123 -1.57412 -0.887463 0.571847 -0.713343 -1.35286 0.427439 1.11928 -0.762978 -0.692594 1.07115 0.618453 -0.0735635 -0.023126 0.225028 -0.157423 -0.604872 0.258784 0.604009 0.258413 -0.503313 -0.522622 0.0906778 0.450164 0.0568224 -0.215611 -0.223386 0.0714495 0.550703 0.394854 0.2102 0.19707 -0.122766 -0.390931 0.140034 0.634273 -0.0143385 -0.434053 
0.87368 0.776769 -1.36499 -0.836774 0.452095 -0.612387 -1.11324 0.416888 0.74899 -1.01142 -0.459352 1.34417 0.598041 -0.16138 -0.17536 -0.0621994 0.0203867 -0.0613927 0.563659 0.559049 -0.287476 -0.774784 0.032658 1.02316 0.484408 -0.30712 -0.0929939 -0.222325 -0.417797 0.493155 0.959234 0.0321831 -0.103065 -0.0965379 -0.102845 0.334134 0.556749 -0.218038 -0.289196 
0.880497 0.765035 -1.60304 -0.921673 0.537304 -0.377991 -1.03264 0.113602 0.531225 -0.772631 -0.0777471 1.38623 0.255688 -0.093019 -0.209282 -0.448908 0.345757 0.638887 0.240063 0.398962 0.154206 -0.6244 -0.0771274 0.89091 0.11561 -0.478381 -0.0365544 0.00443865 0.250753 0.365499 0.16561 -0.11735 -0.0701697 0.199209 0.314014 -0.0634908 -0.594724 -0.519943 -0.00990854 
0.881588 0.737455 -1.69497 -0.739418 0.836763 -0.45596 -0.895554 0.46746 0.274682 -1.13103 0.064393 1.36246 0.0531759 -0.117145 -0.0949877 0.267628 0.390705 0.236627 0.342406 0.40133 0.109403 -0.341518 -0.124702 0.126452 -0.306261 -0.388395 -0.178385 0.0634599 0.842833 -0.210747 -0.882032 0.422745 -0.0128077 -0.434762 0.436787 0.38464 -0.729897 -0.598388 0.108382 
0.877551 0.777025 -1.37518 -0.806142 0.681165 -0.164975 -0.81344 0.127209 0.270878 -0.939895 -0.0805868 1.06503 -0.193497 -0.208837 -0.0595395 0.769871 0.116331 -0.311538 0.750332 0.323774 -0.523057 -0.0278656 0.444941 -0.20501 -0.793574 -0.367398 -0.201988 -0.172568 0.162418 0.231689 -0.277305 -0.0547432 0.10903 -0.105637 0.0911003 0.515118 0.107936 -0.458511 0.192974 
0.83739 0.765357 -1.07611 -0.734833 0.652474 -0.0173917 -0.726025 -0.0407436 0.25157 -0.727749 -0.166769 0.649113 -0.373683 -0.259599 -0.222663 0.46483 0.621756 0.00683789 0.205949 0.501439 -0.0102211 -0.204689 0.595188 0.265261 -1.00412 -0.139924 -0.148452 -0.197399 -0.140864 0.220257 0.00318376 -0.0486527 0.308556 0.434624 0.139662 0.0879242 -0.176325 -0.281539 0.476595 
0.810516 0.731704 -0.993802 -0.597185 0.687466 -0.0274104 -0.530118 0.0421201 0.114023 -0.386122 0.01219 0.182256 -0.378487 -0.290876 -0.216399 0.511723 0.335484 -0.207077 0.622124 0.710956 0.272688 0.173542 0.517147 -0.485121 -1.22406 0.342044 -0.19979 0.0230538 0.476963 -1.00799 -0.934554 1.1071 0.123406 -0.416731 0.516621 0.0840385 -0.862401 0.189666 0.479228 
0.756284 0.722847 -0.658222 -0.641631 0.530719 0.350287 -0.308509 0.107581 0.380794 -0.252142 -0.590881 -0.410657 -0.0462057 -0.399572 -0.120411 1.13429 -0.437428 -1.00618 1.64313 0.622231 -0.656934 0.498012 0.661503 -1.02593 -0.722718 0.573797 -0.141276 0.00544338 0.341504 -0.5893 -0.719534 0.384895 -0.204027 -0.690031 0.0893573 0.351502 0.413734 0.777902 -0.0503732 
0.680509 0.732282 -0.0912341 -0.816515 0.0873433 0.904811 -0.16943 -0.576538 0.488663 0.234071 -0.784452 -0.47407 0.195408 -0.364817 -0.134847 0.977805 -0.287932 -0.963858 1.08113 0.360647 -0.83708 0.308052 0.988973 0.104347 -0.0539609 0.195001 -0.0741211 -0.248105 -0.41921 0.915614 0.808721 -0.894615 -0.245744 0.144456 -0.418005 0.0501372 1.27047 0.792142 -0.15468 
0.641913 0.716945 0.122519 -0.800512 -0.0440714 0.971761 -0.115363 -0.659705 0.611756 0.696042 -0.608947 -0.528821 0.124923 -0.39773 -0.336869 0.458232 0.505439 0.0582209 0.369126 0.211901 -0.352825 -0.0421859 0.676419 0.82613 0.468899 0.257223 -0.179604 -0.278788 -0.27939 0.534448 0.570249 -0.0265826 0.19798 0.177429 -0.420545 -0.290339 0.266686 0.334056 0.305309 
0.55133 0.635696 0.285011 -0.654591 0.124405 1.1326 -0.0715537 -0.944291 0.454719 0.869204 -0.305329 -0.171477 0.432697 -0.48201 -0.387368 0.511673 0.258224 -0.183642 0.982812 0.588734 -0.477102 -0.235524 0.487681 0.477109 0.445585 0.626051 0.00956623 0.0681862 0.0498422 -0.747972 -0.9332 0.381514 0.43525 0.054887 -0.165771 -0.239388 -0.621614 -0.653624 -0.153632 
0.474818 0.597691 0.540369 -0.738551 -0.151797 1.53887 0.223871 -1.12999 0.431579 1.14214 -0.370243 -0.24499 0.754379 -0.301448 -0.181571 0.486411 -0.283121 -0.953179 0.823551 0.781367 -0.200471 -0.246954 0.252375 -0.110211 -0.523734 -0.057648 0.275959 0.225418 -0.238958 -0.605507 -0.812228 -0.575486 0.122088 0.317718 -0.274987 -0.355924 -0.201716 -0.814999 -0.815519 
0.465468 0.60882 0.683195 -0.811527 -0.443993 1.61165 0.39106 -1.18635 0.265897 1.07962 -0.47119 -0.667677 0.335189 -0.0851093 -0.0472658 0.106247 -0.382061 -1.05088 0.141044 0.707631 0.120567 -0.585532 -0.113048 0.159579 -0.790852 -0.764591 0.136514 0.0148416 -0.501443 -0.174979 0.171746 -0.637554 -0.43811 0.0231879 0.133831 0.0454534 0.192199 0.0431479 -0.0608737 
0.486284 0.631102 0.642588 -0.935494 -0.778684 1.64055 0.639258 -1.10718 -0.0133301 0.986545 -0.350264 -0.956145 -0.0948072 -0.0619086 -0.0889717 -0.313111 -0.475321 -0.647848 -0.102284 0.0942667 -0.101826 -0.053301 0.26019 0.152777 -0.463691 -0.221758 -0.139017 -0.178991 -0.182153 0.290261 0.80765 0.0104234 -0.549543 -0.261892 0.555854 0.2208 -0.529167 -0.146483 0.403117 
0.487372 0.623511 0.458938 -1.04618 -0.829608 1.57879 0.413592 -1.34701 0.223546 1.29786 -0.455896 -1.11556 0.0631867 -0.156501 -0.18249 -0.213893 -0.0900488 0.0122367 0.0928507 -0.139797 -0.263802 0.169344 0.160616 -0.640523 -1.0173 -0.174573 -0.128094 -0.0649657 0.41887 0.722148 0.330614 -0.0681199 0.00757001 0.101853 -0.180152 -0.708611 -0.990016 -0.512379 -0.334944 
0.465632 0.603814 0.495573 -1.01436 -0.76915 1.71558 0.511874 -1.40148 0.112718 1.10505 -0.881422 -1.84953 -0.316639 -0.120974 -0.090175 0.269128 0.26619 -0.153197 -0.256859 0.0483981 0.130102 -0.277194 -0.875261 -1.32649 -1.24293 -0.831316 0.0820596 0.0681054 0.0413727 0.332453 0.537286 -0.0327034 -0.16316 -0.157422 -0.468379 -0.741467 -0.106325 0.94068 0.405029 
0.482703 0.637661 0.687962 -0.980998 -0.919109 1.46045 0.406745 -1.31633 0.0118504 0.378841 -1.45957 -2.19051 -0.856947 0.0215877 -0.0272868 -0.19843 0.245875 0.753173 -0.0137549 -0.431307 -0.471166 -0.437844 -1.02465 -0.817474 0.398727 0.418553 -0.325702 -0.362412 -0.271109 0.0623163 0.460495 0.271481 -0.390366 -0.638344 0.254492 0.778993 1.12565 1.89493 1.67403 
0.5251 0.646194 0.360596 -0.957392 -0.316067 1.73167 0.19778 -1.86687 -0.220486 0.0364124 -1.53447 -1.60341 0.0921885 -0.403037 -0.440984 -0.184571 0.320962 0.496229 0.0485328 -0.57001 -0.892092 0.0769183 0.2447 0.312145 1.61477 1.82432 -1.14477 -0.900036 1.05152 0.843189 -2.40789 -1.20275 0.420033 0.331291 0.269262 0.933436 0.877693 -0.0667063 -0.0396241 
0.351136 0.49434 0.563776 -0.893668 -0.619842 1.51098 0.00381307 -2.129 0.067992 0.581568 -1.3345 -0.965812 1.04661 -1.18478 -1.01 1.33367 1.11336 -2.01557 -1.7051 0.116265 0.149501 -0.0640907 0.329471 0.455739 0.292803 0.288981 -0.50824 -0.729255 -0.345008 1.92568 0.364901 -2.03906 0.472559 2.06934 -0.135204 -0.476177 1.20513 -0.209538 -1.66701 
0.0418362 0.247452 1.41839 -0.54965 -1.52045 0.81256 0.234401 -1.82018 -0.270998 0.324045 -1.31049 -1.44252 0.363244 -0.89109 -1.22297 -0.74922 2.31509 1.03174 -2.77555 0.0531345 2.67337 -0.0872015 -0.538348 2.0679 1.29306 -0.950262 0.974134 0.795367 -0.857211 -1.06005 1.60691 1.30491 -0.0413578 -0.123271 0.0364036 -0.17701 -0.295498 -0.190403 -0.137703 
