-2.29981 -1.76235 -0.583081 0.857481 -0.306913 -0.762506 -0.205934 0.888378 0.0934261 -0.592551 0.462789 1.45723 0.458404 -3.87252 -3.96638 -1.99061 1.984 0.604498 -2.23839 -0.977897 2.11315 -0.858384 -2.08079 1.80141 3.82077 -0.121205 0.511167 -0.0243097 -0.746029 0.663016 1.50757 -0.983446 -0.59854 0.253162 -1.60461 -1.26756 0.715324 0.219519 -0.829674 
-2.02545 -1.75111 -0.884149 1.33398 0.220202 -1.25609 -0.815043 1.17743 -0.466533 -0.90413 1.12539 1.96302 -0.102044 0.742725 0.0536093 -0.949366 0.825517 1.73568 -1.03983 -0.798787 0.31366 -2.41282 -1.53477 0.890143 0.227226 -1.03381 4.00071 4.06741 1.41113 -1.33962 0.224137 1.67439 0.597338 -1.05582 -0.0337972 0.510633 -1.6227 -3.17337 -0.397896 
-1.85593 -1.69159 -0.984673 1.3983 0.366097 -1.33083 -0.866855 1.04209 -1.26864 -1.25232 0.998163 1.51467 -0.343881 1.2466 0.822992 -0.190298 0.204553 0.899607 -0.36683 -0.141582 0.661104 -0.949384 -1.43366 -0.200141 -0.448927 -0.634901 0.044363 0.351431 0.519617 -0.571807 -1.34093 0.355033 0.278442 0.430553 2.05479 1.34485 -0.110444 0.212443 0.117224 
-1.31199 -1.33166 -0.933957 1.44966 0.558535 -1.43823 -0.910446 1.5288 -0.985492 -1.51865 0.95484 1.66191 -0.598246 0.900011 0.542102 -0.285446 0.044818 0.274098 -0.613493 -0.398494 0.866605 0.583334 0.135971 0.758966 0.445074 -0.926999 -1.37497 -1.27353 -0.461409 -0.217504 -0.256983 0.35879 0.0906888 -0.370643 0.950489 1.81451 0.43305 -0.289284 -0.240113 
-1.3279 -1.39944 -1.07858 1.40462 0.454041 -1.65452 -1.18333 1.51037 -0.90458 -1.16439 1.4486 1.68763 -1.06421 -0.376159 -0.569251 -0.776866 -0.115281 0.654689 0.0636234 0.00200033 0.133306 0.414494 0.813369 0.340882 -0.896065 -0.958534 -0.267908 -0.0873338 0.146529 -0.2674 0.512181 1.05873 0.313068 -1.01535 -0.415096 -0.12138 -1.15594 -1.06389 1.09147 
-1.46676 -1.54317 -1.25561 1.34636 0.798828 -1.37337 -0.882298 1.57991 -0.718705 -1.12757 1.13459 1.12369 -1.34277 0.665664 0.522767 -0.0970918 -0.339919 0.892518 0.583671 0.0491435 -0.530846 -0.0712661 0.00760448 -0.665296 -1.02873 0.353385 0.785723 0.856573 0.447318 -0.10366 0.0830396 0.0627449 -0.452201 -0.748484 -0.428964 -0.535654 -0.307624 0.744281 1.25191 
-0.92526 -1.11605 -1.08519 1.14753 0.789536 -1.29124 -1.11461 1.18365 -0.917645 -1.13391 0.976885 1.07906 -0.802101 0.7109 0.503894 -0.205103 -0.28703 0.791425 0.169789 -0.596701 -0.904168 -0.260603 0.176676 -0.034169 0.0266777 0.515104 -0.984701 -1.10002 -0.693931 -0.118498 -0.762567 -0.519416 -0.0196874 0.369915 -0.148202 0.0617297 0.655368 0.358345 -0.71922 
-1.03991 -1.26834 -1.31227 1.12548 1.09386 -1.24759 -1.36933 1.04081 -0.84085 -1.02142 1.0715 1.07478 -0.956576 -0.467646 -0.668648 -0.98005 -0.530968 0.0801131 0.0521382 0.0418105 -0.0596962 -0.331368 0.103919 0.150694 -0.6175 -0.547375 -0.0479145 -0.135717 -0.179059 0.0122595 -0.333403 -0.218993 0.294269 0.513311 -0.173871 0.236422 0.68234 -0.148277 -1.21667 
-1.12898 -1.37262 -1.501 0.759638 0.799828 -1.23298 -1.05221 1.12496 -1.08056 -1.06033 1.03349 0.688564 -1.23114 0.752456 0.42856 -0.431767 -0.307995 0.460729 -0.0326605 -0.174767 -0.239589 -0.558647 0.487343 0.815179 -0.233571 -0.984874 1.0668 0.859804 -0.0838686 -0.178266 0.631676 -0.182878 -0.645099 -0.390051 0.172551 0.448628 0.547739 0.529185 -0.546931 
-0.590828 -1.02765 -1.47399 0.890248 1.25651 -1.23798 -1.49328 0.879786 -1.1347 -0.776246 1.55834 0.887873 -1.72131 0.971928 0.408235 -1.08538 -0.799762 0.832659 -0.110751 -0.820637 -0.613675 -0.117364 0.674969 0.833566 0.0201559 -1.2406 -0.889642 -0.729362 0.0319074 0.110167 -0.529377 0.233579 0.746066 0.577963 -0.343988 -1.092 -0.58567 0.40865 0.767255 
-0.562472 -1.14114 -1.96563 0.187716 1.11136 -1.26818 -1.73193 0.751122 -1.12018 -0.731181 1.53223 0.636198 -2.1921 -0.261636 -0.33386 -0.389518 -0.201605 -0.0899359 0.260637 0.864901 0.5122 -1.10814 -0.832 0.0962377 0.244328 -0.0950419 -1.13771 0.00439276 2.89431 2.33489 0.293959 1.35265 2.61487 1.60423 -0.112662 -0.566548 -0.213254 1.19305 2.10379 
-0.684324 -1.13249 -1.61612 0.727853 1.19873 -1.06007 -0.722619 1.14645 -1.74512 -1.12151 1.57969 0.954382 -1.80328 -0.353279 0.495065 2.6055 2.20048 1.20614 1.40837 2.77421 1.52246 -0.324935 0.00036879 0.575233 1.5377 1.25922 1.35145 2.31993 2.86148 0.423254 0.41129 2.46715 1.99933 -0.141825 0.428527 0.351722 -1.22143 -0.558518 1.43005 
-0.705 -0.870307 -0.719743 1.66991 1.5724 -0.431672 0.681675 1.59251 -1.27939 -0.703938 1.86371 1.38855 -1.23494 1.53492 2.43298 3.25952 0.312039 0.41524 3.00058 3.61813 0.293056 -0.515779 -0.379856 -1.40902 -0.559651 1.59319 2.22587 1.80891 -1.20375 -3.38856 -0.882104 1.3875 -0.597849 -1.95363 0.13095 -1.16697 -3.16551 -2.48923 0.793329 
0.183406 0.0166106 -0.0671399 0.917124 1.34317 0.690074 2.41717 1.28844 -2.01428 -1.26443 0.626429 0.594557 -0.589872 2.53993 2.67045 1.07269 -2.24416 0.25956 2.96567 1.97637 -1.14065 -0.172421 -1.41097 -3.33448 -1.82524 2.18046 -0.126893 -1.05552 -2.87519 -1.99579 -0.586428 -1.81355 -3.47549 -1.71774 2.19069 1.37405 -0.6763 -0.561904 0.497749 
0.700444 0.386413 -0.184231 0.109078 1.65452 1.29845 2.40875 0.918877 -1.35073 -1.30831 -0.336212 0.357612 0.429074 1.47743 1.29306 -0.403833 -2.32093 -0.19946 1.05145 -1.11426 -2.05186 2.68125 1.32671 -2.24006 -1.36812 2.15838 -1.43864 -1.63887 -0.946126 0.14858 -1.94477 -2.49043 -2.59005 -1.34176 0.849193 2.82284 2.0687 0.659879 -0.853164 
1.02037 0.649098 -0.215909 -0.696264 1.24155 1.32177 1.48479 0.0964207 -0.44159 -0.643609 -0.864893 -0.193982 1.0572 0.837306 0.855359 -0.131739 -2.0878 -1.8798 0.275094 -1.54537 -2.97841 1.04173 2.07331 -0.770465 -1.01437 1.11835 -1.06329 -0.870325 0.396512 0.978101 -1.09157 -0.861428 0.268345 0.245322 -1.6619 -0.0572192 1.9085 1.10911 -1.56456 
1.19492 0.820532 -0.2069 -1.3447 0.880268 1.48465 1.1054 -0.800249 -0.722587 -0.353367 -0.876024 -0.243339 1.27814 0.245561 0.367495 0.103168 -1.08556 -1.38116 0.14528 -0.727772 -1.74878 0.183744 1.27707 0.125826 0.0381672 0.239333 -0.82763 -0.852868 0.131183 1.60737 1.48199 -0.429826 0.9285 2.60102 0.491437 -1.43384 0.193346 0.705914 -0.845206 
1.19825 0.862115 -0.129712 -1.46386 0.666903 1.43349 0.884977 -0.923176 -0.307742 -0.0450074 -0.824388 -0.236796 1.2318 -0.0990139 -0.0500065 0.0370534 -0.0339063 -0.172828 -0.158302 -0.256263 0.502307 1.72708 0.334519 -0.525911 -0.142475 0.0658262 -0.390291 -0.485219 -0.0437532 0.982128 0.950187 -0.46057 0.428038 1.83406 0.667812 -1.20686 -0.650135 -0.302626 0.060528 
1.18844 0.844336 -0.151344 -1.39228 0.789309 1.42216 0.911313 -0.539215 0.300395 -0.176583 -1.2575 -0.381944 1.3196 -0.142272 -0.112353 0.0489751 0.155049 -0.2711 -0.321792 -0.122937 0.69738 1.1298 -0.183215 -0.672847 -0.426654 0.277849 -0.214792 -0.0863543 0.27431 0.0481739 -1.12743 -0.209869 0.206265 -0.351806 -1.11598 -0.00433622 0.390929 -0.32568 -0.0416668 
1.16862 0.857664 -0.0686305 -1.38207 0.536606 1.27718 0.805617 -0.551166 0.371138 -0.0999227 -1.301 -0.526096 1.43595 -0.266746 -0.0682077 0.388287 -0.00815498 -1.39477 -0.350757 0.0453449 -8.17799e-005 0.0364987 0.349768 -0.0369826 -0.637852 -0.0187602 -0.204643 -0.00398323 0.317603 -0.263639 -1.30043 0.116509 0.34599 -0.311465 -0.503356 0.439654 0.438431 -0.191697 -0.552321 
1.09221 0.859891 0.0669896 -1.42223 0.209209 1.24924 0.976759 -0.563987 0.349414 0.00702612 -1.3224 -0.783238 1.29617 -0.297277 -0.0352175 0.455393 -0.224796 -1.68722 -0.156733 0.369714 0.249407 0.34474 0.376824 -0.125168 -0.744452 -0.421865 -0.00625271 0.0452437 0.134063 0.00484865 -0.484336 -0.237912 -0.223316 -0.178384 0.289977 0.793112 0.396281 -0.214926 -0.584353 
1.05605 0.88817 0.180802 -1.56034 -0.16056 1.2156 1.15018 -0.434006 0.597737 0.0957943 -1.423 -0.983917 1.10321 -0.17294 0.0659029 0.560752 -0.0387597 -1.89488 -0.573931 -0.240405 -0.268541 0.42407 1.34351 0.458565 -0.986438 -0.757061 -0.12042 -0.0496579 0.341686 0.648354 0.134023 -0.622493 -0.971207 -1.20225 -0.307388 1.54701 1.0773 0.0402664 -0.223193 
1.04617 0.936225 0.36525 -1.47313 -0.571083 0.948259 0.79632 -0.741484 0.621717 0.635361 -1.06646 -1.36938 0.706231 -0.346653 -0.0109462 0.892509 0.58165 -1.49326 -0.801176 -0.938615 -1.40016 -0.150656 2.29563 1.21267 -0.754806 -0.725116 -0.387828 -0.297494 0.366553 1.06935 1.12418 -0.43091 -0.641214 -0.295514 -0.167346 -0.0975664 0.501292 1.19887 0.204282 
0.917069 0.929676 0.632813 -1.18648 -0.780083 0.784217 0.368938 -1.25528 0.538934 1.15023 -0.678803 -1.44723 0.537788 -0.557685 -0.196671 1.02956 1.31531 -0.589526 -1.00851 -1.09754 -0.694997 0.135672 1.24436 1.08399 0.538816 -0.54538 -0.277717 -0.19849 0.22045 0.494729 0.0620917 -0.38211 0.136208 1.31391 0.616895 -1.57406 -0.460147 1.39977 0.308407 
0.794273 0.89356 0.880778 -0.596975 -0.828845 0.397903 -0.121676 -1.16159 0.727871 1.21932 -0.405578 -1.14671 0.278718 -0.593302 -0.158933 1.17509 1.18827 -1.38004 -1.1823 -0.732795 0.344357 0.720135 0.384783 0.648975 1.03672 -0.388007 -0.0231385 -0.0574816 -0.174918 -0.291451 -0.400401 0.0678186 0.36545 0.723403 0.58784 -0.400032 -0.634421 -0.31816 0.326896 
0.64612 0.904114 1.21578 -0.397305 -1.35428 0.134136 -0.235197 -1.0841 0.981803 1.3495 -0.299577 -0.960532 0.231027 -0.485056 -0.181455 0.808179 0.899289 -0.995423 -0.896791 -0.578282 0.252977 0.963517 0.774084 0.304753 0.0534058 -0.185999 0.0738712 -0.21956 -0.738521 -0.175442 1.49812 0.561363 0.341846 0.158755 -0.386603 -0.696516 -0.589002 -0.555153 0.611576 
0.58124 0.857792 1.29371 -0.00564374 -1.24909 -0.0883445 -0.592855 -1.0424 1.31095 1.59283 -0.249224 -1.18144 0.126958 -0.399009 -0.331307 0.235293 0.923144 0.345044 -0.529953 -0.245809 0.53067 0.107651 -0.449292 -0.0740886 0.2372 0.314296 -0.0498017 -0.224074 -0.528824 -0.210133 1.07945 0.665982 0.550666 -0.020496 -1.29366 -1.17855 0.126357 0.579245 -0.112653 
0.479125 0.800432 1.36321 0.210358 -1.23794 -0.141612 -0.420287 -0.806931 1.07181 1.17551 -0.38851 -0.897803 0.463143 -0.445866 -0.359053 0.135679 0.589044 0.259727 -0.12984 0.194219 0.197496 -0.989687 -0.651458 0.466455 0.75741 -0.356095 0.161615 0.0591547 -0.464833 -0.772114 0.22486 0.607631 -0.0422381 -0.85175 -0.408405 0.679659 0.869548 0.697953 -0.983573 
0.389175 0.741535 1.39497 0.373278 -1.1669 -0.134499 -0.399305 -0.95477 0.768777 1.32836 0.0118264 -0.842858 -0.155316 -0.0946717 -0.181096 -0.35564 -0.118108 0.640965 0.17308 -0.283975 -0.646102 -0.537059 0.40524 1.0068 1.09854 -0.904902 0.252621 0.128806 -0.451956 -0.834305 -0.573196 0.165562 0.0315823 0.163283 0.957385 0.712805 -0.0568206 -0.216656 -0.475227 
0.474962 0.764826 1.23678 0.105129 -1.00314 -0.0139441 -0.638218 -1.19922 0.7904 1.38395 0.222396 -0.378324 -0.24023 -0.0273953 -0.128227 -0.43884 -0.533105 -0.340121 0.0889513 0.256986 0.389918 0.384385 0.243744 0.401601 0.406532 -0.962943 -0.23533 -0.0776638 0.401024 0.208531 -1.59917 -0.732226 0.230456 1.38307 1.28006 -0.533672 -1.25974 -1.14894 0.473918 
0.421006 0.729889 1.22998 -0.016078 -1.32482 -0.0551063 -0.151744 -0.757674 1.01822 1.46452 0.230886 -0.690336 -0.903224 -0.288162 -0.189239 0.157113 0.116231 -1.11047 -0.591564 0.0507076 1.19171 1.31396 -0.229021 -0.545842 -0.487985 -0.36842 -0.0848087 -0.0292065 0.132134 0.242924 0.610229 0.0156386 -0.45784 -0.52854 -0.100612 -0.624362 -1.0097 -0.57535 1.4159 
0.367274 0.72553 1.34798 0.160341 -1.46944 -0.325046 -0.568158 -0.54599 1.57538 1.30853 -0.171981 -0.700146 -0.531961 -0.0321096 -0.080285 -0.268835 -0.254028 0.388352 0.143517 -0.349426 -0.350871 0.194626 -0.501795 -0.841782 -0.419756 0.708235 0.231965 -0.0272823 -0.993511 -1.11559 2.14794 1.94275 0.506014 -1.60241 -1.69207 -0.52474 -0.193886 0.486228 1.41107 
0.450316 0.739971 1.14377 -0.214364 -1.19114 0.0555972 -0.425995 -0.982008 1.15833 1.26703 -0.355102 -0.975978 -0.36884 0.104404 -0.13907 -1.10771 -1.37181 1.34398 1.57396 0.762156 -0.997644 -1.22814 -0.852321 -0.780221 0.0927366 1.29695 -0.253882 -0.336808 -0.457949 -0.411625 0.393356 0.806055 0.947833 0.372074 -0.828564 -1.00911 0.173253 1.47537 1.01885 
0.469623 0.70897 0.873 -0.803232 -0.953225 0.606477 0.114097 -1.13827 0.895829 0.954175 -0.71811 -0.714023 0.45414 -0.248867 -0.388362 -0.850993 -0.826369 0.873399 1.0639 0.966115 0.123192 -1.07112 -1.71943 -0.622079 1.47197 1.90113 -0.491866 -0.373733 0.463201 0.920253 -1.4341 -1.56537 -0.359148 1.35713 0.990102 -0.104075 0.148817 0.316243 0.0650256 
0.363652 0.610432 0.787771 -0.804503 -0.863301 0.694438 0.431764 -0.936651 0.56924 0.524619 -0.79884 -0.258477 1.08085 -0.41082 -0.489884 -0.515704 -0.211684 -0.222176 -0.103307 0.290685 0.805173 0.194294 -0.959453 -0.590741 0.44816 1.34088 -0.555234 -0.332921 0.717515 1.17482 -0.810795 -1.45562 -0.961929 0.43186 1.65413 1.38929 -0.0246262 -1.57107 -1.51387 
0.296308 0.533421 0.672385 -0.972527 -1.06394 0.575548 0.390655 -0.704937 1.03576 0.551872 -1.14156 -0.539427 1.47395 -0.843563 -0.691939 0.065182 0.664882 0.00686092 -0.493151 -0.329529 0.6779 1.33282 0.00583628 -0.647115 -0.674038 0.0431408 -1.05898 -0.746407 0.682236 1.23365 0.0507281 -0.399781 0.0970848 0.307844 0.00595109 0.50562 0.584031 -0.768591 -2.54534 
-0.0411957 0.34331 0.856364 -0.373659 -0.882331 0.439808 0.174635 -0.575723 1.36508 0.554309 -1.25879 -0.678959 1.10491 -1.63729 -1.27203 0.355502 1.3561 -0.121708 -0.503791 0.443012 1.19259 0.162046 -0.318473 0.137019 -0.634249 -1.7596 0.583681 -0.215878 -1.567 -0.035835 1.96733 -0.328781 0.0557924 0.300538 -2.50986 -1.08027 2.14191 1.61239 -1.19291 
-0.533213 0.00339972 0.875524 -0.0684401 -1.13443 0.314812 0.79829 -0.0512032 1.1571 0.436425 -1.09381 -0.93881 0.114768 -0.00989391 -0.860051 -1.93066 0.581357 2.25859 -0.815862 -0.23366 1.05547 -2.41806 -1.29911 2.00744 1.39929 -1.42822 1.22445 1.02841 -0.280134 -1.01416 0.0696515 0.425741 -0.338334 -0.86348 -0.0818628 0.242784 -0.115167 0.526615 1.4893 
