-2.93363 -2.98867 -0.413967 1.81487 -0.555145 -1.82936 1.43583 1.79897 -0.895803 0.688329 3.0967 2.13221 1.81574 -3.71343 -3.92041 -1.38561 2.90518 0.802043 -2.79458 1.4837 3.1753 -0.702324 -0.040087 2.6874 1.74244 -0.580704 1.29079 1.09571 -0.0186729 1.11819 2.05138 0.439659 -0.774114 -0.304226 -1.5185 -1.84018 -1.41004 -0.922425 -2.27175 
-2.51627 -2.7546 -1.32667 1.74562 0.787169 -1.69492 1.1236 2.38364 -0.673098 -0.0485032 2.24458 1.09467 -0.638972 1.63693 1.36754 0.00290821 1.05429 3.29642 0.5751 -1.09461 -0.432882 -2.10576 -2.93375 -2.07357 -1.19244 -3.06042 4.13936 4.5421 1.78858 -2.16887 0.298424 3.52007 -0.714098 -2.77843 -0.990556 -1.18448 -2.67117 -1.70728 -0.161108 
-1.69883 -1.89609 -0.355705 2.4077 2.78419 -1.39729 0.523645 1.3493 -2.97074 -2.59639 1.10054 1.15714 -1.15091 1.29036 1.39402 1.27405 0.657794 1.27462 1.62169 0.470232 -0.456037 -2.06775 -1.93257 -1.21111 -0.494762 -0.741633 -1.37684 -0.694592 1.61509 -0.961905 -3.16582 0.699749 2.15128 1.17915 2.53372 2.90217 2.08326 1.15445 2.72774 
-1.52445 -1.64276 -0.000548156 2.0915 2.05786 -0.602238 1.44699 1.91579 -2.71007 -2.21352 1.01664 0.611615 -1.429 0.12087 0.684795 2.40752 0.0192314 -1.81158 1.47452 1.76596 1.05183 1.4709 1.66345 0.907894 0.379763 0.747205 0.0397181 0.450761 0.750339 -2.17046 -2.42906 -0.922038 -0.794668 -0.803938 3.41813 2.84123 0.644472 -0.720022 0.126362 
-1.52693 -1.30024 2.10096 2.35587 0.897182 -0.397498 1.87011 2.0655 -1.47309 -0.739699 1.76007 1.29082 -0.543391 1.4486 2.02296 2.40744 -1.59119 -2.64653 0.498794 -0.65217 -1.53491 2.74912 2.56785 -0.311674 -1.41777 -0.507649 1.82046 1.09634 -2.70546 -3.10598 0.833335 -1.6193 -3.49495 -2.26749 0.6655 -0.539395 -2.04046 -1.87102 -1.34368 
-0.42169 -0.0733423 2.45604 1.03666 -0.68344 -0.218338 0.88415 0.60076 0.0643548 0.654638 0.589857 -0.522365 -1.9994 2.38384 2.05306 -1.53927 -3.16943 -0.477314 -0.517829 -3.00727 -1.91901 2.42776 0.795366 -2.07794 -2.0754 -1.03828 -0.262885 -1.31093 -3.50749 -0.137423 2.46715 -0.975169 -1.33678 0.532202 -1.45321 -2.05007 -0.46726 1.72719 1.35653 
0.231525 0.29108 0.621028 0.318055 0.375352 -0.655304 -0.552263 0.448851 0.980333 0.14615 -0.239985 -0.306938 -1.61188 1.24917 0.634367 -2.71838 -1.79809 1.31965 -0.690351 -2.50752 -0.886521 0.734923 -0.699207 -1.02098 0.916838 1.41628 -1.67049 -1.63951 0.192012 1.97391 0.329281 0.642165 1.60325 0.702506 -1.60509 -0.501772 1.0362 1.7024 2.18918 
0.541255 0.485824 -0.199956 -0.147056 0.63333 -0.585042 -1.14363 -0.205129 0.826869 -0.131011 -0.468728 -0.00992911 -0.763833 0.520702 0.288179 -1.22665 -1.25562 0.044969 0.309788 -0.887648 -1.05046 0.200574 -0.0129665 -0.611654 0.226204 2.0295 -1.09767 -0.62326 1.55098 1.09942 -1.10246 0.729112 1.65341 0.366733 -0.0762135 0.694571 0.461263 -0.494431 0.328857 
0.683749 0.598381 -0.547086 -0.527789 0.387905 -0.390707 -1.30103 -0.485774 1.20911 0.127978 -0.933969 -0.281551 0.199303 0.063072 0.0333103 -0.408009 -0.762664 -0.464457 0.245687 -0.320082 -0.452039 0.651678 0.39228 -0.386658 0.294123 1.92844 -0.564239 -0.408608 0.620487 0.95164 -0.252444 -0.516683 0.58717 0.841384 -0.00101087 0.0664646 0.503231 0.426117 -0.349245 
0.672641 0.607698 -0.551549 -0.685872 0.124654 -0.360906 -1.44426 -0.669842 1.50623 0.304035 -0.962302 0.0633551 0.952492 -0.0349093 -0.0670533 -0.284142 -0.368623 -0.369852 -0.307639 -0.141784 -0.00239186 0.222787 0.0810732 0.0834012 0.828883 1.61012 -0.149685 -0.22157 -0.0222169 0.778531 0.280287 -0.625089 0.359963 0.534436 -0.86405 -0.345862 0.734649 0.236882 -1.08596 
0.746441 0.647237 -0.775132 -0.821186 -0.0239737 -0.515838 -1.46088 -0.597403 1.46007 0.214977 -1.00885 0.168857 1.61682 -0.00255796 -0.107722 -0.410311 -0.0495455 -0.0211003 -0.506919 0.118595 0.199235 -0.536349 -0.168464 0.643275 0.644901 0.496997 -0.103734 -0.193554 -0.11645 0.682431 0.440881 -0.354677 0.229443 0.473129 -0.752467 -0.405797 0.571029 0.106325 -1.57181 
0.758014 0.626967 -0.905438 -0.780538 0.0696071 -0.611826 -1.39852 -0.623143 0.998922 0.111958 -0.538484 0.384015 1.32514 -0.0462277 -0.176 -0.42497 0.247968 0.332206 -0.723051 0.120429 0.56963 -0.808767 -0.574849 0.876564 1.00587 -0.488755 -0.126289 -0.127846 0.0176532 0.230775 0.0977667 0.0569136 0.274003 0.549835 -0.163642 -0.310596 0.0625025 0.310497 -0.644721 
0.801197 0.616831 -1.14364 -0.730552 0.282472 -0.903183 -1.41369 -0.259853 0.680647 -0.431592 -0.377232 0.74408 1.06416 -0.0405347 -0.141419 -0.354002 0.113382 0.128234 -0.409091 0.441053 0.870416 -0.742194 -0.673205 0.700567 1.09367 -0.328294 -0.12349 -0.0654158 0.139646 -0.0221544 -0.053816 0.91705 0.420782 -0.11242 0.0239754 0.123763 -0.328565 -0.488272 0.435621 
0.816762 0.62172 -1.20316 -0.773729 0.167355 -0.800994 -1.09817 -0.0494018 0.286 -0.64461 -0.0636348 1.02116 0.923102 -0.0808965 -0.138201 -0.189325 0.156842 0.237356 0.447339 0.641333 0.3847 -0.751517 -0.389818 0.367956 0.391353 0.170073 -0.168389 -0.114982 0.203541 0.317679 0.0777901 0.34733 0.140398 -0.063292 0.173262 0.153034 -0.451715 -0.938139 -0.068756 
0.831648 0.613925 -1.27712 -0.696674 0.49187 -0.551762 -0.955204 -0.0675188 -0.0415878 -0.871226 -0.198648 0.885933 1.12993 -0.128271 -0.160384 -0.0244289 0.3636 0.245389 0.0508766 0.582875 0.748995 -0.475598 -0.441691 0.0137524 -0.119688 -0.362354 -0.157579 -0.108743 0.203222 0.346224 -0.0348533 -0.562011 -0.176395 0.248836 0.37309 0.0724012 -0.18527 -0.269092 -0.490091 
0.813999 0.602675 -1.17217 -0.611077 0.384972 -0.699826 -0.685844 0.428994 -0.16063 -1.14226 -0.200551 0.802614 0.489092 -0.155856 -0.150021 0.139779 0.435733 0.173052 -0.226612 0.354845 0.666774 -0.204703 -0.286351 0.0667052 0.0685993 -0.442796 -0.162411 -0.09509 0.134046 0.000797532 0.0355054 0.421238 -0.363919 -0.83163 0.384053 0.453631 -0.0238353 -0.126705 0.354177 
0.809546 0.602419 -1.08234 -0.489096 0.635474 -0.625748 -0.722924 0.346313 -0.217631 -1.19515 -0.288398 0.800173 0.620412 -0.208943 -0.156568 0.202984 0.295528 0.294427 0.603005 0.0428521 -0.365673 0.0865888 0.267178 -0.053892 -0.252902 0.18459 -0.281836 -0.155067 0.248092 -0.178406 -0.21734 1.13109 0.176781 -0.831163 0.157716 0.499312 -0.0136086 -0.504412 0.356083 
0.754678 0.586405 -0.914347 -0.490822 0.652763 -0.250146 -0.699908 0.0320997 -0.0457126 -0.847122 -0.39772 0.490125 0.56849 -0.377682 -0.214893 0.534845 0.18766 -0.185219 1.21068 0.545857 -0.44729 0.0400926 0.49506 0.0138595 -0.567401 0.106767 -0.307376 -0.228089 0.225962 0.148598 -0.281407 0.491059 0.749494 0.374666 -0.218542 0.0604788 0.129773 -0.415891 -0.223307 
0.631924 0.543716 -0.493513 -0.436024 0.412507 0.207501 -0.339825 -0.114671 -0.149157 -0.645153 -0.425219 0.265892 0.626758 -0.460956 -0.305066 0.565517 0.375913 -0.167051 1.2422 1.00818 0.0790626 -0.196242 0.351712 0.100745 -0.771068 -0.0617842 -0.167687 -0.173401 -0.0576032 0.00304353 -0.0858271 0.0456261 0.17682 0.208357 0.194839 0.278665 0.331715 -0.0758096 -0.494506 
0.518674 0.462099 -0.29493 -0.320501 0.448384 0.603 0.0482311 -0.015567 -0.213304 -0.457446 -0.45715 -0.187785 0.416619 -0.46459 -0.30076 0.480524 0.121844 -0.331636 1.29443 0.736922 -0.217546 0.336945 0.926079 0.46072 -0.632866 -0.512167 -0.189585 -0.112528 0.0917252 -0.351696 -0.419249 0.0603191 -0.187755 -0.617887 0.458518 0.707108 0.693366 0.660708 0.200603 
0.393372 0.422542 0.0411314 -0.423945 0.0397297 1.09362 0.194134 -0.395249 0.215832 0.386882 -0.164007 -0.314555 0.052121 -0.573745 -0.321221 0.730716 -0.0462198 -0.850579 1.34427 0.706334 -0.759295 0.470368 1.46311 1.07094 0.143888 0.274188 -0.179922 -0.209599 -0.114253 -0.0410763 -0.349747 -0.694973 0.305137 0.717694 0.0445195 0.0544768 0.567081 0.971075 0.640662 
0.203594 0.326038 0.489259 -0.413096 -0.455359 1.52058 0.558039 -0.721552 0.284956 1.17519 0.347599 -0.22045 0.580121 -0.565958 -0.428083 0.342925 0.0117116 -0.903202 0.454679 1.10147 0.670631 0.423005 1.00108 1.24817 0.695238 0.428336 0.145796 0.00365498 -0.354302 0.112261 0.119191 -1.42596 -0.23348 1.06595 -0.0697752 -0.805302 -0.812622 -0.29006 -0.362166 
0.0837517 0.208736 0.438532 -0.480458 -0.917857 1.44967 1.01594 0.0216119 0.666783 1.5028 0.798609 0.0416041 0.360319 -0.290132 -0.204321 0.240232 -0.00233306 -0.666732 -0.406993 0.342667 0.579075 0.396152 0.172763 -0.138133 -0.206777 -0.162943 0.251026 0.283902 0.205427 0.190845 0.212209 -0.514105 -0.870791 -1.32866 -0.728441 -0.758938 -1.50191 -1.59054 -0.605456 
0.0873527 0.275028 0.784232 -0.478357 -1.171 1.33273 0.780703 -0.376585 0.709084 1.36473 0.0753949 -0.500411 0.333294 -0.157968 0.0097625 0.675272 0.134532 -0.569512 -0.159533 -0.123848 -1.08656 -0.574857 -0.215637 -0.958349 -1.38657 -0.343014 -0.00447412 -0.023738 -0.0296272 0.13249 0.234961 0.612802 0.0338358 -0.957124 -0.78231 -0.0479244 -0.0262841 -0.999011 -0.814139 
0.0601684 0.313478 1.16742 -0.460476 -1.53402 1.41803 0.87025 -0.94136 0.121007 1.25796 -0.204186 -1.07037 -0.0555373 -0.18413 -0.118791 0.227037 0.0618728 -0.29639 0.38401 0.340415 -0.697822 -0.677251 0.0851508 -0.20932 -1.50117 -1.22097 0.0167593 -0.200978 -0.699629 -0.0544095 0.434059 -0.125811 0.143403 0.995088 0.181861 0.0402487 0.767682 0.704019 -0.420652 
0.0454278 0.286243 1.06604 -0.503629 -1.50771 1.64418 1.00159 -1.0343 0.0610313 1.45629 -0.260219 -1.6932 -0.906688 -0.0268697 -0.107687 -0.322859 0.0110076 0.121558 -0.289556 0.0220362 0.160205 -0.296204 -0.163229 0.119384 -0.413958 -0.860491 0.0834517 -0.0366963 -0.30787 0.23646 0.368412 -1.12294 -0.537331 0.746919 0.190928 -0.589969 -0.179516 1.32869 0.880228 
0.128497 0.332772 0.900757 -0.517428 -1.4431 1.30431 0.83975 -0.925309 -0.146433 1.07174 -0.247014 -1.49644 -0.957141 0.0257955 -0.0481018 -0.195188 0.230511 0.288929 -0.989397 -0.434062 0.228135 -0.385882 -0.863241 -0.502245 0.302974 0.048634 -0.119831 -0.167541 -0.167843 0.253432 0.499794 -0.0269782 -0.710048 -0.502768 0.253641 -0.246649 -0.806316 0.0562739 0.574096 
0.150679 0.348887 0.926721 -0.423869 -1.24555 1.08871 0.610964 -0.964906 -0.295985 0.487194 -0.856749 -1.61368 -0.954911 -0.0572139 -0.186844 -0.539238 0.196693 0.918521 -0.296338 -0.985958 -0.529336 0.0831061 -0.566421 -1.08056 -0.303598 -0.0114331 -0.787538 -0.663714 0.292719 0.459781 -0.344091 -0.391204 -0.17196 -0.558498 0.418654 0.604153 0.0810981 -0.407725 -0.0419193 
0.175551 0.294477 0.418274 -0.45873 -0.536759 1.18631 0.0133602 -1.45072 -0.0349944 0.434599 -1.35867 -1.84468 -1.06175 -0.793744 -0.695486 0.265481 0.623463 -0.273526 -1.45036 -0.714553 -0.533449 0.224826 0.0846591 -0.418044 -0.204322 0.0514411 -0.362795 -0.405891 0.0231398 0.70801 -0.219168 -1.37882 0.797107 1.97736 -0.0714265 0.121291 1.93946 2.30934 0.860526 
-0.318639 -0.0594649 1.24688 -0.0993668 -1.55887 0.242286 -0.0011307 -1.49355 -0.0429867 0.578204 -1.37828 -1.89191 -1.0005 -0.374729 -0.538964 -0.474863 0.838977 0.557304 -1.98882 0.0437428 1.98723 0.0065747 -0.385315 1.69281 2.80595 1.23111 0.577398 0.508872 -0.201244 -0.552135 0.174861 1.14157 0.564011 0.443291 -0.177178 -0.0460645 0.311801 0.12686 -0.0814085 
