-1.7615 -1.66388 -0.710435 1.09935 -0.345897 -1.00945 0.887616 0.95832 -0.89805 -0.559257 1.39558 1.80988 -0.530736 -4.14065 -4.28157 -1.51094 3.2265 0.539235 -3.3404 1.74422 3.13773 -2.404 -1.70475 3.51743 3.27998 -1.53538 0.656524 0.423424 -0.227713 0.454416 0.377384 -1.06162 0.0533534 0.721862 -0.770357 -0.748626 0.214979 -0.189791 -0.211583 
-1.69955 -1.70419 -1.37907 1.30135 0.42184 -1.20284 1.05605 1.23646 -1.41497 -1.09478 1.64271 1.86409 -0.879915 0.790327 0.515602 -0.306439 0.46661 0.651914 -1.03921 0.020133 0.828545 -0.860412 -1.01717 0.246903 -0.275376 -0.28881 3.79469 4.02965 1.05556 -2.80696 -0.390229 2.50043 -1.69142 -2.44547 2.24362 1.20955 -3.06465 -2.87251 1.46221 
-1.38429 -1.40549 -0.95107 1.24698 0.173084 -1.34861 0.888126 1.2487 -1.38631 -1.20289 1.45086 1.58691 -0.64363 0.0589098 0.0120817 0.0602268 0.296157 -0.0379966 -0.875169 -0.51044 0.277818 0.250932 0.00783795 -0.20152 -0.417705 0.279479 -1.7636 -1.6607 -0.496409 -0.0669116 -0.366063 0.537803 0.156173 -0.368683 0.794068 1.27161 0.41116 0.199983 0.221175 
-1.63039 -1.65179 -1.27315 1.37772 0.346048 -1.48044 0.731725 1.3012 -1.23603 -1.06587 1.48033 1.55757 -0.643136 -1.04851 -1.15222 -1.00601 0.390221 0.113378 -0.504868 0.174321 0.387117 0.103843 0.78193 0.731034 -0.0535241 -0.0337204 -0.36343 -0.398458 -0.354938 -0.242114 -0.30321 0.401177 0.829535 0.2169 -0.426263 0.249681 0.657503 -0.0784742 -0.936659 
-1.78154 -1.82942 -1.85291 1.36266 0.227792 -1.48723 0.983033 1.35822 -1.29568 -0.666062 1.74111 1.49417 -0.599564 -0.258818 -0.333359 -0.432359 0.0372822 -0.475888 -0.47524 0.521662 0.518319 -0.208146 0.38234 0.580499 -0.551076 -0.920623 1.37324 1.62501 1.25506 -0.453738 -0.36673 0.507934 -0.00147997 -0.429905 -0.495317 -0.976232 -0.787104 -0.205032 -0.544806 
-1.69505 -1.74072 -1.6328 1.34587 -0.107252 -1.60793 1.03929 1.46448 -1.3327 -0.791227 1.69752 1.17276 -1.14479 0.520433 0.622215 0.857046 -0.0890748 -0.426226 9.18704e-005 0.122963 -0.125607 -0.435776 -0.55253 -0.233821 -0.348343 -0.741332 0.536366 0.678395 0.582728 -0.177501 0.0881655 0.452829 -0.351048 -0.413225 -0.108331 -0.876806 -0.644565 0.990504 1.1031 
-1.51801 -1.52741 -0.993874 1.27799 -0.182694 -1.43633 1.0465 1.25768 -1.52901 -1.00483 1.56306 1.22836 -0.990898 0.400971 0.449363 0.446984 -0.154293 -0.287088 -0.0244948 0.0145449 0.0250202 -0.296404 -0.813517 -0.211992 0.679234 0.442897 -0.244698 -0.471623 -0.786039 0.223711 0.427007 -0.499652 0.0327176 0.933039 0.29557 -0.366624 0.184971 0.875854 0.665996 
-1.48183 -1.50942 -1.16133 1.23393 -0.397786 -1.56626 1.03637 1.42565 -1.48236 -1.30123 1.53006 1.51017 -0.807457 0.331692 0.200124 -0.266297 0.13724 0.305146 -0.486239 0.116192 0.94886 -0.0529444 -1.03718 -0.0232054 0.735709 0.0728191 0.0392385 -0.213091 -0.794837 0.146743 0.60877 -0.322561 -0.34166 0.233943 0.262662 0.305479 0.197808 -0.468401 -0.588869 
-1.33397 -1.39808 -1.19657 1.28792 0.0373373 -1.56795 1.10582 1.59735 -1.53251 -1.66159 1.48723 1.59892 -0.881278 0.520693 0.298121 -0.689231 -0.00814656 0.735334 -0.336599 -0.480332 0.285369 0.0480454 -0.36123 0.0141457 0.0484386 -0.320095 0.634174 0.914885 1.59451 1.03573 1.30177 1.35051 -0.424356 -1.40938 -0.424569 0.157947 -0.78356 -1.81665 -1.16323 
-1.21819 -1.34 -1.76377 1.18309 0.193111 -1.64172 0.730483 1.49349 -1.42522 -1.51448 1.47236 1.47728 -0.9396 1.09774 1.2306 2.09342 1.20933 2.43724 0.847672 -0.486502 -0.704495 -0.510047 -0.790553 -0.983775 -1.61502 -1.41204 0.441454 0.9685 2.33826 1.09954 1.24078 2.47481 0.490807 -0.963849 -0.356236 -0.628257 -1.43976 -1.17867 -0.152945 
-0.827295 -0.847176 0.831029 1.74603 2.09545 -1.19893 0.796149 1.25964 -1.81043 -2.15653 0.945161 0.589551 -1.6853 1.07737 1.38477 2.75869 1.1304 2.76977 2.10343 0.110143 -0.849148 -0.329357 -1.2106 -1.73993 -1.48844 -0.535207 -1.15583 -1.08513 -1.18406 -2.17775 -2.29751 0.872954 1.5276 1.05778 1.87178 1.39652 0.254062 1.02046 1.43206 
-0.720094 -0.726025 0.892621 1.6082 2.5379 -0.801395 0.786099 1.09651 -1.59467 -2.28503 0.563273 0.542218 -1.2041 -0.0808372 0.165768 0.387711 -1.06564 -1.19404 1.71175 1.45572 0.515233 1.7112 1.18267 -0.689612 -0.346504 0.364915 0.164975 0.278811 -0.377661 -2.31582 -3.27126 -1.55396 0.0680528 0.865435 2.95493 3.40751 1.32224 -0.312206 -1.14054 
-0.816996 -0.731904 1.24647 1.25312 1.02303 -0.505615 1.67557 1.42166 -0.754806 -1.35676 0.545874 0.324827 -1.39595 1.33369 1.74887 2.23286 -1.28837 -2.42073 0.579836 0.149441 0.146592 3.15522 3.56601 -0.154082 -1.91998 -1.99156 2.64612 2.32037 -0.612246 -1.12494 1.05105 -0.649737 -3.79638 -2.49414 1.17547 1.06227 -0.728185 -1.21405 -0.285702 
-0.114046 0.0369108 3.05202 1.02217 0.407945 -0.532902 0.865775 1.10749 0.327881 0.0785399 0.42392 -0.646166 -2.36471 2.87094 2.6687 -0.481349 -2.24404 0.536584 1.07776 -3.54334 -2.40135 3.12031 2.68995 -1.58322 -1.92852 -0.0170498 0.296249 -0.624353 -3.75176 -1.02194 2.47335 0.92836 -2.32995 -1.85017 -1.23474 -2.43911 -1.68005 1.04249 3.18786 
0.436488 0.407344 0.840521 0.267592 1.44259 -0.0502429 -0.505595 0.388738 1.14678 0.431999 -0.287148 -0.868569 -1.34163 1.73262 1.16677 -3.22973 -2.35949 1.58737 1.49842 -2.93773 -2.02007 1.75317 0.19226 -2.19872 -0.623357 1.99213 -2.15475 -2.09559 -0.132513 0.996055 -0.85891 -0.898422 1.92333 1.08216 -2.52926 -2.11478 0.466296 1.41821 1.11313 
0.660018 0.561704 0.0484225 -0.0116157 1.73338 0.0803514 -0.944613 0.230785 1.4087 0.228461 -0.707852 -1.07341 -1.07413 0.607163 0.545261 -0.648498 -1.21327 -0.791125 0.199107 -1.08518 -1.15322 0.208398 -0.231677 -1.03242 -0.152588 1.35907 -1.44074 -0.886429 2.25214 1.67569 -1.57142 -1.93993 1.09799 0.389718 -1.59936 0.0400113 1.70333 1.34408 0.279803 
0.736549 0.67787 0.276587 -0.287038 0.717523 0.0753553 -1.18179 -0.13282 1.30018 0.303759 -0.852823 -1.01946 -0.440569 0.244534 0.310108 0.0921805 -0.620847 -0.881249 -0.404891 -1.55562 -1.57832 -0.074146 0.274476 -0.15205 1.058 2.3209 -0.493052 -0.441102 0.36354 0.85157 0.309896 -0.315571 0.0470223 -0.20864 -0.609187 0.466834 1.35642 1.29406 0.34794 
0.807352 0.736026 0.184544 -0.318589 0.930619 -0.0207416 -1.90883 -0.464934 1.39247 0.432327 -0.84622 -0.513661 0.418754 0.148616 0.155145 -0.0898555 -0.333003 -0.247277 -0.10612 -1.0733 -1.40828 -0.464033 0.445543 0.594764 1.46497 1.77349 -0.267464 -0.294792 -0.163192 0.00725545 -0.0505777 0.899555 1.56049 0.595173 -0.753287 0.110545 0.766848 -0.360016 -1.50613 
0.843486 0.788796 0.240657 -0.473682 0.461309 0.0863965 -1.85072 -0.758874 1.04989 0.619869 -0.628706 -0.220815 0.715483 0.0310601 0.0732731 -0.119855 -0.619986 -0.914612 0.485355 0.429483 -0.897306 -0.914649 0.455018 0.762194 0.56547 0.40508 -0.100781 -0.219519 -0.511708 -0.187551 -0.00206208 0.471241 1.17483 1.17699 -0.0216003 -0.513484 -0.319391 -0.896451 -1.30418 
0.864779 0.813457 0.12026 -0.625203 0.0990942 0.212291 -1.65771 -0.881642 0.871648 0.754654 -0.540837 -0.243038 0.732816 0.116223 -0.00283127 -0.811817 -0.535046 -0.202954 0.362739 0.408988 -0.0497255 -0.451133 -0.24383 0.195485 0.288117 0.11148 0.0381563 -0.140805 -0.533458 0.248909 0.739275 -0.0264995 -0.0235006 0.845561 0.323102 -0.958147 -0.831904 -0.251821 -0.127266 
0.93678 0.835091 -0.477638 -0.744788 0.243306 0.273409 -1.61214 -0.828325 0.807336 0.483655 -0.59839 -0.113004 0.848891 0.149606 -0.00223795 -0.873639 -0.367426 0.316781 0.464524 0.349416 0.0752907 -0.499705 -0.854231 -0.256835 0.210963 0.222242 -0.16662 -0.0808112 0.427103 0.444072 0.0734959 -0.193142 0.0444812 0.0758459 -0.258142 -0.403534 -0.180172 -0.0624091 -0.175232 
0.972133 0.859995 -0.656466 -0.826238 0.329157 0.437505 -1.4556 -0.899873 0.599937 0.217932 -0.730065 -0.180518 0.934377 0.012305 -0.0154901 -0.160173 -0.0792104 -0.0376436 0.177962 0.417554 0.0265139 -0.714124 -0.77993 -0.0354452 0.17524 -0.131643 -0.225866 -0.118984 0.52257 0.500167 -0.169735 -0.776374 -0.222569 0.178945 0.101856 0.127802 0.396562 0.448025 -0.15938 
0.986308 0.876208 -0.580029 -0.825339 0.167818 0.391071 -1.36832 -0.866541 0.406897 -0.00431555 -0.68016 -0.0714537 0.832704 -0.018676 -0.0548883 -0.0823145 0.146836 0.0926169 -0.294053 0.00980692 0.271593 -0.342812 -0.649632 0.209644 0.74924 -0.000957992 -0.198504 -0.172561 0.104449 0.263498 0.197075 0.00274997 -0.191095 -0.174099 0.270271 0.607806 0.458489 0.372874 0.213471 
1.00861 0.884994 -0.685269 -0.812293 0.365966 0.378011 -1.46141 -0.83768 0.422418 -0.184544 -0.692875 0.197981 0.998601 -0.126252 -0.124271 0.0193854 0.188545 0.32555 0.185907 0.11898 -0.188316 -0.360799 0.0938091 0.505919 0.617648 0.113764 -0.321184 -0.21005 0.292058 0.0783082 -0.126137 0.74872 0.612514 -0.412318 -0.103996 1.07293 0.440078 -0.917283 -0.570319 
0.97748 0.872822 -0.51271 -0.793958 0.40544 0.511715 -1.30729 -0.992773 0.21858 0.0810084 -0.499167 0.229798 0.967517 -0.290509 -0.202943 0.371741 0.221704 -0.061736 0.447798 0.758961 -0.22065 -0.426015 0.872502 0.728744 -0.454188 -0.740636 -0.368137 -0.250474 0.327879 0.124394 -0.27778 0.374129 0.727784 0.296522 0.292801 0.630595 -0.00911896 -1.05732 -0.93245 
0.930606 0.849421 -0.28492 -0.767051 0.269708 0.596947 -1.00857 -0.977159 0.194948 0.411711 -0.403728 -0.129956 0.607696 -0.449094 -0.314676 0.525851 0.311414 -0.0716216 0.559226 1.01842 0.144908 0.0188026 0.999318 0.481833 -0.764426 -1.08105 -0.349021 -0.25213 0.156262 0.0132479 -0.0770614 0.364695 0.399942 0.722812 0.911599 -0.0954975 -0.609822 0.0482522 0.25063 
0.832683 0.791538 0.0332973 -0.711214 0.300659 0.772472 -0.695595 -0.982482 0.258158 0.760472 -0.329863 -0.280254 0.367154 -0.592584 -0.395084 0.627109 0.228806 -0.137506 0.811834 1.23097 0.609002 0.675323 0.765814 -0.021735 -0.425896 -0.448526 -0.200306 -0.125505 0.0849034 -0.205486 -0.465281 -0.240022 0.0681011 0.560091 0.840199 0.0107924 -0.473516 0.0878195 0.703999 
0.725376 0.735242 0.356792 -0.718839 0.108128 0.952513 -0.266748 -0.776728 0.628673 0.937963 -0.478844 -0.441285 0.396528 -0.589609 -0.374158 0.676811 0.0906906 -0.769031 0.328325 1.05778 0.785066 1.03686 1.0408 -0.10382 -0.685658 -0.219134 0.0925213 0.0202673 -0.180978 -0.054052 -0.26652 -0.752952 -0.268047 -0.113011 -0.479882 -0.323079 -0.105426 -0.538457 -0.376223 
0.628706 0.68592 0.721985 -0.720739 -0.40536 0.946568 -0.0598041 -0.709918 0.908935 1.46715 -0.444821 -0.744067 0.297133 -0.414977 -0.301848 0.389049 0.165812 -0.516647 0.0763 0.832066 0.465312 0.153706 0.341871 -0.162279 -1.14606 -0.94426 0.275476 0.10297 -0.404506 0.130068 0.351855 -0.580805 -0.556592 -0.508302 -1.32091 -1.15704 -0.00441964 0.467981 0.205158 
0.594947 0.659206 0.773501 -0.696962 -0.38031 1.03202 0.230853 -0.635167 0.749241 1.18605 -0.622176 -1.17536 -0.119668 -0.213244 -0.194278 0.111702 0.219469 -0.157996 -0.237846 0.282682 0.181046 -0.465693 -0.545715 -0.122223 -0.121924 0.0158258 0.268371 0.168381 -0.407839 -0.450776 -0.327872 -0.679194 -0.67352 -0.41882 -0.219821 0.0514921 0.642121 1.41715 1.27377 
0.58324 0.653893 0.876558 -0.676431 -0.584604 0.90817 0.101446 -0.684821 0.657643 1.13286 -0.568712 -0.876958 0.371685 -0.0463318 -0.0534421 -0.180937 -0.310399 -0.99403 -0.58667 -0.0954818 -0.034503 -0.0645883 0.440092 0.60114 0.628514 0.633757 0.122317 0.115949 -0.193476 -0.554302 -0.52952 -0.109157 -0.0779843 -0.215213 0.084914 0.458863 0.454414 0.344238 0.146291 
0.619779 0.684797 0.651485 -0.874157 -1.2803 0.862702 0.160579 -0.698382 0.738755 1.49858 -0.394965 -0.867733 0.335101 -0.00326758 -0.000801667 -0.144644 -0.36457 -0.958268 -0.339997 0.131579 -0.0816614 -0.32856 0.120394 0.414213 0.283953 0.176801 -0.184044 -0.0667598 0.450859 0.388189 0.440457 0.961362 0.570668 -0.120235 -0.754986 -1.19429 -1.06216 -0.623398 0.0788194 
0.62621 0.701019 0.788844 -0.876272 -1.45376 0.831432 0.170186 -0.767356 0.488681 1.23563 -0.43223 -0.771591 0.545285 -0.16918 -0.05138 0.505464 0.0872309 -0.241121 0.364384 0.599115 -0.186606 -0.907073 -1.19834 -0.696319 -0.200009 0.709932 -0.156551 -0.16932 -0.000553082 0.468438 1.04456 1.10814 0.203387 -0.00943206 0.0288318 -0.516998 -0.882282 -0.774493 -0.169194 
0.592872 0.711231 1.17822 -0.885129 -1.53121 1.05033 0.51556 -0.823914 0.222479 0.736076 -0.797507 -1.04646 0.836741 -0.0962474 -0.106186 -0.118718 0.116643 0.761961 0.755465 0.347323 -0.104731 -0.256838 -0.573879 -0.665735 -0.737319 -0.0587342 -0.0405249 -0.246877 -0.835691 -0.119762 0.52048 -0.124643 -0.558894 0.313249 1.1837 1.0371 0.700411 0.520998 -0.45881 
0.630019 0.705031 0.725635 -0.874949 -0.839912 1.16584 0.371012 -0.859344 0.362776 0.882856 -0.819927 -1.26573 0.573959 -0.136111 -0.238017 -0.690526 -0.0442049 0.639925 0.246997 -0.178987 0.166096 0.511634 0.273838 0.137586 0.431358 0.110401 -0.372852 -0.39208 -0.387693 -0.456969 -0.749089 -0.425756 0.308162 0.701342 0.620991 0.234529 0.353532 1.26715 1.17365 
0.579892 0.661309 0.574567 -0.951046 -1.02256 1.1939 0.394162 -0.804942 0.557931 0.939524 -0.795293 -0.854566 0.969485 -0.424211 -0.444944 -0.659229 -0.366017 -0.389898 0.341836 0.69967 0.699918 0.505548 -0.220499 -0.251289 0.845901 1.39345 -0.217977 -0.200196 -0.0488115 -0.137191 -0.494905 -0.363947 0.141466 -0.0144376 -0.532334 -0.750515 -0.689331 -0.72348 -0.19682 
0.495701 0.570453 0.151559 -1.07539 -1.21908 1.34501 0.787555 -0.621664 0.694575 0.76195 -1.00646 -0.83049 1.49617 -0.295823 -0.375749 -0.735208 -0.193794 -0.104919 -0.105824 -0.0439752 0.137198 -0.0711606 -0.745964 -0.709039 -0.524838 -0.159854 0.0151487 0.141314 0.553589 0.204987 -0.36724 -1.08862 -1.27714 -1.36124 -0.784129 -0.281536 -0.323431 -0.892411 -1.24277 
0.499647 0.55504 -0.0713208 -1.0795 -1.15605 1.20506 0.355422 -0.797811 0.5435 0.47384 -1.20401 -1.22398 0.93594 -0.33066 -0.224894 0.177481 -0.159205 -0.930319 -0.723935 -1.01486 -0.897368 -0.370928 -0.58653 -0.655453 -0.325799 -0.191381 -0.960692 -0.569164 1.40387 0.947586 -0.593168 -0.522232 0.161012 -0.438462 -0.454683 0.400277 0.736002 1.29534 1.51746 
0.400784 0.5259 0.368303 -1.18939 -2.06414 1.12417 0.154405 -1.0384 0.500177 0.400877 -1.38917 -1.08306 1.44323 -1.2624 -0.900029 1.34557 0.786485 -1.00711 -0.614369 0.11652 -0.38549 -0.563386 -0.161527 0.167904 1.09435 1.72444 -0.739463 -1.19179 -0.441336 2.99986 2.0777 -2.45175 0.63768 3.06025 -0.469347 -0.0624829 3.02967 1.80964 -1.77957 
0.0123135 0.234282 1.24945 -0.798156 -2.06732 1.02534 0.414942 -1.00483 0.233558 0.391628 -1.18708 -0.642893 2.06181 -1.0569 -1.40146 -0.441516 2.95866 2.44423 -3.13079 -0.2329 2.6543 -0.880256 -0.647194 2.99508 1.94947 -2.45088 1.09107 0.790368 -0.937924 -0.748668 0.599206 0.619143 -0.05146 0.341404 0.450373 0.0969044 -0.128052 -0.831774 -1.35385 
