1.12782 0.498235 -1.38005 -0.969272 1.70393 1.48117 0.466311 -1.38394 -1.86094 -1.50138 -1.18052 1.14112 1.68363 2.23045 1.33157 -2.58146 -2.04263 2.77348 2.69521 0.285055 -1.26861 -1.00414 -2.25842 -2.3441 0.140934 2.01956 0.271264 0.344639 -0.0811411 -0.203612 -0.0827114 -0.142551 -0.436896 -0.0845153 1.00556 0.436953 0.0580661 -0.466825 -0.411567 
1.3346 1.11832 -1.36888 -1.16101 1.59819 1.43029 0.0878356 -1.12607 -0.477994 -1.24026 -1.48297 0.0478225 1.5045 0.227134 0.396171 -0.0480015 -0.217132 -0.177736 -0.169286 -0.381262 0.00453372 1.07724 0.512522 0.0925275 -0.640528 -0.58983 -2.54233 -1.33215 2.88597 2.16272 -3.0943 -2.90473 -0.142081 0.54818 0.0361832 2.41073 2.49308 -0.0144122 -1.75465 
1.16081 0.800133 -1.25622 -0.973653 1.43122 1.20965 0.00545149 -1.33974 -1.02431 -1.00203 -0.958611 0.255628 0.967994 -0.269221 -0.308812 0.144026 -0.0423861 -0.463658 -0.208893 0.246026 -0.474989 -0.983129 0.536291 0.760415 0.124917 -0.495056 -0.327201 -0.231224 0.293133 0.130542 -0.499684 -0.227693 0.943479 0.874424 -1.16086 -0.712043 -0.193701 0.500566 0.642016 
1.04509 0.804906 -1.13191 -1.05467 1.14423 1.13524 0.143531 -1.52264 -0.942718 -0.72598 -0.793751 0.0765154 0.869505 -0.125738 0.092923 0.253846 -0.121145 -0.779065 -0.422871 0.839869 1.20504 -0.206044 -0.303487 -0.126368 0.0543297 0.330236 0.0787541 0.248332 0.16622 0.0982506 -0.126272 -0.0508405 0.855111 1.76163 0.995496 -0.882518 -1.01334 -0.806304 0.258771 
0.964525 0.837355 -0.954537 -0.917218 0.777314 0.78747 0.550162 -0.192042 -0.998211 -1.01496 -0.889863 0.200018 1.03518 -0.22866 -0.0296111 0.327243 0.0233422 -0.685646 -0.287377 1.36458 1.83202 0.0831423 -0.476829 -0.472338 -0.984227 -0.124221 -0.214701 0.0136689 0.322268 0.216054 0.0259224 0.158405 -0.0197225 -0.481009 0.0950415 0.338715 0.0479286 -0.876724 -0.728952 
0.78193 0.735179 -0.786984 -0.90669 0.549539 0.793554 1.12032 0.201374 -0.733968 -0.847744 -0.967073 -1.21946 0.550025 -0.369579 0.0871114 0.582928 0.0549709 -0.846442 -0.294184 0.942878 0.715071 -0.120901 0.0954476 -0.0463804 -1.15202 -0.714441 -0.254574 0.20677 0.627542 0.315481 -0.564794 -0.597699 -0.74564 -0.505055 0.41111 0.693525 0.701721 0.558983 -0.49817 
0.60981 0.869505 -0.458963 -0.749197 0.0806916 0.441744 1.1797 0.505279 -0.918338 -0.777447 -0.765149 -1.29635 0.213524 -0.511145 0.19911 0.941677 0.292625 -1.35312 -0.907303 0.624911 1.31207 0.512671 0.332356 0.416359 -0.208731 -0.838162 -0.414195 -0.381008 0.406826 0.823019 0.0321193 -0.631234 -1.22747 -0.194624 1.58664 0.933694 0.780616 0.909423 -0.136946 
0.335236 0.865082 -0.0800352 -0.588092 -0.468285 0.0835695 1.48802 1.44745 -0.253922 -0.461495 -0.518588 -1.58925 -0.376894 -0.806761 -0.398059 0.991049 0.799842 -0.907525 -0.947312 -0.356116 0.58228 1.58948 1.18233 0.939905 0.107221 -0.91071 -0.529328 -0.988407 -0.0578824 0.948419 1.05756 0.12206 -1.77255 -1.76346 0.681529 1.12799 0.945291 1.17161 0.268462 
-0.0289542 0.478194 0.277076 -0.109229 -0.654654 -0.29201 0.739545 1.08054 0.241834 0.142423 0.0496546 -1.2888 -0.775121 -1.05991 -1.02378 0.915416 1.155 -0.372478 -0.8146 -1.30683 -0.777336 1.23685 1.64389 1.60634 1.41243 -0.453439 -0.604486 -0.972592 -0.109094 0.192814 0.356656 0.353749 0.105109 -0.372228 -0.566586 -0.179829 0.183508 1.64949 1.22351 
-0.468005 -0.0723626 0.611441 0.276905 -0.864443 -0.57134 0.264979 0.772958 0.683524 0.748149 0.762511 -0.0228534 -0.976481 -1.42837 -1.60174 0.916919 0.954181 -0.638918 -0.625216 -0.108197 0.227985 0.953717 0.981695 1.1876 2.38805 0.842694 -0.162251 -0.828596 -0.574531 0.00498798 0.525057 0.207348 0.276339 1.00645 0.183784 -1.16462 -1.03563 0.127018 1.14817 
-1.07159 -0.963699 0.969437 0.628529 -1.21972 -0.834405 0.503547 1.33013 1.00045 0.936333 1.03777 1.44279 -0.271924 -1.25292 -2.05257 0.406224 1.13334 0.0672036 -0.637455 -0.860144 0.587825 1.41868 0.304594 0.346014 1.59165 1.19201 1.06538 0.474962 -1.01368 0.0613028 1.70441 0.644863 -1.42506 -1.2143 -0.774186 -0.945487 -1.20002 -1.82477 -0.342383 
-1.39665 -1.90774 1.0029 1.12818 -0.98187 -1.12101 -0.590227 1.35332 1.73582 1.11697 1.16178 1.75757 -0.176081 -0.431611 -1.04729 -0.00276878 0.985288 0.998841 -0.0148912 -1.63656 -1.17653 0.091757 -0.104234 -0.27606 -0.126985 0.352013 1.72934 2.48137 -0.243508 -0.914814 0.486535 0.976516 0.0045803 -1.93282 -2.53597 -0.576577 -0.713864 -2.00729 -1.18476 
-1.46661 -1.92166 1.11992 1.38599 -0.746544 -1.0142 -0.991019 0.288703 1.21464 1.04849 1.00178 1.17064 -0.186212 0.387313 0.938784 0.206451 0.249777 0.467751 0.301238 -0.728923 -1.71281 -1.3629 -0.354782 -0.516297 -1.17534 -0.505885 1.4643 1.9752 -0.327589 -1.17696 -0.488958 0.081599 0.664506 0.140306 -1.09434 0.00244078 0.313041 -0.621743 -1.15132 
-1.25959 -1.13225 1.27665 1.41963 -0.845375 -1.11299 -1.33738 -0.18106 1.03123 1.07183 0.957698 0.233349 -0.82029 0.951762 1.3293 -0.281135 -0.143916 0.408408 0.0377512 -0.739273 -0.891604 -1.11904 -0.094118 0.131859 -0.98136 -1.29797 0.69902 0.162666 -0.931564 -0.897053 -0.137057 -0.22496 0.101217 0.759713 0.470535 0.425465 0.654011 0.302927 -0.22348 
-0.962814 -0.805323 1.10639 1.428 -0.647668 -1.16272 -1.74669 -0.490825 0.664075 1.16699 1.2512 -0.121914 -1.50435 1.02901 1.11394 -0.636475 -0.617142 0.234806 0.0503586 -0.485523 -0.655371 -0.868624 0.144458 0.313384 -0.753306 -0.826166 0.765863 -0.274934 -2.01409 -2.44787 0.944405 2.2576 2.50929 1.01997 -0.148036 -1.7772 -1.75061 0.855154 2.3148 
-0.705605 -0.203877 1.05376 1.1618 -0.856552 -1.25402 -1.88409 -0.743444 0.638826 1.34011 1.33413 -0.786833 -1.737 1.65824 0.972958 -2.13595 -2.46402 1.27409 2.24484 2.29952 0.490423 -1.29875 -2.14172 -2.01286 0.20297 2.01937 -1.02486 -0.898702 0.651122 0.686709 -0.13889 -0.0224327 0.309792 0.437332 0.8141 -0.131245 -0.270089 0.542908 0.576494 
