-1.27087 -1.41306 -1.25565 1.22694 1.24389 -1.18732 0.614186 1.25204 -1.19049 -0.827038 1.48172 1.59576 0.2097 -4.17439 -3.99895 -0.59785 2.10571 -0.976919 -2.74929 0.419833 0.943943 -1.05465 -0.192515 1.60697 1.51046 0.368164 -1.39168 -0.399464 0.961443 -0.309881 -1.73298 0.617385 0.593315 -0.290111 1.37291 1.44387 -1.1278 -0.798455 0.862956 
-1.50949 -1.45681 -0.495538 0.944256 -1.02106 -1.34026 0.285446 0.499081 -0.932721 -0.129953 0.874974 0.845263 0.402415 -1.16127 -0.327856 1.2912 -0.430109 -2.35092 0.798963 0.795172 -0.424888 2.09142 2.0613 -1.40572 -1.14442 1.25375 4.04757 3.81735 0.789502 -1.67904 0.706813 3.37979 0.365337 -0.550082 1.65647 0.961675 -1.56579 -0.654325 0.724086 
-1.67396 -1.50164 0.0195265 1.00819 -1.15193 -0.739813 1.16335 0.96106 0.803491 0.920291 0.590814 0.840924 1.52536 -0.454964 -0.133473 0.459681 -0.0659997 0.0265415 1.56389 0.908769 0.129558 1.47395 1.17245 -0.355711 0.575011 1.41334 1.75091 0.994673 -0.522629 -0.0937012 1.11186 -0.183893 -0.914853 -0.985073 -2.10563 -0.901881 1.68638 1.45813 -0.282635 
-1.65323 -1.47294 0.000210403 0.892494 -1.03811 -0.507353 0.914429 0.528115 0.486846 0.877021 0.599528 1.12673 1.88265 0.497333 0.730663 0.565563 -0.585234 -0.790575 0.578572 -0.435531 -1.89099 -1.18032 0.735128 0.767193 0.98294 0.786886 1.04571 0.620789 -0.0905307 0.298905 -0.250292 -1.37666 0.0232947 -0.336641 -2.37932 -1.38179 0.740425 -0.611803 -1.10273 
-1.46801 -1.1957 0.614525 0.718288 -1.98654 -0.403347 0.847803 -0.17613 -0.246141 1.563 0.973553 1.36825 2.35957 0.570859 0.553244 0.321263 0.278277 -0.285889 -0.173899 0.93825 -0.365043 -2.21976 -0.846758 0.614285 -0.298782 -0.285256 -0.243525 -1.3047 -1.48103 1.24265 1.93737 -1.59699 1.02208 2.72414 -0.467456 -2.40327 -0.0814351 -1.18054 -1.92801 
-1.42028 -1.23313 0.366211 0.998629 -1.36776 -0.550016 1.56412 0.271673 -1.52974 0.202126 0.892641 0.881558 1.61123 0.366315 -0.497384 -1.46252 0.959499 1.90473 -1.4395 0.935583 2.20016 -1.92636 -2.75919 0.692076 -0.715454 -2.15122 -0.0772476 -0.76586 -1.079 0.465836 1.54753 -1.19142 -0.814823 1.97194 1.40164 -1.05682 -0.0337689 0.672779 -1.17048 
-1.31017 -1.34747 -0.691518 1.13685 -0.124369 -1.08368 1.49563 1.04802 -1.98979 -0.704822 1.31226 0.871949 0.163909 0.589043 -0.138967 -1.16047 0.834893 1.87345 -1.67602 -0.158085 2.59914 -0.0840571 -2.39668 0.599782 0.689913 -2.0856 0.00364229 0.519004 0.625125 -0.529805 -0.33882 0.846965 -1.21667 -0.680361 1.87306 1.49393 -0.249543 1.27824 0.799358 
-1.18066 -1.2513 -0.656708 1.36005 0.463113 -1.34952 1.44351 1.72611 -1.55955 -1.76375 1.17725 1.23228 -0.516753 0.457082 0.088114 -0.628373 0.249643 1.47059 -0.348478 -0.700534 1.19058 0.93618 -0.625595 0.403187 1.15108 -0.992999 -0.205926 0.180641 0.341147 -0.72138 -0.529448 1.32323 -0.580607 -2.12077 -0.333445 1.90928 0.218082 -0.461879 0.695836 
-1.11901 -1.28101 -1.21567 1.22986 1.30342 -1.2143 0.99388 1.68945 -1.0705 -1.1955 1.48164 1.50062 -0.837353 0.491762 0.110052 -0.71225 -0.118649 1.17721 0.0208915 -0.939806 -0.568505 -0.623477 0.336716 0.905545 0.0334921 -1.08285 -0.540254 -0.332715 0.178779 0.023754 -1.06809 -1.14098 -0.583678 -0.511409 -0.277314 0.149187 -0.706387 -1.08914 1.06282 
-0.976758 -1.17667 -1.25948 1.28414 1.59737 -1.29403 0.773652 1.35223 -2.09116 -1.45289 1.64109 1.18737 -1.61068 0.0598048 -0.173364 -0.400805 0.243923 0.0337876 -1.78643 -1.48638 0.434141 0.483302 -0.433934 -0.466645 -0.414785 0.560929 -0.325656 -0.0074238 0.469251 0.288978 -0.782395 -1.02021 -0.0933105 1.13152 1.3784 -0.922933 -1.71139 0.123074 1.64849 
-1.07372 -1.31201 -1.5265 1.32024 1.29362 -2.06943 -0.0600158 1.89429 -0.572506 -1.52654 1.14117 1.18553 -0.236152 0.287047 0.172054 -0.0899352 0.213001 0.133213 -1.26343 -1.06696 1.13654 1.4764 -1.01986 -1.2423 0.225181 1.35071 0.102891 0.39572 0.440486 -0.208501 0.0148087 1.85317 1.417 -0.478984 -0.437007 0.792124 0.791223 0.152908 -1.24162 
-0.848028 -1.07893 -1.27892 1.36034 1.68705 -1.88565 0.0144506 1.96247 -0.66932 -2.27197 0.845971 1.25799 -0.195028 0.239629 0.289537 0.182419 -0.0572294 0.0858348 0.584651 0.415216 -0.273723 -0.215788 0.686185 0.567948 -0.179841 -1.34627 -0.522307 -0.364086 -0.0893673 -0.56237 -0.29678 1.49806 1.28712 -0.985312 -1.28438 1.06725 1.4045 -0.324032 -1.47398 
-0.962401 -1.17048 -1.29065 1.2725 1.3359 -1.7299 0.222187 1.69055 -0.724858 -0.924597 1.40712 1.01204 -1.60172 -0.0941261 -0.120621 -0.226772 -0.538279 -0.243132 0.655895 0.660179 -0.329922 -0.529148 0.497569 0.572158 -0.23138 -0.905472 0.0120211 -0.192205 -0.536194 -0.758229 0.223819 0.58289 -0.399384 -0.491432 -0.0396737 -0.00360862 -0.123213 0.319463 0.909519 
-0.859264 -1.09027 -1.42662 1.09197 1.40018 -1.51023 0.468768 1.7263 -1.11318 -1.82712 1.11439 1.05344 -1.10603 0.337914 0.167786 -0.561647 -1.05764 0.425243 1.33973 -0.123073 -1.00024 -0.302276 0.657196 0.439705 0.296588 -0.0225855 0.087362 0.350749 0.357887 -0.210431 0.197177 1.20085 -0.548099 -1.3063 0.061754 1.14301 0.257069 0.337465 0.217365 
-0.814992 -1.07433 -1.75225 0.765932 1.71777 -1.00993 0.126176 1.06749 -0.957667 -0.346796 1.59791 1.1257 -1.60226 0.0717636 0.297559 0.244202 -0.841885 0.0596474 2.19712 -0.0778745 -2.2773 -0.459256 2.12439 0.927498 0.27115 -0.621363 -0.39953 0.59946 1.82859 1.58415 -0.475699 0.34153 0.762591 -0.337139 -0.375397 -0.516932 -0.751615 0.0664698 0.822442 
-0.809585 -0.945753 -1.13286 0.684361 1.41626 -0.358262 0.404516 0.36614 -1.49203 -0.0272426 1.59109 1.15177 -1.72405 0.0669108 0.833293 1.90799 0.921481 -0.197092 1.78776 0.899481 -1.49558 -0.906376 -0.113077 -0.487641 0.406208 1.17031 1.32637 2.24266 2.60732 2.04051 -1.42331 -1.40608 1.78438 2.10718 0.826878 -1.96221 -2.63242 -1.76619 0.611042 
-0.767095 -0.730143 0.101082 1.16706 1.47697 -0.0642199 0.748632 0.158521 -1.75245 -0.410583 1.24513 1.30543 -0.372639 1.34943 2.59712 3.77212 1.71775 -1.86552 0.421917 2.31721 0.889508 0.790292 -0.732987 -2.39156 -2.27637 0.254025 2.58011 2.38796 0.474119 -1.59873 -2.29129 -1.58676 -0.223562 1.31549 2.20438 0.614711 -2.03888 -2.92655 -1.05632 
-0.290752 0.0558181 2.46784 1.45069 -0.4939 -0.100726 2.0231 0.833803 -0.708449 -0.607374 0.122343 -0.285302 -1.43934 2.46957 3.27734 2.53692 -1.14807 -3.31563 -0.217298 0.597368 0.485095 2.46698 0.750842 -3.05193 -3.82369 -0.45857 0.755811 -0.995255 -3.53805 -3.96667 0.90189 0.261037 -3.59307 -1.70381 0.517526 1.0414 0.448775 0.882539 1.00115 
0.163049 0.524949 2.54395 0.619026 -1.88409 -0.12875 1.15882 0.392764 0.5909 0.245219 -0.610693 -1.06421 -0.82278 2.11512 1.67679 -1.05141 -3.36385 -0.593859 0.767548 -2.51104 -1.65342 1.56289 0.747107 -1.79244 -0.983547 1.71533 -1.20951 -2.64572 -3.19091 -0.97702 3.29772 0.774863 -2.57273 -1.35151 -1.13061 -0.586526 1.66764 2.97519 1.66906 
0.509242 0.71438 1.54715 -0.113585 -1.13169 0.330955 0.249254 -0.166269 0.793849 0.0453162 -0.995235 -0.943185 0.352317 1.47176 0.715735 -1.81487 -2.42679 1.24999 0.782003 -2.86031 -1.53001 0.698503 -0.119931 -0.902853 0.503227 2.0059 -1.03902 -1.27457 -0.497593 1.37359 1.39741 -0.635944 0.270724 0.871161 -0.790822 -0.921079 1.58001 1.51159 -1.03731 
0.7268 0.825321 0.907626 -0.515476 -0.677024 0.310214 -0.860427 -0.536077 1.28909 0.175724 -1.20684 -0.826012 1.26852 1.2703 0.478701 -1.74302 -1.65257 1.35909 -0.0279248 -2.1492 -0.33846 0.318288 -0.606791 0.245209 1.22132 0.114988 -0.618262 -0.419253 0.37423 1.072 -0.24261 -0.825267 1.24831 0.976441 -0.785338 -0.435409 1.48567 0.681403 -1.87262 
0.999018 0.926409 -0.0218227 -0.893 0.184538 0.36184 -1.27035 -0.407368 1.13833 -0.429702 -0.918455 -0.272182 0.493649 1.00448 0.3682 -1.32169 -1.09913 0.948117 -0.254318 -1.18531 -0.057314 -0.537639 -0.772478 1.01482 1.50442 -0.849019 -1.10057 -0.319028 1.0445 0.728016 -1.31407 -0.165432 1.18443 -0.137009 -0.295077 0.81342 0.0847122 -0.754253 -0.00138101 
1.11897 0.996166 -0.266405 -1.04107 0.228009 0.227032 -1.70278 -0.614903 0.837328 -0.4373 -0.678957 0.0156154 0.415738 0.370245 0.230833 -0.338954 -0.762453 -0.415895 -0.22483 -0.560001 -0.533966 -0.161976 0.544082 0.381372 0.140996 0.0705549 -1.02323 -0.326343 0.866268 0.560254 -0.87972 0.311615 0.913041 -0.342716 -0.211684 0.259016 -0.853496 -1.19187 0.573838 
1.1583 1.04606 -0.274682 -1.26418 -0.275191 0.293515 -1.67335 -0.761308 1.03604 0.0538826 -0.761863 -0.252298 0.589159 0.173831 0.113058 -0.159831 -0.422413 -0.229694 0.155657 0.0393405 -0.561017 -0.889329 -0.422214 -0.0420779 -0.210402 -0.0295095 -0.584218 -0.403018 0.189335 0.610129 0.227333 0.0261381 0.304599 0.128877 -0.316882 -0.522445 0.0149023 0.187951 -0.255717 
1.20613 1.07192 -0.351362 -1.25629 -0.0454167 0.350414 -1.68468 -0.984457 0.0583993 -0.758578 -0.770569 -0.17629 0.408059 -0.066481 -0.100556 -0.0970394 -0.0222937 -0.0716543 -0.178028 -0.152653 -0.331113 -0.67586 -0.234152 0.428763 0.426748 -0.355875 -0.529515 -0.473635 -0.057635 0.303361 0.0819129 -0.33683 -0.0846039 0.399504 0.659281 0.837216 0.645794 0.640699 0.40958 
1.15721 1.0422 -0.30078 -1.2959 -0.39049 0.248772 -1.79015 -0.998166 0.455697 -0.110751 -0.577493 -0.0601905 0.244921 -0.213809 -0.288555 -0.253545 -0.0724687 -0.0853875 -0.259294 -0.076115 0.0472973 0.10182 0.763023 0.807581 0.73178 0.543295 0.0885732 0.0257963 -0.0356603 0.124891 0.202732 0.0950447 0.41153 0.430926 0.123766 -0.124495 -0.050992 -0.137638 0.265864 
1.15095 0.99799 -0.524162 -1.31102 -0.174456 0.264725 -1.7477 -1.0029 0.201509 -0.0926306 -0.364156 0.199663 0.991075 0.100496 -0.00551885 -0.16089 0.100635 0.238762 -0.0435651 0.398332 0.324278 -0.51036 -0.437711 0.392359 0.240436 0.00107715 0.205451 0.269326 0.273278 0.377478 0.239298 0.266505 0.518467 0.240205 -0.259625 -0.807507 -0.740071 -1.05204 -1.05191 
1.21744 1.07375 -0.386729 -1.27123 -0.195201 0.271777 -1.51981 -0.856744 0.0293134 -0.444937 -0.414461 0.0196263 0.268784 0.0580426 0.0486563 0.102447 0.371754 0.275303 0.0932937 0.618515 0.416944 -0.323785 -0.426867 -0.105085 -0.780305 -1.07896 -0.412004 -0.291935 0.0746596 0.272129 0.196324 0.187778 0.0128543 0.0370244 0.435664 0.401475 -0.389921 -0.658795 -0.418332 
1.19559 1.04974 -0.36327 -1.16201 0.0573929 0.356686 -1.32265 -0.807996 -0.0513093 -0.417784 -0.492699 -0.335725 -0.0988364 -0.181701 -0.226444 -0.0748172 0.410852 0.540369 0.208869 0.413789 0.389514 0.136021 0.118276 -0.0750413 -0.70149 -0.66959 -0.464646 -0.36215 -0.0202509 0.0602289 -0.0157104 -0.00852585 -0.25712 -0.0979878 0.502915 0.753194 0.0702511 0.0972201 0.490563 
1.17405 1.02297 -0.391998 -1.1043 0.301859 0.42197 -1.23861 -0.677669 0.20424 -0.316021 -0.525394 -0.468259 -0.398968 -0.27139 -0.242093 0.0595381 0.412431 0.28539 0.0959981 0.271325 0.2799 0.426282 0.637034 0.012689 -0.626101 -0.384528 -0.23296 -0.149455 0.0762079 0.122407 -0.157153 -0.12836 0.291073 0.351142 0.206807 -0.0378063 -0.00567814 0.167694 0.0888394 
1.11926 0.993127 -0.242599 -0.994351 0.299335 0.450009 -1.14155 -0.692188 0.393639 0.143223 -0.552209 -0.778173 -0.472622 -0.303239 -0.305683 0.0133593 0.530621 0.355991 0.0591249 0.802969 0.92537 0.429553 0.0399028 -0.0538221 -0.445107 -0.578518 -0.312911 -0.141909 0.155258 -0.0130893 -0.337703 0.246303 0.71416 0.118359 -0.396018 -0.531421 0.0631624 0.520611 0.257541 
1.08603 0.94266 -0.314613 -0.882427 0.614441 0.496715 -0.683965 -0.189307 0.652231 -0.252386 -0.623889 -0.801622 -0.972804 -0.464669 -0.313827 0.255143 0.359846 -0.147219 0.422886 1.22882 0.466994 -0.209611 -0.154163 0.121449 0.141968 -0.0400767 -0.422641 -0.0622205 0.330212 -0.286129 -0.486804 0.7843 0.0165347 -1.13426 -0.496844 0.606824 0.236038 0.32383 0.625187 
0.971963 0.909778 0.0614238 -0.850806 0.10843 0.708034 -0.287691 -0.468392 0.247033 0.0452142 -0.54797 -0.757703 -0.491199 -0.59498 -0.298172 0.446724 0.130725 -0.281612 1.07043 0.823369 -0.764255 -0.361793 0.892433 0.274773 0.0376533 0.318115 -0.224584 -0.0640768 0.072931 -0.20471 0.190022 0.678407 -0.7864 -0.956194 0.415361 1.08683 -0.112692 -0.178781 0.265589 
0.890883 0.865146 0.16899 -0.843965 0.28907 1.081 -0.114986 -0.676167 0.364054 0.521352 -0.52978 -0.844023 -0.622001 -0.578692 -0.308163 0.338866 0.0635164 0.145723 1.29948 0.170667 -0.95584 0.405466 1.39153 0.00658492 -0.103996 0.316462 -0.168236 -0.13758 -0.011395 0.10308 0.182716 -0.0302789 -0.474994 -0.105762 0.564815 0.570877 -0.250564 -0.318766 0.0984001 
0.782797 0.82854 0.443925 -0.843167 0.210628 1.40772 -0.177314 -1.06583 0.672616 1.23467 -0.611058 -0.885477 -0.142101 -0.658441 -0.365602 0.415849 0.225909 0.00128625 1.04546 0.183515 -0.912947 0.48371 1.69305 -0.0154149 -0.411272 0.423546 -0.0364835 -0.292476 -0.240078 0.570453 0.14461 -0.911392 0.810155 1.13031 -0.34816 -0.666013 0.30935 -0.311221 -0.683379 
0.672433 0.762501 0.623653 -0.761848 0.246752 1.65271 0.00441885 -1.24885 0.862426 1.96195 -0.605763 -1.15699 -0.162473 -0.52393 -0.529626 -0.00278439 0.753207 0.37623 0.153593 1.25711 0.74739 -0.156641 0.405972 0.428407 -0.541983 -0.75229 0.237894 -0.0660299 -0.314107 0.0360928 -0.476343 -1.40045 0.561347 1.15537 -0.683343 -1.56386 0.385509 0.510736 -0.599134 
0.61374 0.664762 0.506178 -0.519213 0.543459 1.53007 0.696422 -0.680197 0.575287 1.60322 -0.426897 -1.27723 -0.895135 -0.357477 -0.36188 -0.0264046 0.235885 -0.621934 -0.72258 0.935746 0.827822 -0.595177 -0.589083 0.503254 0.342479 -0.518674 0.0861781 0.327658 0.161223 -1.15258 -1.48667 -0.623157 -1.32933 -0.741973 0.505556 -0.0470246 -0.746495 0.450756 1.09297 
0.564497 0.661242 0.663765 -0.675155 -0.419129 1.33359 0.652355 -0.81679 0.357139 1.50168 -0.37773 -1.01568 -0.674596 -0.359103 -0.134408 0.200926 -0.748831 -1.63605 -0.625612 -0.530338 -0.354492 0.597499 0.314287 -0.492428 0.124805 0.846917 -0.0607177 0.156211 0.193977 -0.427454 -0.386 0.00576663 -1.34671 -1.0008 0.341834 -0.039256 -1.21265 -0.583684 0.670236 
0.505206 0.648283 0.75938 -0.884145 -1.1371 1.25981 0.314259 -0.930549 1.17951 1.8954 -0.78248 -1.2671 0.000985877 -0.324461 -0.137154 0.221818 -0.34378 -1.12095 -0.701693 -0.87505 -0.66184 -0.0934619 -0.66955 -1.01036 -0.490545 0.445619 0.0340819 -0.189991 -0.21508 0.719793 1.31972 0.347987 0.0223407 0.0881431 -0.659889 -1.30543 -0.526352 -0.563455 -0.817585 
0.468683 0.64374 0.93655 -0.854317 -1.5843 1.025 0.0279914 -1.24454 0.318583 0.974392 -1.0369 -1.37642 -0.192306 -0.241022 -0.253957 -0.106752 0.130822 0.210072 -0.169366 -0.502139 -0.212669 -0.445228 -1.59464 -1.13332 -0.678889 -0.423403 -0.425976 -0.432116 0.0323377 1.09541 1.31958 0.57873 0.79394 0.990096 0.785312 0.645002 0.786765 1.14675 0.927119 
0.440031 0.587249 0.724178 -0.845638 -0.970514 1.21943 -0.0480897 -1.09904 0.81372 0.597559 -1.51372 -1.74137 -0.41289 -0.619195 -0.49748 0.250375 1.01367 0.724992 0.0480948 0.189614 0.831316 1.092 0.238112 0.018564 1.18535 1.79573 -0.944434 -0.628923 0.357712 1.03623 0.28953 -0.227811 0.19306 0.595356 1.07701 1.43118 0.831589 1.15706 1.54311 
0.264644 0.491944 1.2361 -0.410906 -0.902511 1.09419 0.151682 -0.810462 1.38283 1.20312 -1.09296 -0.727101 1.68227 -1.00097 -0.809994 0.363984 1.41299 0.639824 -0.445627 -0.244617 0.689077 1.18996 0.448327 -0.0473963 1.01195 1.85189 -1.02338 -0.809381 0.0604949 0.454686 -0.353082 -0.592074 -0.0842573 -0.450995 -1.03527 -0.749502 -0.444915 -1.37166 -1.48651 
0.0958049 0.318977 1.13022 -0.219086 -0.373943 1.03986 -0.229499 -0.747065 1.9691 1.00139 -1.60845 -1.19655 1.5196 -1.44998 -1.23297 0.317198 1.5561 0.271238 -0.691568 0.0746246 0.165386 -0.529482 -0.868013 -0.518769 -0.790134 -0.479262 0.656447 -0.206581 -1.19468 -0.670195 -0.184885 -1.35281 0.436721 0.450362 -2.16201 -1.15179 2.26265 0.73669 -2.20061 
-0.244457 0.0660273 1.5983 0.281282 -0.674729 0.790704 0.194578 -0.760749 0.938658 0.510524 -1.46399 -1.26841 1.21079 -0.324438 -0.94604 -1.27495 0.524554 0.417319 -2.15307 0.340206 1.37359 -2.16871 -1.23873 2.85832 2.09331 -1.49564 1.51841 1.1701 -0.222085 -1.19508 -0.220331 0.532965 -0.0542073 -0.116905 0.359844 0.617546 0.385588 0.535829 0.347299 
