-0.842697 -0.0529899 2.97679 0.226783 -2.86302 -1.73277 -0.169666 0.346188 -0.347122 -0.443533 0.0974796 0.635071 -0.197582 -0.102169 0.939443 3.20923 0.212915 -2.69232 -1.34703 -1.21499 -0.658355 1.15297 1.02614 -0.426502 0.131635 0.960298 2.03263 1.60268 -1.09174 -0.270867 1.54761 0.373943 -0.841806 -0.387865 0.988504 -0.0482528 -0.864527 -0.676216 0.832923 
-0.10638 0.447935 2.37202 0.235576 -1.60838 -1.12455 -1.21976 -0.449972 1.05843 1.00713 -0.359575 0.191629 1.17083 2.27751 1.72033 -1.38122 -0.492663 2.0621 0.610331 -1.29597 -0.632949 1.36768 -0.0316509 -1.29396 -1.05011 1.35364 1.49359 0.178105 -3.78903 -1.16109 1.76506 0.962448 0.804896 0.986225 -0.850248 -1.38982 -0.00290191 -0.32029 -0.806059 
0.510413 0.839138 1.71831 -0.0868813 -1.38947 -1.18777 -1.47442 -0.0825099 0.922977 -0.57338 -1.14819 -0.403721 1.47346 1.59919 1.21043 -1.33389 -1.43065 -0.348258 0.0235882 0.132323 0.716003 0.0997093 -1.11734 -0.507923 -0.404351 -0.253961 -1.57344 -1.43939 -0.0779882 -0.606993 -1.54869 0.0296987 1.15295 0.212584 -1.13736 0.658255 1.34308 0.536847 -1.59755 
0.830708 1.05002 1.15098 -0.808244 -1.69729 -1.08001 -1.02568 0.250942 1.0785 -0.289679 -0.80232 -0.174804 0.797461 0.700724 0.345705 -1.57407 -1.41988 0.109257 0.775931 0.610034 -0.388746 -0.0636101 1.04885 0.51878 -0.347984 -1.1007 -1.19709 -1.24516 0.130416 1.00883 1.45908 0.684097 -0.130976 -1.55259 -0.974596 0.847136 0.536917 0.18147 0.246283 
0.896459 0.949337 0.307317 -1.12232 -1.1818 -0.50151 -0.779034 -0.306712 0.782032 0.458155 -0.542176 -0.711466 0.0232793 0.424653 0.0334107 -1.28244 -0.268877 1.59904 1.03461 -0.0226275 -1.6184 -1.11727 0.260485 0.170327 -0.215556 0.180551 -0.333963 -0.367488 0.633506 1.41276 0.966596 -0.435188 -0.504571 0.371795 -0.309582 -1.19302 -0.162963 0.786569 0.735805 
1.04744 0.982574 -0.0293731 -0.947706 -0.523904 -0.173114 -0.994205 -1.00297 -0.101208 -0.105521 -0.552246 -0.344666 0.97667 0.448731 0.0616149 -0.932867 0.26411 1.41796 0.340944 -0.144611 0.0880368 -0.405021 -0.784832 0.212109 0.714864 0.100775 -0.276417 -0.18001 0.559587 0.399397 -0.816616 -0.884344 0.195121 1.9406 0.887 -0.269148 0.541727 0.693968 -0.985369 
1.12795 0.897937 -0.596567 -0.846888 -0.125797 -0.186281 -0.875564 -0.131656 0.304506 -0.481256 -0.249422 0.0874138 0.101036 0.234167 -0.0599424 -0.72789 0.105001 0.59547 0.0193546 0.345871 1.15014 0.116762 -0.118888 0.855346 0.713532 -1.31464 -0.54258 -0.0521255 1.06541 -0.196596 -0.979718 0.064581 0.339947 -0.291646 0.232082 0.830689 -0.00096085 -0.5083 -0.337591 
1.14733 0.862028 -0.771144 -0.796133 -0.00105968 -0.132188 -0.576031 0.0614906 -0.0643317 -0.329136 0.397563 0.452826 -0.74559 -0.0262393 0.0983699 0.214636 -0.132533 0.202897 0.551609 0.456363 -0.404352 -0.0332645 0.567101 0.133419 -0.0926988 -0.379504 -0.469471 0.0173604 1.03056 -0.024627 -0.131449 0.456891 -0.200789 -1.22453 0.623312 0.561502 -1.14276 -0.928132 1.2506 
1.06814 0.867444 -0.592912 -0.880218 0.142572 0.308638 -0.341441 -0.368927 0.193478 0.03247 -0.0370475 0.0454689 -0.431988 -0.162663 0.0475065 0.378761 -0.0693145 0.480349 0.736846 0.0788563 -0.705025 1.00362 0.809306 -0.830168 -0.700469 0.693388 -0.334363 -0.188112 0.507883 0.33192 -0.140774 -0.30306 -0.431351 -0.125155 0.561924 0.172727 -0.357546 -0.135139 0.691316 
1.00385 0.802603 -0.637685 -0.780252 0.447161 0.52073 -0.438057 -0.427563 0.846858 0.444928 -0.374349 -0.221921 0.0858051 -0.27866 -0.00322547 0.708574 0.154108 0.0756845 0.287318 -0.180749 -0.653527 0.772768 0.883305 -0.447083 -0.361239 0.752267 -0.444128 -0.312399 0.552968 0.324633 -0.578475 -0.430917 -0.00545791 -0.287234 -0.975805 0.4412 0.929284 0.282695 -0.648217 
0.85352 0.779161 -0.198611 -0.690419 0.328478 0.578126 -0.475893 -0.814856 0.877082 0.886071 -0.417645 -0.276076 0.474283 -0.532405 -0.180537 0.92555 0.207905 -0.214425 0.307377 0.125387 -1.19097 -0.214955 1.54813 0.400249 -0.365457 -0.273569 -0.315012 -0.467826 -0.316215 0.107858 0.0746848 0.119139 0.59308 0.272717 -1.12183 -0.534376 0.250891 -0.464957 -1.38544 
0.633605 0.61346 -0.0717814 -0.548576 0.44501 0.807328 -0.251256 -1.32355 0.55671 2.01312 0.110587 -0.547859 -0.312499 -0.510398 -0.389398 0.236462 0.151073 0.227855 0.568468 0.826553 -0.321481 -0.638063 0.0864231 -0.171349 -1.10619 -1.36975 0.201046 -0.222372 -1.06454 -0.132662 0.272141 -0.11019 0.271299 1.09645 -0.344768 -1.84589 -0.639034 0.0300516 -0.0339642 
0.496768 0.471211 -0.177694 -0.502982 0.613025 1.08742 0.446701 -0.98273 0.169809 0.883137 -0.516586 -1.37326 -1.31805 -0.212561 -0.316988 -0.42378 -0.106081 0.193785 0.292256 0.616166 0.344403 -0.602692 -1.31327 -0.576383 -0.395383 -0.278139 -0.117149 -0.402817 -0.591683 0.121487 -0.164843 -0.828178 -0.968893 0.127305 0.437321 -0.243954 0.208635 1.52335 1.94076 
0.459521 0.346699 -0.573038 -0.561315 0.707472 1.08103 0.450562 -0.93381 -0.115692 0.505706 -0.402088 -0.904955 -0.716615 -0.530653 -0.709431 -0.558567 0.165659 0.069432 -0.374225 -0.67342 -0.201855 0.00391357 -0.25329 0.0449204 1.02092 1.71961 -0.655234 -0.471637 0.68502 0.489422 -0.417523 -0.610723 -0.612622 0.0372788 1.11805 0.968153 0.114672 0.280376 1.03801 
0.127594 -0.0187835 -0.785551 -0.304192 0.794879 0.792643 -0.204752 -1.05043 0.0954332 0.515059 -0.394611 -0.255719 0.818404 -0.80794 -0.707038 0.277806 0.384183 -0.292285 -0.369506 -0.311922 0.332516 0.935545 0.255048 -0.492346 -0.0637205 1.39682 -0.0623445 0.36888 0.995272 -0.0618468 -0.291511 0.49443 0.835661 0.363419 0.414592 0.446153 -0.215949 -0.980537 -1.0752 
-0.0797169 -0.141935 -0.519422 -0.192419 0.654851 0.790272 0.178459 -0.554027 0.728386 0.68402 -0.828921 -0.916728 1.00935 -0.492331 -0.244352 0.506713 -0.0567757 -0.25324 0.391764 0.723272 0.262692 0.615966 0.493327 -0.336316 -0.468781 0.0836697 0.459308 0.466406 0.104586 0.106453 0.56568 0.608768 0.794094 -0.0130636 -1.15698 -0.123416 0.566556 -0.0758552 -1.02189 
-0.218076 -0.244227 -0.550897 -0.27855 0.767568 1.15122 0.609462 -0.729118 0.624453 0.94949 -0.662063 -0.689236 0.874407 -0.212056 -0.142737 0.298979 0.379333 0.496553 0.544197 1.01805 0.247087 -0.521568 0.105079 0.227615 -0.246626 -0.155588 -0.17993 -0.376004 -0.0991819 0.622108 0.421202 -0.0109038 0.846103 1.44068 -0.357657 -0.86452 -0.0224568 -0.17991 -0.163773 
-0.253491 -0.309576 -0.449062 0.1727 1.11358 1.27887 1.302 -0.245783 0.135961 0.701139 -0.520328 -1.11894 0.761083 -0.579688 -0.537106 0.289019 0.60503 0.348255 0.50491 2.13673 2.30093 0.211259 -0.823249 -0.445256 -0.801991 -0.124279 -1.0762 -0.917739 0.433788 0.0744208 -1.41804 -1.06732 -0.444353 0.416637 -0.285333 -1.03799 0.106733 1.21293 0.0849096 
-0.617324 -0.636198 -0.488414 0.262258 1.13016 1.60631 2.90693 1.29902 0.754489 -0.0312142 -1.04079 -1.46969 0.665957 -1.25738 -0.986643 0.706059 0.33307 -1.28688 -0.707446 0.360064 0.789376 -0.831052 -1.48457 0.30048 1.4321 0.0260891 -1.35006 -1.45986 0.157892 0.676457 -1.54494 -2.44475 -2.74272 -1.99705 -1.95208 0.376173 2.38537 2.82546 -0.744946 
-1.06838 -0.957258 -0.0567498 0.501807 0.416231 0.699861 1.73507 0.516574 -0.761571 -0.990392 -0.137304 0.426714 0.74386 -1.91773 -1.93256 0.372679 1.3371 -1.59972 -2.52623 -2.21059 -0.68276 -2.29271 -0.186791 2.83427 3.20599 -1.24279 -0.0467834 -0.641618 -0.502388 1.51628 0.804303 -1.50895 -1.5761 0.259036 0.221872 1.19342 1.46344 0.109904 -1.011 
-1.83721 -1.82195 -0.359765 1.37293 0.230026 -0.524054 0.642393 0.828607 -1.58402 -0.327815 1.93045 1.92292 -0.964922 -1.20242 -1.54963 0.0157063 2.15089 -0.188624 -2.52963 -2.1146 1.10144 -0.47274 0.438361 2.28261 1.51752 -1.50927 2.37083 2.21683 -0.146114 0.0531753 1.64402 0.96724 0.825993 1.21043 0.949711 -0.929845 -1.78584 -2.39252 -0.0610155 
-1.84956 -1.92518 -0.210425 2.24595 0.430806 -1.4334 -0.428735 1.54025 -1.30586 -0.615042 2.27042 2.06131 -1.22591 0.721268 0.412593 0.0999687 1.26337 0.58739 -1.14942 -0.82942 1.01912 -0.976105 -1.6062 0.243773 -0.323289 -1.28974 1.02885 1.23424 -0.609649 -1.96378 -0.0713451 2.09755 2.19072 0.22057 -0.338868 -1.50788 -1.86124 -1.11355 0.866558 
-1.43856 -1.6737 -0.446799 2.4262 0.747632 -1.48004 -0.172764 1.78335 -2.62456 -2.15008 2.25555 1.64089 -2.65551 0.0022052 -0.204142 -0.800384 -0.530436 -0.225809 0.307432 1.45723 1.35731 -0.852709 -1.89095 -0.414006 -0.164312 -0.102934 1.48817 2.54765 0.662326 -3.34723 -1.54792 2.11219 0.552043 -2.19288 2.77337 2.31959 -1.74028 -0.852742 2.1502 
-1.89192 -2.12775 -1.00953 1.90288 0.421276 -1.14675 1.15568 2.77819 -2.22474 -2.74338 1.92361 1.9448 -1.40721 2.41684 3.09432 0.774952 -3.20653 -1.36446 1.70656 0.11201 -2.25064 2.74157 2.08949 -2.2826 -1.62839 2.12776 -0.100262 0.112401 0.7693 0.520494 0.131474 -0.336454 -0.942263 -0.883721 0.597375 1.17311 0.349146 0.164521 0.0346513 
