-1.75721 -1.05418 2.29812 1.87443 -2.2454 -0.783915 -0.352028 -1.3658 -2.52094 -1.06258 -1.03533 -0.275544 0.468169 -0.886532 0.0166939 1.7855 1.00634 -2.09107 -0.861056 -0.977959 -1.27253 0.170499 -0.292747 -2.28977 -1.34522 1.31663 2.30469 2.7565 -1.17151 -1.79764 0.976975 0.307577 -0.638081 0.192714 1.37117 0.0537221 -0.729055 -0.341414 0.676126 
-0.587597 0.000133575 1.60288 0.75859 -1.87903 -0.763241 -1.0092 -1.17889 0.251556 -0.309477 -1.45016 -0.940482 1.13161 2.62952 2.69661 -1.52626 -2.38616 1.33943 0.527757 -0.710936 0.294521 2.28713 0.171144 -0.887179 -0.482724 0.984281 2.22183 1.50283 -2.30375 -2.06121 2.43235 1.24611 0.876804 0.954987 -0.337337 -0.306724 1.73192 1.11602 -0.852322 
0.242239 0.531568 0.579912 -0.125706 -0.781918 -0.378736 -1.10475 -0.954494 0.298128 -0.923768 -1.53126 -0.581906 1.28161 1.65033 1.52893 -1.22555 -1.7185 1.1824 0.842519 0.318271 0.208116 -0.302906 -0.648097 -0.247769 0.15673 0.168 -1.50726 -1.87543 0.692316 1.01567 -0.932458 -0.172542 1.05091 0.202017 -1.43193 0.127797 1.34371 0.0193002 -1.39286 
0.691376 0.895004 0.186235 -0.698616 -0.568547 -0.0932507 -0.773346 -0.855264 -0.0711349 -0.962354 -1.51108 -0.776707 1.16359 0.996056 1.01731 -0.60835 -1.15724 0.141422 0.45401 0.815983 0.603518 0.0451262 0.450486 0.692754 -0.474242 -0.91866 -1.17848 -1.23186 0.75512 0.859905 -0.817763 -0.305895 0.21345 0.1287 0.831853 1.08796 0.591314 -0.576005 -0.804691 
1.03981 1.12373 -0.217798 -1.1265 -0.485716 -0.0356009 -0.390828 -0.229624 0.397605 -0.515005 -0.952308 -0.882033 0.273274 0.384539 0.457623 -0.225277 -0.689737 0.136812 0.601705 0.735581 0.403028 1.11282 1.03373 0.436624 -0.645451 -0.914164 -0.852763 -1.04581 0.464936 1.06212 0.183292 -0.262324 -0.691374 -0.516516 0.29643 0.424265 -0.247422 -0.132393 0.485046 
1.03901 1.15602 -0.227323 -1.31925 -0.276837 0.374141 -0.136653 -0.333845 1.32347 0.0100395 -1.10638 -1.20271 0.159557 0.0945246 0.121765 0.0113826 0.131362 0.42613 0.267783 0.0344359 -0.205552 0.595738 1.16287 0.378839 -0.67233 -0.201027 -0.173639 -0.437557 0.0516588 0.847499 0.247987 -0.625019 -0.615007 -0.342851 -1.64483 -0.6696 0.543871 0.758654 0.650406 
1.17406 1.18603 -0.39403 -1.07943 0.0878916 0.15086 -0.427602 -0.325775 1.16498 0.582184 -0.586919 -1.3278 -0.0480376 0.242488 0.136719 -0.147505 0.323084 0.507493 -0.0389152 0.0552165 -0.135811 -1.47318 0.14834 1.06455 0.369854 0.0342262 -0.156094 -0.294132 -0.0378313 0.0217965 -0.0712884 0.026112 0.332147 0.120144 -1.25084 -1.27129 -0.12036 1.05705 0.431463 
1.28212 1.22717 -0.56289 -1.11627 0.376047 0.302574 -0.153467 -0.359225 -0.418784 0.126817 -0.274476 -0.882242 0.0634644 -0.0279052 -0.0636413 -0.0282006 0.0831629 0.372528 0.442915 0.609016 -0.0239521 -1.35367 -0.601387 0.216161 0.749313 0.441833 -0.536598 -0.751242 0.0558009 -0.00526313 -0.119851 0.232872 0.409275 0.417325 1.21727 0.108339 -0.824427 -0.592514 -0.269875 
1.21822 1.13863 -0.609957 -1.07155 0.609272 0.484661 0.0875212 -0.237644 -0.432306 -0.0255537 -0.332207 -0.728344 0.246091 -0.305468 -0.480532 -0.0643014 0.240113 0.389356 0.395251 0.731988 0.508212 0.565289 0.399261 0.0638518 -0.454808 -0.301615 -0.322048 -0.552337 0.0278035 0.328147 -0.113772 -0.453408 -0.41116 0.271067 1.31371 0.835715 0.345878 -0.54092 -0.783641 
1.12206 0.933111 -0.81502 -0.980765 0.913824 0.596274 0.479774 0.268932 0.311659 0.486076 -0.123385 -1.16808 -0.354145 -0.335926 -0.492981 0.0182879 0.428622 0.262469 0.0172936 0.19874 0.392488 0.840624 0.71199 0.608423 -0.0050914 -0.610955 -0.227372 0.0379566 0.38356 0.186753 -0.3084 -0.308304 -0.932628 -0.655721 -0.0299907 -0.260557 -0.0926727 1.27356 0.649818 
1.03575 0.83721 -0.779264 -0.782754 1.02342 0.460382 0.208566 0.27308 0.632122 0.635918 0.189376 -0.683543 -0.467664 -0.507611 -0.352205 0.448716 0.403881 0.0206572 0.151418 -0.369212 -0.517464 0.588483 0.111348 -0.0658722 1.26168 0.645954 -0.493714 -0.0737296 0.581863 -0.0897556 -0.366898 0.5805 -0.0676724 -1.05259 -0.605949 -0.180111 -0.789675 0.789876 1.26796 
0.813262 0.714979 -0.552686 -0.712084 1.09236 0.684836 0.0552863 -0.14374 1.07024 0.567105 -0.0605493 -0.191927 0.135398 -0.835924 -0.470167 0.791354 0.237079 -0.183967 0.886975 0.243574 -1.25074 -0.0667947 0.541581 -0.350909 1.05273 1.19922 -0.243456 -0.254746 0.0813782 -0.222916 -0.417269 0.271413 0.622602 -0.0291167 -0.257871 0.309747 -0.125018 -0.569878 0.18434 
0.485385 0.549284 -0.173327 -0.649715 1.00257 1.16777 0.372674 -0.883696 0.595837 1.13271 0.0582899 0.138986 0.551548 -0.72774 -0.500402 0.565461 0.041228 -0.492717 0.633869 0.590209 -0.568121 0.243476 0.656459 -0.234095 0.467843 0.94396 0.0966901 -0.174014 -0.138221 0.383226 -0.47513 -0.997386 0.110822 1.01809 0.0393682 -0.289335 0.361687 -0.862524 -0.836352 
0.342501 0.409164 -0.173279 -0.738308 0.770686 1.17929 0.552345 -0.607816 1.41031 1.17491 -0.112162 0.200584 0.910236 -0.67566 -0.542095 0.620123 0.653314 -0.774233 -0.220154 0.524907 0.328104 0.0684661 0.211632 0.0601694 -0.139621 0.0728773 -0.412626 -0.702597 0.203251 1.08955 0.227041 -0.40763 0.38173 0.684662 -0.754436 -0.768823 0.322174 -0.507627 -1.30419 
0.0529431 0.218801 0.260896 -0.178199 0.406606 0.943729 0.807008 -0.438307 0.723625 1.31065 0.206876 0.0848792 0.492458 -1.13706 -1.0717 0.842026 1.36508 -0.149872 0.265599 1.23048 0.49189 -0.903862 -0.373863 0.129954 -0.241224 -0.835244 -0.526018 -0.826782 -0.0274372 0.0044491 -0.0580009 0.105906 -0.0195943 -0.262355 -0.602452 -0.535545 -0.370085 0.0979802 -0.0603536 
-0.429427 -0.234667 0.483473 0.312007 0.783065 1.36391 1.6644 0.00377735 0.358653 0.787047 0.0839009 0.0717763 -0.0182413 -1.21179 -1.23071 0.59417 0.582824 -0.810178 0.054945 0.633442 -0.0854797 -0.833301 -0.477949 -0.399745 -0.0239955 0.0294189 -0.0395052 -0.23436 -0.196058 -0.36307 -0.887016 -1.02876 -1.20201 -0.333873 0.301669 0.228871 0.0450303 0.444011 0.991009 
-0.773969 -0.519114 0.669094 0.235994 -0.224385 0.951127 1.34559 -0.412613 -0.242445 0.822202 0.0425649 0.115782 0.391763 -1.1291 -1.20064 0.594949 0.822334 -1.28749 -0.880832 -0.227633 -0.0329792 -0.344785 0.0531149 0.164131 0.345613 0.588449 0.0164084 -0.131652 -0.0589737 0.231789 -0.317574 -0.788322 -0.483017 0.409058 0.551877 0.121501 0.668363 0.892836 0.336341 
-1.1955 -0.954787 0.892452 0.920966 -0.312996 0.584031 1.37591 0.0827482 -0.0148388 0.811801 0.303216 0.374421 0.416249 -1.1413 -1.26262 0.526861 0.804464 -1.19107 -0.790264 0.12796 0.545681 0.130051 -0.207802 0.376355 1.17403 0.539539 0.22544 0.393601 -0.0839469 -0.568808 -0.303555 0.0491559 -0.203616 -0.319211 -0.0653553 0.181681 0.233053 0.249738 -0.472526 
-1.54902 -1.27591 1.00979 0.830422 -1.2265 0.247444 1.39865 0.253566 -0.0399533 0.594814 0.406264 1.0275 0.77943 -0.824855 -0.736321 0.494891 0.0152138 -1.64975 -0.67683 -0.362919 -0.535034 -0.378732 0.411164 0.422103 0.667896 -0.0301861 1.11919 0.710491 -0.815109 0.616649 1.55791 -0.914817 -0.989648 0.988306 0.126645 -0.875007 1.23298 0.434803 -1.70615 
-1.73772 -1.40019 1.20109 0.873589 -1.76203 -0.0242188 0.957465 -0.347752 -0.429509 1.18256 0.698038 0.914014 0.258491 0.162451 -0.498928 -0.532023 1.52064 0.920364 -1.79395 -1.04879 2.07817 0.40633 -1.39322 1.8245 1.74833 -1.80059 1.98779 0.878319 -1.85326 0.796725 2.75437 -1.67989 -1.43574 2.19079 -0.16529 -2.65707 1.15752 0.766408 -1.6533 
-1.3648 -1.58085 0.288625 2.00724 -0.171332 -1.30065 0.321414 2.47488 0.497669 -0.778132 1.75519 2.36144 -1.07322 1.45027 0.185921 -1.9254 0.96279 2.05165 -2.63901 -2.13073 2.86858 -0.57415 -3.37727 1.78043 1.69376 -2.29656 0.983433 0.926521 -1.08112 -2.29045 -0.00520293 0.584949 -1.15087 -2.14156 -1.7652 0.15701 -1.63459 -2.42485 0.612775 
-0.605943 -1.29993 -0.917377 1.59677 0.395405 -2.28327 -1.159 2.67564 -1.08122 -2.1077 2.01698 2.20784 -2.06897 1.31438 0.468852 -1.93974 -1.49877 0.954582 -0.918694 -2.43915 -1.25952 -2.37417 -1.07121 -0.140493 -1.57153 -0.904718 -0.93423 -0.255963 0.623839 -1.73937 -0.800537 2.56803 0.878355 -2.76177 0.10143 2.55608 -2.19127 -2.59596 1.29717 
-0.333009 -1.31319 -1.84423 0.728708 0.917173 -2.11238 -2.0913 1.30918 -2.33749 -1.83989 1.76725 1.25457 -2.06821 0.457636 0.0365744 -1.09728 -1.34849 1.02895 0.720689 -0.832446 -1.4342 -0.338613 0.449002 -0.847159 -1.85912 -0.44563 -0.895847 1.77259 3.01659 0.585482 -1.57996 2.6606 3.43755 -0.0874335 2.59484 1.99221 -2.181 -0.134452 2.26368 
-0.204529 -1.28803 -2.2054 0.440446 1.55637 -1.71577 -2.02843 1.33269 -1.44723 -1.70038 1.54828 0.889524 -2.62445 0.364667 2.23594 2.02617 -0.822641 -1.10389 2.55698 2.24997 -1.40092 1.89013 1.93142 -2.75585 -1.77242 2.29496 -0.455833 -0.136593 0.829096 1.10872 -0.805241 -0.688931 0.526769 0.925136 0.165224 -0.370841 0.728063 1.37831 0.290128 
