0.987631 1.34519 0.504668 -1.24264 -1.77841 -2.25593 -2.30466 0.379333 1.22844 -0.643221 -1.51272 -0.888082 0.420812 1.42584 1.80243 -0.0197509 -1.42765 -0.861697 -0.612246 -0.912065 -0.256299 0.10333 -1.08693 -2.21707 -1.49754 0.572926 0.131626 -0.332321 -0.966908 0.0752607 1.15806 1.5763 1.20167 0.248239 -1.38203 -1.08602 0.0990964 0.329631 0.358149 
0.852159 1.10712 0.107504 -1.28238 -0.992602 -0.460562 -0.854607 -0.382162 0.116304 -0.782339 -1.64873 -1.57515 0.905379 0.199225 -0.405937 -1.56368 0.101264 1.61485 2.00551 2.03328 0.493536 -2.0559 -1.39325 0.230498 0.563073 0.535368 -0.843481 -1.6018 -0.906859 1.01307 1.31835 0.498313 1.11034 0.823779 -0.545126 0.632733 2.67078 1.60764 -0.76273 
0.831357 0.669662 -1.21766 -0.853852 0.206172 -0.0291051 0.69425 1.16603 -1.36895 -1.70051 -1.01223 0.111243 1.26482 0.439582 -0.151869 -1.49297 0.16598 0.976812 -0.0437816 0.969131 1.23838 -0.768238 -0.341129 1.46116 1.0964 -0.846984 -0.197784 0.231364 1.14854 0.577722 -0.478175 -1.54779 -1.65634 -0.580962 1.65628 2.03539 0.484273 -1.11209 -1.58019 
0.893489 0.636679 -1.53101 -0.822857 0.224966 -0.33754 0.752037 1.5656 -0.862768 -0.89525 -0.0675884 0.090501 -0.509273 -0.00202832 -0.124356 0.0597497 1.00211 0.946498 -0.153649 -0.692671 -0.455306 0.187836 1.09821 0.977382 -1.16487 -2.31053 -0.931268 -0.146773 1.86683 0.486461 -0.274095 0.674115 -1.52727 -2.06077 0.558822 1.0805 -0.961795 -0.740025 0.53914 
0.509628 0.221431 -1.01594 0.519595 1.3873 -0.0188728 0.126686 0.473652 -1.14644 -0.52148 0.144108 -1.04827 -2.54115 -0.653402 -0.331495 1.21264 0.921601 0.593235 0.759041 -1.54187 -2.28456 -0.0775648 0.961933 0.269369 -0.0402982 0.00410821 -0.511749 -0.122424 0.377479 -1.25421 -1.42774 1.02759 0.549567 -0.341061 0.451879 0.101273 -0.634344 1.09078 2.37688 
0.0362482 0.02124 0.0370919 0.462588 0.981416 0.609657 -0.926576 -1.97824 -0.97381 0.161465 0.467039 0.335991 -0.533302 -0.584983 -0.274285 0.521513 -1.01225 -1.04687 1.12038 0.254712 -0.986845 0.727171 1.18258 0.224594 0.607728 1.74635 0.357226 0.179445 -0.599211 -0.702822 -0.952537 -0.828242 1.26781 1.94579 1.25326 0.019117 -0.302585 -0.41228 0.261721 
-0.291364 -0.347826 -0.266939 -0.308738 0.172086 1.29928 0.798624 -1.0473 -0.246099 0.733292 0.639418 0.00684477 0.281511 -0.179905 -0.113238 0.202926 -0.215325 -0.737037 -0.4409 0.601546 1.16184 1.59584 0.944065 -0.0386476 -0.656183 0.371267 -0.114374 -0.187517 0.450653 1.51886 1.22229 -0.785314 -0.495635 0.697737 0.345135 -0.71113 -0.364548 -0.0132934 -0.843046 
-0.431718 -0.418016 0.408508 0.505328 0.138674 0.324998 0.19914 -0.149787 1.01826 1.20214 0.731195 -0.18799 0.0425799 -0.684832 -0.503607 1.09352 1.38626 0.6576 -0.0223313 -0.538399 0.288583 1.11545 0.255899 -0.166493 0.625866 0.186333 -1.34621 -1.29552 0.649993 0.580954 -0.381592 -0.378659 -0.13073 -0.450644 -1.00736 -0.819801 0.328829 1.37668 -0.125955 
-1.17444 -1.1022 1.15999 1.4846 1.00591 1.44432 0.432901 -0.580086 1.14222 1.15627 0.791311 1.08462 0.555225 -1.77735 -1.69398 1.07526 0.690667 -1.27062 -1.04151 0.416085 0.439681 0.0701361 -0.117864 0.499841 1.57074 0.0621573 2.02631 1.88618 -1.37779 -1.8729 -1.09594 -1.08947 -0.05019 0.00614052 -1.35206 -1.38024 -0.874039 -1.11388 -0.239586 
-2.21299 -2.13328 1.81379 1.53835 -1.34551 -0.576246 1.08221 0.552957 1.09284 1.28963 1.4682 2.07029 0.113399 1.81785 1.79633 -1.0892 -1.61266 -0.872769 -1.57052 -0.589744 0.360994 -0.898053 -1.50352 -1.24063 -1.10492 -0.320995 1.4297 1.38936 -0.642715 -0.422391 0.911372 0.853164 -0.269223 -0.288253 0.0212008 0.128179 -0.445669 -1.01317 0.0156126 
