0.00742975 0.603818 2.4858 -0.271544 -2.02733 -0.671892 -0.690201 -1.68837 0.292034 -0.161634 -2.20276 -2.30505 1.11206 0.649576 1.3245 1.23821 -1.76325 -1.70274 -0.239166 -0.916928 -2.33444 0.453232 0.364694 -1.78746 -2.36612 0.729915 0.838104 0.528092 -1.61915 -1.38805 0.752571 0.301882 -0.142912 0.335571 0.173286 0.328278 0.775486 0.87768 -0.463892 
0.470207 0.839477 1.11394 -1.05315 -1.55928 -0.40251 -1.10411 -2.24616 0.209616 0.156221 -1.66551 -1.99271 0.696098 1.13952 0.719821 -2.2688 -1.6994 1.16209 0.496434 -0.192111 0.618581 0.258444 0.382438 1.1776 1.27443 -0.745083 -0.0116898 -0.895384 -2.05798 1.30319 2.25276 0.314307 0.633346 2.44765 -0.437128 -0.49267 2.08256 2.6669 -1.11867 
0.874081 1.00817 -0.0244433 -1.28194 -0.877141 -0.303673 -0.97893 -0.792008 0.321455 0.0110829 -0.647831 -0.873635 -0.0104125 0.745674 0.343195 -1.61002 -0.222578 1.403 0.274375 0.0305775 1.50609 -0.0194373 -0.245809 1.32224 1.45192 -0.980299 -0.788789 -0.646627 1.24703 1.75797 -0.282115 -0.294385 0.121365 -0.138218 -0.505478 -0.598218 -0.490141 -0.463279 0.404907 
1.01817 0.972817 -0.715513 -1.07463 -0.181246 -0.266955 -1.14232 -0.40533 -0.018027 -0.255099 0.0465072 -0.394363 -0.716373 0.281455 0.0357896 -0.753113 0.388791 0.983639 0.171923 0.0037595 0.514401 -0.29609 -0.355725 0.484375 0.642518 -0.209575 -0.685664 -0.313941 1.27606 -0.106757 -1.02056 0.204859 0.467871 -1.11479 0.295694 0.574449 -1.05307 -0.849658 0.980894 
1.04642 0.920308 -0.968357 -0.894036 0.104272 -0.275461 -1.04732 -0.00650772 -0.162116 -0.502418 0.154163 -0.0365694 -0.472637 0.0142346 0.0567417 -0.0560052 -0.37939 0.267814 0.637227 0.73515 -0.0878345 0.385619 0.434374 -0.203103 0.270716 0.404204 -0.430295 -0.152479 0.760326 -0.471679 -0.560169 0.455391 0.599674 -0.647512 0.543772 0.70761 -0.613166 -0.673995 0.304926 
0.974284 0.900029 -0.939027 -1.20112 0.123163 0.248782 -0.387938 -0.260715 0.129042 -0.0341021 0.101811 0.093003 -0.421853 -0.13643 -0.0577082 0.119934 -0.207363 0.444939 0.87971 0.901832 -0.366701 0.406098 0.485517 -0.390706 -0.288958 0.178564 -0.288167 -0.377034 0.229152 1.22287 0.327791 -0.244495 -0.144799 0.417257 -0.412115 -0.717407 0.0923458 -0.168043 -0.371649 
0.880614 0.765164 -1.01005 -0.905328 0.5762 0.494339 -0.105425 -0.158655 0.00389746 -0.233876 0.00570597 -0.0756054 -0.456315 -0.229138 -0.305112 0.115682 1.06458 0.879559 0.381406 0.540269 0.655356 -0.0570911 -0.44795 -0.0353082 0.0585168 -0.204915 -0.202981 -0.218715 0.318982 0.832066 -0.126214 -0.458841 -0.464994 0.0484423 -0.158565 0.00836359 0.288954 0.347294 -0.030691 
0.733465 0.566856 -0.985117 -0.360684 1.00614 0.49648 0.147218 0.674786 -0.133435 -0.633338 0.339362 0.380785 -0.878333 -0.275208 -0.230361 0.410231 0.766104 0.468473 0.328775 0.236875 -0.186133 0.267073 0.481017 0.067712 0.231463 0.0720103 -0.151487 0.0262367 0.36956 -0.779076 -0.868563 -0.0474654 -0.101606 -0.972158 0.546963 1.6921 -0.0351208 -0.355749 0.49765 
0.602517 0.48578 -0.751753 -0.264763 1.07039 0.686892 0.0884304 -0.118646 0.0413009 0.0304819 0.35515 0.374841 -0.571366 -0.304689 -0.185035 0.472763 0.0983388 -0.0586971 0.396856 0.408799 -0.72099 0.648919 1.58404 -0.0559325 -0.42053 0.467295 -0.181456 -0.167387 0.057285 -0.394206 -0.552978 -0.0974894 0.378874 0.61224 0.537152 0.327684 -0.354092 -0.844158 0.0572575 
0.431513 0.320088 -0.662195 -0.167271 1.00175 0.760365 0.534476 0.145613 0.257209 0.656424 0.554513 0.217998 -0.506026 -0.387556 -0.341676 0.354986 0.263221 -0.0609117 0.275352 0.810794 0.854503 0.961332 0.862737 -0.424411 -0.941923 0.0950908 -0.0704111 -0.0675119 0.178362 0.389984 -0.26353 -0.536929 -0.559155 0.733329 0.360201 -0.870767 -0.374446 0.0659966 0.251002 
0.233511 0.126296 -0.550543 0.0390597 1.0639 0.823472 0.92791 1.02878 0.720954 0.649697 0.170086 -0.278342 -0.65796 -0.280691 -0.176993 0.577386 0.539568 -0.213071 -0.261591 -0.394395 0.504365 1.13124 0.51623 -0.578142 -0.300011 0.775951 -0.156284 -0.0751522 0.277489 0.0350596 -0.15752 -0.0736572 -0.642561 -1.32871 -0.386256 -0.0460684 -0.0409815 0.743944 0.683487 
0.148978 0.0791077 -0.231154 0.321601 0.851348 0.334359 0.01819 0.920433 1.09404 0.953517 0.202476 0.168566 0.246832 -0.468998 -0.342764 0.590497 0.277146 -0.0779377 0.254741 -0.114847 -1.06575 0.549595 0.792401 -0.453698 0.142388 1.04122 -0.659575 -0.700771 0.0471934 -0.456702 -0.311082 0.524875 0.876792 -1.06455 -0.912219 -0.0344373 -0.154279 -0.259232 -0.0818461 
-0.201395 -0.233971 -0.105953 0.352207 1.0413 0.938456 0.726098 0.132721 1.01971 1.20353 -0.046789 0.0883253 0.421956 -0.980097 -0.925729 0.508816 -0.0385541 -0.429054 0.541863 0.910511 -1.01293 0.0895368 0.459962 -0.774904 -0.641847 0.593996 -0.863039 -0.829511 0.80449 0.896139 -0.794061 -0.38584 0.49547 0.33146 -0.796372 -0.940304 -0.237989 -0.155597 0.124473 
-0.699493 -0.700653 0.129026 0.423347 0.49668 0.750177 0.969845 0.0805863 0.967206 1.1983 -0.36327 -0.20238 0.775352 -1.41823 -1.24535 1.52186 1.32775 -0.919669 -0.195686 0.630244 -0.453443 -0.353352 -0.359518 -0.7742 -0.0521168 1.16338 -0.5923 -0.654704 0.538842 1.29569 -0.407514 -0.635758 -0.00502128 0.400942 -1.42106 -1.59281 0.427264 1.26108 0.247905 
-1.40439 -1.24373 1.30112 1.36887 0.222626 0.581502 1.36247 -0.111735 0.483171 0.6865 -0.61177 0.272051 1.65248 -1.5969 -1.61941 1.08942 1.49309 -0.769974 -0.252654 0.920836 -0.294626 -1.56162 -1.48117 -0.112039 1.17764 0.898087 0.441922 0.233714 -0.917716 -1.20632 -0.984222 -0.99169 -0.770797 0.274459 -0.948362 -0.0600674 1.36813 0.792645 -1.17907 
-2.04706 -1.97958 1.0892 1.55072 -0.180419 0.333534 1.93312 0.00513955 -0.687092 -0.361441 -0.209058 1.138 1.67879 -0.765162 -0.877328 0.179225 -0.152862 -2.00777 -1.48025 -0.483658 0.0719106 -1.43834 -0.446785 1.27944 1.10143 -0.635869 2.3304 2.0389 -1.76605 -0.787111 -0.348141 -2.3625 -2.97519 1.57324 -1.07181 -1.34955 1.73423 -0.463044 -2.78631 
-2.07894 -1.98866 1.32069 1.39407 -1.62515 -1.12137 0.745767 0.202878 -1.05708 0.0883476 1.05377 1.54075 0.664667 1.37493 0.90591 -1.37335 0.517175 -1.03397 -3.42456 -3.42932 2.21201 -2.79448 -3.12807 2.48276 0.546062 -3.2702 2.68146 3.10456 -0.883107 -1.73699 2.68987 1.8991 -0.0902036 -0.388697 2.30166 0.46549 -1.71491 -2.11989 0.219415 
-0.989917 -1.44132 -0.49567 2.02459 -1.1072 -3.4065 -1.99728 2.59719 -3.48189 -3.45219 2.76345 1.88434 -2.55696 2.63771 2.92151 -1.11771 -2.27237 1.66428 1.21525 -0.598388 -0.414372 1.36933 0.101612 -1.22423 -1.88558 -0.373771 -1.20975 -0.832291 1.13923 -0.406078 0.653683 2.42863 2.32385 -1.51996 2.29065 2.59832 -1.70077 -0.402888 2.26022 
