-0.755107 -0.408394 1.6757 0.509317 -1.7343 -0.587429 -0.634042 -0.74041 0.906903 0.351391 -2.45838 -2.62542 0.0890833 0.148791 0.975258 1.41327 0.0228513 -0.661973 -0.0769233 -1.75478 -1.73591 1.93716 1.67987 -2.85693 -3.29966 0.677445 1.91042 2.44587 -0.958711 -1.15191 0.800206 0.154597 -0.986322 -0.301387 0.533714 0.437274 0.655133 0.596018 0.206148 
0.106708 0.490162 1.39162 0.0520537 -0.658139 -0.145293 -1.63487 -1.96276 1.53548 1.66785 -2.03844 -2.63595 0.709979 2.1475 2.31532 -1.34336 -1.65277 1.23271 0.337971 -1.3506 -0.480264 0.835669 0.677917 0.929074 0.92776 0.377049 0.719006 -0.347228 -2.0177 -1.06539 0.310401 -0.124619 1.72101 2.15096 -1.55855 -2.03768 2.81766 3.92593 -0.541108 
0.680347 0.809302 0.0493347 -0.638628 -0.189979 -0.337609 -1.89698 -1.20899 1.50415 0.965 -1.58195 -1.74605 0.440456 0.971419 0.693772 -1.38937 -1.51544 -0.182422 -0.124642 0.883123 1.51638 -0.378166 -1.21448 0.963261 1.95841 -0.0399631 -1.64125 -2.04427 0.88464 0.837346 -0.971293 -0.0168479 1.64229 0.547366 -1.4372 -1.10954 0.0135121 0.433875 -0.371534 
0.760302 0.827502 -0.285111 -0.997547 -0.758829 -0.336029 -0.842285 -0.0553888 1.0988 0.290302 -1.13569 -0.899528 0.56353 0.345482 0.456057 -0.146598 -0.673683 -0.258566 0.439119 1.17132 0.331298 -1.2969 -0.87679 1.00036 1.64466 -0.0919948 -0.445851 -0.33036 0.699446 1.22246 0.741856 0.259301 -0.69734 -1.0518 -0.294738 0.450552 -0.0831933 -0.871455 -0.337818 
0.917816 1.01758 -0.266803 -1.0854 -0.379182 0.0085367 -0.839191 -0.711831 0.284903 -0.0572313 -0.650633 -0.270522 0.231892 0.498711 0.427969 -0.447802 -0.0268407 0.960566 0.357959 -0.0417458 -0.106038 -0.790161 -0.5174 0.905255 0.977829 -0.459625 -0.108445 -0.481924 -0.223867 0.743526 0.726906 -0.267079 -0.674746 0.305417 1.09303 0.342945 -0.700848 -1.10728 -0.181867 
1.09964 1.02053 -0.93101 -0.98108 0.469137 -0.0671735 -0.900785 -0.0786488 0.311181 -0.353784 -0.277588 0.0214852 -0.0839038 0.247974 0.0493411 -0.477349 0.181274 0.861433 0.194616 0.279738 0.774608 0.381116 -0.335025 0.116597 0.357405 -0.283246 -0.540015 -0.444509 0.567119 0.231957 -0.591441 -0.169618 0.195218 0.253815 0.846872 0.405985 -0.867114 -0.714502 0.317489 
1.09046 1.00506 -0.945049 -0.919891 0.733549 0.121836 -0.601854 0.312852 0.494967 -0.509425 -0.399731 0.134576 -0.204983 -0.07871 0.0560382 0.311418 0.151296 0.0533774 0.248083 0.34832 0.258731 0.51713 0.115356 -0.200786 0.201349 0.0804987 -0.425217 -0.0349518 0.752475 -0.164635 -0.898095 -0.0166235 -0.0295135 -0.748813 -0.133182 0.738293 0.260766 -0.128777 0.348428 
1.0551 1.01164 -0.745705 -0.837041 0.64255 0.0970437 -0.600337 0.332156 0.6371 -0.332093 -0.271042 0.296814 -0.0865478 -0.201789 0.0581853 0.53729 -0.165293 -0.51729 0.296074 0.338724 -0.386652 0.212427 0.777375 0.518437 0.342619 0.302192 -0.163988 -0.0420421 0.231127 -0.211361 -0.444433 0.0725593 0.00917983 -0.781687 -0.68493 0.558328 0.612469 -0.385334 0.101767 
0.964103 0.997328 -0.512458 -1.00258 0.243595 0.331757 -0.310236 -0.0443296 0.561343 0.208832 0.160551 0.527378 0.0570269 -0.237984 0.0582904 0.607644 -0.257092 -0.627761 0.472732 0.46431 -0.952562 -0.482501 0.967999 0.671251 -0.147071 0.304669 -0.0105093 -0.290601 -0.220082 0.375186 0.290263 -0.144537 0.000888811 0.0448022 -0.490168 -0.188417 0.0307972 -0.755374 -0.297328 
0.904682 1.00397 -0.236089 -0.985469 0.02418 0.475199 -0.193152 -0.698444 0.111545 0.586736 0.406894 0.282413 0.178418 -0.190392 -0.170653 0.211756 0.202339 -0.0687057 0.220842 0.4425 -0.340005 -0.49389 0.552188 0.612827 -0.487012 -0.0581664 0.0859865 -0.559923 -0.771639 0.454534 0.944152 -0.163288 -0.101345 0.975752 0.479733 -0.766621 -0.42928 0.0646505 -0.493553 
0.845321 0.865362 -0.436264 -0.821983 0.275094 0.470032 0.0768786 -0.346004 0.0260876 0.690151 0.793506 0.230298 -0.111153 -0.119281 -0.420943 -0.47793 0.215521 0.826291 0.371598 0.417473 0.511017 0.271871 -0.0917501 0.150557 0.089683 -0.343088 -0.119422 -0.326253 -0.191938 0.122358 0.366137 0.0234254 -0.153165 0.463796 0.697929 -0.396811 -0.605231 0.580563 0.0653738 
0.833175 0.736121 -0.914972 -0.795435 1.09606 0.757043 0.170932 0.0125738 0.228556 0.390513 0.683942 0.464886 -0.329895 -0.300106 -0.432638 -0.0749972 0.235472 0.496549 0.377621 0.319321 0.344362 0.58909 0.0262113 -0.143099 0.42065 0.112701 -0.46062 -0.128123 0.836681 0.318769 -0.687174 -0.201964 -0.0583956 -0.33993 0.0908355 0.396404 -0.203262 -0.206687 0.437333 
0.653601 0.591162 -0.674012 -0.61766 0.963667 0.757612 0.350641 0.166699 0.413301 0.618045 0.844466 0.687988 -0.0753549 -0.608414 -0.498723 0.652743 0.508512 -0.228104 0.217041 0.433909 -0.0279108 0.440557 0.527177 -0.0679703 -0.0264184 0.372563 -0.253048 -0.146313 0.399839 0.256609 -0.316687 -0.0649162 0.191349 -0.195527 -0.465016 -0.0516172 -0.172384 -0.442495 0.149356 
0.436491 0.426043 -0.35598 -0.395573 0.942267 0.891698 0.550142 0.0822829 0.48925 0.845515 0.792744 0.550814 0.0161221 -0.558415 -0.527329 0.453712 0.446224 0.0118423 0.412371 0.703687 0.0252207 -0.0793467 -0.00152219 -0.320345 -0.00210287 0.406571 -0.333252 -0.839595 -0.309581 0.443932 0.4967 0.0169512 0.0431975 0.222921 -0.184144 -0.388338 -0.0932468 -0.0282989 -0.249594 
0.290156 0.265554 -0.332921 -0.262406 1.0888 1.07828 0.978105 0.299633 0.231149 0.516759 0.758963 0.794136 0.31126 -0.955911 -1.23797 0.20388 0.967097 0.537913 0.364877 0.600015 0.289837 0.195118 0.0134308 -0.139417 0.0894611 0.0821181 -1.00716 -1.45712 0.182459 0.211343 -0.645739 -0.64267 -0.923634 -0.647952 -0.14483 -0.117878 -0.911167 -0.545124 0.062632 
-0.191211 -0.285382 -0.28841 0.332705 1.67892 1.16714 1.08221 0.530103 0.540884 0.759962 0.84654 0.733102 0.0154113 -1.65531 -1.84071 0.682875 0.597087 -0.978839 -0.350946 -0.554564 -0.982524 -0.265578 -0.124895 -1.48528 -0.558319 0.573422 -0.70778 -0.395975 0.815712 -0.457312 -1.7393 -0.660184 -0.563965 -1.19338 -1.12584 -0.150814 -0.402828 0.161956 0.758635 
-0.802507 -0.773104 0.259059 0.200889 0.062321 0.672034 0.447698 -0.766621 -0.109634 0.285661 -0.223436 0.43776 0.897058 -1.71989 -1.56478 1.30566 0.233309 -2.1343 -0.422634 -0.128364 -1.54807 -1.46853 -0.15748 -0.624747 0.452754 1.26836 0.39245 0.861179 0.437699 0.281395 -0.0329751 0.240972 1.12849 0.709131 -0.272599 -0.121674 0.788544 0.312032 -0.308878 
-1.32681 -1.17423 0.985401 0.535479 -0.690709 0.692621 0.943997 -1.20913 -0.824562 0.494579 0.526675 1.21749 1.43081 -1.19582 -0.998712 1.26376 0.840632 -1.02729 0.106336 1.21042 0.0752487 -0.644232 -0.253746 -0.377848 0.000137456 0.196147 0.898773 1.02552 -0.316824 0.524342 1.05136 0.120157 0.578824 1.65254 1.35596 -0.222581 -0.371778 -0.710317 -0.929485 
-1.5897 -1.35463 1.487 0.838599 -1.02048 0.701263 1.54147 -0.574155 -0.772949 -0.0810123 -0.353211 0.54577 1.03247 -0.697355 -0.569987 0.846814 0.798278 -0.515398 -0.132236 0.826838 0.945597 0.605448 -0.431977 -1.06857 -0.318283 -0.0178788 0.376723 0.145239 -0.579661 -0.371462 -0.315343 -0.821803 -0.644259 0.366465 0.260669 -0.0239628 0.34583 -0.243884 -0.400269 
-1.78262 -1.523 1.75686 1.14286 -1.17846 0.494653 1.68479 0.019021 -0.423415 -0.0596267 -0.13489 1.06071 1.31073 -0.75381 -0.82234 0.442726 0.220426 -1.50993 -0.904423 0.363755 0.611475 -0.219773 -0.241564 0.137715 -0.164336 -0.314983 1.56817 1.03408 -1.41447 0.540269 0.662475 -1.83324 -1.47889 0.472447 -1.67228 -0.9144 2.02887 -0.840611 -1.76587 
-2.08304 -1.84041 1.81606 1.03215 -2.66431 -0.232075 1.85613 0.256405 -1.07471 -0.434868 -0.0860495 0.517013 0.557711 1.06956 0.432758 -1.12457 1.38432 0.505528 -2.54012 -1.24943 1.64313 -1.88115 -1.70503 1.69707 -1.25876 -2.52912 2.82173 2.52582 -1.9404 1.08431 2.74176 -1.25546 -2.13411 0.83742 -0.653249 -1.38894 0.809311 -0.949113 -1.7357 
-1.06378 -1.32737 0.370029 2.16993 -0.479453 -1.99639 0.514953 2.07722 -2.14033 -1.95332 1.33284 0.121885 -1.80723 2.40708 1.56731 -2.25339 1.52625 2.70826 -2.5142 -2.6778 1.86451 -1.17169 -2.19955 1.27291 -1.24591 -2.78204 -0.322632 -0.48081 -0.675092 -1.83532 0.40073 1.56038 -0.409738 -1.3141 1.54925 1.15675 -1.39193 0.604849 1.46117 
-0.475019 -1.02881 -0.806627 2.16087 0.595238 -2.69844 -0.628134 2.57804 -2.18731 -2.84889 1.05511 -0.411133 -2.86217 0.733869 0.0270775 -2.0771 -1.17262 1.12397 -0.260299 -1.75059 -0.378514 0.483934 0.0113555 -0.110601 -0.319515 -0.313916 -1.55336 0.385879 2.28927 -3.37457 -2.15805 3.83613 2.22624 -2.6911 2.55124 3.43301 -2.17355 1.12109 3.54163 
-0.568113 -1.35199 -2.05965 1.36585 0.938466 -2.31632 -1.11607 1.72972 -1.84268 -2.04105 1.40882 -0.0359127 -2.28072 0.702806 1.96741 0.878933 -3.06716 -0.607862 2.90918 0.704413 -2.25296 2.70241 2.80233 -1.57972 0.364663 2.48028 -0.680704 -0.0735888 1.5235 0.983627 -0.732424 0.0983676 1.11872 0.262846 -0.342505 -0.0402701 0.0429227 0.128292 0.163043 
