-1.78826 -1.02874 2.40154 1.48407 -1.89482 0.169971 1.86221 -0.205121 -0.739329 -0.705794 -1.59337 -1.63709 1.06014 -0.381267 0.540943 1.77913 -0.132142 -0.823559 1.28513 1.22566 -1.63149 -0.427725 -1.21465 -3.61061 -1.83623 2.07019 2.30673 2.15885 -2.05421 -1.67346 1.93447 0.845456 -1.54964 -0.933715 0.350473 -0.322198 -0.498663 -0.00482458 0.165671 
-0.241264 0.373908 1.25048 -0.187365 -0.567589 0.614259 0.817388 -1.09534 -0.406401 -0.925896 -2.10731 -1.86764 1.40375 2.86497 2.80454 -2.3166 -2.50872 2.5747 0.872685 -1.94334 -1.11282 0.624039 -0.321899 -0.493062 0.0298865 0.217899 1.40046 0.429047 -2.79304 -0.374281 1.76889 -1.46564 -1.98528 1.89989 0.55872 0.518186 3.70661 1.9915 -1.94126 
0.499343 0.901052 0.460993 -0.847001 0.0229271 0.568063 0.253295 -0.940928 -0.291607 -0.987843 -1.83249 -1.56932 1.12889 1.36102 1.11129 -1.37464 -0.680703 1.53524 -0.0886711 -1.26723 0.545735 0.513823 -0.392681 0.688063 1.48846 -0.506201 -1.68084 -1.72008 1.31346 1.61688 -1.10777 -1.05788 1.03334 2.15993 0.157865 -0.224546 0.703585 0.794781 -0.754373 
0.87474 1.13985 0.0438277 -0.869539 0.589944 0.5085 -0.273867 -0.681482 -0.0481829 -1.25899 -1.63863 -0.287129 0.950613 0.790152 0.599116 -0.817248 -0.0530731 1.18261 -0.104765 -0.62836 1.36633 0.954411 -0.510882 0.383788 1.37947 -0.7844 -0.706065 -0.489788 0.906224 0.126365 -1.22645 -0.0900004 1.09997 0.476779 0.516231 1.02524 0.00580552 -1.46054 -0.536004 
1.17063 1.31495 -0.311393 -0.963046 0.922563 0.453869 -0.34882 0.0417412 0.424407 -1.40618 -1.54615 -0.101845 0.475246 0.493751 0.494888 -0.336734 -0.473903 -0.0115918 -0.125294 0.131801 1.07062 1.39059 1.11945 0.769822 -0.884223 -1.21889 -0.476889 -0.224308 0.756674 -0.290973 -1.3884 -0.0994598 0.616884 -1.01309 0.134833 1.68956 0.45396 -1.68978 0.0792605 
1.31513 1.4821 -0.354184 -1.36518 0.616192 0.383547 -0.293975 0.0962029 1.02205 -0.501547 -1.12097 -1.16741 -0.0161781 0.206785 0.325602 0.0512021 -0.475942 -0.57539 -0.150582 0.161276 0.16136 1.24967 1.90548 0.976201 -1.37156 -0.681103 -0.331878 -0.432797 0.104005 0.481459 0.119917 -0.123496 -0.115733 -0.574402 -0.731561 -0.214828 0.162593 0.361615 0.687614 
1.38747 1.54084 -0.407159 -1.46052 0.536474 0.315662 -0.34636 0.189157 1.38019 -0.0818609 -0.904812 -1.48756 -0.103944 0.0900228 -0.0479076 -0.207831 0.268653 0.197103 -0.194476 -0.00272862 0.374989 0.364869 0.943697 1.03023 -0.249551 -0.308773 -0.316076 -0.456851 -0.0174249 0.498623 0.479094 0.288404 0.218269 -0.353088 -1.26267 -1.0311 -0.0103655 1.11636 0.691361 
1.44101 1.45126 -0.651766 -1.19102 0.79507 0.222335 -0.417083 0.3917 1.2593 0.129146 -0.447248 -1.38945 -0.327019 -0.177368 -0.248261 0.0425112 0.29251 0.101637 0.180622 0.448076 -0.277303 -0.585832 0.618676 1.03953 0.508777 0.233987 -0.527361 -0.374288 0.459691 -0.129191 -0.05074 1.12357 0.689489 -1.20822 -0.773404 -0.527072 -0.518055 1.04655 1.08016 
1.30505 1.37229 -0.509697 -1.26485 0.645532 0.351041 -0.124316 0.0325054 0.845397 0.314428 -0.22552 -0.923112 -0.0236021 -0.555869 -0.515134 0.324104 0.0898766 0.183277 0.948546 0.878495 -1.05656 -0.72465 0.342939 0.515077 1.51557 1.12196 -0.392654 -0.345754 0.278788 0.284964 0.494635 0.765787 -0.0542525 -0.671522 0.389024 -0.0664473 -0.731374 0.183502 0.323115 
1.06372 1.09927 -0.534912 -1.17812 0.963836 0.660186 0.134506 -0.305109 0.611771 0.326575 -0.0822368 0.219173 0.393314 -0.656385 -0.678633 0.369463 0.738599 0.798929 0.975865 0.391101 -1.08569 0.0969848 0.644886 0.281309 0.849485 0.660694 -0.124074 -0.0683872 0.43707 0.846162 0.205906 -0.594556 -0.849411 -0.179478 0.700048 0.460556 -0.413788 -1.29588 -0.812059 
0.84946 0.907915 -0.357503 -0.666795 1.26456 0.80321 0.0541061 -0.684499 0.865106 0.729619 -0.000594491 -0.0053072 0.364281 -0.70217 -0.587263 0.830406 1.38269 0.504094 0.421472 -0.181538 -1.29365 0.432381 1.08647 0.118727 -0.585354 0.0431575 -0.0423456 0.0200069 0.213899 -0.0641915 -0.802343 -0.720908 0.209834 0.710731 -0.195772 -0.260493 -0.211742 -0.544627 -0.267563 
0.572472 0.697703 -0.0235921 0.000903622 1.36723 0.821795 -0.125506 -1.16626 0.90385 1.06023 0.0452618 -0.351139 0.33612 -0.701442 -0.636594 0.622888 0.657892 -0.194917 0.32597 0.667261 -0.289175 -0.111827 0.406974 0.115182 -0.0115393 0.30402 0.0543049 -0.0368865 -0.451625 -0.904076 -0.596698 0.244136 1.31829 1.63848 -0.376727 -0.982282 -0.405263 0.482692 0.300777 
0.358775 0.472441 -0.00786353 -0.141541 1.15673 0.914766 0.443966 -0.849381 0.715242 0.97323 0.12478 0.0195026 0.495098 -0.627496 -0.618707 0.329718 0.0347845 -0.22161 0.709645 1.49289 0.580063 -0.0523313 -0.133891 -0.267909 0.249148 0.440239 -0.0380624 -0.0354259 -0.00872625 0.018377 0.237193 0.22204 -0.183026 -0.105048 0.456831 0.0372068 -0.328965 0.25042 0.286915 
0.139392 0.274524 0.0976359 -0.0358923 1.23988 1.13444 0.896489 -0.728612 0.802302 0.913773 -0.0589308 -0.0559627 0.565114 -0.741192 -0.66615 0.624054 0.701762 0.166695 0.592666 0.447844 -0.439843 0.674374 0.57427 -0.184516 0.439613 0.682717 -0.0117215 0.00814605 0.145946 0.267213 -0.19165 -0.94311 -1.40132 -0.847401 0.440015 0.615226 0.71509 0.688362 0.146472 
-0.162876 0.0166504 0.342685 0.423285 1.31337 1.1661 0.665833 -1.1187 1.20384 1.33749 0.0705604 0.512216 0.898853 -0.634615 -0.591987 0.506145 0.454092 -0.419169 -0.15624 -0.263348 -0.432538 0.708231 0.820162 0.622051 1.4231 0.632675 -0.119974 -0.129169 0.00621016 -0.478262 -1.2507 -0.925825 0.213259 0.113338 -1.33068 -0.711051 0.396698 0.177971 -0.497815 
-0.299234 -0.13029 0.35632 0.305532 0.968046 0.993265 0.573841 -0.992869 1.3184 1.45537 0.370184 1.45675 0.932803 -0.882413 -0.816785 0.642144 -0.00368373 -1.41176 -0.256418 0.728324 -0.336947 -1.26481 -0.276908 0.34265 0.771193 0.0206752 -0.60272 -0.602747 0.489697 0.495797 -0.426657 0.0263591 0.977804 0.161804 -1.37327 -1.05227 -0.9654 -0.943101 -0.149084 
-0.79454 -0.542679 0.707327 0.35179 0.315594 0.972423 1.10245 -1.3167 0.117652 1.08789 0.332244 1.34882 0.825455 -1.37386 -1.35429 1.07208 1.21828 -0.923156 -0.0797559 0.981574 -0.273369 -1.2959 -0.495452 -0.402838 -0.0955846 0.433134 -0.177819 -0.348161 0.00342941 0.86851 0.452129 -0.636708 -0.668362 0.663449 0.957887 0.36869 -0.443539 -1.02221 0.160724 
-1.31374 -1.05907 1.05593 1.33626 0.327617 0.892178 1.20435 -1.14679 0.206961 1.04816 0.185136 1.3944 1.15668 -1.09529 -1.25027 0.657083 1.32284 -0.769895 -0.824466 -0.103325 0.404672 0.28534 0.341579 -0.0876008 -0.878048 0.232013 0.707023 0.624887 -0.548028 -0.258901 0.0871665 -0.763184 -0.483035 1.3733 0.951097 0.550016 0.77095 -0.732274 -1.24737 
-1.59204 -1.39996 1.08361 1.47684 -0.212747 0.48103 0.902317 -1.00062 0.290322 1.28434 0.336101 0.474948 0.904375 -0.490602 -0.530995 0.462156 0.8438 -0.757165 -0.770744 0.383707 1.29244 0.2439 0.369841 0.550771 -1.26631 -1.22299 0.607523 0.727307 -0.192509 -0.545529 -0.143082 -0.0272047 0.267522 0.605549 -0.593229 -0.97233 -0.310411 -0.0265663 -1.01258 
-1.64018 -1.42196 1.28034 2.02921 -0.191413 0.428941 1.37711 -0.215345 0.345978 1.26499 0.571536 0.117845 0.18693 -0.335295 -0.294688 0.450003 0.515907 -0.904127 -0.800048 0.245606 1.07907 -0.529469 -0.865232 -0.366157 -0.884045 -1.11273 0.104616 0.181771 -0.0935622 -0.811171 -0.951143 -0.611957 -0.371201 -0.117656 -0.37598 -0.90163 -0.367272 1.81765 1.29369 
-1.79749 -1.60043 1.29855 1.87402 -0.839259 0.00243496 0.969343 -0.217082 -0.198704 0.610444 0.173034 -0.405146 0.0140978 -0.353603 -0.280023 0.367193 -0.363929 -1.94503 -1.31473 -0.073085 1.12714 -0.239673 -0.740738 0.207424 1.77146 0.490934 1.85497 1.70252 -1.68716 -1.93948 -0.496415 -1.44791 -1.37045 0.306292 -0.512707 -0.312825 1.18666 0.707755 -0.187952 
-1.8599 -1.61235 1.43077 1.63277 -1.5792 -0.319403 1.20014 0.601518 0.0922915 0.680876 0.752187 1.99185 0.452462 1.97004 1.92046 -1.45069 -2.39418 -1.49907 -2.15663 -1.47169 1.406 -1.22151 -1.17437 1.06114 0.32191 -1.36382 2.42905 2.10704 -2.0943 -1.02208 1.14372 -1.37791 -2.28498 -0.358557 -1.16166 -0.612148 0.723402 -2.09508 -2.63333 
-0.207053 -0.278306 0.0326489 -0.353728 -1.90089 -1.18715 -0.27846 0.793079 -1.24973 -0.286405 0.865271 -0.0345055 -1.05715 2.6629 2.4576 -1.99484 -1.88988 -0.401391 -2.60326 -2.94402 0.682123 -1.92117 -1.4573 1.10686 -1.6485 -3.00331 -1.32956 -1.65044 0.59942 2.65631 2.37643 1.30708 0.261904 0.171701 0.756669 0.120712 -0.588872 -0.0997387 0.329281 
0.270295 0.0789773 -0.25909 -0.140097 -1.83803 -1.74307 -1.17494 1.10991 -1.52691 -0.420015 1.47182 0.318922 -1.80041 0.330391 -0.19502 -0.760422 1.62973 1.65191 -0.835223 -1.12985 1.57666 0.0218518 -0.893417 0.465287 0.195146 -0.928936 -2.36023 -2.72938 0.585042 1.4907 1.55162 2.86496 1.8802 -0.0756155 1.56608 0.703745 -1.16418 1.32373 2.5664 
0.106075 -0.410264 -0.695463 1.04813 -0.658031 -1.68418 -1.26453 1.92154 -1.29103 -0.980629 1.20045 0.204664 -1.81496 -0.253544 -1.05143 -1.32086 0.375398 1.67411 0.232473 -0.560764 0.565628 0.556286 -0.382758 -0.14454 0.57408 0.398533 -0.382953 -0.291085 -0.272716 -2.0768 -1.44411 0.877817 0.440519 -1.67937 0.710162 1.29034 -0.00955554 0.508401 1.27356 
0.128529 -0.641637 -1.42385 0.130344 -0.578939 -1.68052 -1.7253 1.53755 -1.13421 -0.745954 1.44156 0.951096 -1.60148 -0.136609 -0.554783 -1.05839 -1.48756 -0.178736 0.0689182 -0.562691 -0.401929 1.1943 0.979554 0.529543 1.07208 0.758285 0.221824 0.919818 1.25348 -0.493336 -1.37932 0.152214 0.878126 -0.283107 -0.146033 0.200754 -0.389389 -0.502233 -0.0896184 
0.0554032 -0.789505 -1.65572 -0.361833 -0.754025 -1.70735 -1.81637 1.6785 -0.380205 -0.324077 1.57412 1.35333 -1.35674 0.0286527 0.15279 0.110526 -0.35279 -0.072068 0.431294 0.558418 0.20822 0.42331 0.00714642 -0.513089 -0.216975 0.277856 0.0598868 0.506526 1.24434 1.10789 0.242324 0.569011 1.32401 0.343631 -1.92366 -2.05227 -1.81078 -1.08151 -0.485998 
0.206599 -0.534526 -1.4734 -0.256048 -0.596921 -1.51376 -1.41877 1.71745 -0.849499 -0.790697 1.19044 0.762842 -1.48952 -0.0550202 0.115636 0.362645 0.200139 0.189566 0.672886 1.11896 -0.0316446 -1.649 -1.6972 -1.45862 -0.675044 0.111915 -0.420948 -0.619275 -0.174323 0.0490753 -0.289875 -0.565839 -0.688429 -1.26188 -1.63054 -1.47854 -1.29929 -0.67044 -0.219663 
0.0682902 -0.707933 -1.50884 -0.249477 -0.58066 -1.41397 -1.08067 1.69213 -1.77839 -1.59798 0.756401 0.689999 -1.36438 -0.485415 -0.630858 -0.075948 -0.262603 -0.397703 -0.0678661 -0.298544 -1.28563 -1.97308 -1.88868 -1.91843 -1.28565 -0.0152903 -0.0900926 0.692999 1.53298 0.0900558 0.386968 2.14727 0.3481 -2.09469 2.50671 2.83991 0.0238618 -0.0385119 1.43675 
-0.115798 -0.966058 -1.66823 -0.561092 -0.853058 -1.60862 -1.76837 0.861859 -2.51086 -2.2027 0.0971754 -0.533764 -1.58884 -0.159225 1.0269 2.11074 0.352156 0.74647 2.81099 1.56953 -2.49245 2.26261 2.28493 -1.35628 -0.700756 2.01556 0.385869 0.475895 0.0572711 0.163351 0.264873 0.0174931 0.227579 1.13198 1.23527 1.30188 1.61768 0.756039 0.012902 
