-1.52819 -1.08512 2.59866 1.826 -2.03904 -1.81202 0.572472 0.691936 0.57834 -0.957015 -1.90601 -1.81413 -1.10996 -0.362889 -0.058696 1.14352 0.543272 -1.27821 -1.6093 -0.105567 1.6963 0.200899 -2.21292 -3.09567 -2.60586 -0.167964 1.89608 1.76012 -2.1792 -2.05624 1.35662 0.894751 -1.16818 0.221931 -0.0506892 -0.596052 -0.155199 0.324564 0.20831 
-0.316387 -0.0944373 0.931984 0.454136 -1.05112 -1.38048 -0.0217651 2.49721 0.300383 -1.82933 -1.89193 -1.42147 -0.121817 2.36894 2.17899 -2.81373 -2.79122 1.71238 1.32786 -1.46066 0.304916 -0.146596 -0.932521 -0.128189 0.473299 0.400676 1.33735 1.19391 -1.79266 -1.81079 1.31946 1.57557 -1.48021 -2.0732 0.29607 2.11458 3.18652 2.12912 -0.0662746 
0.33468 0.522805 0.14488 -0.563836 -0.575833 -0.587431 -0.522353 1.15791 0.443816 -1.6497 -1.83912 -1.37594 -0.526061 1.34803 1.4614 -1.19553 -1.92842 0.391109 0.632152 -1.94201 -1.81915 0.633211 1.05659 0.662398 0.246551 -0.23517 -1.50406 -1.29294 1.97148 1.60896 -1.52613 -1.24966 -0.276655 -1.24632 0.153159 1.52825 1.22507 -0.217911 -0.334302 
0.73207 0.967568 -0.137282 -1.19982 -0.698765 -0.772934 -1.49776 -0.137688 1.14183 -0.756222 -1.30318 -1.12022 -0.327041 0.733532 0.805169 -0.53031 -0.811017 0.0837924 -0.221891 -1.84762 -1.83414 0.0471289 1.42806 1.3488 0.231403 -0.123238 -0.869738 -1.12325 0.598529 1.73522 0.123721 -0.834402 1.29968 1.05678 -1.31601 -0.681998 0.619597 0.317383 -0.107072 
0.892937 1.08557 -0.355237 -1.26477 -0.481855 -0.737366 -1.9236 -1.49888 0.551749 -0.24682 -0.797283 -1.08383 -0.59237 0.459658 0.285044 -0.598125 0.216153 0.674621 -0.360362 -0.430528 -0.124587 -1.62581 -0.00916886 1.43526 0.710382 -0.371893 -0.448671 -0.626618 0.195153 0.842516 0.194316 0.0996978 2.48849 1.32027 -1.29024 -1.18156 -0.27841 0.164743 0.124982 
1.07185 1.13464 -0.69542 -1.02469 -0.108049 -1.04568 -1.77685 -0.29874 -0.844011 -0.629216 -0.204275 -0.538837 -0.701947 0.341052 0.206739 -0.428266 0.17141 0.44912 0.0390755 1.09559 0.299007 -2.16887 -0.412119 1.07733 0.493995 0.135451 -0.491597 -0.41229 0.412828 -0.0637794 -0.178701 1.01491 1.54492 0.146417 0.483467 -0.389808 -1.41613 -0.301982 0.670414 
1.1381 1.19307 -0.768046 -1.12779 -0.0807281 -0.655841 -0.994206 -1.04154 -2.11376 -0.477524 0.0653572 -0.633137 -0.337629 0.0166254 -0.0639744 -0.228771 0.0187503 0.60764 1.12874 1.3763 0.0546318 -0.880644 -0.62197 -0.159327 0.357646 0.81619 -0.672715 -0.688213 0.334345 0.12136 0.118395 0.760626 -0.0684589 0.487973 2.20494 0.422056 -1.08573 -0.0408463 -0.702681 
1.05821 1.03618 -0.937546 -1.01791 0.426353 0.00230018 -0.625166 -0.198155 -1.89723 -1.04621 -0.157943 -0.170489 0.397637 -0.315284 -0.463369 -0.155291 0.215024 0.72646 1.18695 0.959368 1.04676 1.45027 0.233633 -0.133022 0.485539 -1.01617 -0.497598 -0.513864 0.356547 0.263747 -0.283278 -0.0558423 -0.210631 -0.027245 1.38164 1.19742 0.173094 -0.814019 -1.20693 
0.859692 0.790767 -0.947303 -0.95362 0.553571 0.443775 -0.172681 0.507438 -0.249722 -0.134976 0.129052 -0.187548 -1.51212 -0.433475 -0.531193 0.0714689 0.247727 0.419459 1.18098 1.06886 -0.0552176 1.36401 1.22575 0.0942728 -0.670155 -1.19464 -0.0302684 0.0352433 0.30688 0.303474 -0.410952 -0.755778 -0.5624 -0.729309 -1.15263 -0.368468 -0.0431358 -0.289756 1.21666 
0.685517 0.582286 -0.92279 -0.815848 0.802543 1.09662 0.283062 -0.257936 -0.141157 0.177072 0.0557879 -0.422886 -0.998356 -0.21501 -0.291597 0.0839566 0.495718 0.390311 0.299943 0.228274 -0.231704 -0.535995 -0.346087 -0.130887 0.148922 1.10269 0.08455 0.0941042 0.119213 0.398523 -0.10812 -1.06069 -1.1054 0.164402 -1.11845 -1.14408 0.243628 1.71525 1.89613 
0.661272 0.519145 -0.921863 -0.540044 0.905255 0.756673 0.069913 0.190008 -0.871599 -0.307061 0.194157 0.0547401 -0.056973 -0.197979 -0.290926 0.0802554 0.652157 0.434278 -0.115198 -0.316188 0.153938 -0.565201 -0.556314 0.4299 1.63662 2.082 -0.271379 -0.256478 0.321478 0.388003 -0.107886 -0.312707 -0.605872 -0.0817643 0.635016 0.626639 0.474171 0.245868 -0.329898 
0.500684 0.311175 -0.900517 -0.268845 1.19119 1.04132 0.0945124 -0.0123753 -0.799587 -0.181638 0.491065 0.717903 1.67219 -0.398693 -0.459299 0.34113 0.886453 0.405401 0.00749804 -0.555174 -0.432303 0.462182 0.61681 0.47285 0.518468 0.58628 -0.276975 -0.158951 0.46253 0.0193783 -0.604082 0.00292566 0.311228 -0.736722 0.18861 0.741554 -0.213939 -1.609 -1.50147 
0.316324 0.119942 -0.67639 0.20679 1.26962 0.810191 -0.307883 -0.420272 -0.244205 0.375645 0.657785 0.520217 0.757277 -0.388252 -0.345137 0.510646 0.563011 -0.125699 0.0159089 0.00486239 -1.13687 -0.312292 0.584723 0.2334 -0.439276 -0.430711 -0.156635 -0.0303255 0.222458 -0.447495 -0.476552 0.620902 1.25 -0.0891803 -0.0172515 -0.242118 -0.632148 -0.0589246 -0.0867812 
0.164064 -0.00117693 -0.510009 0.202126 1.10904 1.1023 0.160193 -1.65124 -1.14149 0.472584 0.796633 0.604946 1.22428 -0.447241 -0.363829 0.476706 0.189523 -0.00677498 0.967875 0.896477 -0.645247 0.37141 0.232958 -0.210007 0.486178 0.484132 -0.294649 -0.284161 0.201635 0.104557 -0.0152546 0.20964 0.573964 1.39818 1.35486 -0.1812 -0.451187 1.19844 0.666645 
-0.0673525 -0.20663 -0.31492 0.359214 1.28746 1.7155 0.463841 -1.34142 0.269582 0.717595 0.670664 0.966192 1.44475 -0.59934 -0.545052 0.620649 0.584752 -0.00325359 0.424408 0.642336 1.12596 1.88766 0.295306 -0.239008 1.18614 0.75095 -0.499256 -0.572887 0.329889 0.0915405 -1.67006 -2.07316 0.129239 1.52124 -0.0541736 -0.261022 0.371169 0.0353326 -1.2882 
-0.340945 -0.465619 -0.0253831 0.691639 1.12983 1.52559 0.730671 0.013362 1.26996 0.869882 0.790368 1.47366 2.2429 -0.899294 -0.899733 0.744208 0.194318 -1.80217 -1.68695 0.99835 1.82242 0.218997 -0.180199 0.273945 0.578156 -1.66518 -0.739765 -0.748653 0.691641 0.269729 -1.87833 -1.74771 0.220538 -0.66578 -1.55902 -0.0552034 0.132539 -1.89968 -1.81938 
-0.811643 -0.940901 0.275421 0.515728 -0.204178 0.266152 1.31624 1.33992 0.592616 0.692773 1.003 1.46772 -0.535211 -1.33464 -1.28549 1.33239 0.821516 -2.04003 -1.79369 0.854165 -0.0467576 -0.777068 0.201209 -0.0325718 -1.27299 -2.30348 -0.430731 -0.360802 0.642179 0.830528 0.280103 0.163718 -1.3135 -1.86875 0.197529 0.959353 -0.219341 -1.41102 0.683459 
-1.43252 -1.49337 1.0682 1.38309 -0.561785 -0.0184357 1.46889 -0.0340687 0.346365 1.18365 0.92037 0.857185 -0.529234 -1.27065 -1.18884 1.39521 1.16114 -1.33742 -1.34007 -0.637319 -1.35269 0.486797 1.29847 0.0711619 -1.23673 -0.454872 0.371988 0.385012 -0.35523 -0.30205 0.582063 0.483099 -0.37271 0.528466 1.0587 0.186066 0.0509931 1.21152 1.8288 
-1.85217 -1.89511 1.42275 1.49684 -1.30508 -0.875542 0.873393 -0.614008 1.25082 1.98061 1.20147 0.873135 -1.0131 -0.760628 -0.7067 0.758552 0.313928 -1.22532 -1.01823 0.351523 0.768399 0.928442 0.481128 0.0790308 0.369661 0.858441 2.96362 3.10612 -2.33405 -2.1439 2.34831 1.60011 -0.406811 1.0955 -0.876529 -2.36955 -1.86863 -0.384263 0.678216 
-2.0662 -2.08078 1.67081 1.64162 -1.56844 -0.874675 1.80908 1.10853 1.55731 1.7459 1.12404 1.23279 0.622786 2.35553 2.55649 -1.60868 -1.7442 1.52429 0.93431 -1.18103 0.40632 -1.03852 -2.38333 -2.04967 -1.69795 0.746505 0.530446 0.494926 -0.505642 -0.153289 0.936358 0.664016 -0.247231 -0.422878 -0.519006 -0.304868 -0.112929 -0.31482 -0.530626 
