-1.69804 -1.19107 2.37416 1.5834 -2.41152 -1.23968 -0.0449167 1.55594 1.1654 -1.55563 -2.26774 -1.87597 -0.399977 -0.551928 -0.0662164 1.4546 0.988036 -1.52254 -0.947554 0.599346 2.04096 1.2187 -1.68393 -2.10581 0.0248907 1.11964 1.64734 1.8572 -1.08798 -2.05642 0.863222 1.32279 -0.164146 -0.740131 0.352738 0.940508 0.454794 0.368538 0.584987 
-0.482539 -0.0303365 1.81564 0.812931 -1.67736 -0.678382 0.554909 2.30981 1.14827 -1.46193 -1.46188 0.0790185 1.21407 2.36656 2.52445 -1.68194 -2.92345 1.40732 1.82129 -0.225729 -1.21329 0.481721 1.4584 0.751822 0.631329 0.891489 1.44349 1.11057 -1.97105 -2.33911 1.66769 1.4886 -1.28874 -2.58046 -0.37618 1.9258 1.07926 -0.897516 -1.17685 
0.530231 0.715023 0.195747 -0.835479 -0.768409 0.0566038 -0.28758 0.135135 1.6048 -0.14371 -1.61248 -1.19247 0.561483 1.5287 1.46213 -1.53522 -2.32511 1.12495 1.09051 -1.19578 -1.95343 0.630227 1.20824 -0.434701 -1.4561 -0.712125 -1.44201 -1.66116 0.930194 2.00571 -0.475002 -1.1904 -0.266571 0.00934232 -0.776704 -0.973452 -0.383746 -0.471534 -0.766879 
0.96749 1.08171 -0.175943 -1.11159 -0.354272 0.0967328 -0.625468 0.0405257 1.7305 -0.2788 -1.68568 -1.31818 0.400029 0.399947 0.354964 -0.374872 -0.247011 0.751637 0.357027 -0.594393 -1.29399 -0.694799 0.131653 0.269216 -0.138946 -0.306584 -1.12096 -1.03702 1.18385 1.62649 -0.855287 -0.618086 0.96701 0.720608 -0.956758 -0.696627 0.709358 1.49047 0.958733 
0.931831 0.999504 -0.318253 -1.04299 0.131601 0.308615 -0.88662 -1.37818 0.912543 0.0548158 -1.31477 -1.27676 0.196454 0.0124026 0.125323 0.147524 -0.171462 -0.116984 0.374448 0.157044 -0.959268 -0.810649 0.284326 0.691868 1.04709 0.757059 -0.452965 -0.371711 0.541353 0.485133 -0.71563 -0.155574 1.30817 1.49472 -0.142591 -0.494992 0.388575 0.82007 0.477581 
1.00912 1.19455 -0.0247269 -1.25668 -0.438691 0.361169 -0.498117 -1.08907 0.926816 0.0593555 -1.07483 -0.220263 1.21265 -0.179415 -0.0942365 0.356303 0.333219 -0.274999 0.245617 1.23453 0.870007 -0.940318 -0.49885 0.923555 1.24573 0.41889 -0.144897 -0.360153 -0.17261 0.397168 0.445303 0.261239 0.725977 0.746384 -0.440028 -0.162605 0.268535 -0.787243 -1.10155 
0.795297 0.948224 0.0988223 -0.771094 -0.1319 0.481172 0.282299 -0.410725 -0.0158673 -0.323292 -0.532277 0.0191624 0.63466 -0.13486 -0.308457 -0.178714 0.287504 0.646074 0.807948 1.1735 0.0738477 -1.49286 0.137504 1.16949 -0.249926 -0.958313 0.233505 0.181825 -0.354573 -0.480859 0.31168 0.196565 -0.756104 -0.984675 0.58258 1.08896 -0.44254 -1.36494 -0.499785 
0.913973 0.983142 -0.28894 -1.02255 0.341683 0.934766 0.611807 -1.03432 -0.533067 0.263233 -0.110132 -0.415174 0.126036 0.204074 0.19505 -0.239429 -0.418228 0.282065 0.594567 0.182711 -0.71284 -0.121143 1.17556 0.354398 -1.01514 -0.366338 0.234256 0.401854 0.0705791 -0.356847 -0.508996 -0.801017 -1.07861 -0.0638258 1.36873 0.300355 -0.789194 -0.0304196 0.732231 
1.01496 1.11317 -0.242705 -1.12007 0.235934 0.902592 0.434461 -1.25782 -0.156345 0.829955 -0.171457 -0.938488 0.203472 0.249684 0.274376 -0.144777 -0.292986 -0.0620158 -0.147267 -0.328388 -0.11742 0.480539 0.664367 0.0900219 -0.284231 0.160769 -0.0529318 -0.0961827 0.0252549 0.223281 -0.0722974 -0.434984 -0.173477 0.476585 0.210787 -0.444572 -0.0145326 0.599988 0.176194 
1.176 1.20739 -0.509939 -1.26805 0.319561 0.827128 0.269906 -1.19883 -0.094809 0.94896 0.0548193 -0.64428 0.278453 0.185803 0.113439 -0.272619 -0.198976 0.247191 0.117877 -0.0560392 -0.0874429 0.152166 0.61843 0.415316 0.00235038 -0.106715 -0.267856 -0.38112 0.0665815 0.499162 0.357081 0.254306 0.327189 0.0281495 -0.569989 -0.259541 0.503175 0.515719 -0.286891 
1.21766 1.21712 -0.626497 -1.28789 0.564243 0.984048 0.355831 -1.38797 -0.0339364 1.47367 0.234496 -0.881937 0.0597343 -0.0700419 -0.187378 -0.11676 0.306584 0.565039 0.277169 0.131551 -0.169695 -0.392483 0.376487 0.913065 0.592658 -0.295392 -0.51179 -0.589559 0.30759 0.719554 0.111785 0.0336465 0.343845 0.503506 0.049679 -0.265074 0.250424 0.506995 -0.0874937 
1.14106 1.08649 -0.695261 -1.01816 1.00809 1.02219 0.372613 -1.42327 -0.496278 1.3714 0.829541 0.000673375 -0.0741842 -0.476068 -0.626399 0.112342 0.704416 0.496097 0.253839 0.427143 0.578638 0.188937 0.322497 0.866281 0.864685 -0.25467 -0.397442 -0.481809 0.166877 0.435155 0.0202252 -0.104669 0.226053 1.13046 1.0113 -0.652377 -0.921248 -0.0108514 0.467642 
0.805578 0.76807 -0.520081 -0.709302 1.17464 1.16247 0.744277 -0.754537 0.123841 1.84673 0.974557 0.0341649 -0.247817 -0.571528 -0.783463 0.0597985 0.817917 0.672797 0.232308 0.450352 1.44383 1.05613 -0.483038 -0.360806 0.591001 0.414718 -0.156812 -0.218922 -0.0259945 -0.070266 -0.233563 -0.161923 0.243847 0.969086 0.633813 -0.85002 -0.895105 0.149088 0.705296 
0.640313 0.520033 -0.655754 -0.34579 1.81875 1.18525 0.783495 0.201994 0.495622 1.00776 0.660487 0.643975 0.359402 -0.640043 -0.87176 0.00324914 0.518996 0.212616 0.134129 0.770775 1.9483 1.08333 -0.824632 -0.369103 1.12988 0.822779 -0.546009 -0.495501 0.404065 -0.116034 -1.28587 -0.681017 -0.0593584 -0.609286 -0.677695 -0.096972 -0.0158372 0.0475257 -0.0202541 
0.241194 0.135619 -0.552584 -0.28391 1.46377 1.25552 1.4649 1.44904 1.1419 1.17068 0.799355 1.2146 0.637569 -1.2814 -1.39782 0.587644 0.569403 -1.23293 -0.566028 0.370856 0.428264 0.0249776 -0.534353 -0.301807 0.686743 0.370695 -0.711694 -0.624941 0.710237 0.593059 -0.997584 -0.8107 -0.602472 -1.77636 -1.52467 -0.0438425 -0.0267797 -0.451293 -0.272416 
-0.519784 -0.505628 0.0559089 0.12125 0.469609 0.778965 1.11753 0.663039 0.495693 0.597177 0.535143 1.38271 0.744247 -1.5823 -1.6588 0.984548 1.24801 -1.24868 -0.833744 -0.0666455 -0.830931 -1.19134 -0.798635 -0.326214 0.393373 0.388992 -0.0696157 -0.0960971 0.10463 0.431956 0.161547 -0.169586 -0.237222 -0.557641 -0.65414 0.0399909 0.150825 -0.192797 0.15899 
-1.1984 -1.08512 0.664495 0.74382 0.0967709 0.658299 1.37602 0.466575 -0.0279572 0.518398 0.65593 1.66091 1.04267 -1.32307 -1.47931 0.672012 1.07632 -0.907308 -0.695756 0.043148 -0.509254 -0.971596 -0.386364 0.00253674 0.381523 0.603726 0.466056 0.506317 -0.225802 -0.147233 0.400861 0.149829 0.180911 0.767209 0.380458 -0.376211 -0.363548 -0.31284 -0.087209 
-1.71859 -1.5922 0.875006 1.00713 -0.510503 0.280158 1.13478 0.0493338 -0.462803 0.321944 0.635279 1.81721 1.3871 -0.872635 -0.936602 0.579532 0.956484 -0.554135 -0.545893 0.189159 0.233654 -0.668921 -1.25629 -0.779086 -0.112131 0.241476 1.49708 1.69981 -0.56387 -0.627611 0.0131939 -1.49132 -1.25539 0.816022 -0.0616218 -1.2989 -0.586374 -1.44677 -1.6048 
-1.97882 -1.76604 1.36583 1.53068 -0.483081 0.266372 1.53441 0.704524 -0.695321 -0.552437 0.176983 1.60335 1.28445 0.832735 0.835164 -0.2337 0.122571 -0.81039 -2.55342 -1.70543 0.629099 -1.09824 -2.18669 -0.77836 -2.01586 -1.8895 2.30769 2.16347 -1.79476 -1.57606 0.764903 -1.79416 -2.57667 -0.0439462 0.139258 0.612524 1.33647 -1.24128 -2.45384 
-0.914998 -0.94879 0.540774 1.10498 -1.38078 -1.54349 -0.53826 0.740612 -1.54311 -1.5998 0.156871 -0.137932 -0.730514 2.42014 1.99645 -2.14918 -1.30476 0.701618 -2.79947 -3.40329 0.0724288 -0.50063 -0.275169 1.27067 -2.16668 -3.56411 -0.0157211 -0.637726 -1.26799 -0.510387 2.15609 2.01831 0.0851076 -0.377562 1.29174 2.12771 1.90257 2.0382 0.637781 
0.29921 -0.2546 -1.40757 0.449216 0.360242 -1.73275 -1.77989 0.757648 -1.20081 -0.725975 1.21664 -0.502123 -2.68728 0.866656 0.0310655 -2.18224 -0.669582 2.59002 0.177142 -1.58332 -0.036285 0.762122 0.999292 2.10475 1.40119 -0.91641 -2.41263 -2.36081 1.5803 1.30684 -0.259678 2.69249 2.66359 -0.76758 -0.446122 -0.557819 -1.12 1.97467 3.02854 
-0.0798999 -0.906412 -2.27472 0.548324 1.60271 -1.41977 -2.09326 0.669108 -0.834005 -0.607763 1.81448 1.31294 -1.77073 -0.907872 -1.10646 0.120723 0.408244 0.377877 0.812464 0.317136 -1.18235 -1.19179 -0.997095 -0.295793 1.14437 1.10434 -1.22952 -0.228507 2.5632 0.778196 -2.97763 -0.243418 1.61556 -0.556672 -1.00488 -1.44542 -3.03069 -1.72352 1.04966 
-0.513945 -1.06248 -1.29048 0.7831 0.836661 -1.15593 -1.49779 -0.627676 -2.37111 -1.55976 1.09575 0.692765 -1.49015 -0.801913 -0.227083 1.54338 0.314653 -1.92371 -0.0491081 0.674568 -0.972338 -0.7494 -1.01425 -2.27446 -1.45794 0.693316 0.31158 0.960715 0.946412 0.0400305 -1.13272 -0.550821 0.4252 1.52269 2.35972 1.2309 -1.06315 -1.44875 -0.31605 
-0.794635 -1.05699 -0.346038 0.80488 -0.529312 -1.4574 -1.46564 -0.475467 -1.57878 -1.45723 0.227652 -0.0860815 -1.02869 -0.414873 0.221968 1.45181 0.374874 -1.29174 0.184337 0.913851 1.02392 2.23657 0.883877 -1.77856 -1.25631 0.603109 0.416247 0.481031 -0.0377727 0.44439 0.810037 0.130716 0.114113 1.44717 2.05419 2.02887 1.45338 0.602603 -0.446681 
-0.869182 -0.877407 0.521604 1.08941 -0.579141 -1.02708 -0.638856 0.516218 -0.24379 -0.673278 -0.123677 -0.505285 -0.847979 -0.162107 0.461382 1.41684 0.838716 -0.59838 0.213756 0.837155 1.11981 2.23039 2.0279 -0.0526018 -0.436087 -0.00983127 0.899929 0.65926 -1.18974 -1.16114 1.09216 0.893043 -0.165532 -0.895532 -1.30912 -0.22191 1.17556 1.01437 0.128488 
-0.915094 -0.692966 1.42152 1.49444 -1.15931 -1.30756 -0.680847 0.778349 0.542593 0.475532 0.286938 -0.466553 -1.06516 0.903352 1.14821 -0.380843 -1.31438 0.468514 1.44381 0.686187 -0.424215 0.27836 0.650755 0.0343115 0.452537 0.788993 0.0756693 -0.380842 -0.908982 -0.544164 0.33848 -0.23386 -0.602281 -0.678268 -1.4945 -1.45529 -0.0201821 0.251517 0.014588 
