-0.627436 -0.0015913 1.85396 0.310163 -1.52505 -0.270968 0.0433624 0.250511 1.39742 -1.23092 -2.06957 -1.40535 1.18328 0.233815 1.34865 1.61916 -0.973386 -2.07228 -0.122973 0.226618 -0.25769 1.13487 -0.746583 -2.81427 -2.04519 1.59774 1.8275 1.9684 -0.903278 -2.18959 -0.0374014 0.694129 -0.00845903 -0.813107 -0.672626 0.680275 0.984918 0.41714 -0.541287 
0.164916 0.654006 1.35948 -0.580221 -1.83662 -0.136247 0.137505 -0.158596 0.888288 -0.723607 -1.64477 -1.22429 1.0904 2.0461 2.09162 -1.06191 -2.46735 0.00213145 0.774979 0.0721981 -1.20435 -0.868086 1.03763 1.24311 0.559506 -0.601675 0.896105 -0.28291 -2.14604 -0.180655 2.34569 0.850523 -0.469379 -0.553685 -0.620261 1.78808 3.07896 1.31089 -2.07632 
0.745626 1.04195 0.675729 -1.19064 -1.43462 0.159493 0.0298103 -0.655031 0.480169 -0.277788 -1.14575 -0.98967 0.585211 1.24177 1.08964 -0.936717 -1.21337 0.875459 0.797978 -0.356777 -1.09708 0.340285 1.75986 1.04908 -0.341926 -0.892616 -1.3684 -1.67154 0.441924 2.02112 0.736974 -0.221678 -0.116273 0.653467 1.18691 0.0188305 -0.943706 -1.2301 0.274253 
1.00178 1.17221 0.29975 -1.30832 -0.934886 0.308729 -0.29568 -0.9795 1.06031 0.908255 -0.843785 -1.37618 0.268985 0.530011 0.382711 -0.506724 -0.266169 0.961426 0.695173 -0.00895351 -0.345495 0.87389 1.19826 0.0729883 -0.989006 -0.199929 -0.894064 -0.933773 0.560349 1.2938 -0.0303388 -0.423992 0.284842 0.729152 -0.331041 -1.47902 -0.931457 0.264307 0.809706 
1.108 1.18952 0.0230005 -1.33508 -0.453027 0.539588 -0.0631264 -0.882909 1.1332 0.826304 -0.962692 -1.54897 0.295562 0.254378 0.151045 -0.239166 0.181418 0.88632 0.529338 0.132601 -0.131752 -0.0483479 -0.0654783 -0.105724 0.0219958 0.167941 -0.313011 -0.274312 0.349789 0.575422 -0.352013 -0.542437 0.13606 0.0882796 -1.42827 -1.25618 0.177666 1.32311 0.491085 
1.1804 1.19831 -0.099727 -1.17695 -0.0230671 0.584163 -0.250145 -1.03873 0.882001 0.824728 -0.773867 -1.29893 0.261746 0.190269 0.132673 -0.0622928 0.33213 0.574683 0.31598 0.268802 -0.281757 -1.05483 -0.331618 0.306007 0.729892 0.468603 -0.197599 -0.204277 0.129078 0.0962994 -0.428137 -0.300067 0.301867 0.100472 -0.939561 -0.498058 0.308606 0.718149 0.278696 
1.24389 1.20599 -0.20906 -1.11084 0.169292 0.680369 0.115644 -1.0605 0.0476176 0.492667 -0.63212 -1.02601 0.51914 0.0432757 -0.0258679 -0.0600581 0.248498 0.405485 0.376366 0.646194 -0.0508618 -1.29111 -0.590177 0.291138 0.966711 0.575154 -0.510912 -0.652897 -0.0573043 0.0236253 -0.143022 -0.111193 0.119476 0.663396 1.00963 0.196416 -0.117884 -0.131249 -0.424838 
1.2183 1.13166 -0.329673 -1.00425 0.442072 0.763055 0.2978 -1.03413 -0.416572 0.248105 -0.452708 -0.626864 0.567122 -0.370056 -0.512653 -0.107239 0.318635 0.446263 0.339297 0.522969 0.591063 0.438321 0.0644717 0.169212 0.587609 0.0102042 -0.385919 -0.541285 -0.118717 0.0614245 -0.0668684 -0.448395 -0.415483 0.665528 1.62416 0.397757 -0.155011 -0.243831 -0.684714 
1.00624 0.884114 -0.483664 -0.894914 0.672312 0.835866 0.543047 -0.549395 0.308011 0.531262 -0.388149 -0.592639 0.390809 -0.377731 -0.554658 -0.17883 0.276912 0.371194 0.0849486 0.139458 0.824959 1.06461 0.0728663 0.107887 0.680353 -0.202991 -0.0306424 0.0922477 0.253168 0.239037 -0.154774 -0.467052 -0.57323 -0.393029 -0.25832 -0.442043 -0.284647 0.109687 0.189021 
0.975531 0.787766 -0.67204 -0.814035 0.875356 0.75803 0.350043 -0.338476 0.408378 0.294589 -0.24756 -0.135098 0.275123 -0.395066 -0.379959 0.221041 0.543973 0.303317 0.0304656 -0.208139 -0.0223109 0.15176 -0.385957 -0.17625 0.753659 0.307083 -0.310004 -0.0719054 0.646709 0.783347 0.0484681 0.118682 -0.0594183 -0.988361 -1.27613 -0.262611 -0.250485 -0.401171 0.674061 
0.751915 0.631812 -0.447541 -0.540137 1.04254 0.796456 0.255263 -0.522268 0.310089 0.146559 -0.362878 -0.0547184 0.490388 -0.714121 -0.593359 0.622536 1.10574 0.479464 0.322823 0.139174 -0.625938 -0.650564 -0.139658 -0.194828 0.192644 0.690671 -0.213986 -0.24906 0.0341497 -0.0904188 -0.36485 -0.0348591 0.414589 0.190955 0.0436476 0.693663 0.481552 -0.105586 0.120805 
0.508513 0.423579 -0.25589 -0.113095 1.40922 0.90313 0.402008 -0.787633 -0.312788 0.14135 -0.234051 0.0495961 0.669179 -0.624433 -0.603631 0.286034 0.404033 -0.0992934 0.12503 0.465785 0.185872 0.289044 0.66942 0.437014 0.644218 0.520031 0.043047 0.00965916 -0.216981 -0.670792 -0.476363 -0.264247 0.015022 0.58336 1.1025 0.837192 0.673557 0.3227 -0.931296 
0.344687 0.26224 -0.3499 -0.271591 1.03876 0.816726 0.626726 -0.330879 0.435919 0.753664 0.0506292 0.414296 0.753447 -0.656996 -0.546897 0.385639 0.322326 -0.0609819 0.203284 0.24477 0.134286 0.972938 1.10602 0.658688 0.631292 -0.390864 -0.200624 -0.0175933 0.335353 0.116063 -0.0923702 0.107311 -0.0138435 -0.159551 -0.138593 -0.323311 -0.0998453 0.202775 -0.580243 
0.0795771 0.0837519 -0.0639713 0.105103 1.44103 0.972787 0.55727 -0.636946 0.429529 1.15876 0.319791 0.510472 0.232952 -0.838907 -0.585624 0.713111 0.493026 -0.165106 0.352291 0.530324 -0.0990425 0.170533 0.376416 0.32279 0.929395 -0.129575 -0.531028 -0.486481 0.279885 -0.0731208 -0.947039 -0.636829 0.166163 0.153166 -0.838287 -1.36114 -1.00454 -0.375358 0.707282 
-0.205519 -0.0978912 0.151981 0.0517918 0.97384 0.980424 1.06132 -0.364296 0.454919 1.08541 0.391825 1.06286 0.517808 -1.23974 -1.01846 0.746036 0.201565 -1.1832 -0.264011 0.565343 0.289308 -0.127671 -0.563019 -0.587558 0.176617 0.543672 -0.783552 -0.832695 0.400079 0.475139 -1.18633 -1.57804 -0.439699 0.284448 -0.147332 -0.508725 -0.733884 -1.73193 -0.0808626 
-0.737842 -0.503317 0.469075 0.248887 0.430331 0.747529 1.02612 -0.363942 0.179718 0.60766 0.084676 0.685074 0.514159 -1.70312 -1.41868 1.218 0.980139 -1.5831 -0.993505 -0.0108562 0.240668 0.0397564 -0.162426 -0.584792 -1.26132 -0.164755 -0.194945 -0.100676 0.401666 0.460228 -0.792628 -1.35075 -0.611623 0.111145 0.188167 0.562367 0.760871 0.326714 -0.465693 
-1.33185 -0.894792 1.13175 0.675334 -0.408351 0.294774 0.966526 -0.12967 0.356033 0.910778 0.158462 0.332109 0.255162 -1.44789 -1.08721 1.25283 0.672145 -2.11457 -1.39766 -0.220374 0.385213 0.212463 0.318276 0.375213 0.620401 0.0350057 0.673309 0.223339 -0.776206 0.0289955 0.116532 -0.970618 -0.00564629 1.35691 -0.0335331 -0.420301 1.14029 1.77783 -0.417743 
-1.69402 -1.12643 1.48182 0.682643 -1.44557 -0.193187 0.726372 -0.0152641 0.236515 0.884772 0.459059 1.13909 0.404867 -0.943497 -1.14911 0.30884 0.972597 -1.3907 -1.77235 0.0653426 2.08914 0.0687088 -0.584028 0.85274 1.03949 -0.614425 1.12639 -0.0721101 -1.79363 1.22892 2.3334 -0.408742 -0.000836407 1.8798 -0.864381 -1.76586 0.812011 0.648379 -1.02334 
-1.95177 -1.55036 1.25098 1.29423 -1.61181 -0.882414 0.946268 1.56346 0.283245 0.339934 0.835151 1.05 -0.352692 -0.183256 -1.12612 -0.879395 1.99499 0.817987 -1.65206 -0.137334 2.96928 -0.924772 -1.88737 1.40197 1.47583 -1.15978 2.31043 1.72422 -1.74454 -0.328427 2.37544 0.360586 -1.4756 -1.21456 -1.50756 -0.859524 0.25756 -0.819484 -0.832203 
-1.80714 -1.76994 0.476343 1.93154 -0.597229 -1.29446 0.50785 2.37234 -0.731831 -0.91091 1.48345 2.13171 -0.62165 1.64089 0.687558 -1.76437 0.568771 1.59381 -1.30869 -1.94927 0.32002 -1.97129 -1.58799 1.18573 0.0164577 -1.57404 2.03324 2.37882 -0.843722 -2.52803 0.144444 0.315478 -2.31358 -3.18782 -0.158972 0.671689 -1.21096 -2.87097 -0.682827 
-0.848845 -1.24296 -0.592149 1.66429 -0.0427546 -1.76698 -1.04473 1.8607 -1.62847 -1.1744 1.72264 1.12376 -1.69723 2.09216 1.39402 -1.86971 -0.8476 1.04489 -1.23051 -3.34384 -1.57584 -1.07189 -0.861127 -0.102563 -2.17255 -1.9356 -0.768995 -0.356651 0.447584 -1.23346 -0.707892 1.32826 0.602515 -0.726833 0.741923 0.180563 -1.43267 -0.468448 0.759173 
-0.403372 -1.09215 -1.46649 1.42883 0.461893 -2.12969 -2.84735 1.17367 -1.83279 -1.74216 1.55537 0.827227 -2.24376 0.792898 0.351549 -1.20238 -0.838497 0.767187 0.0581693 -1.00804 -0.762955 -0.853902 -1.21292 -0.596224 -0.557347 -0.575656 -1.90679 -1.60838 0.954659 -0.17795 -0.843027 2.04806 2.97778 1.25829 0.813474 0.551484 -0.529291 0.716552 1.83348 
-0.311221 -1.11174 -1.90333 1.16718 0.758393 -1.78891 -2.115 1.30343 -2.53293 -2.33625 1.48204 0.836243 -2.27532 -0.0240313 -0.248936 -0.698154 -1.08459 0.0512289 0.808189 0.975869 0.133883 0.145933 0.00573823 -0.754142 -1.22988 0.384585 -0.3129 1.75628 2.80518 -0.945 -1.39732 2.93793 2.23006 -0.62923 2.66258 2.70511 -1.57576 -0.701084 2.96865 
-0.410347 -1.27575 -2.30042 0.780083 0.597941 -1.67827 -1.97691 1.32404 -1.83597 -1.75876 1.2148 0.116272 -2.08468 0.45328 2.22169 2.19373 -1.92594 -0.911607 2.92744 2.24813 -1.70862 2.95935 2.50939 -2.55722 -1.42886 3.14122 0.0133561 0.203578 0.560851 1.01402 -0.0805717 -1.00206 -0.74531 -0.052194 -0.15813 -0.106649 0.594138 0.940978 -0.364845 
