-1.7119 -1.28176 2.4018 0.664025 -2.5343 -0.925516 0.464451 -1.91065 -0.634706 0.0785559 -2.02911 -2.16445 -0.440578 -1.23554 -0.56384 2.33965 0.0578885 -2.6579 -0.370475 0.694711 -1.00593 0.0372972 0.112466 -2.32265 -2.58812 -0.280984 0.865646 1.06917 -0.192463 -0.231904 0.538712 0.324463 0.247951 0.719295 0.320458 0.0811321 0.633043 0.888473 0.231324 
-0.910648 -0.394737 2.04961 0.0775772 -2.11256 -0.437067 0.764776 -0.978577 -0.0290019 0.0462791 -2.00453 -1.99254 -0.38978 1.10366 1.31797 -0.350433 -0.411619 0.833039 0.565755 0.411235 1.23676 0.584582 0.170121 0.910814 1.40963 0.403872 2.19101 1.36869 -3.20469 -0.896802 3.3193 0.586843 -1.25614 0.250992 0.216483 0.391118 2.24098 2.15973 0.601332 
-0.824345 -0.356359 1.95911 0.392758 -1.74139 -0.405874 0.894213 -0.495484 -0.0718393 0.191844 -1.04422 -0.917245 0.0143557 1.44439 1.10381 -2.04724 -1.2253 1.93435 0.557488 -1.30592 -0.559996 0.457633 0.763358 0.901336 0.755823 0.681838 0.840361 0.477808 -1.65605 -1.68114 0.688692 -0.0647184 -1.66891 -1.72934 -0.013172 0.462264 -0.613556 -1.52129 -0.287003 
0.238836 0.380427 0.0348645 -0.798253 -0.403038 0.0741275 -0.834811 -1.48119 0.396574 0.849047 -1.0284 -1.27517 0.408002 2.17725 1.94554 -2.66211 -2.72293 1.86884 0.594254 -2.25128 -1.66151 0.642138 0.931356 0.0282768 -0.847351 0.0247351 -0.316174 -0.0144142 0.902308 0.259828 -1.09345 -0.53244 0.559398 0.544612 -0.501722 -0.949274 -0.246905 -0.272175 -0.944345 
0.888508 1.0093 -0.625306 -1.59581 -0.0863985 0.142891 -1.82261 -2.1738 0.553273 1.18986 -0.87525 -1.49908 0.00165513 1.1425 1.15673 -0.930654 -0.992341 0.560792 -0.0596894 -0.395271 0.381774 -0.256559 -0.664621 0.546261 0.399451 -0.690308 -1.74955 -1.61418 1.98742 2.29438 -1.51234 -0.612308 2.13323 2.13648 -0.753475 -1.25317 0.845842 1.50244 -0.533163 
1.15625 1.19271 -0.94539 -1.501 0.16328 -0.0453556 -1.35818 -0.978592 0.0497774 -0.00783135 -0.380538 -0.846607 -0.486647 0.170637 0.130772 -0.0914557 0.176969 -0.0710333 -0.133178 1.18307 1.96847 -0.46974 -0.967943 1.24522 1.49647 -0.726262 -1.14632 -1.07744 1.02423 0.901782 -0.584896 0.201015 0.668477 0.344142 0.486421 0.206386 -0.729907 0.0373757 0.614319 
1.05883 1.10185 -0.82806 -1.42976 -0.0459405 -0.0516875 -0.480688 0.0223635 -0.0240722 -0.0195458 0.418816 -0.181501 -0.937339 -0.146682 -0.031409 0.349316 0.0821065 -0.125231 0.335648 0.690294 0.985008 0.59019 -0.300238 -0.503657 0.514083 0.292132 -0.242032 -0.138466 0.313523 0.229727 0.306045 0.274821 -0.835859 -1.05966 0.733155 0.269242 -2.00326 -1.30911 0.889476 
1.08264 1.17149 -0.739779 -1.40542 0.15863 0.239146 -0.598626 0.167868 0.61871 -0.441211 -0.70336 -0.325147 -0.169535 -0.0430729 0.0388591 0.236144 0.370469 0.447451 0.364047 -0.143628 0.201092 0.766767 -0.506076 -1.63653 -0.437662 0.671844 -0.019928 -0.180777 -0.134634 0.668525 0.461977 -0.281182 -0.427976 -0.385838 -0.477358 -0.124662 0.372895 -0.256924 -0.30905 
1.06486 1.12992 -0.727301 -1.11993 0.426045 0.261835 -0.706666 0.332106 0.735822 -0.692157 -0.951381 -0.431326 -0.151883 -0.0962419 -0.172718 0.0763748 0.850794 0.604065 0.0653256 0.0176556 0.355521 -0.0855146 -0.449291 0.0329086 0.180916 -0.12031 -0.106736 -0.273695 -0.12659 0.322227 -0.0409394 -0.204087 0.328138 0.0077758 -0.895215 0.139493 1.6164 0.522113 -0.59157 
1.0478 1.05113 -0.787042 -0.738718 0.760964 0.247413 -0.633998 0.642441 0.456891 -1.04783 -0.530112 -0.0736813 -0.361136 -0.0958741 -0.210928 -0.0260181 0.68522 0.49683 0.200152 0.39619 0.236303 -0.569016 -0.245439 0.688933 0.414529 -0.167384 -0.110755 -0.142672 -0.000210684 -0.124974 -0.260085 -0.0625079 0.124851 -0.121804 -0.1715 0.296055 0.458268 0.267937 0.0545187 
1.0303 0.982759 -0.869429 -0.57625 0.939128 0.407877 -0.294683 0.679431 0.0511137 -1.06185 -0.171621 0.00945707 -0.401547 -0.153823 -0.269541 -0.0164355 0.579341 0.357171 0.0968769 0.231495 0.17191 -0.278065 0.0541626 0.692291 0.646362 0.0164724 -0.131331 -0.105781 0.140866 -0.00414922 -0.321479 -0.350144 -0.262246 -0.0753682 0.267506 0.339076 0.0787482 0.129267 0.0381395 
0.968696 0.862854 -0.920292 -0.273702 1.15781 0.287921 -0.416653 0.921036 0.0868369 -1.06931 0.252754 0.554977 -0.384028 -0.177927 -0.264682 0.070218 0.572148 0.166933 -0.165371 -0.0106942 0.131108 -0.0680805 0.324738 0.802341 0.668979 -0.0553455 -0.197064 -0.0616061 0.31501 -0.255316 -0.471664 0.0111547 -0.0384218 -0.310654 0.269067 0.506017 -0.183198 -0.269054 0.0633058 
0.932672 0.797889 -0.922396 -0.116579 1.17764 0.180401 -0.36356 0.914476 -0.0918505 -0.76886 0.712989 0.656444 -0.513021 -0.314052 -0.271721 0.313158 0.137032 -0.175769 0.230117 0.183521 -0.330613 0.225337 0.883255 0.428865 0.29474 0.166528 -0.47403 -0.289625 0.485278 -0.450582 -0.481574 0.736639 0.513823 -0.196346 0.616584 0.698151 -0.715101 -0.506544 0.242634 
0.766421 0.673046 -0.748181 -0.137321 1.1111 0.464584 -0.256004 0.663259 0.261194 -0.127193 0.792075 0.898684 -0.221838 -0.667554 -0.533067 0.627974 -0.126121 -0.379404 0.969381 0.826877 -0.178383 0.984283 1.45182 -0.226278 -0.0440001 0.365611 -0.467324 -0.619402 0.0149587 0.157595 -0.0376707 0.294192 0.614467 0.786156 0.552812 0.225804 -0.337709 -0.514113 -0.152708 
0.458651 0.424739 -0.458615 -0.175721 0.961448 1.1125 0.557411 0.819184 0.903279 0.834061 0.646612 0.725639 -0.105278 -0.795704 -0.925112 0.240675 0.235978 -0.121971 0.754083 1.18248 1.01905 1.17696 1.27775 -0.0568394 -0.429755 -0.00973552 -0.297677 -0.586477 -0.181369 0.563997 -0.201659 -1.00148 -0.315259 0.474738 -0.312782 -0.821099 -0.111664 -0.057202 0.0323928 
0.193889 0.0248658 -0.643224 0.0725763 1.10916 1.17667 1.08522 1.84606 1.4647 1.27342 0.882349 0.655267 -0.277055 -0.947443 -1.14802 0.292407 0.505548 -0.547309 -0.295299 0.334985 0.64539 0.568554 0.222633 -0.386796 -0.0732751 0.468969 -0.607554 -0.463414 0.820231 0.612524 -0.763196 -0.704929 -0.719412 -1.80828 -1.73479 -1.61815 -0.915397 0.338555 0.917617 
-0.230527 -0.379816 -0.305729 0.234468 0.605507 0.752252 0.897061 1.60315 1.44881 1.00838 0.431832 0.77111 0.429947 -1.44413 -1.39639 1.24728 0.931259 -1.04905 -0.10121 0.0425123 -2.01252 -1.48507 -1.18761 -1.3736 0.143141 1.43088 -0.504695 -0.240276 0.860279 0.320282 -0.292402 0.636058 0.155723 -1.63015 -0.851143 0.335084 -0.170635 -0.237335 0.441231 
-0.877107 -0.953929 0.394328 0.799067 0.335632 1.01476 1.07922 -0.206909 -0.210684 -0.191293 -0.244762 0.876119 1.44461 -1.47354 -1.35879 1.35267 0.817749 -0.837896 0.700604 0.598329 -2.08537 -0.697609 0.786619 -0.632149 -0.376635 1.18994 0.23591 0.158014 -0.480831 -0.883079 -0.257021 0.0562057 0.508162 1.38215 1.48828 1.7874 1.30214 0.556053 -0.128863 
-1.32413 -1.33223 0.829471 0.876621 0.00771518 1.40969 1.54793 -0.527582 0.625036 1.83818 -0.00978428 0.570741 1.85443 -1.08942 -1.14217 0.510423 -0.333939 -1.2918 0.0942219 0.871005 0.343614 0.944289 1.62883 0.499776 1.04697 1.29064 0.764128 0.56419 -0.784807 -0.374991 -0.513355 -1.83438 -0.480686 1.45561 -0.237827 -0.985006 1.02561 0.530931 -1.02685 
-1.67543 -1.75438 0.749201 0.585516 -0.639937 1.05256 2.05235 0.254954 0.741193 1.61736 0.360119 1.82943 2.9933 -0.490616 -0.630373 0.208485 0.218568 -1.4272 -1.71387 -0.158832 0.394801 -0.994934 -0.696778 0.84341 0.488974 -0.306853 2.15942 2.40728 -0.32029 1.50412 1.22835 -2.1178 -2.05001 -0.903047 -2.50816 -2.60286 0.148209 -2.40348 -3.03212 
-1.66213 -1.77365 0.904605 1.07358 -1.08055 -0.400156 1.30399 -0.0110823 -0.520288 0.943931 0.912795 1.07185 1.43274 1.55294 1.738 -0.0113019 1.53007 0.473602 -2.7115 -2.40263 -1.15929 -2.93942 -2.36376 0.71311 -2.55232 -3.23539 1.6253 1.69305 -0.71383 0.668588 1.86835 -0.257618 -1.17553 -0.0643688 -0.248238 -0.767155 0.125074 -0.608782 -1.2341 
-0.442498 -0.534317 0.620707 1.75692 -0.146187 -1.77675 -0.843329 -0.887313 -2.50702 -1.21432 1.16223 -0.134094 -1.0405 1.51651 1.41596 -0.840592 0.987338 1.20345 -1.95166 -2.03021 0.308181 -1.3087 -1.8423 1.02346 -0.379568 -2.11671 -1.77178 -2.43827 -0.674373 -1.39099 -0.514702 1.52864 1.49738 1.31926 1.97364 1.13544 -0.425414 1.94865 1.8943 
-0.457207 -0.779504 0.00779171 1.84174 0.0206449 -2.453 -1.15156 0.412963 -2.00494 -1.28169 2.00184 0.869108 -1.22126 -0.480106 -1.03887 -1.00751 -0.400915 -0.117522 -0.483417 0.0121117 1.09063 0.256645 -0.558475 0.101233 0.470449 -0.319349 -0.880189 -0.321808 0.785134 -2.59761 -1.07446 3.10875 1.89491 -0.477447 1.99305 1.91718 -2.32402 -0.578373 2.04381 
-0.772423 -1.2623 -0.430749 1.49361 -0.144421 -2.32923 -0.885253 0.371885 -2.29881 -1.94784 1.39865 0.352006 -1.4776 0.543838 1.11 0.118979 -2.52531 -0.144449 2.45773 1.022 -0.476006 1.91803 1.17543 -2.31974 -1.20184 1.02518 0.341346 0.830108 0.820906 0.38796 0.00946423 0.264819 -0.0160574 -0.658913 -0.212075 0.331531 -0.0704539 -0.347149 0.175372 
