-2.12579 -2.19989 1.62082 1.79905 0.475028 0.252726 1.48601 2.41416 1.27961 2.85232 2.23943 2.20203 1.92213 -3.77825 -3.88117 2.81674 3.72706 0.886544 0.683211 1.89961 2.41689 0.687189 1.99159 1.70399 2.43285 1.07967 0.53499 0.552621 -0.288758 -0.260594 0.707426 1.43202 0.351391 -0.984477 -1.33608 -1.73822 -0.565835 -0.613988 -1.24747 
-1.94401 -1.95448 1.74502 1.72954 0.588777 0.459609 1.23932 1.57683 0.665558 1.77214 1.43214 1.63895 1.08419 0.675002 0.698533 -0.451798 -0.362239 1.06643 1.93201 0.384018 -1.40684 -1.89315 -2.42378 -0.846694 -0.883849 -1.87767 4.23684 4.18824 -2.92726 -3.73395 0.413881 0.603669 -1.61869 -2.79814 -1.34308 -2.73918 -1.61855 -1.97846 -1.52685 
-1.70029 -1.76437 1.28801 1.5585 1.19311 1.59977 1.70013 1.35264 -0.884589 0.338339 1.35984 1.4697 -0.148445 0.669832 0.596361 -0.655556 -0.0781636 1.5297 1.51581 -0.212466 -1.47857 -1.21595 -1.81161 -0.678882 -0.359059 -1.21136 -0.509886 -0.360209 1.08061 0.977291 -0.447417 -1.76853 -0.848996 0.579664 1.41205 1.09598 -0.0673562 0.390471 1.38711 
-1.52125 -1.57228 1.28267 1.62585 1.63986 1.51089 1.04997 0.46581 -0.755983 -0.147587 0.704642 1.28181 -0.275595 0.285025 0.448237 0.664026 0.502578 0.467635 -0.383825 -0.752859 -0.667434 0.137213 -0.941785 -0.965978 -0.363081 0.142832 -0.501052 -0.24735 1.10182 0.156816 -1.18017 -0.932152 0.51389 1.20135 0.609371 1.44158 0.763729 0.382686 0.700739 
-1.48228 -1.45947 1.66453 1.73459 1.48077 1.30111 1.14525 0.801297 -0.822168 -0.737029 0.372137 1.10968 -0.0636368 0.288858 0.463374 0.484543 -0.0266447 -0.125685 0.310036 0.37744 0.113881 -0.331576 0.146655 0.414601 0.150823 -0.20642 0.123025 -0.0381327 -0.964738 -1.06715 -0.306136 0.905605 1.05191 0.659756 -0.386748 1.24597 1.69722 0.999152 -0.785243 
-1.30121 -1.25949 1.5451 1.54698 1.50104 1.7053 1.25964 0.453575 -1.20766 -0.166374 0.968188 1.28922 -0.563353 0.540135 0.532718 -0.561617 -0.659159 0.0725621 0.849509 0.518726 0.181869 -0.400569 0.746907 1.48971 1.00886 -1.05091 0.0254667 -0.254508 -1.00365 -0.257354 0.437553 0.501773 0.232815 0.248349 -0.261375 0.0233963 0.463769 -0.104483 -1.10757 
-1.12854 -1.11048 1.26191 1.35099 1.48445 1.87889 1.4505 0.835973 -1.34951 -0.173135 1.61008 1.73055 -1.25226 0.444534 0.322947 -0.78564 -0.385673 0.551601 1.0074 0.611223 0.39867 -0.690364 0.150536 1.07037 -0.0205436 -1.87709 0.446789 0.625515 0.078874 -1.19193 -1.61649 -1.41253 -0.00726126 1.33307 1.24592 0.0492336 -1.48509 -2.03404 0.411205 
-0.998334 -1.01997 1.00006 1.29514 1.84906 2.39529 1.62746 0.637842 -2.05282 -0.181395 1.82607 1.17411 -2.63331 1.12524 1.30702 -0.592559 -1.94459 -2.21196 -0.993831 0.44833 1.95506 1.3926 0.786394 -0.698414 -1.86077 -0.474371 1.65763 1.90524 -0.365891 -1.98764 -1.91164 -3.32659 -2.2715 0.220452 2.61303 -0.3855 -2.84549 -1.92979 2.7997 
-0.46347 -0.357415 0.839613 0.348111 -0.153991 1.14675 1.70812 2.09414 0.0896422 0.429092 0.864876 0.299752 -1.82586 2.26378 2.42744 -1.32574 -2.45985 -2.15852 -3.37632 -2.32797 0.645181 3.05463 -0.409078 -3.10293 -2.74438 2.2335 0.540487 0.122133 -1.24864 0.88106 2.11221 -0.59315 -2.84755 -2.94476 0.0254889 -1.2916 -0.989535 0.280977 1.35512 
0.272536 0.317807 0.111678 0.0440191 0.249028 -0.0299246 0.00712624 0.9922 1.20902 -0.739648 -1.0984 -0.888426 -0.318266 1.80584 1.55809 -2.14321 -1.17516 0.880089 -1.74967 -3.22073 -2.14159 1.44337 -1.02191 -2.16339 -1.49312 1.4988 -1.57693 -2.03135 -0.383492 1.87935 2.151 2.19645 0.540373 -1.42833 -1.70093 0.439911 2.25715 2.7356 -0.7883 
0.563741 0.526678 -0.56844 -0.28408 0.430146 -0.122521 -0.516092 0.525647 1.58447 -0.724057 -1.20807 -0.868186 -0.294565 0.786226 0.440093 -1.88599 -0.70087 0.98946 -0.429754 -1.70451 -1.37069 0.640585 0.168798 0.169844 1.05577 1.03523 -1.47591 -1.43152 1.10133 1.16476 -0.279981 0.726521 1.80539 0.898729 -1.27746 1.03489 1.96865 1.502 -0.459383 
0.757222 0.618455 -1.13286 -0.359674 0.911782 -0.361221 -1.19148 -0.0443793 1.82347 -0.736941 -1.05668 -0.23402 0.718518 0.43126 0.194229 -1.00367 -0.124517 0.522731 -0.754025 -0.994492 -0.964376 -0.366079 0.375892 0.688383 0.581992 0.787202 -0.802402 -0.331888 1.98066 0.447583 -1.28004 0.156145 1.52822 0.441348 -1.04275 0.209666 0.162868 -0.671015 -0.361981 
0.859554 0.699017 -1.25208 -0.410105 0.757413 -0.684253 -1.23442 -0.230579 1.09495 -0.520318 -0.696389 -0.552513 0.47763 0.0981034 0.219234 0.260184 -0.361128 -0.809937 -0.191119 0.170555 -0.821075 -0.83377 0.429376 0.386516 0.0921795 0.467756 -0.5871 -0.0872517 1.60627 -0.234826 -1.19709 0.5369 1.11721 0.520956 0.0161726 -0.392322 -0.310748 0.438919 -0.284515 
0.875767 0.803843 -1.01306 -0.599691 0.28112 -0.522935 -1.12175 -0.701728 0.821054 -0.481284 -0.81859 -0.268541 1.14994 -0.0374179 0.227654 0.713916 -0.461214 -1.15705 -0.0100434 0.35983 -0.305529 -0.328613 -0.193124 0.213927 1.17051 0.334345 -0.345786 -0.27171 0.346997 0.174123 0.0011599 0.215122 0.042212 0.205839 0.681151 0.408647 -0.101667 0.176686 -0.173526 
0.90599 0.8888 -0.84384 -0.69834 -0.122756 -0.717291 -1.03666 -0.532205 0.646518 -0.868939 -0.614719 0.183923 0.766736 -0.124617 0.0609262 0.536182 -0.292453 -0.761906 0.125792 0.162842 -0.594616 0.153085 0.964166 0.217163 0.313994 0.179119 -0.38973 -0.473634 -0.0448637 0.372981 0.439299 0.52582 -0.0332379 -0.654787 0.302575 1.41508 0.0263935 -0.81158 0.233001 
0.875806 0.906616 -0.717806 -0.806622 -0.315016 -0.459444 -1.05723 -1.20282 0.900881 0.293511 -0.733986 -0.144475 1.27346 -0.304928 -0.140542 0.541322 -0.195421 -0.477247 0.719232 0.256522 -1.25998 0.117749 1.72862 0.231448 0.0103502 0.647212 -0.269626 -0.361495 -0.045205 0.367367 0.229363 0.202671 0.329506 0.200839 -0.473842 -0.188629 0.20784 -0.0666903 0.120866 
0.810088 0.886433 -0.54532 -0.858523 -0.514278 -0.232084 -0.908773 -1.4924 0.687593 0.647937 -0.517169 0.0908976 1.38959 -0.269712 -0.190708 0.363197 -0.0322251 -0.384818 0.426179 0.519132 -0.375019 -0.509041 0.675857 0.499461 0.195476 0.32607 0.0565437 -0.138422 -0.398027 0.3515 0.191107 -0.573404 0.164744 1.13984 -0.566843 -1.21675 0.202841 -0.0937822 -0.61852 
0.798642 0.878069 -0.532521 -0.888183 -0.6401 -0.18249 -0.751705 -1.5524 0.25458 0.788435 -0.39353 -0.105144 1.55374 -0.117578 -0.160305 -0.0355649 0.0490791 -0.155323 -0.0104033 0.404058 0.248078 -0.677155 0.0234668 0.506451 -0.146053 -0.299845 0.00608061 -0.107024 -0.211922 0.213809 0.0554289 -0.398956 0.171321 0.892178 -0.321785 -0.601977 0.370325 -0.158814 -1.32456 
0.813873 0.873753 -0.613531 -0.900915 -0.6744 -0.265377 -0.68109 -1.41204 -0.143072 0.509567 -0.170378 -0.113949 1.00217 -0.133796 -0.177836 -0.000641061 0.0757882 -0.258534 -0.0719258 0.675001 0.793202 -0.954076 -0.182081 1.01887 -0.0518666 -1.66565 -0.073706 -0.116999 -0.0372005 0.124687 -0.0429869 -0.272579 0.101813 0.747159 0.283325 0.256049 0.367024 -0.00116175 -0.827781 
0.793797 0.85624 -0.57853 -0.917707 -0.87441 -0.259502 -0.340749 -1.0959 -0.879775 0.450534 0.417674 -0.242651 -0.290667 -0.0629836 -0.1578 -0.199386 0.0687506 -0.170949 -0.340778 0.47186 1.21731 -0.258275 0.347965 1.02104 -0.172937 -1.55653 0.0646942 -0.154221 -0.646667 0.220311 0.608284 -0.415397 -0.885776 0.154354 1.41908 0.770151 -0.469342 -0.144955 0.93822 
0.846706 0.862379 -0.785884 -0.933829 -0.845753 -0.533444 -0.407544 -0.662913 -0.514368 0.686196 0.642795 -0.338016 -0.725823 0.0618618 -0.214021 -0.862165 0.190247 0.664938 -0.591851 -0.508477 0.949016 1.08632 0.850895 0.312981 -0.279829 -0.309334 -0.17448 -0.297474 -0.30149 0.307452 0.714056 0.313038 -0.659136 -0.621662 0.916868 0.0779341 -1.02249 -0.0541295 1.47803 
0.893059 0.815527 -1.17222 -0.892088 -0.444924 -0.705989 -0.730329 -0.531902 0.223496 1.11537 0.589118 -0.543141 -0.68821 -0.111102 -0.342888 -0.665759 0.269588 0.90504 0.10609 -0.424464 0.308312 1.06511 0.427004 -0.492032 -0.273891 0.598501 -0.545138 -0.284999 1.1478 0.443549 -0.441265 0.0166401 0.240166 -0.570209 -0.555533 -0.738924 -0.655385 -0.355834 0.0522907 
0.853936 0.754414 -1.25471 -0.869986 -0.24368 -0.483954 -0.740295 -0.540993 0.565645 0.939551 0.0846403 -0.634261 -0.154927 -0.364047 -0.386142 0.330568 0.525991 0.0750167 -0.538369 -0.265381 0.110617 0.307565 -0.195769 -0.664389 -0.802681 -0.263849 -0.530759 -0.183316 1.37451 0.165707 -1.14389 -0.492807 0.60618 0.103614 -0.939418 -1.05237 -0.252076 -0.317542 -0.4474 
0.765701 0.684989 -1.00767 -0.704718 -0.439476 -1.11447 -0.955471 -0.54639 0.472735 0.764183 -0.125247 -1.21745 -1.03723 -0.522355 -0.409316 0.786508 0.32992 -0.698029 -0.516575 0.282373 0.394501 -0.261715 -1.05161 -0.88087 -0.743196 -0.0953642 -0.527561 -0.329224 0.649161 -0.211331 -0.592383 0.64745 0.867939 0.374888 -0.0847956 -0.114134 0.158677 1.14515 1.19225 
0.642344 0.611782 -0.800326 -0.777077 -0.793901 -0.876947 -0.594923 -0.359603 0.190576 -0.242431 -0.825926 -1.26604 -0.324216 -0.77204 -0.604231 0.952476 0.212583 -0.732809 0.352336 0.773106 0.569038 0.200879 -0.381417 -0.453832 0.773409 1.46834 -0.661755 -0.633972 0.490473 0.536245 -0.100334 -0.127346 0.0899536 -0.171947 -0.313034 0.108663 0.528631 0.783807 -0.031095 
0.421255 0.440637 -0.447779 -0.668339 -1.0147 -0.88999 -0.478155 -0.24457 0.604975 0.23278 -0.64878 -0.764919 0.461569 -1.06712 -0.944174 1.22675 0.757549 -0.796346 -0.654194 0.33515 0.10258 -0.694256 -0.930228 -0.130455 0.327605 -0.173258 -0.20193 -0.220116 0.162601 0.223724 -0.217205 -0.153004 0.478025 0.0949817 -1.34021 -1.15096 0.0244369 -0.918529 -1.51082 
0.140888 0.190026 -0.0660727 -0.47815 -1.41479 -1.36774 -0.413851 -0.379636 -0.658844 -1.30658 -1.05638 -1.13224 -0.576599 -0.848137 -0.70891 1.01738 0.330424 -0.999649 0.180664 1.31757 0.643384 -1.69815 -1.99591 -0.439167 -0.536304 -0.798981 0.304082 0.328601 -0.0330185 0.00373952 0.399333 0.749874 0.322839 0.0214688 0.226058 1.08544 0.336117 -0.0806752 0.506349 
0.0363197 0.141657 0.153376 -0.575187 -1.78172 -0.787506 0.367452 0.108547 -1.34538 -1.86586 -1.15902 -1.24878 -0.458308 -0.627473 -0.478495 1.06772 0.657331 -0.174171 0.37245 0.682992 0.0760544 -0.357136 0.537243 0.339033 0.189531 0.544059 0.26586 0.0405302 -0.583574 0.733039 1.48215 0.146767 -1.23056 -0.774482 1.22496 1.50241 0.424362 0.940183 0.828418 
-0.126636 0.0112918 0.567082 -0.227504 -1.58846 -1.12896 0.00250973 -0.417972 -1.13856 -0.946213 -0.861319 -1.09716 -0.0637793 -0.447443 -0.542664 0.228086 0.953126 1.18389 0.406852 -0.302748 -0.475309 0.0650917 0.046185 0.159093 0.753171 0.394874 0.599528 0.189269 -1.54336 0.0563853 1.66797 0.920181 -0.440445 0.522759 1.0235 0.458513 0.518156 1.08038 -0.262943 
-0.135412 -0.0705644 0.25277 -0.182037 -0.979211 -0.524285 0.117033 -0.310225 -1.36205 -1.98217 -1.12705 -0.810719 -0.104632 0.113308 -0.157644 -0.820316 0.609298 2.2773 1.62513 0.0637509 0.737376 1.1185 1.14075 1.07416 1.67505 0.123119 0.311727 0.402666 -0.0933383 -0.856694 -0.853189 -0.330201 0.287247 0.387196 -0.055662 -0.0129338 -0.0946364 -0.520538 -0.245326 
