-2.23549 -2.32355 2.16604 2.71789 1.05387 1.32466 1.66712 1.11673 -0.765377 1.0226 1.40253 0.992301 -0.775266 -3.20307 -3.13699 3.13975 3.86696 1.79959 2.38339 2.89872 0.298963 -0.869266 1.341 1.29006 0.883671 -1.02332 0.306293 0.284659 -0.627429 -0.9283 0.428099 0.97671 0.634841 -0.724086 -0.604338 0.400226 0.34576 -0.0124432 -0.558594 
-2.00067 -2.08161 1.80141 2.2416 1.44982 1.94394 1.75606 0.2647 -0.847328 1.37796 1.12551 0.519231 -1.15388 0.443137 0.431846 -0.80014 -1.08237 0.590879 1.1588 0.467844 -1.12277 -0.829654 0.482719 0.488983 0.0709889 -0.821535 3.47171 3.15124 -3.48748 -4.36099 -1.1643 -1.21765 -2.49252 -0.784376 -0.350812 -0.685161 -0.362857 -0.608617 0.337549 
-1.90935 -1.98239 1.64778 1.96738 1.45741 2.24684 1.92365 -0.117802 -1.57479 1.49741 1.77439 0.962029 -1.68551 0.310053 0.275661 -0.649168 -0.825433 0.25197 0.716681 0.358823 -0.9202 -1.31709 0.272537 0.730382 0.0710024 -0.453956 0.2425 0.319638 0.339775 -0.0667984 -1.03947 -1.06025 -0.652569 0.353005 0.0575437 -0.0789699 0.174451 -0.118705 0.544327 
-1.75945 -1.84647 1.37204 1.64642 1.55999 2.49722 1.94534 -0.756219 -2.1233 1.63159 1.72448 0.488969 -1.6203 0.824405 0.900064 -0.589543 -1.25873 -0.789103 -0.305242 -0.302479 -0.523461 -0.662461 0.280595 0.72445 -0.0155255 0.0687654 1.8152 2.14362 0.747596 -0.746107 -2.41799 -2.82866 -2.143 1.88917 1.83456 -1.40875 -0.985827 0.720664 0.549472 
-1.3399 -1.32336 1.25351 1.11026 0.666419 1.94745 1.70501 -0.720356 -2.22417 1.75952 2.36778 0.873261 -1.52077 2.2166 2.64054 -0.0123953 -1.7162 -2.97929 -3.02441 -1.84492 2.13517 1.52643 -1.83004 -0.751213 1.22861 0.44433 1.24115 1.22256 -0.0876957 0.219843 -0.586303 -2.0397 -1.90547 2.40698 2.53369 -2.63848 -2.86934 0.643855 1.67097 
-0.301578 -0.00588993 1.31757 0.512738 -1.12686 -0.0709784 0.775215 1.44478 -0.677521 -0.327272 0.92959 1.24143 -1.00209 2.17422 2.30718 -0.825657 -1.13364 -1.56051 -3.03045 -2.27778 3.3598 3.234 -3.57945 -3.54451 1.02824 2.70771 -1.39698 -2.01306 -1.71247 0.946672 2.89207 2.05082 0.796759 -1.14515 -0.162196 0.576236 -0.792177 -1.26973 1.31684 
0.0909266 0.290913 0.720219 0.328756 -0.792313 -0.625794 0.267865 2.77203 0.856062 -2.04021 -1.05501 1.49024 1.83032 1.00782 0.683114 -1.94641 -0.82673 0.920562 -0.482547 -1.22135 0.339187 1.36268 -1.09578 -1.94623 -0.563959 2.53364 -1.61591 -1.89077 -0.617946 0.586856 2.03769 2.49885 1.44845 -3.12815 -2.66433 2.91988 2.84083 -1.28505 -2.13719 
0.384917 0.505854 0.124423 -0.0832207 -0.437945 -0.518307 -0.0102528 1.7519 0.61152 -1.51349 -0.989563 0.781838 2.13881 0.753098 0.47691 -1.61589 -0.622579 1.19196 0.0882961 -1.02745 -1.60664 -0.698166 0.504233 0.636853 -0.787051 -0.563955 -0.642054 -0.53222 0.858592 0.910111 0.21074 0.258335 0.342946 -0.657286 -1.12031 0.948598 2.09034 0.500752 -2.69716 
0.614872 0.662671 -0.278329 -0.143784 0.131532 -0.596825 -0.397992 1.02725 0.172508 -1.54277 -0.544026 0.879799 1.23109 0.531202 0.265529 -1.19365 0.0242886 1.21954 -0.248744 -1.03424 -0.676782 -0.244068 0.170645 1.12451 0.267695 -1.60714 -0.620815 -0.522908 0.89856 0.947848 -0.221241 -0.253731 0.476954 0.996172 0.556144 -0.132166 0.244666 0.545658 -0.459382 
0.76726 0.734112 -0.625524 -0.164699 0.509771 -0.770557 -0.680297 0.987664 0.362618 -1.36707 -0.0198014 0.884571 0.280004 0.297078 0.0690084 -0.821357 0.268126 0.910816 -0.337251 -0.711453 0.0209844 0.21996 0.226083 0.97623 0.111163 -1.2315 -0.612832 -0.37692 1.06802 0.288842 -0.54557 0.184161 0.586514 -0.165302 0.227616 0.538303 -0.30147 -0.373063 0.813323 
0.847809 0.757518 -0.809084 -0.0778514 0.812011 -0.922922 -0.868921 0.998822 0.367762 -1.33801 0.286237 0.876692 -0.174166 0.0829237 0.009432 -0.222031 0.221941 0.502837 -0.11045 -0.612871 -0.906154 0.179268 0.850696 0.655673 -0.195831 -0.299334 -0.461897 -0.192344 0.840067 -0.38697 -0.722954 0.401541 0.520781 -0.715367 0.0524993 0.704176 -0.37524 -0.588262 0.471889 
0.863535 0.788514 -0.803416 -0.126688 0.837098 -0.907416 -1.09042 -0.0184436 0.518923 -0.505048 0.508886 0.673887 0.000285039 -0.00481495 0.00484305 -0.0879518 -0.244947 -0.0441037 0.080949 -0.353305 -1.08785 0.379555 1.14319 0.398225 -0.671335 -0.453633 -0.209811 -0.183727 -0.0122864 -0.366582 -0.347921 0.186702 0.677559 0.561477 0.138728 -0.441432 -0.552895 -0.349554 -0.301806 
0.888093 0.808804 -0.908035 -0.322096 0.665899 -0.900083 -1.11892 -0.198881 0.715778 -0.168204 0.57272 0.344492 -0.640192 0.025516 -0.0457729 -0.379342 -0.269692 0.0515659 0.031117 -0.103942 0.0264674 0.468731 0.13056 -0.185238 -0.624513 -0.72231 -0.189608 -0.215723 0.0516599 0.209344 0.0165316 0.0613826 0.644555 0.931551 0.0321748 -0.861553 -0.576407 0.203579 0.349205 
0.923175 0.805439 -1.07393 -0.385892 0.773799 -0.926156 -1.18659 -0.041093 0.952296 -0.400812 0.246454 0.173347 -0.79015 -0.0426286 -0.0836326 -0.178438 -0.130899 -0.00593645 0.0611508 0.123882 0.436458 0.508541 -0.177361 -0.477482 -0.280155 0.13382 -0.314668 -0.194301 0.560264 0.155021 -0.275555 0.222772 0.74513 0.104777 -0.511082 0.0473921 0.339821 0.530206 0.549618 
0.904247 0.800028 -1.06026 -0.497393 0.552826 -0.893763 -1.07457 0.210809 1.18726 -0.387987 0.0353492 0.0767914 -0.396906 -0.133587 -0.111974 0.0616673 -0.212773 -0.302523 0.219128 0.469974 0.228904 -0.220472 0.109026 0.294954 0.250797 0.176202 -0.271114 -0.161175 0.403024 0.0094162 -0.0278114 0.451674 0.527202 -0.47335 -0.522157 0.409663 0.365913 0.106887 0.151719 
0.881284 0.777423 -1.08479 -0.610685 0.403996 -0.788024 -0.928745 0.149729 0.72598 -0.319236 0.435782 0.264655 -0.495691 -0.159491 -0.115387 0.0982534 -0.227108 -0.0273193 0.543902 0.488205 -0.285429 -0.197343 0.318845 0.0413249 -0.0322936 0.414757 -0.295063 -0.216581 0.477471 0.501716 0.346608 0.321793 0.250651 0.0128152 0.503098 0.0765487 -0.819861 -1.02925 -0.148049 
0.845826 0.769694 -1.04958 -0.730852 0.421242 -0.484647 -0.80547 -0.140739 0.983078 -0.0856218 -0.0139348 -0.0233152 0.185592 -0.273676 -0.201342 0.416157 0.208752 0.178918 0.534641 0.568323 0.28431 0.617762 0.129161 -0.941033 -1.18534 -0.00812763 -0.30161 -0.187291 0.654581 0.465068 -0.203731 -0.198774 -0.128153 0.017933 0.229734 0.0487369 -0.0593852 0.0355633 -0.366872 
0.749996 0.688737 -0.886936 -0.580647 0.450935 -0.386636 -0.610227 0.398976 1.302 -0.216471 -0.537692 -0.615093 -0.423799 -0.30593 -0.174298 0.637825 0.155875 -0.284952 0.189119 0.222239 -0.221841 0.229183 0.299233 -0.0692555 0.109851 -0.109207 -0.182123 -0.159182 0.00445507 -0.297816 -0.368043 -0.0818537 -0.363605 -0.898332 -0.783183 0.327434 0.879576 1.26401 0.599183 
0.693955 0.699367 -0.721218 -0.732781 0.0666488 -0.371554 -0.700439 -0.425231 1.18716 0.196106 -0.167251 -0.0273093 0.135438 -0.304231 -0.231024 0.276341 -0.210562 -0.299376 0.330408 0.0759119 -1.11705 -0.481248 0.507849 0.337929 0.777633 0.967315 -0.0381721 -0.15512 -0.505939 -0.322782 -0.0592661 0.00722849 0.0387715 -0.00977702 -0.300363 -0.285517 -0.245894 -0.0423093 0.663201 
0.599209 0.579901 -0.771404 -0.804104 0.083856 -0.155654 -0.595461 -0.829522 0.826076 0.284779 -0.307935 -0.16756 0.825876 -0.196873 -0.199755 -0.0353566 -0.289694 -0.348577 0.0995909 0.116813 -0.202556 -0.142661 -0.198079 -0.455844 0.136572 0.965597 -0.0445768 0.0181006 0.421296 0.276048 -0.43789 -0.369764 0.264821 0.58306 -0.451977 -0.74342 -0.81518 -1.57482 -1.18511 
0.611679 0.611758 -0.789202 -1.00408 -0.343019 -0.333161 -0.660442 -0.689388 1.03532 -0.0454775 -0.684266 -0.0132359 1.38304 -0.201386 -0.0763585 0.572128 -0.0263638 -0.871472 -0.244547 0.187889 -0.149921 -1.08143 -0.643874 -0.89113 -1.46716 -0.826629 -0.386871 -0.317208 0.655987 0.806546 0.272794 0.311048 0.69584 -0.110716 -0.934699 0.0405888 -0.13141 -1.56144 -1.27492 
0.514053 0.576062 -0.481722 -0.916204 -0.778437 -0.404401 -0.511619 -1.03817 -0.224334 -0.425906 -1.23446 -1.23786 -0.0905177 -0.426003 -0.393761 0.505684 0.452409 0.0337363 0.401268 0.643324 -0.344654 -1.46987 -0.229336 -0.673012 -2.08838 -0.967748 -0.561624 -0.678735 -0.297987 0.0483882 0.291529 0.490575 0.508903 -0.0148212 0.804044 1.21011 0.868877 0.541744 0.774997 
0.383184 0.392445 -0.538641 -0.826736 -0.421752 -0.0430549 -0.295659 -1.10339 -0.386885 -0.319952 -1.40559 -1.50358 0.296254 -0.599999 -0.646297 0.116257 -0.0815872 -0.463998 0.288295 0.534613 -0.138701 0.210048 0.996295 0.371997 -0.574744 0.421693 -0.617521 -0.446189 0.816718 0.227757 -0.60968 -0.164884 0.101609 0.301894 1.09427 0.545686 0.566587 1.63756 0.835824 
0.174522 0.18531 -0.460441 -1.06169 -1.28802 -0.208558 -0.213896 -1.235 -0.0385661 0.589326 -0.972653 -1.70475 0.500354 -0.878828 -0.721886 1.21469 0.58582 -0.769062 0.0901231 0.598332 0.17294 0.258719 0.461268 0.142766 0.428261 0.374982 -0.573696 -0.3234 1.47705 1.26538 0.0649406 0.0167855 0.327241 0.0901699 -0.352084 -0.229547 0.149188 0.583021 -0.610603 
-0.134281 -0.0496224 0.12936 -0.568743 -1.1954 -0.0125615 0.0413698 -0.971581 -0.15453 0.132282 -1.35944 -1.29228 0.830726 -1.01032 -0.84674 1.51531 1.14305 -0.360821 0.211072 0.706624 0.0403819 -0.239691 0.578973 0.570079 0.378849 -0.480565 -0.0823138 -0.143184 -0.214601 -0.110913 0.101879 0.399915 0.705527 -0.292239 -1.01679 0.506383 0.579668 -1.18927 -0.962059 
-0.426854 -0.341517 0.384555 -0.466825 -1.70828 -0.0771475 0.189934 -1.24297 -0.283279 1.16542 -0.524491 -1.52686 0.00181053 -0.812582 -0.734932 0.845959 0.363066 -0.616278 0.506229 1.13416 -0.259383 -1.19212 1.0957 0.977902 -1.24505 -1.07277 -0.139724 -0.28822 -0.486208 -0.0606328 0.125952 0.0941758 0.44448 0.542825 -0.515034 -1.03277 -0.695512 0.0890153 1.04285 
-0.60947 -0.500547 0.580265 -0.445415 -1.83679 0.365121 0.708931 -1.29566 -1.31089 1.25212 -0.527602 -2.2124 -0.382864 -0.999754 -1.0106 0.862748 0.973174 -0.175708 0.2335 0.991389 0.943181 -0.934846 -0.98628 -0.481888 0.600221 1.18349 1.60192 1.2172 -1.53773 0.607501 2.11994 -0.614629 -2.17179 0.938877 1.65801 -1.51478 -0.203183 3.06528 0.822588 
-1.02149 -0.979585 0.845344 0.025342 -1.96831 0.0729759 0.769425 -0.298939 -1.19338 0.0944256 -1.06601 -1.19929 1.51251 0.88712 0.66662 -0.905447 0.89584 2.24665 -0.38402 -1.09728 1.27663 1.3855 -1.15841 0.654519 3.38778 0.249419 0.880213 0.841237 -0.68734 -0.824468 0.118949 -0.104583 -0.882426 -0.61176 0.567246 0.752577 0.340966 -0.465286 -0.791802 
