-2.0618 -2.27365 1.1997 1.51251 -0.0237349 0.113307 1.18515 0.728256 -1.00045 1.39917 2.39057 2.62907 2.26526 -3.70332 -3.70603 3.25683 3.9917 2.34435 2.00898 2.91865 2.6121 0.679898 1.72834 2.26037 2.39052 1.55071 0.221549 0.559064 1.51474 1.09334 1.55047 1.20291 0.666626 0.765144 0.639026 -0.113853 -0.900135 -1.67621 -1.81024 
-1.93502 -2.01661 1.65132 1.95837 1.52911 1.56111 1.68771 1.72724 0.749798 1.60377 1.98778 2.24133 1.78558 0.346033 0.721261 1.26838 0.925986 2.06554 1.71779 0.639448 0.832081 1.06944 -0.176912 -1.30592 -2.49117 -2.65317 4.0924 4.03719 -3.13144 -4.36595 -2.17568 -1.60515 -2.79751 -2.65522 -0.812974 -1.36285 -2.05198 -3.1396 -2.76362 
-1.83143 -1.82428 1.82001 1.92932 1.31503 1.43817 1.53574 1.29265 0.168385 1.15275 1.11899 0.14962 -0.936341 0.52979 0.744987 0.313976 -0.223147 -0.493806 -0.3356 -0.353096 -0.729707 -0.607087 -0.285971 -0.661456 -2.24248 -2.48413 0.0425406 -0.232176 -1.33106 -1.03575 -1.32635 -0.979832 -0.648453 -1.42712 -1.39323 0.162265 1.32693 1.78077 1.7967 
-1.60639 -1.55402 1.77677 1.79735 1.12058 1.22001 1.456 1.27136 0.115156 1.25144 1.3052 0.00238182 -1.21549 0.512308 0.594042 -0.042643 -0.15292 0.345124 0.277847 -0.205898 -1.01107 -1.15923 0.0523759 0.512493 0.0773309 -0.0790265 -0.268006 -0.465026 -0.674892 -0.027091 0.926955 1.22607 0.753581 0.00949261 -0.612289 -0.133815 0.539314 1.51639 1.52711 
-1.51215 -1.44577 1.76056 1.80361 1.47925 1.59477 1.39039 0.652961 -1.06021 1.12899 1.50933 0.15401 -1.08416 0.384216 0.368072 -0.402301 -0.352235 0.751171 1.4157 0.384529 -0.819751 -1.56838 -0.49225 0.052015 -0.0609263 -0.300699 -0.333313 -0.395707 -0.354476 -0.390654 -0.336531 0.514882 0.728688 1.44927 1.34791 0.0828896 -0.801969 -0.566996 0.00206363 
-1.3556 -1.30138 1.53084 1.57141 1.56201 2.29978 1.65704 0.756653 -1.55358 0.698797 1.27469 -0.126927 -1.62629 0.301153 0.29146 -0.468499 -0.624364 -0.0726742 1.00028 0.503621 0.65585 1.06064 0.164893 -0.655708 -0.790383 -0.105741 0.259118 0.384674 0.204256 -0.557612 -1.87437 -1.55828 -0.279486 1.66483 1.58597 -0.232333 -1.11316 -0.456191 0.903791 
-1.30578 -1.23579 1.4803 1.44083 1.35823 2.33749 1.66129 1.10223 0.0991577 1.2145 0.832008 -0.680711 -1.26368 0.767975 0.902327 -0.32173 -0.980898 -1.69045 -0.861073 -0.0442329 1.11022 1.03783 -0.843458 -1.55275 -0.766465 0.979402 1.62346 1.5636 -1.00186 -1.16947 -1.35868 -2.88375 -2.17821 0.332716 0.0747219 -2.18563 -1.60677 1.40231 1.98469 
-0.899602 -0.751152 1.32668 1.02936 0.336512 1.53234 1.60653 1.50275 -0.418739 -0.194903 -0.222469 -0.938519 -0.518471 2.05497 2.08994 -1.48113 -1.8292 -1.83564 -3.19403 -2.06889 0.960237 1.21428 -3.05982 -2.95296 1.22419 2.74084 1.33924 0.928821 -2.24144 -0.981873 1.33883 -0.931352 -2.58028 -1.54383 0.47291 -0.424094 -0.0501426 1.82982 0.60887 
-0.161562 -0.0240784 0.674991 0.472222 0.0336047 -0.322718 0.422979 1.75035 1.4238 -1.83151 -1.94485 0.432736 1.93378 2.23639 2.0201 -2.4579 -2.00907 0.096562 -2.23088 -3.07071 -0.875358 1.83768 -1.47677 -1.66622 1.87383 1.83209 -0.864754 -1.09449 -0.529048 0.451476 2.07276 2.40356 0.457349 -2.53084 -0.761748 2.38872 2.52655 -0.181236 -2.03154 
0.341628 0.421664 0.0149164 -0.0297005 0.331031 -0.346447 -0.219507 0.951716 1.57651 -1.70361 -1.82334 0.803152 1.60092 1.31015 1.03802 -2.06522 -1.50763 0.917247 0.260734 -1.66573 -2.22978 0.0104263 0.444814 0.548383 0.921077 -0.233054 -1.71534 -1.60826 1.4104 1.39666 0.42994 1.78118 2.07126 -0.643352 -1.80288 1.274 2.05005 -0.65926 -1.58896 
0.584362 0.601724 -0.433164 -0.334695 0.588416 -0.180002 -0.578805 0.314501 1.45343 -1.47417 -1.52171 1.25306 1.60323 0.637408 0.417241 -1.28411 -0.797465 0.687456 0.323485 -0.845357 -1.76207 -1.05581 0.387994 1.16665 0.871075 -0.500394 -0.963487 -0.838514 1.24616 1.08799 -0.4955 -0.328714 0.949865 1.12609 -0.187712 0.13258 0.110412 -1.07889 -0.351352 
0.727807 0.701697 -0.688232 -0.479516 0.728961 -0.15282 -0.740006 -0.178587 0.459173 -1.40145 -0.835146 1.57512 0.953219 0.466176 0.260594 -1.04028 -0.586685 0.290242 -0.237246 -0.706492 -0.957239 -0.261833 0.630431 0.660151 -0.695855 -0.771951 -0.572308 -0.375217 1.0323 0.426205 -0.786211 -0.198399 0.443779 0.640276 0.852022 0.578466 -0.429497 -1.05643 0.222323 
0.878976 0.794505 -1.00989 -0.678521 0.715163 -0.44131 -1.01784 -0.290023 1.19019 -0.936582 -0.996428 0.509752 0.633373 0.186257 0.136632 -0.453002 -0.499699 -0.322131 0.0140292 -0.457514 -1.08237 0.359297 1.22956 0.520984 -0.712981 -0.207901 -0.657794 -0.349055 1.41531 0.502553 -0.606285 0.417988 0.659654 -0.0883623 -0.0481694 0.259859 0.215959 0.720203 0.372551 
0.872734 0.825433 -0.960456 -0.779602 0.437632 -0.210262 -1.03297 -0.864855 0.864094 -0.282052 -0.437048 0.815253 0.652509 -0.0708197 0.00803896 0.137966 -0.217025 -0.482558 0.345015 -0.0749153 -1.1667 -0.307631 1.00329 0.91999 0.320386 -0.261742 -0.383983 -0.226866 0.896629 0.591045 -0.014864 0.126532 0.441259 0.37882 -0.32101 -0.522673 -0.230509 0.322112 -0.0617611 
0.886432 0.846615 -0.975699 -0.836467 0.314309 -0.230215 -1.08634 -1.03138 0.877678 -0.0369145 -0.233664 0.749187 0.268789 -0.0757803 0.0151061 0.255126 -0.0467085 -0.316609 0.174646 -0.0725183 -0.721718 -0.129288 0.451227 0.154477 -0.27939 -0.327113 -0.102347 -0.112457 0.258567 0.504417 0.265523 -0.400222 -0.0567632 0.563064 0.106877 -0.370141 -0.486814 -0.4958 -0.00214072 
0.877537 0.881478 -0.865516 -0.851906 0.150074 -0.137392 -1.10007 -1.31552 0.743431 0.0815115 -0.373915 0.474682 0.210374 -0.05004 0.0091986 0.267764 0.154391 -0.108041 -0.256414 -0.252212 -0.581213 -0.101808 0.449349 0.193916 -0.443125 -0.29455 -0.147094 -0.258485 -0.194957 0.235874 0.171583 -0.256007 0.0851883 0.501434 0.0663642 0.087907 0.236776 -0.0729114 0.0479747 
0.904999 0.89937 -0.874206 -0.807651 0.169143 -0.507074 -1.25887 -1.39026 0.786577 0.324825 -0.134486 0.250277 -0.134716 -0.0999358 -0.140327 -0.0261442 0.071828 -0.0657187 -0.218151 -0.089544 -0.211444 0.0107875 0.571125 0.443521 -0.423957 -0.287292 -0.232954 -0.295716 -0.205001 -0.077593 -0.0214073 0.330606 0.488926 0.625654 0.172036 -0.0896732 -0.0433611 0.190014 0.20682 
0.869423 0.850949 -0.916414 -0.864606 0.0338016 -0.383207 -1.17716 -1.43283 0.773451 0.561508 -0.0466137 -0.00569186 -0.18452 -0.160415 -0.186158 -0.02261 -0.0222542 -0.111129 0.199432 0.186603 0.0806478 0.209761 0.308008 0.0899581 -0.202872 -0.0245246 -0.175111 -0.141149 0.256687 0.173253 -0.106143 0.18376 0.557096 0.543292 -0.250454 -0.258457 0.0126246 0.199183 0.105607 
0.864544 0.843313 -0.923272 -0.867659 0.0218678 -0.414094 -1.17395 -1.31675 1.03064 0.54931 -0.130318 -0.0162984 -0.217882 -0.152226 -0.169935 0.10195 0.131397 -0.180321 0.0252564 0.426239 0.349911 -0.363295 0.181485 0.418104 -0.170285 -0.163948 -0.147293 -0.107968 0.37747 0.30739 -0.191951 0.067747 0.681733 0.31007 -0.81358 -0.0517971 0.455961 -0.186581 -0.167548 
0.833347 0.803928 -0.900895 -0.847351 -0.160712 -0.43154 -0.95166 -1.18343 0.401063 0.663126 0.257458 -0.240755 -0.433088 -0.18477 -0.180185 0.21496 0.163628 -0.338657 0.275005 0.843107 0.3574 -1.07821 0.222387 0.686494 -0.513807 -0.297047 -0.130532 -0.135329 0.131261 0.21026 0.0745791 0.0919141 0.337506 0.286474 -0.305238 -0.1146 0.140994 -0.120704 -0.230465 
0.811065 0.790582 -0.849158 -0.834197 -0.280743 -0.2598 -0.703884 -1.06245 -0.110801 0.690648 0.419044 -0.58356 -0.624349 -0.159749 -0.193301 0.116359 0.225813 -0.0570899 0.135791 0.694093 0.597869 -0.826285 0.00347416 0.572776 -0.384802 -0.527652 -0.0562233 -0.0966371 -0.134478 0.0370151 0.193802 -0.157177 -0.303053 0.309174 0.735202 -0.054414 -0.455573 -0.0155049 0.149647 
0.793248 0.743892 -0.877906 -0.782621 -0.271093 -0.390193 -0.569016 -0.772035 -0.469376 0.591879 0.70289 -0.683264 -1.11313 -0.117674 -0.16206 -0.0114924 0.0949056 -0.0585264 0.0251838 0.387736 0.633059 0.147312 0.132916 0.00424804 -0.574353 -0.109878 -0.0328695 -0.00690783 -0.0145264 -0.0936105 0.176406 0.119042 -0.399819 -0.10307 0.960005 0.0350646 -0.853022 -0.0838354 0.718408 
0.793465 0.747947 -0.892459 -0.835292 -0.392106 -0.308192 -0.50097 -0.628074 0.066082 0.745102 0.344879 -1.20937 -0.808772 -0.0692013 -0.0789563 -0.0013708 0.0340854 0.200148 0.285572 0.129469 0.370465 0.764064 0.0456358 -0.667047 -0.545358 0.483786 -0.130029 0.0184114 0.676143 0.320641 -0.142691 -0.193725 -0.168709 -0.366967 -0.530175 -0.761993 -0.670636 -0.0130628 0.185729 
0.801569 0.747545 -0.915959 -0.814298 -0.205855 -0.227326 -0.517618 -0.509201 0.370962 0.561575 0.0152032 -1.28104 -0.593271 -0.124693 -0.0205643 0.496791 0.293265 -0.221227 -0.27751 0.0840475 0.0836202 -0.680724 -0.997479 -0.979707 -0.631326 0.129581 -0.431089 -0.209906 1.19852 0.679078 -0.413525 -0.282367 0.159501 -0.596114 -1.58324 -0.948163 0.0739931 0.605289 -0.180593 
0.772113 0.784125 -0.672216 -0.736644 -0.614546 -0.602167 -0.47622 -0.552629 -0.647774 -0.298167 -0.628559 -1.89028 -0.709118 -0.378542 -0.182295 0.980384 0.569973 -0.318976 -0.145359 0.196346 -0.458603 -1.77297 -1.35863 -0.606371 0.302694 0.192358 -0.617645 -0.554452 0.408942 0.175111 -0.274593 0.358145 0.364891 0.0896246 0.798719 1.18871 1.02972 1.07983 0.652977 
0.644471 0.693639 -0.444974 -0.57651 -0.495029 -0.414083 -0.426986 -0.787978 -1.51785 -0.832411 -0.617029 -1.05871 -0.419143 -0.621371 -0.493375 0.762886 0.354584 -0.557513 0.218176 0.38282 0.0913621 0.647876 0.741826 0.421748 0.911264 1.04619 -0.80662 -0.875426 0.0580058 0.211741 -0.337149 0.103612 0.547268 1.05177 1.63314 1.70203 1.15498 0.378834 0.15582 
0.485162 0.556949 -0.314003 -0.607162 -1.06657 -0.493979 -0.27619 -0.472126 0.0675774 0.347596 -0.321157 -1.07944 0.47794 -1.06499 -0.9993 0.928396 0.665785 -0.737587 -0.0179007 0.701033 0.723246 0.909792 1.13582 0.970814 0.819304 0.388473 -0.938109 -1.14963 -0.0782396 0.741957 -0.04788 -0.751638 0.135829 0.400355 -1.3054 -1.24452 -0.266108 -0.306114 -1.27986 
0.120297 0.184665 -0.000944104 -0.290544 -1.07 -0.49743 -0.0402722 -0.29468 -0.520746 0.195955 0.192184 -0.336804 -0.012358 -1.43986 -1.60442 0.587407 0.949683 -0.595441 -0.891641 0.422971 0.47829 -1.43825 -1.09841 0.0053005 0.42538 -0.838333 0.324089 0.259839 -0.321623 -0.176535 -0.0959306 -0.165142 0.273561 0.309938 -1.54216 -2.02473 -1.41766 -0.582814 -0.0906121 
-0.239473 -0.289073 -0.0467762 -0.17844 -1.54449 -1.28621 -0.0526044 -0.138853 -1.46117 -0.793689 -0.394361 -0.738476 -0.57067 -0.615985 -0.598911 0.532318 0.395969 -0.83875 -0.279245 0.89669 0.999837 -1.56058 -1.85219 -1.06114 -0.0715613 0.227449 1.33854 1.52988 -0.17584 -1.03464 -0.0799419 0.952534 0.502747 0.337727 0.624854 0.443198 -0.171195 -0.449231 0.579684 
-0.163774 -0.101293 0.23772 -0.140252 -1.71403 -0.792812 0.461227 0.379308 -2.18108 -1.67732 -0.855679 -0.476398 0.203399 0.0278452 0.157894 0.323464 -0.128179 -0.675562 0.463938 0.877391 0.788792 -0.391815 -0.455842 -0.277994 -0.269972 -0.0279387 -0.427526 -0.719909 -0.888213 -0.0160502 0.0358713 -0.837215 -0.750321 0.511188 1.94496 1.79971 1.43195 0.727127 0.0878554 
-0.179256 -0.153495 0.083597 -0.291712 -2.07711 -0.978633 0.437573 0.397264 -1.86424 -1.31098 -0.726478 -1.06994 -0.657886 -0.921748 -1.24915 -0.37731 0.277278 -0.766459 -1.51287 -0.0636697 1.52202 1.62823 0.785957 0.904602 0.954814 0.325067 0.0986392 -0.0835421 -0.339932 0.965274 2.8856 0.587236 -1.30037 -1.08755 1.27879 1.28618 0.856382 1.016 0.45388 
-0.61135 -0.749432 0.00474267 -0.0496428 -2.3087 -2.08906 0.399317 1.39442 -0.411144 -0.988703 -0.10698 0.376552 0.534964 0.250453 0.190061 -0.0892088 0.67721 3.14703 1.29105 -0.704006 -0.639976 1.71589 1.42684 0.880288 1.1792 0.600135 0.79486 1.05134 0.531642 -0.18446 0.563346 1.06126 0.15666 -1.16396 -1.02324 -0.527858 -0.614071 -0.626507 -0.203805 
