-2.99695 -2.89028 3.60451 3.58835 2.90922 2.12171 2.03952 1.68181 0.467404 -0.111818 -0.670915 -1.19678 -1.5477 -1.23236 -0.98999 1.88251 1.1409 1.39947 1.33077 0.797037 0.819261 1.42626 -0.383341 -2.11725 -2.69032 -0.625364 2.59079 2.5831 -2.42168 -2.36898 -1.53883 -2.14365 -2.41201 -1.48737 1.03939 0.0223875 -1.33925 -0.679888 1.16813 
-0.982286 -0.814712 1.48868 1.03248 1.00603 0.921785 0.603259 0.718601 1.41828 -0.378751 -1.81724 -2.18524 -0.659116 3.36588 3.36033 -3.38689 -3.21907 -2.17846 -2.53111 -3.14441 -2.20969 1.42122 0.144974 -1.47754 -0.96762 1.82789 1.98559 1.8527 -2.20266 -1.80628 -1.04416 -1.57784 -1.75018 -2.05788 -0.978606 0.969482 1.93931 2.49687 1.34971 
-0.125008 0.0341941 0.619688 0.324076 0.986201 0.196621 -0.403829 -0.185141 1.88035 -0.0752715 -1.92461 -1.90241 0.623959 1.377 1.45421 -1.20863 -1.32988 -0.0894175 -0.566984 -1.51904 -2.19934 0.0886458 0.927028 0.258343 1.07977 1.48334 -2.29963 -2.19814 2.40788 1.96324 0.7573 2.273 2.44578 0.660184 -1.99583 0.516701 2.36292 1.44647 -1.14938 
0.222586 0.471416 0.353103 -0.370005 0.793197 0.444597 -0.583733 -1.13951 1.42169 0.272552 -1.54171 -1.1324 1.11496 0.618627 0.723634 -0.252439 -0.677022 -1.1561 -0.118289 -0.208877 -1.37446 -1.30706 0.898198 1.3959 1.23593 0.071765 -0.864516 -0.999525 0.86072 1.30001 -0.681775 -0.476081 1.22233 1.59746 -1.15756 -0.335371 1.26783 -0.554798 -1.69723 
0.444197 0.692375 0.295883 -0.435012 -0.0998614 0.050199 -0.578108 -1.33913 0.407436 0.553369 -0.646957 -0.71545 0.76925 0.423672 0.320921 -0.163302 0.330192 -1.07313 -1.23144 -0.114768 -0.0351673 -1.49363 0.631782 1.84478 0.298705 -1.12004 -0.379668 -0.595244 0.0491905 0.955302 0.884901 -0.759249 0.0649888 1.19498 0.308229 -0.422835 0.0498811 -0.726686 -0.917627 
0.62838 0.783458 0.104971 -0.136485 -0.22495 -0.522411 -0.685269 -1.15026 -0.248571 0.691768 0.131375 -0.750405 -0.114957 0.271366 0.0974241 -0.302915 0.524643 0.0441484 -1.09972 -0.253112 0.219055 -0.885424 0.495328 1.55094 0.198521 -1.32596 -0.331616 -0.392472 -0.0132103 0.265915 1.37845 0.462655 -0.115918 0.0909596 0.664375 -0.460357 -0.897212 -0.0969587 0.423023 
0.722329 0.812316 -0.0707738 -0.00986038 -0.203355 -0.819707 -0.786579 -1.13287 -0.61949 0.865322 0.767274 -0.419505 -0.698275 0.136476 -0.0509564 -0.298037 0.615085 0.815122 -0.845088 -0.385423 -0.00701188 -0.585099 0.182742 0.886744 0.200445 -0.444458 -0.26669 -0.220128 0.172582 0.0234927 0.778943 0.657141 -0.0377278 -0.132817 0.618991 -0.645728 -1.42168 -0.241303 0.980657 
0.793449 0.775863 -0.257545 0.377797 0.302707 -1.20461 -0.996012 -1.13698 -0.957825 0.758003 0.960488 -0.452807 -0.565328 0.0653293 -0.0582848 -0.186775 0.487155 1.09669 -0.495662 -0.425905 -0.0700735 -0.0389399 -0.181811 -0.0234729 -0.115009 0.212005 -0.190861 -0.0221077 0.249133 -0.474644 -0.130869 1.03561 0.26538 0.0322654 0.744801 -0.442025 -1.11719 0.0687528 0.375395 
0.827762 0.798423 -0.338832 0.378347 0.554803 -1.24432 -1.12861 -1.17342 -0.751039 0.644989 0.794537 -0.392845 -0.391164 0.0252278 0.0417082 -0.0785306 -0.0848413 0.599373 0.182616 -0.178851 -0.0620767 0.433381 -0.243741 -0.329818 0.349322 0.157473 -0.0152271 -0.0246384 -0.259676 -0.408735 -0.205838 0.589451 0.447662 0.384583 -0.00295474 -0.375998 0.026886 0.372596 -0.299263 
0.86527 0.847916 -0.433709 0.202302 0.653743 -1.12921 -1.14708 -1.1707 -0.589772 0.488989 0.717877 -0.0273403 -0.321141 0.173627 0.0312057 -0.654312 -0.125124 0.776431 0.0326227 0.00880827 0.374399 -0.0427283 -0.527047 0.104541 0.487009 -0.229421 -0.129322 -0.198689 -0.0908036 0.0519566 -0.156894 0.11036 0.387638 0.37082 -0.307198 0.0532167 0.47156 -0.0682344 -0.55948 
1.02397 0.861448 -1.00381 0.163153 1.05079 -1.27949 -1.13463 -0.834555 -0.886595 0.153274 0.934572 0.150879 -0.593407 -0.00909494 -0.08711 -0.31804 -0.0844768 0.347346 0.174614 0.180738 0.362882 0.0136569 -0.0608317 0.320799 0.293901 -0.686379 -0.495001 -0.320703 0.86475 0.135303 -1.16798 0.240742 0.404052 0.264047 0.625448 1.26798 0.217755 -0.479342 -0.538265 
0.908321 0.809246 -0.813207 0.0271669 0.79846 -1.05971 -1.0202 -0.841671 -0.665686 0.363756 1.04842 0.350525 -1.05066 -0.317803 -0.250652 0.39646 -0.0139234 -0.885064 0.170568 0.38894 0.647968 0.812583 1.15062 0.456873 -0.181524 -1.04046 -0.386423 -0.351345 0.272973 -0.0689339 -0.832395 0.332785 0.515678 0.758127 1.09772 1.28439 -0.111988 -0.645316 -0.0588056 
0.808264 0.682212 -0.776727 0.0575483 0.186602 -1.21297 -0.846815 -0.262172 -0.117437 0.980337 1.38499 0.120409 -1.7315 -0.364801 -0.407402 -0.0663425 -0.244877 -0.846337 0.415591 0.700578 1.33699 1.51461 1.63703 0.2856 -0.62216 -0.755939 -0.096204 -0.0839554 -0.0420665 -0.216427 -0.164287 0.559871 0.469859 0.345878 -0.202482 -1.21708 -0.832405 0.433694 1.35289 
0.653222 0.49528 -0.979024 -0.306042 -0.0340208 -0.812572 -0.491501 0.318869 0.84605 1.57317 1.34796 -0.0584003 -1.86045 -0.310728 -0.235562 0.222761 -0.370465 -1.1474 0.665743 0.851435 1.03756 0.536018 -0.229564 -0.424996 0.511613 1.07316 0.00496258 0.127182 0.383082 0.153714 0.788754 0.428489 -0.221856 -1.13784 -1.46688 -2.41184 -0.938061 1.16887 1.76077 
0.598488 0.515945 -0.697107 -0.399428 -0.89234 -0.781428 -0.201508 0.642775 0.359181 0.722467 1.05854 0.685265 -0.43072 -0.231265 -0.127486 0.334035 -0.109192 0.219878 0.763697 0.297333 -0.377124 -0.49053 -1.2133 -0.720441 1.16739 1.98846 -0.289522 -0.213653 0.331757 0.180727 1.19611 0.701024 -0.319593 -1.07199 0.0185569 0.143546 -0.556052 -0.420438 -0.0281663 
0.510051 0.421906 -0.804936 -0.505535 0.00634558 -0.308816 -0.274497 0.0162196 0.236827 0.542009 0.761235 1.0697 0.496493 -0.545305 -0.383149 0.553835 -0.198857 0.486675 1.31892 0.325864 -0.583182 0.561639 0.0644947 -0.982082 -0.0690718 1.05098 -0.265189 -0.273006 -0.0249565 -0.284888 -1.11568 0.0365514 0.308044 0.672264 0.836927 0.523093 -0.483436 -1.43637 -1.07049 
0.192091 0.222825 -0.336419 -0.687285 -0.633562 0.131625 0.0375504 0.164231 0.8629 0.69575 0.241316 0.751379 0.844472 -0.435426 -0.349519 0.183439 -0.556775 -1.3687 0.673075 0.557302 0.475242 0.653898 -0.452212 -1.19218 -0.928412 0.354335 0.0900097 -0.0295218 -0.43086 -0.19396 -0.905597 -0.565036 0.189225 0.862259 -0.0907779 -1.0122 -0.434132 -0.850057 -0.805463 
0.195754 0.157692 -0.758699 -1.14612 -1.25376 0.128136 0.143455 0.441161 0.838135 0.10912 -0.241073 0.397735 0.967837 -0.305459 -0.299784 -0.144851 -0.52552 -0.809052 0.554892 0.437121 0.538569 0.437786 -1.06359 -1.39588 -1.29048 -0.173283 -0.241678 -0.280106 0.15712 0.402466 1.3593 0.916402 0.624465 0.233326 -0.590481 -0.564579 0.128905 0.259262 -0.134146 
-0.0132681 0.00135783 -0.568887 -1.29707 -1.43552 0.481455 0.362607 0.64323 1.23561 -0.217727 -0.940436 -0.231554 0.707005 -0.610197 -0.580457 0.278701 -0.0902909 0.492858 1.56734 1.2133 0.705253 -0.153106 -1.0295 -0.944272 -0.495417 0.168261 -0.510078 -0.541695 0.521877 0.751745 1.2347 0.88125 0.695455 -0.4369 -1.952 -1.04794 1.0337 2.01434 0.907221 
-0.265035 -0.305019 -0.631588 -1.32698 -0.989926 1.22432 1.06847 1.06244 0.585825 -0.777561 -1.02498 0.0976666 1.22447 -0.815735 -0.858829 0.442941 0.405446 0.878822 1.40981 1.18197 -0.181707 -2.23058 -2.23564 -0.0846029 1.75999 1.25111 -0.368591 -0.295684 0.907881 0.806776 -0.944827 -1.35248 -0.614348 -0.759295 -1.18734 -0.437219 1.05464 1.21392 -0.292397 
-0.646338 -0.700618 -0.302343 -0.989385 -0.855715 1.46151 1.26341 0.507391 -1.21417 -2.05254 -0.967026 1.40551 2.21313 -0.943612 -0.830934 1.38771 0.913858 -0.857556 -0.078134 0.318816 -0.472136 -1.77609 -1.45006 0.391615 1.36132 -0.262547 -0.388 -0.34294 0.896889 1.02441 -0.0423092 -1.13818 -0.352332 0.876824 1.54834 2.02471 0.663975 -1.44614 -2.06052 
-1.00529 -0.983018 0.437028 -0.518262 -1.83159 1.1075 1.30208 0.67869 -1.38322 -1.99484 -0.632052 1.39232 0.984005 -1.17341 -1.16858 1.53711 1.69901 0.786527 0.00421756 0.615421 0.960695 -0.113571 0.373174 0.79215 -0.350402 -1.9141 -0.135464 -0.430263 -0.3749 0.885444 1.97908 -0.234277 0.302984 1.59908 1.14154 1.18897 0.612214 -0.712793 -0.457469 
-1.57921 -1.66883 0.893106 0.593105 -0.351467 1.4054 1.72628 1.34672 -1.42466 -1.8366 -0.221245 1.23 0.0669634 -0.985613 -1.25021 0.764589 2.02262 1.86798 -0.471918 0.572453 1.69433 -0.215231 0.130377 1.20754 0.344622 -0.94864 2.29571 2.35007 -1.73535 -1.60838 -0.109979 -1.51763 -2.16252 -1.7351 1.13056 1.58009 -0.588675 -0.854298 1.15133 
-1.78075 -2.0214 0.976638 1.38315 -0.44202 0.700392 1.73174 2.14426 -1.70124 -1.96977 0.479661 1.81375 -0.048134 1.8236 1.89946 -0.923026 -0.508597 0.5999 -1.82613 -2.21673 -1.60025 1.43229 2.43489 0.196725 -1.57813 -0.112182 0.686612 0.900768 -0.479666 -1.46928 -1.31611 0.539095 -0.357051 -1.12389 0.15725 -0.201386 -1.10951 -0.262151 0.599585 
