-2.40652 -2.45091 1.82751 2.1898 1.51042 1.57427 1.63722 1.2493 0.467356 2.3035 1.65276 0.895922 0.0109614 -3.6915 -3.70945 2.50197 3.95127 2.03124 1.16065 2.91147 2.82441 0.234076 0.699687 1.79324 1.3725 -0.360865 0.730673 0.620502 -0.408218 0.0316279 0.572663 0.128657 -0.0923905 0.251009 -0.418029 -1.50531 -0.335221 1.00269 -0.0228756 
-1.97939 -2.14857 1.11947 1.96132 1.62545 1.14516 1.68573 1.87406 0.156027 0.631116 1.61117 1.10906 -0.376289 0.833346 0.759852 -0.440976 -0.0853759 0.698042 0.156356 -0.227829 0.17937 -0.620606 -2.25675 -0.532047 1.48792 0.0147097 4.13331 4.11156 -1.99112 -4.42305 -1.30832 -0.114436 -3.04665 -2.83609 -0.593603 -0.904348 -1.55623 -0.431253 0.381932 
-1.86711 -1.91907 1.54786 2.05695 2.00614 1.67306 1.46905 1.34086 -0.22258 -0.288912 1.11272 2.10131 -0.0180698 0.398645 0.5867 0.713833 -0.133135 0.389387 0.966759 0.0234119 -0.827317 -0.659031 -0.648893 -0.456678 0.696508 0.186581 -0.558539 -0.396496 0.424134 -0.428907 -0.56868 0.458534 0.69154 -0.436674 0.268021 1.93499 0.444929 -1.7054 -0.844276 
-1.68196 -1.72058 1.38883 1.8037 1.85962 2.08831 1.66594 1.28721 -0.571941 -0.208179 1.14086 1.65396 -0.246407 0.432738 0.489526 -0.173563 -0.58418 -0.0237222 0.787999 0.250251 -0.494675 -0.176423 0.685451 0.0335184 -1.11084 -1.05156 0.399135 0.472038 0.145333 -1.0497 -1.81605 -1.47095 -0.843528 0.0465002 0.534654 1.28428 0.651303 -0.492408 -0.033594 
-1.5507 -1.54935 1.39533 1.66534 1.89026 2.42995 1.58321 0.978177 -0.472863 0.326683 1.0959 1.13786 -1.03298 0.914662 1.19617 0.743967 -1.18924 -1.88407 -1.18161 -0.880797 -0.901743 0.198983 1.30997 0.399241 -0.0717733 0.187185 1.49894 1.58252 0.75796 -1.20617 -2.65261 -3.22379 -2.11631 1.38486 1.50956 -1.13848 -0.841736 0.919354 2.04093 
-1.09728 -0.927057 1.67252 1.09819 0.167311 0.793081 1.11216 0.6502 -0.450648 1.08835 1.46239 1.55768 -0.115967 2.00142 2.22387 0.37796 -1.78074 -3.33785 -3.88586 -1.80007 1.0918 2.1947 -1.01695 -1.21116 0.251323 1.67917 0.851945 0.455986 -2.31381 -0.36935 0.447967 -0.797364 -1.2152 1.51406 2.05026 -2.35482 -2.80042 -0.81275 1.62965 
-0.361056 -0.139478 1.50501 0.652963 -1.03395 -1.68282 0.486565 1.68463 1.62379 -0.913919 -0.072413 1.31122 0.476952 1.86408 1.78937 -1.3188 -1.63458 -1.34115 -2.35947 -2.11968 0.845071 3.40931 -2.23055 -3.60116 -1.32347 2.37667 -1.17687 -1.54835 -2.82674 0.693558 3.01019 2.85171 0.406172 -1.93137 -0.952484 0.255341 -0.597783 -1.06656 0.0249694 
0.0159053 0.22223 0.975527 0.161639 -1.06494 -1.72935 -0.173238 1.19038 2.84822 -1.4755 -1.91701 0.416773 2.03887 1.00899 0.786758 -2.12135 -1.2719 0.392425 0.193883 -1.57895 -1.43716 0.744591 -0.613014 -2.11261 -1.3834 1.75684 -1.37616 -1.52459 -0.741879 1.22986 1.82564 2.12138 1.718 -1.8887 -3.55096 1.11466 2.88791 1.01632 -2.10736 
0.276132 0.408502 0.426471 -0.0954296 -0.797206 -1.54493 -0.479504 0.686795 2.28512 -1.7141 -2.07469 0.120301 2.0587 0.680896 0.376329 -2.04375 -0.644289 0.915571 0.668007 -0.717299 -1.63095 -2.07379 -0.528023 0.4015 0.185023 -0.35186 -0.758101 -0.659307 1.00965 0.945569 0.403149 0.644341 1.31171 -0.26702 -1.57935 0.807509 2.12276 1.16762 -1.85857 
0.470457 0.52406 -0.0661185 -0.26116 -0.384886 -1.09747 -0.630461 0.0619525 0.719925 -2.183 -1.59339 0.534805 1.67091 0.417373 0.250215 -1.35562 -0.536813 0.879595 1.09324 -0.542422 -1.90067 -1.67846 0.625354 0.813536 0.353418 -0.644259 -0.566776 -0.342977 1.33273 0.338916 -0.224226 0.161122 0.473023 0.339379 1.12235 1.39292 0.177072 -0.611703 -0.403941 
0.58399 0.634697 -0.288024 -0.462471 -0.14764 -0.470008 -0.833454 -0.623395 0.548127 -1.16403 -1.36989 0.37887 1.42039 0.272404 0.160215 -1.00306 -0.453807 0.6223 0.871139 -0.435988 -1.34191 -0.303637 1.59501 0.59021 -0.763284 -0.838642 -0.278537 -0.322014 0.23337 0.562383 -0.221015 -0.670143 0.35043 1.35083 1.08016 0.447465 0.0869445 -0.904851 -0.578534 
0.697616 0.696278 -0.612999 -0.585139 0.0466528 -0.253956 -0.921557 -0.871688 0.343725 -0.575677 -1.09519 -0.138586 0.852867 0.284766 0.0553363 -1.25056 -0.145722 0.590319 0.0986789 -0.371503 -0.356412 0.0262091 1.31963 0.875444 -1.03727 -1.36081 -0.260878 -0.316481 0.214335 0.650357 -0.0970728 -0.653678 0.253515 1.11444 0.315593 -0.419663 0.196548 0.24076 -0.212793 
0.818031 0.744016 -0.952572 -0.62662 0.256799 -0.431311 -1.08647 -0.892904 0.498408 0.143034 -0.607806 -0.52318 0.119547 0.156698 -0.0290595 -0.914196 0.0162595 0.487205 -0.0996991 -0.352338 -0.0910138 0.214382 0.978884 0.806321 -0.425163 -1.07387 -0.489814 -0.322965 1.16739 0.449224 -0.194803 0.0427046 0.618859 0.300196 -0.282021 -0.687723 -0.346142 0.270142 0.578 
0.860366 0.754981 -1.11763 -0.665254 0.363715 -0.421947 -1.16325 -0.962343 0.480259 0.35986 -0.397054 -0.529793 -0.182666 -0.0500634 -0.140506 -0.350584 0.143784 0.33365 0.131194 0.04113 -0.116001 -0.383304 0.298407 0.328031 -0.654809 -0.555333 -0.492372 -0.256875 1.33435 0.188788 -0.296433 0.324784 0.705502 -0.0485667 -0.228596 -0.382391 -0.651464 -0.271414 0.865033 
0.865685 0.73588 -1.18926 -0.640577 0.443742 -0.358737 -1.0958 -1.0004 0.0433534 0.336619 -0.352157 -1.10604 -0.436547 -0.180579 -0.157955 0.12788 0.0719686 0.104111 0.339237 0.138315 -0.283417 -0.112213 0.419083 -0.170656 -0.859948 0.10935 -0.237149 -0.0771333 0.751048 -0.0950891 -0.312051 0.0967997 0.187628 0.0842663 0.455027 0.102575 -0.261531 0.460951 0.70551 
0.835367 0.73638 -1.12685 -0.716468 0.356151 -0.132615 -1.1152 -1.18266 0.293531 0.685022 -0.602759 -1.28386 -0.124193 -0.143057 -0.0873298 0.195056 -0.0553476 -0.0688724 0.241649 0.0654503 -0.143559 0.351124 0.471483 -0.10034 0.0155964 0.41795 -0.0779094 -0.0594096 0.245084 0.134234 -0.171775 -0.20143 0.224567 0.294387 -0.293063 -0.277015 0.531779 1.1399 0.126841 
0.861573 0.759636 -1.16653 -0.757841 0.289596 -0.171081 -1.09078 -1.12646 0.315235 0.718915 -0.492811 -1.12941 -0.0927412 -0.121158 -0.0868254 0.242909 0.0787034 -0.123912 0.0200009 0.195898 -0.0502151 -0.538864 0.0185241 0.517101 0.835034 0.321091 -0.20216 -0.180085 0.363862 0.330246 -0.0559369 -0.116945 0.388905 0.340195 -0.396778 -0.50691 0.215334 0.604605 0.113186 
0.843445 0.760439 -1.08137 -0.764188 0.155365 -0.175892 -1.03314 -1.24582 -0.315496 0.573439 -0.172194 -0.623348 0.130057 -0.202561 -0.13844 0.411174 0.12735 -0.152795 0.0441397 0.271015 0.146491 -0.236499 -0.276492 0.142202 0.902786 0.61172 -0.277469 -0.207337 0.557147 0.337882 0.0401144 0.0539798 0.300219 0.336105 0.329515 -0.0915555 -0.278207 0.0686256 0.395961 
0.824338 0.752739 -1.04106 -0.780323 0.0643347 -0.189208 -0.964356 -1.05706 0.00548831 0.285663 -0.409079 -0.412355 0.430225 -0.252744 -0.165541 0.623527 0.268257 -0.088349 0.0687609 0.321604 0.234759 0.000763127 -0.101769 0.0652686 0.913392 0.887 -0.269123 -0.1628 0.751612 0.251483 -0.128177 0.123793 0.47156 -0.103992 -0.423937 0.450382 0.603138 0.0427316 -0.691724 
0.778275 0.737288 -0.854948 -0.71357 -0.015285 -0.168366 -0.876839 -1.11694 -0.390401 0.330695 -0.159637 0.102555 0.907547 -0.326158 -0.172041 0.957295 0.239342 -0.326583 0.193486 0.55101 -0.114695 -0.866274 0.422187 0.930355 0.942068 -0.253792 -0.216503 -0.230571 -0.0977233 -0.00338442 -0.158852 0.111332 0.694217 0.232552 -0.270045 0.490731 0.47482 -1.1086 -1.46622 
0.7183 0.72569 -0.655956 -0.744706 -0.30819 -0.0517314 -0.672584 -1.16368 -0.927609 0.61421 0.403802 0.33748 0.152936 -0.325976 -0.267792 0.446803 0.15145 -0.300296 0.200154 0.802095 0.391224 -0.390163 0.657886 0.672888 -0.78477 -0.99776 -0.401562 -0.436392 -0.114885 0.177384 -0.228312 -0.101918 0.97804 1.20693 0.711897 0.0291005 -0.483889 -1.83582 -0.828474 
0.672339 0.652814 -0.712539 -0.72355 -0.365535 -0.0239422 -0.43679 -0.882609 -0.852245 0.916235 0.415052 -0.588767 -0.057616 -0.576517 -0.482781 0.765965 0.284813 -0.624936 0.017628 1.28708 1.25098 0.266831 0.484228 0.189143 -1.85352 -1.29927 -0.47434 -0.417064 0.517644 0.386552 -0.213234 -0.178691 0.692659 0.928642 0.14836 -0.831059 -0.153606 0.840684 0.301168 
0.472898 0.512279 -0.361812 -0.685499 -0.933534 -0.0974807 0.0538687 -0.34996 -0.739161 1.0104 0.530961 -1.24578 -1.091 -0.645994 -0.558953 0.7938 0.384694 -0.579892 -0.0863187 1.28118 1.41154 -0.131701 -0.57994 0.396359 0.458679 -0.556601 -0.0919912 -0.0967542 -0.0234058 0.161061 0.282097 0.109218 -0.306772 -0.286489 -0.121891 -0.26368 0.0146501 0.919131 0.255542 
0.388261 0.39372 -0.405161 -0.612526 -0.952709 -0.177993 0.286183 0.0393133 -1.05826 0.152121 0.733914 -0.242351 -0.614882 -0.530574 -0.44948 0.652491 0.315631 -0.288351 0.145976 0.866202 0.763311 0.105849 0.103822 0.149339 -0.491687 -0.918155 -0.131088 -0.087452 0.111314 0.0312742 0.237946 0.244146 -0.495645 -0.743478 -0.060044 0.13165 -0.560177 -1.25611 -0.658026 
0.253069 0.318839 -0.121615 -0.610304 -1.27366 -0.00950516 0.531776 0.135118 -0.710052 0.991824 0.621294 -1.69251 -1.98256 -0.637472 -0.516229 0.794982 0.299001 -0.29823 0.236434 0.690233 0.356748 -0.196693 -0.362926 -0.452184 -1.46208 -1.37776 -0.407071 -0.42897 0.12799 0.612855 0.323204 -0.231131 -0.410789 0.105265 -0.185212 -1.32036 -0.539252 1.3023 1.68374 
0.108926 0.160248 -0.0972217 -0.545958 -1.30121 0.00423061 0.660172 0.250407 -1.32861 -0.375374 0.267756 -1.49894 -1.9314 -0.786207 -0.752701 0.667866 0.752032 0.0993686 -0.216052 0.351664 0.761812 -0.153412 -1.87343 -0.669765 1.44838 1.34251 -0.368006 -0.53459 -0.73897 0.534234 0.465121 -0.251273 -0.475822 0.0668052 -0.0521379 -0.305391 0.436347 2.10717 1.66317 
-0.10906 -0.0564548 0.125891 -0.308709 -1.28524 -0.298725 0.705825 0.619187 -0.93756 -1.18263 -0.0461556 -0.520122 -0.783908 -0.855715 -0.926439 0.0725124 0.664822 0.266031 -0.154615 0.117133 0.307521 -0.249414 -0.806366 0.101308 1.69257 0.855827 0.744369 0.581053 -0.812922 0.142009 1.24177 0.411796 -1.49399 -1.21271 0.740227 2.02547 0.591195 -0.501208 -0.374903 
-0.291895 -0.319243 -0.132758 -0.289607 -1.17156 -0.220978 0.69572 0.428327 -1.65114 -1.38637 0.313655 -0.122756 -1.18273 0.0602476 -0.0328081 -0.117542 0.765747 1.62976 0.348251 -1.13827 -0.875296 1.02366 1.20551 0.101586 0.666819 0.893941 0.754043 0.784957 0.0247238 -0.61384 -0.202329 0.127449 0.0305396 -0.141329 0.14253 0.521641 -0.0290644 -1.1049 -0.684366 
