-2.65842 -2.61091 2.4178 2.73387 -1.3405 0.128923 1.29599 0.648302 -1.75716 -0.694335 -0.142818 0.128442 0.597104 -2.99633 -2.59886 3.07592 3.48039 1.45428 2.18982 3.04893 1.18377 -1.62759 0.0463089 0.586946 -0.0226225 -1.45001 1.32242 1.51416 -0.0290273 0.025123 2.2098 2.25439 0.832153 -1.28855 -0.512773 0.898348 0.472348 -0.660377 -1.99274 
-1.8819 -1.70625 2.4741 3.10107 1.506 1.81355 1.99407 1.07687 -1.87996 0.0759686 0.607614 0.0205617 -1.62118 1.53212 1.75905 -0.0759353 -0.0406379 3.39664 3.00859 0.872411 -1.85452 -0.674289 1.50534 0.533588 -1.06635 -2.86636 3.97005 3.63159 -2.9216 -4.01932 -1.30108 -1.62241 -3.34519 -2.01062 1.43085 0.0131669 -1.15632 -0.376842 1.0562 
-1.64205 -1.41718 2.26565 2.60764 2.20331 2.62438 1.85971 -0.961856 -2.52405 1.51989 0.413696 -0.828517 -2.57385 1.32717 1.4125 -0.83129 -1.74675 -0.514749 -0.0370534 -1.0272 -1.66036 0.632152 0.11002 -1.02199 -0.676372 0.135196 0.87717 0.485817 -1.45683 -2.03404 -3.42913 -4.04016 -2.8834 1.88808 2.35102 -1.79186 -2.23626 0.0258879 3.29661 
-0.996701 -0.743127 1.69256 1.41106 0.946212 1.77245 1.30942 -0.361563 -1.12145 0.245308 -0.325596 -0.571157 -1.50783 2.59482 2.42424 -2.04302 -2.72189 -1.82469 -2.48336 -2.65666 0.644588 2.9745 -1.37065 -2.49603 -1.13405 1.98992 0.642629 0.392501 -0.60988 -0.1235 -0.268316 -1.30332 -1.18607 0.663235 0.961825 -0.0871488 -0.649651 -0.461824 1.26255 
0.0544566 0.219207 0.474452 0.023838 0.26921 0.545872 0.104218 -0.361831 0.969372 -0.480748 -1.93115 -1.84888 -0.431045 2.1426 1.97843 -1.67658 -1.97798 -0.905416 -1.83301 -2.54559 -0.839918 2.18386 0.0103543 -1.9644 -1.45379 2.02168 -1.91869 -1.70858 1.31079 1.57795 0.845044 1.47773 1.55681 -1.21249 -1.87089 1.14009 2.05226 1.32439 -0.430077 
0.41038 0.5966 0.206701 -0.490889 -0.0234412 0.235578 -0.37308 -1.07442 1.44882 0.268584 -2.16132 -1.89098 0.669731 0.709878 0.755243 -0.344348 -0.771226 -0.513808 -0.523616 -0.925821 -1.10569 0.250051 0.528388 0.115945 0.687824 1.40511 -1.84724 -1.69807 1.17735 1.49024 0.494837 1.01903 1.73333 0.293676 -1.75749 0.0602152 2.26901 1.85888 -1.27815 
0.544578 0.744955 0.0986531 -0.772029 -0.289591 0.099534 -0.513812 -1.30973 1.28174 0.301723 -1.7746 -1.16294 1.07186 0.332976 0.320616 -0.154638 -0.139781 -0.129758 -0.492729 -0.605631 -0.525969 -0.369406 0.150689 0.932713 1.14587 0.198645 -0.534071 -0.737909 0.0850631 1.03803 0.545967 -0.248904 0.342949 1.08492 -0.752045 -0.436917 1.20838 0.315569 -1.53698 
0.659279 0.833124 -0.0110243 -0.707987 -0.179321 -0.185035 -0.780689 -1.50962 1.03791 0.497525 -1.22258 -0.776042 0.852513 0.284722 0.118752 -0.269168 0.487061 0.339992 -0.895626 -0.632927 0.292672 -0.785436 -0.140919 1.61779 1.04167 -0.795822 -0.233909 -0.439417 -0.130289 0.64965 0.491674 -0.185908 0.11417 0.746506 -0.236067 -0.155533 0.41134 -0.35134 -0.774399 
0.762593 0.847148 -0.214503 -0.414578 0.0473631 -0.656632 -0.939359 -1.02093 0.385069 0.103304 -0.17978 -0.145599 0.166488 0.224278 0.00163194 -0.364696 0.62046 0.641066 -0.779666 -0.583751 0.408593 -0.62599 -0.0603492 1.38604 0.529232 -0.888893 -0.270619 -0.295587 -0.0190148 0.0370054 0.189437 0.359269 0.2314 -0.00697465 0.411787 0.188733 -0.776387 -0.869666 0.138719 
0.83861 0.857379 -0.403777 -0.228265 0.473503 -0.844624 -1.17392 -1.1183 0.327415 0.417183 0.150303 -0.238632 -0.154694 0.13732 -0.0472401 -0.331842 0.461661 0.648908 -0.44632 -0.472175 0.194576 -0.0640432 0.208724 0.508656 -0.329238 -0.550174 -0.271865 -0.200902 0.130719 -0.156078 -0.191708 0.315979 0.359914 0.0114176 0.310068 0.0763019 -0.688471 -0.432055 0.356356 
0.88627 0.838881 -0.579881 -0.0804082 0.708414 -1.03859 -1.25926 -0.81889 0.330697 0.417297 0.352858 -0.412203 -0.470091 0.0755619 -0.0636433 -0.229044 0.347454 0.367479 -0.388822 -0.27076 0.335703 -0.0581485 0.106185 0.392563 -0.204864 -0.325487 -0.18352 -0.118945 0.119343 -0.162237 -0.312431 0.148095 0.433323 0.310625 -0.149055 -0.377609 -0.0966287 0.308604 0.141571 
0.922761 0.838196 -0.6835 0.00122476 0.839295 -1.1787 -1.36146 -0.791451 0.279926 0.580902 0.571763 -0.388751 -0.545419 0.0817459 -0.0253372 -0.211258 0.180757 0.19082 -0.282199 -0.0722229 0.531755 -0.189277 -0.363993 0.293749 0.0144679 -0.300363 -0.156623 -0.0702199 0.118281 -0.200204 -0.187192 0.25964 0.329452 0.26833 0.255722 -0.268305 -0.295184 0.318608 0.155769 
0.974379 0.845189 -0.844783 -0.0037082 0.888866 -1.28387 -1.31633 -0.318653 0.130104 -0.108046 0.679687 -0.356904 -0.833325 0.0483456 0.0100888 -0.109866 0.0178616 0.100793 -0.0740613 0.00614539 0.614917 0.427655 -0.288515 -0.083545 0.153399 -0.0549457 -0.186487 -0.114377 0.156966 -0.0376195 -0.0623342 0.238224 0.2169 0.0277709 0.35965 0.262634 -0.245836 -0.0742648 0.105824 
0.989493 0.868079 -0.86392 -0.0713819 0.925296 -1.25063 -1.36702 -0.217667 0.79966 0.166175 0.53727 -0.203333 -0.640116 0.0230443 0.00142474 -0.0408412 0.05966 0.114955 0.0036404 0.0713518 0.481278 0.453412 0.106007 -0.117441 -0.198974 -0.102743 -0.166532 -0.145962 0.157909 0.11405 -0.212568 -0.00152604 0.362945 -0.129025 -0.877081 -0.066698 0.473569 0.204592 0.086264 
1.02492 0.869306 -0.967688 -0.0380034 0.989725 -1.29108 -1.27904 0.136943 0.679911 0.0554128 0.612733 -0.501508 -0.980324 0.0106822 0.00325352 0.0617998 0.0912615 -0.204675 -0.111996 0.322728 0.349547 -0.796582 -0.354874 0.451649 0.345747 0.114116 -0.227662 -0.130843 0.238034 -0.0683689 -0.340028 0.0876059 0.212227 -0.551059 -0.752468 -0.12621 0.331248 0.700165 0.582931 
1.03212 0.893413 -0.9013 -0.076712 0.690819 -1.35415 -1.16454 0.121428 -0.11002 -0.345804 1.01532 0.162232 -0.549826 -0.079068 0.0106724 0.236951 -0.10087 -0.385309 0.0860746 0.209391 -0.362496 -0.582713 -0.0572742 0.230528 0.714527 0.79147 -0.345905 -0.258662 0.124196 -0.142549 0.117608 0.549804 0.109245 -0.425394 0.715128 0.468724 -0.649075 -0.510765 -0.220126 
1.0101 0.899577 -0.859126 -0.219436 0.565737 -1.22964 -1.15104 -0.153683 0.0199433 -0.0204231 0.879018 0.209445 -0.148869 -0.216092 -0.123461 0.188812 -0.164396 -0.00553509 0.59462 0.338773 -0.322 0.382725 0.450769 -0.490006 -0.502887 -0.164163 -0.272538 -0.350469 -0.139935 -0.000690511 0.176067 0.344733 0.491563 0.86881 0.849773 0.451308 -0.363517 -1.08413 -1.24263 
0.929609 0.834424 -0.832849 -0.316371 0.665267 -0.869162 -0.951511 -0.133386 0.357253 0.322914 0.591569 -0.267007 -0.764029 -0.228492 -0.213697 0.0141161 -0.17461 -0.0968271 0.515749 0.678335 0.739685 0.799849 0.720005 -0.335473 -0.968469 -0.979709 -0.214869 -0.235189 0.0574966 0.0120827 -0.387831 -0.0883661 0.634062 0.93976 -0.195844 -0.122808 0.309216 0.289247 0.419751 
0.899656 0.78054 -0.936238 -0.468459 0.444406 -0.810341 -0.71486 0.530445 0.97425 1.04287 0.603263 -0.655843 -1.25545 -0.304717 -0.225207 0.227479 -0.221756 -0.578856 0.43941 0.976524 0.877418 0.186859 0.293028 -0.17102 -0.18735 0.491803 -0.340931 -0.192933 0.349684 0.0231109 -0.0388913 0.397507 0.123534 -0.972571 -0.658834 -0.591325 -0.465364 0.681065 1.74517 
0.770376 0.707728 -0.732179 -0.608606 0.0382201 -0.513443 -0.319367 0.672552 0.595834 0.760457 0.473305 -0.400724 -0.260472 -0.450024 -0.270496 0.439791 -0.217828 -0.136865 1.01669 0.711308 -0.681778 -0.0949285 -0.200775 -1.03545 -0.0827616 1.61142 -0.269125 -0.164888 0.219412 0.0549967 0.229276 0.32651 -0.363121 -1.20168 -0.232491 -0.649486 -0.656185 0.584609 0.813732 
0.647426 0.623706 -0.658661 -0.757093 0.281071 0.026167 -0.25701 -0.0425515 0.883817 0.756729 -0.342841 -0.691606 0.4732 -0.450544 -0.252174 0.480607 -0.224085 -0.209054 0.844476 0.432999 -0.858041 -0.0643272 -0.722475 -1.12203 0.557996 1.72299 -0.143234 -0.139266 0.0993257 0.074172 -0.340217 -0.372753 0.0388218 0.709044 0.0106827 -0.666378 0.0317868 0.448793 -0.51952 
0.517813 0.563086 -0.420593 -0.902975 -0.200852 0.179633 -0.0444151 -0.0563296 0.541131 -0.290253 -0.555707 0.163627 1.59026 -0.463125 -0.270208 0.533862 -0.195567 -0.637417 0.47743 0.64393 0.201441 0.020972 -1.24379 -1.08143 0.464946 0.896014 -0.135016 -0.253234 -0.0989824 0.305243 0.268329 0.0251907 0.240207 0.344255 -0.2903 0.141901 0.373907 -0.495439 -1.10339 
0.38681 0.467064 -0.302701 -1.02532 -0.407415 0.41355 0.15656 0.16556 0.928709 -1.05798 -1.33297 -0.214403 1.41905 -0.45498 -0.373115 0.312015 0.0944968 0.220432 0.842621 0.604184 -0.474771 -0.40278 -0.449105 -0.717941 -0.268335 0.155123 -0.130628 -0.279149 -0.157715 0.419717 0.688107 0.318806 0.117396 -0.513824 -0.667637 0.76756 1.11483 0.167607 -0.439342 
0.26241 0.337964 -0.249484 -0.90534 0.010667 0.871165 0.343035 -0.446252 0.0912524 -0.940329 -1.19774 -0.0459373 1.72542 -0.462936 -0.418715 0.287478 0.269813 0.433614 0.872092 0.669631 -0.591301 -0.887095 0.0485481 0.297351 0.603474 0.297671 -0.306861 -0.324524 0.101972 0.163609 -0.200148 -0.243169 -0.054027 0.0420892 -0.13219 0.260215 0.643599 0.345547 -0.55486 
0.126316 0.211597 -0.152038 -0.866998 0.0277624 1.12963 0.587021 -0.327419 -0.0866538 -0.97873 -1.00269 0.39254 1.71018 -0.640591 -0.569888 0.409591 0.231449 -0.0660546 0.478356 0.426815 -0.505625 -0.502555 0.0169557 0.0409306 0.12913 -0.61188 -0.519153 -0.525317 0.315971 0.507797 -0.270275 -0.578223 -0.262178 0.30598 0.28412 0.372155 0.154871 -0.659776 -0.98249 
-0.111786 -0.018101 0.0029282 -0.782177 -0.0783786 1.25932 0.613924 -0.86346 -0.475124 -0.907378 -1.11302 0.116751 1.02132 -0.872364 -0.829071 0.6685 0.848145 0.0399522 0.0553488 0.245685 -0.260487 -0.358423 0.696917 0.413295 -0.462 -1.09369 -0.26814 -0.236134 0.491806 0.818442 -0.11201 -0.731158 -0.23614 0.648446 0.218157 0.62678 0.873281 0.351965 0.469141 
-0.396218 -0.316943 0.316108 -0.178586 0.0499329 1.16548 0.738875 -0.527831 -0.484742 0.0507258 -0.56138 0.0015958 0.47889 -0.785379 -0.672639 1.02351 1.20814 -0.217839 -0.54492 0.0337144 0.294544 -0.0734592 1.08001 1.10195 0.535935 0.116196 0.101071 0.234724 0.288849 -0.0996768 -0.724028 -0.677044 -0.307498 0.566628 0.782443 0.380099 0.205215 0.716424 0.958325 
-0.578648 -0.442543 0.766882 0.236202 -0.326667 0.795239 0.626476 -0.573009 -0.540489 0.683517 -0.0122098 0.660439 1.11389 -0.627897 -0.430969 1.0136 0.647467 -1.04718 -0.894848 -0.231948 0.427549 0.9225 1.35822 0.595467 0.475162 0.348615 -0.181322 -0.364064 -0.677772 -0.997629 -0.936187 -0.0464374 0.85174 1.86302 0.8063 -0.2371 -0.190941 -0.0327059 -0.751888 
-0.762289 -0.580565 1.0718 0.325889 -1.06845 0.409961 0.576841 -0.119753 0.612771 2.04935 0.0543938 0.488366 0.825771 -0.838635 -0.911469 0.0882998 -0.144047 -1.62921 -0.643506 0.929329 2.75931 1.24348 0.736133 0.762974 0.382969 -0.938475 -0.220182 -0.621414 -0.902369 -0.285474 0.166177 0.291428 0.995264 1.393 -1.18092 -1.89744 -0.0196512 0.068745 -0.765511 
-1.0796 -1.02592 0.751583 0.0151939 -2.05568 0.24905 1.2276 1.89725 0.931796 1.77044 0.76398 1.06086 0.0524307 -0.722123 -0.943544 -0.219096 0.208527 -0.773811 -0.537159 0.833686 2.24815 -0.760398 -1.68972 0.481825 0.469827 -0.725946 1.03566 0.501926 -1.28158 0.362373 2.04156 0.158416 -1.08521 -1.30416 -2.12723 -2.58158 -0.0979507 0.719497 0.309605 
-1.18867 -1.18528 0.800369 0.428042 -1.90003 -0.047656 1.11511 1.89844 -0.254661 -0.418896 0.561337 0.97014 -0.00313774 0.391162 -0.229144 -1.64666 0.247797 1.51029 -0.465446 -0.46959 0.883396 -1.86793 -3.42603 0.546328 1.3246 -0.443327 0.604232 0.0555085 -1.73042 -1.10095 0.320106 -0.233435 -1.33577 -1.85877 -0.610085 0.269456 1.00546 1.45399 0.502084 
-0.793456 -1.15523 -0.709355 0.153341 -0.490917 -0.14884 0.909397 2.70847 -1.22879 -3.24241 1.3327 2.34319 -0.467235 0.0528227 -0.736074 -2.54856 -1.27616 -0.265194 -0.888278 -0.862048 -0.38786 -1.58159 -1.20861 1.71672 2.48029 0.0502293 -1.51535 -0.900472 1.44757 -0.43909 -1.93715 0.317602 0.581602 -1.464 1.25358 3.25726 -0.327524 -1.45201 0.226127 
-1.11907 -1.65194 -1.41206 -0.830639 -2.198 -0.797703 0.538995 1.58538 -2.08091 -2.18206 2.2509 3.33485 0.0172477 -1.06855 -1.03855 0.233183 -0.388137 -1.43085 -0.0724103 0.106016 -1.21157 0.124196 1.92109 0.027677 -0.893719 -0.0700597 1.42452 2.85347 3.31242 1.83436 1.54398 1.40267 0.143387 -0.985111 2.15066 1.62698 -3.06107 -4.10957 -0.0530851 
-1.44155 -1.82317 -0.603933 -0.291395 -2.01183 -0.219392 0.969465 1.66693 -1.06337 -0.418887 1.40472 1.54792 -0.578471 1.69259 2.4476 1.80133 1.00332 2.11387 0.9701 -0.805556 -1.82651 1.76474 1.48339 -2.39793 -3.60529 0.0158362 0.882717 0.836821 -0.147748 0.359483 0.923546 0.0801833 0.00620562 0.948627 -0.148368 -1.20553 0.045696 0.68657 0.0184561 
