-1.06497 -1.59071 -1.6964 1.05957 2.02622 -2.26377 -0.68419 1.92037 -0.364815 -1.95851 1.56078 2.24775 -0.471269 -2.38175 -2.87682 -2.24527 2.59069 2.12071 -2.31805 -1.24183 2.37623 -1.58419 -2.61214 1.32167 3.01171 0.430096 -0.859944 -0.131964 1.17592 -0.306134 -1.28985 0.678722 1.18449 -0.560162 0.696191 0.732218 -0.877486 -0.545817 2.28973 
-1.03253 -1.5395 -1.59724 1.0929 2.12818 -2.09855 -0.625046 1.6277 -1.41298 -2.76448 1.10845 2.11307 0.385246 -0.804719 -0.0285831 1.78122 -0.428186 -1.95165 1.04325 1.47119 -0.854621 1.05324 1.1389 -1.40289 -0.889693 3.28406 1.32491 2.48602 3.69513 -2.58214 -2.85968 3.50014 3.82865 -2.56138 2.20013 4.2331 -0.648991 -2.73302 0.832404 
-1.4163 -1.60471 -0.393152 0.874899 -0.00352497 -1.29634 0.100101 1.3184 0.537689 -0.72121 0.374316 1.58048 2.48897 -0.8496 0.353867 3.12925 -0.239448 -2.10935 2.67023 3.44988 -1.13193 1.60155 3.57674 0.262664 -0.976248 1.61812 0.755149 0.474292 0.119096 1.10168 1.46728 0.563376 0.369217 0.0950243 -0.820421 0.488291 1.58494 0.476512 -2.62836 
-1.40324 -1.34866 0.677066 0.9881 -0.0625763 0.352917 1.18712 0.834357 -0.0290926 1.07362 1.32489 1.38412 1.84239 0.118027 0.697595 2.05503 0.629349 0.0983127 1.92522 1.94939 -0.84049 -0.0440126 1.92593 0.900219 -0.331216 -0.505455 0.843717 -0.120935 -1.69175 0.904929 1.76757 -1.75381 -2.79637 0.864152 -0.609964 -1.91269 0.198899 0.895777 -1.12136 
-1.36905 -1.22977 1.10734 1.13777 0.0597673 0.475571 1.13281 0.726177 0.476881 1.35573 1.12778 1.3112 2.03011 0.167876 0.339015 0.820154 0.610448 0.37645 0.312214 0.0724858 -0.0979605 0.802722 0.900381 0.479752 0.176135 -0.0039075 0.0168927 -0.495103 -1.48889 -0.486054 0.272682 -1.13408 -1.46712 0.645958 0.19306 -0.942608 -0.211749 0.366403 0.132092 
-1.33447 -1.16577 1.28801 1.24297 0.284697 0.65354 1.24482 0.754572 0.653477 2.05646 1.72419 1.47641 1.83605 0.251151 0.216921 0.0352894 0.0112869 0.414474 0.433726 0.190985 -0.0958414 0.295807 0.648906 0.499274 0.0712874 -0.324676 -0.117753 -0.288995 -0.680306 -0.409392 0.180042 0.0131831 -0.00205213 0.122651 -0.810373 -1.1991 -0.780596 -0.372156 -0.570751 
-1.26431 -1.11228 1.15291 1.13908 0.445864 0.88703 1.25207 0.647855 0.714413 2.07029 1.54352 1.32878 1.73436 0.156987 0.114936 -0.0462609 0.0732893 0.558157 0.424879 0.098495 -0.0471977 -0.280279 -0.746635 -0.777318 -0.46756 -0.834011 -0.326107 -0.240452 0.087733 0.54797 0.107983 -0.218765 -0.0951472 -0.170043 -1.54953 -1.35364 -0.522784 -0.201158 -0.840804 
-1.27039 -1.10291 1.27483 1.27052 0.817496 1.05693 1.31604 0.709819 0.385242 1.28218 1.06465 1.10997 1.08075 0.0174114 0.0532755 0.264372 0.48447 0.491597 0.22207 0.103607 -0.43318 -1.83529 -1.22103 -0.369784 -0.330182 -1.54319 0.0301539 0.0521522 0.139198 0.0185252 -0.402858 -0.231455 0.35962 0.0587695 -0.844092 0.0724116 0.49431 -0.314121 -0.659613 
-1.26052 -1.08244 1.36349 1.34064 0.910704 1.10543 1.32594 0.336728 -0.919017 0.789906 1.22725 1.06024 0.339209 0.304295 0.315569 0.25623 -0.0122713 -0.106139 0.195479 0.565011 -0.0811391 -1.41109 -0.559503 -0.115632 -1.02905 -1.79192 0.122726 0.0909181 0.0149361 -0.0916271 -0.165505 -0.139276 0.17629 0.845601 1.78972 0.822166 -0.203099 -0.821121 0.393314 
-1.14269 -0.932579 1.47955 1.26186 0.672041 1.25107 1.62959 0.641643 -0.875772 0.707549 0.962451 0.343385 -0.53882 0.263732 0.302171 0.389621 0.282662 0.171787 0.121558 0.346832 0.576188 0.768513 0.0476154 -0.757712 -1.60985 -0.986702 -0.326271 -0.348187 -0.313277 0.333711 0.666486 0.206887 -0.243267 0.0464543 0.470216 0.00312404 0.0337878 0.855629 1.16037 
-1.15034 -0.919287 1.6643 1.45679 1.04901 1.23215 1.52616 0.722185 -0.26648 0.862975 0.584218 -0.12026 -0.553853 0.0703788 0.017799 -0.0866696 0.234796 0.781577 0.578988 0.297226 -0.13141 -0.678278 -0.472318 -0.147041 0.0664664 -0.132192 0.0211823 -0.132003 -0.457479 -0.192798 0.206133 -0.146184 -0.545676 -0.556259 -1.24401 -0.593096 0.502051 1.39779 0.57208 
-1.11603 -0.921736 1.43727 1.35775 1.43295 1.79503 1.80404 0.538773 -1.49342 0.225928 0.833797 0.357522 -0.660899 0.401444 0.273539 -0.158962 -0.0259163 0.391362 0.0113889 -0.289278 -0.273258 -0.929357 -0.725242 -0.0843757 0.253657 -0.173099 0.305418 0.222517 6.58266e-006 -0.29149 -0.434969 -0.565749 -0.533867 0.287938 0.643486 -0.131948 -0.442915 -0.539128 -0.146717 
-0.980675 -0.771471 1.56994 1.44235 1.41151 1.25838 1.39593 0.521424 -1.10456 0.111524 0.508347 0.0272786 -0.712841 0.512103 0.430529 0.0172841 -0.177936 0.0706764 -0.117836 -0.324501 0.138518 0.300224 -0.579974 -0.895896 -0.813752 -0.352418 0.111608 0.0736007 -0.202894 -0.75499 -0.211074 0.312825 0.202426 -0.0244097 0.554072 0.145512 -0.363527 -0.127056 0.541853 
-0.898563 -0.689839 1.46986 1.27899 1.46803 1.70339 1.65552 0.622186 -1.25201 -0.370544 0.0743766 -0.255633 -0.981677 0.635874 0.500875 -0.344416 -0.927797 0.00541533 0.543025 -0.0142207 -0.417492 -0.0776407 -0.432663 -0.71375 -0.042844 0.597029 0.523266 0.268092 -0.428221 -0.952524 -0.570763 -0.497272 -0.461369 0.0961605 0.699051 0.987833 1.00668 0.561819 -0.419867 
-0.709748 -0.501897 1.34198 1.04625 1.37996 1.76953 1.40859 0.221124 -1.19489 -0.32779 -0.0976501 -0.0364851 -0.176979 1.18683 0.899997 -0.489567 -1.28828 -0.837311 -0.718912 -0.857927 0.154156 1.35751 0.927647 0.536921 -0.134434 -0.965508 1.39079 0.8584 -0.306749 -0.966804 -1.61561 -2.49373 -1.67897 1.42545 1.07649 -0.188897 0.46815 0.185751 -0.876608 
-0.389652 -0.206497 1.13735 0.730323 0.576039 1.06348 1.2299 0.716391 -0.0823721 0.641383 0.521829 -0.384668 -1.85562 2.23849 1.70525 -0.678006 -2.05321 -2.41903 -2.84958 -2.03065 1.36073 1.51484 -0.622467 -0.091434 0.103759 -0.672981 0.720798 0.505804 -0.102633 -0.75745 -0.811978 -1.23523 -1.50597 0.521583 0.534494 -2.28329 -2.15963 0.665537 2.94679 
0.253423 0.412733 0.873728 0.173869 -1.12698 -0.81385 0.373775 1.14801 0.112869 -0.969596 -0.179466 0.00422858 -0.786986 2.07284 1.66541 -0.532014 -2.19276 -2.09539 -2.35184 -2.66365 0.733888 2.18147 -2.2833 -2.79562 0.691805 3.26358 -1.34662 -0.913899 0.0158603 0.760341 1.49347 1.76859 0.331458 -1.27296 0.251003 -0.154316 -1.2998 -0.0291273 1.87327 
0.501967 0.686793 0.774257 -0.20111 -1.60047 -1.06589 -0.133737 1.21068 1.81065 -1.77228 -1.83775 0.0751183 1.08614 0.913235 0.703194 -0.551439 -1.35591 -0.331044 -0.28244 -1.59844 -0.439039 1.93682 -0.762387 -2.12992 -0.0540217 2.01209 -1.4393 -1.18814 -0.315309 1.47999 1.82792 1.60568 1.18771 -1.30272 -1.72266 1.79241 2.05507 -0.583507 -2.41136 
0.644155 0.790669 0.496644 -0.403412 -1.50207 -1.05563 -0.43652 0.832838 1.7911 -1.76067 -1.97832 -0.067501 1.02562 0.648451 0.32193 -0.877813 -0.735981 0.477987 -0.0124766 -1.18854 -1.10533 -0.195106 0.384922 0.215039 -0.251278 -0.213836 -0.431861 -0.452697 -0.323725 0.563724 0.828003 0.571386 0.336149 -1.00752 -1.58139 1.17901 1.82692 0.200448 -1.3024 
0.778326 0.860526 0.162069 -0.516042 -1.14952 -1.06143 -0.731102 0.435687 1.61719 -1.33935 -1.66142 -0.137187 0.8904 0.566383 0.275314 -0.909241 -0.866099 0.791093 0.610727 -1.16051 -1.88684 -0.239452 1.02101 0.537367 0.1134 0.129667 -0.283991 -0.205524 -0.0824577 -0.032484 0.311 0.545776 0.183404 -0.553251 -0.232933 0.364534 0.391926 0.56706 0.172367 
0.885066 0.939435 -0.138183 -0.773408 -0.73144 -0.482726 -1.01932 -0.481483 1.55871 -0.649148 -1.53049 -0.0199169 1.1398 0.459757 0.201768 -0.891482 -0.875374 0.849762 0.844882 -0.93665 -1.95079 -0.459324 0.993438 0.722636 0.435464 0.024869 -0.350324 -0.272197 0.104837 0.631007 -0.131137 -0.398035 0.603966 1.01217 -0.396181 -0.449027 0.264325 -0.0104761 -0.582464 
0.97318 0.969902 -0.459966 -0.889963 -0.318992 -0.274936 -1.19762 -0.922771 1.19177 -0.257238 -1.05753 0.139917 0.910029 0.306741 0.0721475 -0.655762 -0.305284 0.521165 0.148408 -0.396384 -0.656599 -0.735148 0.455967 0.852922 -0.017961 -0.717283 -0.370456 -0.220007 0.344498 0.822172 -0.312034 -0.609868 0.615437 1.48125 0.285573 -0.584822 -0.239878 -0.358933 -0.342388 
1.01383 0.979386 -0.590417 -0.90607 -0.236411 -0.331517 -1.20518 -0.946795 0.891133 -0.140431 -0.816865 -0.0659477 0.48982 0.178583 0.0635761 -0.296161 -0.112814 0.317286 0.08637 -0.158556 -0.0985758 0.0116752 0.232516 0.279356 -0.1895 -0.476786 -0.316152 -0.127519 0.24015 0.04522 -0.191887 0.117004 0.210002 0.214176 0.629774 -0.130291 -0.533728 -0.0121432 0.380645 
1.04658 1.00526 -0.653161 -0.941173 -0.0321246 -0.180314 -1.25993 -1.00298 1.17985 0.0130911 -0.827032 -0.028362 0.477039 0.083649 0.0490987 -0.209279 -0.362672 0.163065 0.406239 -0.112099 -0.484478 0.22391 0.350703 -0.0326084 -0.151683 -0.179016 -0.289717 -0.157944 0.0976644 -0.0486458 -0.163371 0.231093 0.366096 -0.287733 -0.40972 0.126457 0.137339 0.238423 0.339708 
1.04622 1.00699 -0.721026 -1.06302 -0.107005 0.0548694 -1.24337 -1.29332 1.06554 0.255985 -0.849132 -0.207276 0.325494 -0.0162358 0.00264921 -0.052913 -0.269263 0.000574287 0.503726 0.315848 -0.591966 -0.503218 0.497607 0.403794 0.031715 0.00260125 -0.100622 -0.148222 -0.0674712 0.458602 0.0579795 -0.26172 0.422494 0.454003 -0.918765 -0.16457 0.664942 0.217389 -0.371269 
1.03583 1.00799 -0.671131 -1.05859 -0.0686244 0.294994 -1.07581 -1.42369 0.715889 0.566232 -0.491714 -0.038991 0.476577 0.0910827 0.000275559 -0.201572 0.0161975 0.167615 0.134521 0.430996 0.00564609 -1.01278 0.195991 0.885882 0.0397364 -0.722209 0.105125 -0.0802397 -0.334207 0.261451 0.20204 -0.557932 -0.350693 0.778657 0.30998 -0.317353 0.056149 -0.184912 -0.671526 
1.08183 1.00845 -0.846083 -1.05963 0.0270453 0.193411 -0.999428 -1.30161 0.154217 0.487348 -0.107748 -0.212189 -0.32893 0.21126 0.0384608 -0.425666 -0.0984541 0.214208 -0.182168 -0.0827785 0.328636 0.00238781 0.122506 0.406039 -0.346741 -0.972444 -0.0768784 -0.10978 -0.150525 0.0710359 0.0733396 -0.324889 -0.523968 0.411254 0.977502 -0.152179 -0.378722 0.0862169 0.216058 
1.12335 1.0299 -0.957615 -1.10372 0.112998 0.144671 -1.09876 -1.20907 0.695818 0.719198 -0.154504 -0.319328 -0.403622 0.123912 -0.000688589 -0.31233 -0.0139464 0.194457 -0.225522 -0.178675 0.439087 0.439336 0.0591519 0.233638 0.045345 -0.420665 -0.249819 -0.184076 0.0393008 0.287449 0.028303 -0.0114858 0.347411 0.315168 -0.263685 -0.249812 0.0272884 0.179704 0.178683 
1.13161 1.00939 -1.05093 -1.069 0.188502 0.00354299 -1.0722 -1.01077 0.517758 0.572724 0.0842472 -0.213104 -0.711284 0.0591158 -0.0549992 -0.265665 0.0997909 0.175686 -0.103997 0.368867 0.63467 -0.305435 -0.155167 0.36485 -0.208705 -0.724655 -0.174068 -0.0489365 0.138468 -0.169906 -0.146072 0.299566 0.227463 -0.277715 0.115097 0.00299697 -0.598931 -0.537479 0.479231 
1.14515 1.00175 -1.12884 -1.06496 0.255289 0.0656513 -0.887095 -0.783255 0.405497 0.575929 0.148011 -0.501294 -1.06025 0.0527888 0.074094 -0.0108816 -0.298366 -0.0971478 0.287575 0.126877 -0.0410212 0.668608 0.146154 -0.750023 -0.832536 0.259396 -0.0901244 0.0474173 0.226592 -0.222767 -0.26307 0.0250982 -0.501625 -0.622591 0.433956 0.0068701 -0.737772 -0.337362 0.691618 
1.15068 1.05038 -1.03862 -1.19874 0.052227 0.281692 -0.986237 -1.05126 1.08259 0.750918 -0.552303 -0.839645 -0.480053 0.077777 0.13974 0.16148 -0.240415 -0.285725 0.0253271 -0.21359 -0.30273 0.375962 -0.062578 -0.82777 -0.803114 0.260877 -0.136306 -0.091984 0.134225 0.449201 -0.0415197 -0.339912 -0.203989 -0.271047 -1.20404 -0.466976 0.252812 0.16888 -0.259036 
1.17501 1.0779 -0.992374 -1.17017 -0.0735257 0.104593 -0.978 -1.00436 0.7134 0.531439 -0.554027 -1.10687 -0.827683 0.022055 0.0952844 0.284515 0.0705824 -0.237008 -0.093474 -0.0930674 -0.512288 -0.972588 -0.444777 -0.451795 -0.709832 -0.122375 -0.490702 -0.346006 0.190506 0.812614 0.107335 -0.0674029 0.593494 0.184946 -1.30537 -0.446209 0.429283 0.482393 -0.0717335 
1.15647 1.10273 -0.813522 -1.17233 -0.226848 0.21227 -1.01453 -1.41698 0.206549 0.29868 -0.937655 -1.37874 -0.593275 -0.332011 -0.155316 0.537154 0.512058 -0.209543 0.0253124 0.537778 -0.169365 -1.40891 -0.623552 -0.263951 -0.236306 0.148499 -0.425453 -0.355209 -0.0540928 0.337097 -0.223067 -0.268137 0.767732 1.05762 0.115252 0.221475 0.880579 1.02216 0.396651 
1.02786 0.996028 -0.585288 -0.956939 -0.324558 0.143522 -0.67859 -1.13342 -0.545702 -0.111524 -0.781156 -1.3085 -0.696509 -0.317943 -0.211228 0.311303 0.321223 -0.640361 -0.374164 0.870518 0.778216 -0.743097 -0.0426215 0.791234 0.621585 0.438913 -0.209356 -0.192532 -0.195078 -0.184521 -0.00986546 0.0808098 0.162508 0.328024 0.538146 0.27945 0.308708 0.311816 0.0119114 
1.0154 0.990905 -0.569128 -1.03986 -0.91775 -0.113179 -0.542274 -0.892097 -0.46801 0.27548 -0.275993 -0.968997 -0.200075 -0.440877 -0.259302 0.362849 0.212214 -0.303462 0.232535 0.764217 0.153715 -0.579779 -0.137768 0.1184 0.0888728 0.156425 -0.701493 -0.507183 -0.0934471 0.233443 0.474758 0.536013 -0.0282076 -0.440626 0.164329 -0.178691 -0.69897 -0.822457 -0.984912 
0.833688 0.858457 -0.303764 -0.870598 -0.671482 0.371466 -0.261551 -1.03952 -1.07688 -0.236231 -0.686227 -1.2784 -0.558184 -0.953188 -0.706942 0.281959 0.462473 -0.0309127 0.469544 0.864671 0.0820941 -0.444017 -0.217703 -0.342988 -0.65998 -0.986868 -0.0601523 -0.255759 -0.637381 -0.141286 0.335205 -0.269209 -0.702385 0.176233 0.936911 0.256076 -0.16776 -0.327685 -0.128302 
0.599936 0.613581 -0.345873 -0.847613 -0.986398 0.33095 -0.0730523 -0.847624 -0.879995 0.0654949 -0.569695 -1.47256 -1.09329 -0.390158 -0.442004 -0.442339 -0.0420013 0.103445 -0.0496532 -0.0627605 0.275526 0.814785 0.314299 -0.216341 -0.491827 -0.0373153 0.148593 -0.0282799 -0.376587 -0.221228 -0.294925 -0.96757 -1.22858 0.315907 1.35864 0.548612 0.331641 0.635551 0.749956 
0.661424 0.623032 -0.602258 -0.891841 -0.60295 0.342015 -0.274104 -0.861554 -0.383718 0.121348 -0.873253 -1.66213 -0.594661 -0.6792 -0.606443 -0.151244 0.123891 -0.538557 -0.789124 -0.603196 0.389108 1.54854 0.656344 0.0738779 0.123783 0.0825693 -1.11792 -0.639774 0.607499 0.879609 -0.818957 -0.712875 0.104379 -0.286835 -1.87624 -0.750106 0.461818 0.948509 -0.147966 
0.302821 0.290084 -0.434676 -0.79865 -1.57336 -0.373001 -0.366347 -0.591274 0.457352 0.787983 -0.512268 -1.41758 -1.0216 -1.4708 -1.10279 0.528114 0.781173 -1.16476 -0.952196 0.0928791 -0.216674 -1.77957 -0.685045 0.396445 0.735253 -0.259337 -0.262813 -0.0317489 0.723748 1.33017 0.536517 0.56141 1.4818 0.485319 -1.904 -1.2925 -0.172679 0.281799 0.402751 
0.0223791 0.0336964 -0.201684 -0.564719 -1.82927 -0.510681 -0.205807 -1.02327 -1.96823 -0.587219 -0.544125 -1.17138 -0.831457 -0.845243 -0.510262 0.985023 1.42256 0.160526 0.0900951 1.23011 0.920756 -1.08518 -1.1254 -0.268266 0.406441 0.652631 0.462879 0.0458645 -0.526302 0.845926 1.07197 -0.332245 0.199109 1.99634 1.50543 0.29888 0.66322 0.249693 -0.22458 
-0.066015 0.0180999 0.295032 -0.200098 -1.44654 -0.274982 0.292708 0.0319755 -0.517532 -0.390378 -0.743031 -1.16116 -0.435569 -0.860662 -0.909982 -0.118635 1.5688 0.311455 -1.32252 0.363897 2.31853 0.421128 -0.171235 1.31234 0.972432 -0.591552 -1.66458 -2.21565 -2.72215 1.14272 1.92246 -1.24849 -1.56968 1.30171 0.237116 0.23652 2.35333 2.50463 -0.12478 
-0.353117 -0.452374 -0.266998 0.0957218 -1.54836 -1.70117 0.0032768 0.564612 -1.62067 -0.747629 0.556473 -0.511603 -1.36799 -2.51059 -3.13294 -2.79378 2.5234 2.87113 -1.56137 -0.653218 2.53491 -0.682889 -0.701546 3.19128 3.83783 0.463957 -1.19147 -1.00081 -0.537781 0.437327 1.17632 0.971382 -0.0461431 -0.755004 -0.100478 -0.103171 -0.187918 0.713678 1.01563 
-1.15419 -1.65857 -1.69733 0.864327 1.44782 -1.68333 -0.0265711 1.76918 -1.13923 -1.11655 1.94021 1.54065 -0.0197726 -2.01997 -2.02024 -0.781757 1.92522 1.93913 0.129936 0.336205 1.20555 0.344725 -0.23738 0.947264 1.86687 0.860005 4.74604 4.89295 3.51814 -4.21901 -2.87538 2.35671 0.523217 -3.74745 1.36796 1.1401 -3.59249 -4.12027 -0.298776 
-1.22937 -1.53309 -0.809992 0.906997 0.394426 -1.56681 0.197975 1.38441 -1.34019 -0.978606 1.34956 0.785595 -0.594862 2.68072 3.09426 2.32828 -2.03419 -1.38171 1.82811 0.0125548 -2.54594 1.32288 1.02571 -2.29775 -2.11522 0.025028 1.781 1.51373 0.475206 -1.72467 -1.28122 -0.16032 -0.299443 -0.824824 -0.28971 0.107246 -0.574747 -1.23565 -0.591541 
