-2.98459 -3.13651 2.73315 3.64355 1.39221 1.91531 1.5825 1.48038 0.25775 0.00947665 -0.153332 -0.571529 -3.04246 -1.60222 -1.17961 2.68584 1.76084 -0.775777 -0.042242 0.285708 0.699621 1.40421 -0.255299 -2.36464 -2.8927 -0.522074 2.40129 2.7357 -0.991893 -2.37154 -1.40093 -1.82741 -2.0647 -1.74688 0.978179 0.139559 -1.86618 -1.27217 2.21333 
-1.22932 -0.944419 2.10887 1.43365 -0.743785 -0.0407214 0.247667 0.655928 1.27633 -0.335434 -1.93533 -1.8787 -0.526929 3.05564 3.50766 -1.45729 -3.30834 -1.74742 -2.21825 -2.54945 -2.44911 1.25179 0.320068 -2.19608 -1.61113 3.32595 2.5796 2.15637 -3.25784 -2.48483 1.48895 0.524343 -1.11346 -1.93558 -1.12146 0.938043 2.43583 2.72781 0.998527 
-0.499657 -0.100624 1.50637 0.51204 -0.0856323 0.368992 -0.34775 -0.759886 1.38627 0.256163 -1.95043 -1.5859 1.26738 1.67062 1.60929 -1.79915 -1.70341 1.36622 0.479861 -1.14732 -2.00089 0.0321166 1.14392 0.813097 0.787447 0.98625 -1.72431 -2.21215 0.141519 1.93247 1.77284 1.49699 1.75656 1.64663 -1.0758 0.0188062 2.50776 1.7621 -2.53424 
0.151184 0.479416 0.606855 -0.252506 0.130675 0.279806 -0.60549 -1.17207 1.22205 0.744776 -1.26477 -1.27539 0.84203 1.08573 0.876615 -1.40015 -0.693171 0.776655 -0.562779 -0.614086 -0.376918 -0.0632503 0.476939 1.07152 0.791541 -0.451558 -1.17177 -1.1523 1.30216 1.57158 -0.740665 -1.05187 0.72884 1.47496 -0.180521 -0.754091 -0.27528 -0.597065 -0.806782 
0.414439 0.701046 0.325592 -0.264322 0.343419 -0.0318939 -0.791289 -1.09416 1.23951 0.661563 -1.06795 -0.979828 0.829084 0.373784 0.293181 -0.191195 0.415078 0.507436 -0.834699 -0.418136 -0.157416 -0.164103 0.256222 0.604273 0.069357 -0.206582 -0.77069 -0.786742 0.740809 0.959585 -0.338713 -0.367379 0.486654 0.515291 -0.488863 -0.33378 -0.242442 -1.20578 -0.500079 
0.497562 0.785649 0.399412 -0.0308118 0.356335 -0.309225 -0.898504 -1.30444 0.977491 0.926867 -0.765448 -1.15639 0.71166 0.277459 0.0140487 -0.542254 0.58304 0.458846 -1.07974 -0.169147 0.18795 -0.644799 0.15729 0.903712 -0.731777 -1.18549 -0.179301 -0.389099 -0.407368 0.1156 0.044931 0.00116651 0.509316 0.739636 -0.532547 -0.658217 0.0526172 -0.0357134 -0.463597 
0.684007 0.770248 -0.16449 0.108634 0.53237 -0.790472 -0.893033 -0.908861 0.528784 0.74356 -0.323081 -1.40113 -0.531728 0.285906 -0.0760382 -0.86746 0.529732 0.705964 -0.922221 0.0534007 0.706355 -0.800243 -0.501904 0.80504 0.0938374 -0.885931 -0.287026 -0.161355 0.360635 -0.0324921 0.058372 0.71894 0.210912 0.146648 0.175047 -0.578878 -0.584389 1.26829 1.08306 
0.773866 0.778352 -0.352494 0.294136 0.731981 -0.958812 -0.82929 -0.642316 0.116021 0.341933 -0.101492 -1.02087 -0.272619 0.0583579 -0.0726134 -0.192336 0.493878 0.675464 -0.330888 -0.0478297 0.26166 -0.396672 -0.493609 0.308768 1.01767 0.449309 -0.246186 -0.107528 0.400849 -0.0513955 -0.0926068 0.637784 0.0725324 -0.464953 -0.164922 0.0387028 -0.0206109 0.664761 0.465852 
0.778861 0.765859 -0.372851 0.401293 0.884973 -1.03091 -0.901583 -0.655768 0.0586828 0.167019 -0.066091 -0.64255 0.162323 0.116554 -0.0959183 -0.463809 0.414554 0.719383 -0.267932 0.0123092 -0.0347924 -0.976969 -0.318142 0.914334 1.04492 -0.174609 0.0526166 -0.00398229 -0.275317 -0.275795 -0.0775717 0.444023 0.254462 -0.257114 -0.625583 0.187924 0.627865 -0.0138341 -0.653485 
0.915126 0.754173 -0.77942 0.515359 1.11776 -1.15569 -0.791643 -0.661899 -0.916832 -0.0570822 0.65209 -0.243907 -0.362801 0.252988 0.0359741 -0.692159 0.0698641 0.709118 0.0976234 0.1246 -0.202576 -1.14908 -0.108175 1.2281 1.0711 -0.514155 -0.197335 -0.0457285 0.409595 -0.161641 -0.620366 0.153197 0.148587 0.172395 0.483164 0.218112 -0.199498 -0.344839 -0.304765 
1.02892 0.853679 -0.983622 0.312098 1.263 -0.974858 -0.777676 -0.829677 -1.14108 -0.0195643 0.944794 0.152062 -0.354652 0.00670866 -0.0391243 -0.0484727 0.147648 0.0225038 -0.178301 0.0604793 0.0732226 -0.343793 0.108091 0.800174 0.660485 -0.616309 -0.440361 -0.290909 0.664703 0.173644 -0.85154 -0.395721 0.131633 0.64478 0.868115 0.0408121 -0.441338 -0.109165 -0.183134 
0.968793 0.778222 -0.871956 0.496213 0.977067 -1.29055 -0.716992 -0.58213 -1.33565 -0.0248606 1.31206 0.273775 -1.00818 -0.152896 -0.211422 0.064044 0.264403 -0.298893 -0.452367 0.152872 0.534815 -0.0348364 0.0784374 0.811846 0.998414 -0.773866 -0.375124 -0.230484 0.315221 -0.37403 -0.563293 0.630202 0.215184 0.352981 1.29326 0.43511 -0.69248 -0.271242 0.159574 
0.955312 0.731418 -0.985571 0.398099 0.879494 -1.29935 -0.632051 -0.325337 -1.26028 -0.0173447 1.61433 0.897656 -1.19807 -0.319707 -0.211553 0.240763 -0.411565 -0.597561 0.467153 0.18681 0.421839 1.30175 0.827597 0.0702081 0.373401 -0.36325 -0.359169 -0.195083 0.226292 -0.603984 -0.495889 0.978296 0.161091 0.128505 1.48363 0.603337 -0.884515 -0.303215 1.03898 
0.762172 0.655849 -0.731628 -0.0265428 0.367921 -0.978819 -0.545296 -0.181705 -0.158686 0.735313 1.37342 0.597839 -1.33547 -0.459877 -0.33993 0.234456 -0.611289 -0.828241 0.5987 0.215716 0.584353 1.8486 1.0253 -0.157999 0.669036 0.794991 -0.128177 -0.0781487 0.142368 -0.122279 -0.299724 0.395559 0.261144 -0.226754 -0.733778 -0.556146 -0.384365 0.25059 1.21527 
0.636917 0.50003 -0.850321 -0.304523 0.0960739 -0.896596 -0.43815 0.224568 0.447009 0.942854 1.48855 1.42111 -0.0695139 -0.345308 -0.194982 0.299039 -0.624299 -0.862897 0.839192 0.367082 -0.00194732 0.414131 0.207421 -0.274878 0.776612 1.46937 -0.153584 -0.168074 0.120943 0.367905 0.958211 0.991284 0.214414 -0.601095 -1.28942 -0.985716 -0.831415 -0.880127 0.109317 
0.535136 0.547548 -0.544381 -0.740881 -0.441681 -0.409667 -0.235118 -0.171077 0.157503 0.86803 1.15179 1.19384 0.640742 -0.516428 -0.434927 0.264105 -0.149394 0.599448 1.6649 0.341144 -0.338181 0.266615 -0.17544 -1.06151 -0.423496 0.972854 -0.180748 -0.271968 -0.0628294 0.425879 0.948198 0.275025 -0.102361 -0.0146776 0.013726 -0.443645 -0.772645 -1.14656 -0.827985 
0.273428 0.187974 -0.6912 -0.591176 0.391248 0.24387 -0.147898 -0.0740712 0.620141 0.688216 0.621847 1.20772 1.28261 -0.434947 -0.418879 0.0831364 -0.0826156 0.551316 1.07078 0.120728 -0.143176 0.460659 -0.26071 -1.10498 -0.668367 0.244812 -0.057545 -0.0480034 0.16996 0.0255756 -1.21785 -1.46177 -0.195803 0.361692 0.154806 0.145768 0.381063 -0.359637 -1.35207 
0.23662 0.24912 -0.530959 -0.967395 -0.18287 0.319722 -0.114186 -0.290351 0.518811 0.527121 0.249438 0.815303 1.07775 -0.455989 -0.380956 0.359247 -0.158639 -0.901564 -0.127293 -0.0148786 0.0220418 0.489448 0.153021 -0.450471 -0.827511 -1.03586 -0.482611 -0.499465 0.272585 0.194452 -0.478781 0.390372 0.756392 0.558143 -0.478192 -0.205608 0.307988 0.329371 0.0657066 
-0.0418669 -0.0782516 -0.45548 -0.886154 -0.447567 0.144301 -0.131135 -0.0413783 1.00937 0.765895 0.256226 0.721844 0.10988 -0.892298 -0.925027 0.315403 0.140561 0.0449935 1.43678 0.882245 0.478784 -0.107556 -0.407135 -0.585221 -0.160943 0.357423 -0.2688 -0.47822 -0.442285 -0.0691212 0.176847 1.59931 1.68952 1.2724 -1.53582 -1.42663 -0.129583 0.350435 0.659345 
-0.426593 -0.479116 -0.330538 -0.992922 -0.306576 1.30235 0.591731 0.162452 0.329085 0.0380678 -0.226684 0.778987 1.65631 -0.652889 -0.860745 -0.363672 -0.298213 -0.525494 1.6474 1.8418 1.59563 -1.40047 -1.64361 -0.477299 -0.292224 -0.0350254 0.168223 0.184587 0.105181 -0.171302 -1.7469 -1.31356 0.581374 1.15979 -1.0839 -1.44225 -0.294416 -0.640822 -1.31944 
-0.514172 -0.751901 -0.801785 -1.30683 -1.00227 1.27266 1.3119 1.4387 -0.434178 -0.974148 -0.131396 0.596989 0.195148 -0.556843 -0.582485 0.323991 -0.139642 -2.16806 -0.182716 1.43835 1.90234 -1.43271 -2.22488 -0.817948 -0.936916 -1.60246 -0.39789 -0.0381194 1.57574 1.04441 -0.301665 -1.02062 -0.641788 -0.6339 -0.0913922 -0.201347 -0.306668 0.221101 -0.107845 
-0.82231 -0.916475 -0.123203 -1.27079 -2.10221 1.16443 1.72484 1.92464 -1.14573 -2.29006 -0.893653 0.219329 -0.228609 -1.00704 -0.794511 1.60982 1.09473 -0.793442 0.369261 0.962353 0.629391 -1.4853 -1.78428 -0.72533 0.0719778 -0.182087 -0.731983 -0.478903 1.3674 1.27601 1.37786 0.836536 -0.556687 -1.46594 0.659865 1.93317 1.35443 1.62969 1.14645 
-1.26888 -1.36931 0.44078 -0.473056 -1.7594 1.51666 2.07935 2.03003 -1.96 -2.85651 -0.722414 0.717763 0.0955655 -1.31796 -1.06312 2.01911 1.57206 -0.17558 0.703166 0.658781 -0.172456 -0.578718 0.51926 1.00897 1.2906 0.127192 1.97609 1.79422 -1.46605 -0.258741 2.37241 -2.10752 -3.05005 -2.04772 2.85282 3.36843 1.1741 -0.994117 -0.00742121 
-1.82496 -1.76198 1.44888 -0.00715733 -2.39255 1.63946 2.2591 1.77843 -1.79238 -1.84185 -0.0624678 1.16198 0.0605578 1.53065 1.54507 -0.481017 0.694192 2.53758 -2.17538 -2.74354 -2.22054 2.10919 2.89961 0.876326 -1.17134 -0.178892 0.974789 0.765381 -1.41237 -1.10996 0.0278801 -0.527176 -0.453768 0.220762 0.439586 -0.481476 -0.915834 -1.02986 -0.0945655 
