-1.60489 -1.44785 2.6252 2.89178 2.09722 2.9696 2.37399 0.991146 0.463669 2.45959 0.0900562 -1.60762 -1.62329 -1.58022 -1.4212 1.75574 1.63978 2.61389 3.27685 2.49612 0.444138 -0.0263477 1.24766 -0.38463 -2.09179 -1.85168 2.37449 2.47986 -1.49975 -1.94127 -1.49302 -1.62352 -1.66063 -0.0866487 0.776297 -1.78955 -1.94344 -0.815422 0.509409 
-0.943298 -0.812174 1.57097 1.53414 1.76788 2.9459 2.03998 0.335795 -0.06656 1.22794 -0.368349 -1.83255 -2.01865 2.96239 3.03046 -2.24268 -2.81797 -2.00104 -2.24677 -2.29697 -0.130305 1.16091 -2.81428 -2.87586 -1.09023 0.882165 3.44012 3.44922 -2.42667 -2.77214 -3.41791 -4.39686 -4.0186 -0.54464 1.92068 -1.43547 -1.48659 1.31309 2.79547 
0.122954 0.237633 0.629024 0.235963 0.629947 0.827007 0.421354 0.841962 1.19585 -0.633401 -2.50431 -2.55613 -0.611742 2.65289 2.74466 -1.79784 -2.3378 -1.91039 -2.66143 -2.92465 -0.327479 2.76758 -1.01083 -2.5776 -0.0778669 2.65008 -1.58423 -1.72002 0.813956 1.48899 1.87548 1.33403 0.58597 -1.10327 -0.566642 2.25126 2.19178 1.7601 0.599711 
0.602557 0.712962 -0.0283446 -0.670347 0.364155 0.421308 -0.435502 0.0201454 1.74652 0.0533893 -2.6962 -1.88748 0.952458 1.20416 1.14164 -1.21317 -0.848522 0.413492 -0.556836 -1.61769 -1.68415 0.40546 0.71424 0.429638 1.57559 1.90731 -1.82163 -1.98638 0.864924 1.54444 1.99353 2.08553 1.76545 -0.704405 -2.41159 1.11115 2.48279 0.76112 -1.44318 
0.816928 0.863373 -0.448683 -0.568714 0.855307 0.241218 -0.965444 -0.619068 1.41979 0.0271103 -2.14508 -1.15161 1.53608 0.611577 0.543848 -0.69625 -0.290952 0.658887 0.0288027 -0.682811 -1.32281 -0.620577 0.728073 1.16291 1.13108 0.440646 -0.895259 -0.791425 0.884263 0.336238 -0.570158 0.580248 1.26098 0.605795 -0.68633 0.159724 0.349167 -0.640264 -1.26301 
0.948077 1.00331 -0.644888 -0.950951 0.761541 0.375024 -1.04355 -1.13582 1.28019 0.728616 -1.68176 -0.875319 1.47463 0.267507 0.340469 -0.0842259 -0.4879 -0.377823 0.12976 -0.0441658 -0.844844 -0.520782 0.959705 0.980786 0.740804 -0.0168541 -0.652534 -0.54983 0.814822 0.346445 -0.743388 -0.0895864 0.617308 0.751387 -0.145384 -0.437751 -0.160218 0.0491628 -0.210329 
0.960128 1.03961 -0.519215 -1.03443 0.525941 0.287938 -1.0415 -1.37151 1.02059 0.948739 -1.29337 -0.483936 1.55115 -0.0356411 0.0256593 0.334484 0.083915 -0.359506 -0.176198 0.0379873 -0.279638 -0.774895 0.0356908 0.952625 1.30173 0.183227 -0.386592 -0.481465 0.264076 0.73594 0.447218 -0.235478 0.012017 0.444695 -0.138525 -0.353219 0.096903 -0.204139 -0.399685 
0.913021 1.00291 -0.341871 -0.879208 0.445016 0.139888 -1.05118 -1.41108 0.710038 0.667313 -0.85522 0.287472 1.71147 -0.0625853 -0.097645 0.16761 0.430566 0.164482 -0.269432 -0.125245 -0.231124 -0.665313 0.40001 1.15485 0.542047 -0.574088 -0.092924 -0.215753 -0.181189 0.316948 0.509946 -0.0409459 -0.00234383 0.501343 0.457527 0.0668552 -0.243058 -0.985489 -0.661863 
0.909228 0.970033 -0.365074 -0.636866 0.576741 -0.0330882 -1.1851 -1.60581 0.524163 1.27498 -0.286139 0.00830776 0.948589 -0.0155466 -0.101229 -0.0434022 0.417614 0.265026 -0.316455 -0.0621165 0.413405 -0.068866 0.135381 0.618508 -0.0365193 -0.789121 -0.0968872 -0.129616 -0.121831 -0.040824 0.164347 0.173469 0.163647 0.683209 0.7725 -0.564728 -0.911179 -0.117571 0.449228 
0.88978 0.931326 -0.375982 -0.493814 0.566298 -0.224456 -1.14219 -1.10123 0.614874 0.712056 -0.327226 0.269036 0.870566 -0.0472167 -0.123642 -0.126328 0.264942 0.335988 -0.124289 -0.0054471 0.71658 0.490177 -0.491685 -0.177985 0.469539 0.212791 -0.090493 -0.133498 -0.162189 -0.0515447 0.245251 0.278224 0.119553 0.0253245 0.00770446 -0.381263 -0.31272 0.396588 0.60689 
0.867365 0.885872 -0.473166 -0.394972 0.74777 -0.220404 -1.22891 -1.04 0.8051 0.652678 -0.469843 0.436551 1.2182 0.00744687 -0.131774 -0.394417 0.237028 0.542584 -0.0318734 -0.000734057 0.439893 -0.00472884 -0.468333 0.180261 0.640806 0.247389 0.0100796 0.0452942 0.0852176 -0.0576209 -0.130598 0.0844921 0.0742162 -0.445643 -0.612198 0.337053 0.550562 -0.114644 -0.458861 
0.880061 0.842603 -0.723248 -0.278156 0.882154 -0.326637 -1.18207 -0.769023 0.562858 0.114591 -0.190823 0.84845 1.17853 0.0957055 0.0552308 -0.127445 0.0758751 0.120867 -0.0975786 -0.00412572 0.0835864 -0.330279 0.0321307 0.674211 0.401299 -0.438139 0.0182646 0.219699 0.475139 -0.273975 -0.701514 0.0164497 0.00368646 -0.549047 -0.0381806 0.865156 0.356326 -0.395881 -0.583244 
0.909543 0.90207 -0.582256 -0.330786 0.767995 -0.383114 -1.27162 -1.00861 0.534068 0.587588 0.107924 0.804561 0.766325 0.160129 0.251378 0.155917 -0.253994 -0.420919 -0.0957326 -0.092849 -0.337894 -0.00606905 0.884437 0.74211 0.16242 -0.600479 -0.107317 -0.120459 -0.0462105 -0.108807 -0.18071 0.130507 0.320746 0.417339 0.0867468 -0.172944 -0.151859 -0.135124 -0.222492 
0.960121 0.968852 -0.579538 -0.524023 0.522577 -0.487646 -1.29868 -1.09347 0.509941 0.956152 0.447614 1.00561 0.546712 0.0986371 0.0399587 -0.314436 -0.184629 -0.159944 -0.00962014 0.323794 0.659001 -0.153349 -0.244589 0.47642 0.303192 -0.714817 -0.345463 -0.514069 -0.164427 0.349165 0.267688 0.0821333 0.558588 1.15596 0.243856 -0.183386 -0.0530757 -0.582527 -0.562835 
0.953445 0.9097 -0.858167 -0.511454 0.591367 -0.464794 -1.04117 -0.491412 0.382067 0.228134 0.508957 1.08598 0.00777588 -0.120919 -0.224924 -0.198263 0.124669 -0.11395 -0.0721623 0.550158 1.27179 0.395053 0.591327 0.691981 -0.588165 -1.41603 -0.411409 -0.347989 0.455315 0.2029 -0.173753 0.135441 0.22451 0.121157 0.521538 0.87186 0.174971 -0.0294179 0.363972 
0.87492 0.827866 -0.751806 -0.413974 0.378191 -0.626942 -0.879675 -0.0589207 0.726882 1.48591 1.04126 0.500257 -0.989065 -0.261048 -0.241816 0.207862 -0.0101002 -0.431633 0.0849064 0.524221 0.81968 0.644022 1.11871 0.767177 0.359244 -0.0629278 -0.157611 0.00582934 0.373929 -0.256092 -0.332864 0.371209 0.157707 -0.411093 -0.271696 -0.771077 -0.623957 1.17701 1.89919 
0.785845 0.759236 -0.668115 -0.528079 0.224279 -0.459394 -0.643764 0.161437 0.766504 1.3189 1.16979 1.41687 -0.0282173 -0.177961 -0.0922759 0.208933 -0.341394 -0.59421 0.336188 0.662086 0.687173 0.0604891 -0.624272 -0.211507 1.22731 1.66661 -0.0419016 -0.0997096 -0.185716 0.0135715 0.370761 0.324346 0.216032 0.0313641 -0.529372 -1.18566 -0.941166 -0.618114 0.452236 
0.756177 0.761303 -0.560799 -0.74199 -0.102866 -0.390055 -0.36743 0.482058 0.718742 0.722567 0.827601 1.59735 0.891965 -0.180112 -0.232784 -0.176426 -0.0998074 0.0104486 0.430878 0.713417 0.854625 -0.0582424 -0.747658 -0.61048 -0.44324 0.728713 -0.168813 -0.296167 -0.0575791 0.580233 0.941175 0.0905914 -0.130294 -0.108461 -0.250289 -0.254934 -0.252573 -1.34807 -1.4269 
0.665837 0.61384 -0.820903 -0.629022 0.167098 -0.135277 -0.0887613 0.843789 0.678486 0.4243 0.599638 1.03943 0.813246 -0.248361 -0.313352 0.00586414 0.359759 0.595596 0.371016 0.392477 0.526325 -0.243527 -1.02969 -0.559848 -0.639717 -0.517051 -0.0517065 0.0353134 0.38112 0.177882 -0.219775 -0.429289 -0.462236 -0.28431 0.120452 0.096652 0.248938 0.0305013 -1.29179 
0.596037 0.570703 -0.550957 -0.410975 0.250153 -0.121084 -0.0797691 0.88724 0.506073 -0.472048 0.302688 1.0465 0.352621 -0.110867 -0.0656009 0.24094 0.0398045 -0.32157 -0.22629 0.00405679 0.447541 0.166785 -0.601197 -0.209156 -0.299804 -1.24102 0.123126 0.240157 -0.0168107 -0.703015 -1.04028 0.029319 0.173946 -0.275943 0.103509 0.841291 0.112589 -0.581081 -0.257766 
0.586547 0.562244 -0.601341 -0.598739 -0.122833 -0.416559 -0.124652 1.18246 0.741858 -0.3145 0.388081 0.788606 -0.528542 0.0293645 0.0937626 -0.139548 -0.730052 -0.811981 0.324287 0.525918 0.130957 -0.0426774 0.285621 -0.362339 -1.38819 -0.849579 -0.0987983 -0.115852 -0.13784 -0.194184 0.295046 1.01111 0.913923 -0.308043 -1.09185 -0.0952059 -0.154678 -0.340167 1.18475 
0.599205 0.60852 -0.670844 -1.1043 -0.383566 0.104839 0.319048 0.95863 0.428527 -0.267485 -0.0457442 -0.165011 -0.555297 -0.0977773 -0.0754769 -0.0756401 -0.339857 0.0212619 1.03381 1.1178 0.0072245 -1.33813 -0.755891 -0.411161 -0.696939 0.710438 -0.416632 -0.548629 0.124636 0.782328 1.10148 0.357162 0.159733 -0.221038 -0.795463 -0.322041 0.522851 1.16431 0.969099 
0.514953 0.505107 -0.664213 -0.92531 -0.172433 0.462993 0.767204 1.14938 -0.207214 -1.21786 -0.00397537 0.187242 0.292665 -0.336549 -0.42302 -0.0849169 0.253154 0.587954 0.71394 0.64053 -0.187528 -1.12465 -0.225133 0.448433 0.408753 0.760429 -0.487968 -0.645722 0.0184775 0.650653 0.678603 -0.155043 -0.388909 -0.358865 0.023153 0.246574 0.262846 0.221111 -0.228665 
0.387209 0.35639 -0.741992 -0.873486 -0.0359045 0.68972 0.813336 0.761135 -0.376925 -0.606243 0.330281 0.209579 0.32132 -0.548757 -0.705983 -0.171145 0.459578 0.866877 0.741681 0.505588 -0.504256 -1.25195 -0.3741 0.0109536 -0.275523 0.423986 -0.248051 -0.322582 -0.0579781 0.146542 0.0900929 -0.0433976 -0.0195592 0.12895 0.180856 -0.190331 -0.598505 -1.2683 -1.14939 
0.178175 0.0942158 -0.812288 -0.500472 0.370758 1.07343 1.14909 0.684488 -1.09831 -1.71508 -0.0188553 -0.0421533 0.796369 -0.501438 -0.675036 -0.28855 0.349027 0.662124 0.570419 0.517619 -0.0159363 -0.813428 -0.529144 -0.417009 -1.34195 -0.983834 -0.156339 -0.112632 0.300375 0.171494 -0.356892 -0.539342 -0.341105 0.526989 1.21393 0.646323 0.0632073 -0.580117 -1.7585 
0.0782553 -0.0371377 -0.994809 -0.552557 0.363751 1.14239 1.20524 0.708507 -0.973 -1.2684 -0.0670006 -0.961111 -0.735407 -0.604283 -0.712087 0.132027 0.590275 0.35512 -0.0619762 -0.0432995 0.224698 0.533467 0.635171 0.134646 -1.02259 -2.2847 -0.374077 -0.181454 1.13543 0.617563 -0.739977 -0.766253 -0.0864879 0.973351 1.39033 1.41966 1.194 1.47475 0.29485 
-0.191254 -0.3201 -0.689892 0.0472105 0.555199 0.943517 1.07375 0.835019 -0.788246 -1.13868 0.0767886 -0.930961 -1.70224 -0.816606 -0.76175 1.1956 1.10228 -0.351797 -0.535272 0.306043 1.33805 1.22369 1.69403 1.397 0.907735 -0.441387 -0.27267 -0.100455 0.948606 0.356165 -1.12789 -0.764703 0.187437 0.99205 0.44029 0.262317 0.639066 1.79995 2.39791 
-0.416024 -0.479317 0.076448 0.476372 0.0526303 0.576462 1.4209 1.79899 -0.198584 0.43438 1.15661 -0.146089 -1.19088 -0.798528 -0.703928 1.35197 0.978709 -1.1673 -1.1656 0.108014 1.60486 1.2149 1.04167 1.11914 1.70136 1.58759 -0.214729 -0.216545 -0.0439522 -0.240531 -0.613558 -0.395839 -0.516665 -0.879889 -0.946419 -1.77727 -1.31482 -0.250069 0.567882 
-0.674902 -0.729838 0.520863 0.959992 -0.327602 -0.203084 1.12445 2.15077 -0.0197466 -0.129856 1.05212 0.584564 0.0912058 -0.94176 -0.889566 1.01181 0.657935 -1.2 -1.14792 -0.475422 0.0969907 -0.0736919 -1.10097 -0.539197 0.641996 0.53336 0.285721 0.0928771 -1.34924 -1.14718 -0.439305 -0.332115 -1.55143 -3.61647 -2.57344 -1.26409 -0.615252 -0.729003 -1.13905 
-0.983896 -0.993209 0.983732 1.08765 -0.853099 -0.553845 0.985608 1.8417 -0.296995 -0.836058 0.650146 0.434376 -0.565951 -0.326914 -0.469322 -0.677855 -0.730995 -1.78708 -1.69343 -2.04429 -3.46815 -2.40423 -0.947802 0.228662 0.737157 -0.140293 0.854617 0.721202 -1.46818 -1.34072 -0.130873 0.317876 -0.514669 -2.11733 -1.61266 0.247549 0.526447 -0.308864 -0.565083 
-0.881233 -1.00795 -0.0792689 0.26578 -1.64489 -1.83593 -0.617699 -0.81642 -1.68605 -1.23736 1.23177 1.24902 -0.0305395 0.208239 0.080991 -1.18622 -1.32188 -1.41548 -0.810557 -1.25424 -2.87682 -2.3218 -0.717646 0.276952 0.290513 -0.285753 -0.2728 -0.0781636 0.888215 0.488791 0.792917 1.49955 1.98387 2.53035 1.62185 0.614229 -0.652285 -1.5808 -0.66946 
-0.875546 -0.962558 -0.0699364 -0.161949 -1.90988 -1.37337 -0.0984411 -0.626246 -1.90784 -1.69873 0.872947 0.7046 -0.848923 -0.521314 -0.435053 0.456677 -0.157463 -0.791622 0.216829 0.486911 0.0660581 -0.036724 0.0110933 -0.717173 -1.46929 -1.12467 -0.963306 -0.853455 1.41667 1.43554 0.886549 0.491059 0.849785 1.60979 1.70887 1.05989 -0.293894 -0.737358 0.293138 
-1.20187 -1.26683 0.332761 0.110646 -2.26433 -1.709 -0.251374 -0.799823 -1.75959 -1.32483 0.566277 -0.0340611 -1.24337 -0.809562 -0.792831 0.695686 0.572984 -0.297285 -0.242677 -0.225465 -0.631652 0.169883 0.940788 -0.133155 -0.685872 0.253984 -0.298142 -0.450487 -0.157868 0.469521 0.954066 0.375581 0.172042 0.244392 0.39176 0.806444 0.854348 1.1133 0.6945 
-1.36568 -1.42218 0.555323 0.369482 -2.18279 -1.66975 -0.325522 -1.1987 -1.84238 -0.797227 0.729299 0.113004 -0.533651 -0.745934 -0.836883 0.111773 0.389174 0.415081 0.630998 0.617831 0.3993 0.575456 1.2717 0.589126 0.253274 0.050556 -0.088423 -0.0120669 0.365415 0.381313 1.10157 1.15823 1.0578 1.13216 0.761619 0.559212 0.445489 0.632657 -0.183348 
-1.6546 -1.75116 0.437088 0.469309 -2.03786 -1.20053 0.224005 -0.501883 -1.42128 -0.0713093 1.06802 0.203293 -1.15358 -0.7841 -0.681144 1.09084 0.996515 1.10277 1.21325 1.07889 0.944712 1.30985 1.81332 0.561976 0.33573 0.0392846 0.0693927 0.448181 1.68008 1.23541 1.35427 0.674545 0.373172 0.138383 -0.255012 -1.31292 -1.66155 -1.56495 -0.105772 
-1.84085 -1.81913 1.53312 1.299 -1.47423 -0.624886 0.533919 -0.440289 -1.01001 1.03245 1.20678 0.423139 -0.456352 -0.532283 -0.186112 2.36621 2.00472 2.14639 1.44311 1.0152 0.584101 0.2647 -0.794423 -1.86537 -1.93005 -0.0413158 0.140335 0.206378 0.315427 0.376884 0.481538 -0.112915 -0.390409 -0.683445 -1.30222 -2.49687 -1.91489 -1.47904 -0.0258141 
-1.98169 -1.87037 2.55269 2.34646 -0.597708 0.0560831 1.03039 -0.0479233 -1.29203 -1.01566 -0.623433 -1.48649 -1.16562 -0.485854 -0.313595 1.4153 1.41386 1.69007 0.977201 0.464687 -0.0212695 -0.495267 -2.11123 -2.27121 -1.7223 0.0740134 3.18289 2.9201 -3.61393 -3.14185 -0.883258 -1.0061 -1.59124 -0.337053 1.17397 1.17716 1.71358 2.39964 0.623292 
-2.14064 -2.00987 2.80037 2.62079 -0.353972 0.202518 0.881731 -0.497418 -1.39204 -1.31266 -0.847307 -1.08328 -0.340559 3.39408 3.35998 -2.86648 -2.48885 0.944645 0.018166 -1.18983 0.103163 1.99309 1.0481 0.725318 1.66846 1.02116 0.297663 0.160314 -0.914726 -0.935204 -1.25579 -0.669722 -0.277547 0.0215977 0.30983 1.34835 1.49986 1.11313 -0.0944934 
