-2.2886 -2.34274 2.26439 2.50758 0.821588 1.28902 1.9936 1.3158 -1.4811 0.489787 1.4222 1.17459 -0.516317 -2.88844 -3.02359 2.70741 3.36932 1.99915 2.43367 2.84375 0.207376 -1.8252 1.38857 1.99676 1.13592 -1.96135 0.480167 0.606409 -0.403028 -0.918148 0.224828 0.994417 0.134002 -1.10368 -0.631775 1.08478 0.924991 -0.0662749 -1.75704 
-2.03016 -2.03655 2.02016 2.09468 1.00993 2.01155 1.92985 0.104346 -1.90221 1.31486 1.74348 0.710185 -1.70286 0.653761 0.78166 -0.575753 -1.08949 0.286534 1.19246 0.027776 -1.73574 -0.860666 1.40542 1.24639 -0.0508842 -2.48685 3.08446 3.17306 -3.05437 -3.54038 -1.08308 -1.38626 -2.29347 -0.0984878 0.726812 -1.47981 -0.88897 0.508395 0.946137 
-1.74709 -1.72179 1.7671 1.70295 0.88327 2.23263 1.93 -0.377583 -2.35359 1.82084 2.47039 1.02546 -2.69481 0.498664 0.4386 -0.684969 -0.469298 0.950901 0.609578 0.185644 0.0699923 -0.670939 -0.711151 0.716309 1.89408 -0.534934 0.228572 -0.0476849 -0.624067 0.315385 -0.0608237 -1.68166 -0.351684 2.87592 2.07438 -2.43747 -1.8879 0.705066 2.64722 
-1.60125 -1.65518 1.43912 1.69332 1.43946 2.45365 1.97801 0.0815879 -2.57215 0.612781 2.3005 1.96932 -2.11466 1.04346 0.880204 -1.38632 -0.885749 0.281547 -1.00593 -0.481837 2.85647 2.29219 -2.00318 -1.42558 0.984158 1.40216 1.6799 1.66164 -1.47234 -1.24133 -1.28456 -2.755 -2.45567 1.3264 2.62419 -1.16168 -2.59737 -2.75169 1.65729 
-0.922646 -1.03201 0.648272 1.03079 0.942191 1.28474 1.50565 2.17765 0.139867 -0.122334 1.04273 1.62577 -1.35332 2.41161 2.32231 -2.39669 -1.89761 -0.302964 -2.94884 -2.65193 2.19831 3.29734 -2.37607 -2.94395 -1.93745 1.92099 0.729515 0.846745 -0.337331 -0.479823 -0.156541 -0.693985 -1.68325 -2.1475 -1.20388 0.349364 -0.133872 -2.12232 -0.0926661 
0.216487 0.0417332 -0.454437 0.363212 1.17475 -0.165923 0.0174301 2.02791 0.994386 -1.68858 -0.534079 0.454216 -0.303571 1.95893 1.91286 -1.89228 -1.5157 0.178876 -1.95283 -2.46477 -0.539042 0.583023 -1.60288 -1.65418 -1.96132 1.32476 -1.82487 -1.7254 1.79047 1.17064 -0.104746 2.11032 1.85416 -2.08149 -2.60678 1.96734 2.26432 1.1137 -1.22234 
0.566433 0.378957 -0.858512 -0.0509814 0.944265 -0.477866 -0.322436 1.59143 0.808641 -1.68099 -0.596746 0.0933755 -0.0818872 0.646122 0.6687 -0.642205 -0.797228 -0.352776 -0.342429 -0.720874 -1.09224 -0.492475 0.235583 0.168119 -0.327106 0.20821 -1.72073 -1.65822 1.67718 1.22404 -0.381568 1.48132 1.99126 -0.118556 -0.709459 1.39519 1.50405 1.71332 -0.913693 
0.752457 0.583801 -1.00269 -0.251381 0.882455 -0.542934 -0.57614 0.929877 0.514973 -1.48125 -0.485016 0.105088 -0.04274 0.302732 0.329413 -0.258153 -0.359329 -0.153447 -0.143426 -0.382013 -0.708337 -0.392856 0.226795 0.398838 0.493183 0.058782 -0.720792 -0.682557 0.802876 0.709852 -0.0798021 0.267967 0.593722 0.432693 0.251164 0.00330196 0.0775444 0.840324 0.168636 
0.853098 0.684073 -1.11228 -0.380833 0.762338 -0.683654 -0.676125 0.848572 0.435579 -1.4821 -0.3339 0.338183 0.0436955 0.0394145 0.104205 0.0631194 -0.179932 -0.377131 -0.0704528 -0.184439 -0.384994 -0.0436479 0.162901 0.234016 0.898358 0.509077 -0.491395 -0.412655 0.629456 0.358379 -0.364099 0.243532 0.410465 0.111504 0.16852 0.188069 -0.0661633 0.0845403 0.104747 
0.847951 0.731636 -1.01011 -0.46458 0.576678 -0.685936 -0.789966 0.486174 0.514722 -1.34374 -0.374894 0.643265 0.490409 -0.0632106 0.0467938 0.262942 -0.110515 -0.467941 0.0975896 -0.0483435 -0.511815 -0.0665993 0.406643 0.26455 0.654623 0.267159 -0.272294 -0.215977 0.432851 0.285763 -0.241115 0.163104 0.322559 -0.129454 -0.143144 0.590314 0.209408 -0.813626 -0.704481 
0.874085 0.791814 -0.966483 -0.548894 0.406281 -0.682072 -0.793608 0.287538 0.410825 -1.11045 -0.195485 0.699882 0.357883 -0.0965704 0.0269898 0.375353 -0.00724699 -0.566114 0.0686516 0.0519675 -0.571618 -0.179621 0.892514 0.483598 -0.204679 -0.45403 -0.226059 -0.224787 0.245674 0.215772 -0.207311 0.0444573 0.229532 -0.0300018 -0.098537 0.384554 0.140988 -0.540507 -0.334929 
0.844718 0.825546 -0.77812 -0.565492 0.166264 -0.709252 -0.836438 -0.13019 0.369307 -0.505375 -0.0335102 0.382782 0.15184 -0.15067 -0.0396212 0.376331 -0.0112084 -0.622425 0.0863578 0.0851324 -0.540299 -0.136416 0.855036 0.418823 -0.063905 -0.160964 -0.205194 -0.245971 -0.0168954 -0.021353 0.285856 0.396206 0.112618 -0.132505 0.156895 -0.101169 -0.428495 0.0998483 0.84941 
0.831576 0.839204 -0.733742 -0.652382 -0.0353112 -0.690153 -0.816602 -0.29985 0.311535 -0.308089 0.0858794 0.541326 0.284571 -0.162131 -0.0815493 0.209804 -0.156542 -0.217298 0.503119 0.0560834 -0.763093 0.129395 0.677047 -0.155418 -0.0216877 0.832362 -0.21992 -0.209489 0.107573 0.0142466 0.553726 0.695351 0.216643 -0.257807 0.158596 -0.157621 -0.740637 -0.464695 0.785766 
0.793888 0.843654 -0.673068 -0.763483 -0.0510164 -0.35875 -0.879996 -0.923701 0.553793 0.126017 -0.284237 0.254794 0.977599 -0.231687 -0.11006 0.343009 -0.123181 -0.000235111 0.89987 0.204347 -0.931016 0.175123 0.562413 -0.655005 -0.675703 1.03329 -0.180247 -0.241864 0.138421 0.408423 0.31272 0.0521391 0.415989 0.374489 -0.239546 -0.252799 -0.00612139 -0.638949 -0.648558 
0.730247 0.837401 -0.526552 -0.82868 -0.132408 0.00171574 -0.755204 -1.24872 0.54484 0.213187 -0.627764 -0.0602049 1.29219 -0.201509 -0.185799 0.209253 0.144739 0.158935 0.501621 0.395865 -0.148399 -0.149553 0.25434 -0.206068 -0.878807 -0.0497874 -0.0978593 -0.297773 -0.0650871 0.66255 -0.150798 -0.94139 0.294191 1.10488 -0.345198 -0.234507 0.922919 0.0477998 -1.59735 
0.714469 0.788956 -0.568439 -0.765567 -0.0599834 -0.00953663 -0.683022 -1.14851 0.440479 0.351365 -0.581896 -0.493796 1.00491 -0.184594 -0.272699 0.126264 0.444525 -0.097045 -0.360524 0.409365 0.845069 -0.260519 0.164706 0.588497 -0.565988 -1.22238 -0.19025 -0.174646 0.266762 0.12809 -1.09354 -0.594001 0.0573179 0.440834 0.252801 0.418904 0.506091 0.430547 -0.281096 
0.663109 0.722014 -0.485557 -0.635831 -0.283106 -0.390864 -0.548673 -0.554395 0.31306 0.352435 -0.18918 -0.582296 0.258182 -0.251385 -0.219849 0.345045 0.15212 -0.899986 -0.318598 0.338793 0.571791 0.301703 0.74968 0.456793 -0.230245 -0.399978 -0.337394 -0.230112 0.30733 -0.282615 -0.4952 0.526213 -0.0742013 -0.690437 0.42727 0.715242 -0.273721 0.342694 0.990418 
0.598839 0.710479 -0.359688 -0.762853 -0.655256 -0.366044 -0.526448 -0.707016 0.808919 1.05253 -0.265349 -0.772791 0.715269 -0.388904 -0.364675 0.305152 0.0213247 -0.545334 0.238675 0.206773 -0.233571 0.449492 1.06506 0.165081 -0.041108 0.268143 -0.43347 -0.477291 0.216424 0.161563 -0.173608 0.265488 0.324319 -0.0852678 -0.287145 -0.432815 -0.35097 -0.285887 -0.140174 
0.447639 0.542393 -0.307394 -0.718164 -0.682015 -0.267892 -0.485557 -0.858004 0.839278 1.35655 -0.142932 -0.724345 0.57326 -0.556533 -0.569971 0.427359 0.194593 -1.02007 -0.0497633 0.577146 0.455428 -0.0478389 0.0809372 -0.0742303 -0.590308 -0.546162 -0.298977 -0.302182 0.278602 0.141451 -0.887613 -0.299844 0.104714 -0.234962 -1.13952 -1.72375 -0.879771 -0.960641 -0.268418 
0.26167 0.387483 -0.0878192 -0.73252 -1.31702 -0.491244 -0.201144 -0.373177 0.804193 1.11131 -0.440847 -1.31249 0.29331 -0.552895 -0.531919 0.453522 0.0427129 -1.3941 -0.20882 0.202144 -0.587963 -1.16422 -1.36805 -1.10256 -1.35112 -0.0636947 -0.380259 -0.471311 0.134642 0.316557 -0.0374837 -0.222063 -0.241217 -0.273954 -0.376961 -0.531323 -0.0828634 0.521563 0.126113 
0.11311 0.245972 -0.0154643 -0.786591 -1.55087 -0.529945 -0.425718 -1.48949 -0.357278 0.0234632 -1.27128 -1.81492 0.587987 -0.805833 -0.913848 0.422794 0.399561 -1.00124 -0.398701 0.189759 0.0390363 -0.530589 -0.722441 -0.231782 0.186391 -0.306854 -0.613339 -0.689685 0.654077 1.20779 1.09652 0.214399 0.725734 1.06861 0.896194 1.40803 1.26432 1.40033 -0.140225 
-0.256495 -0.17567 0.180549 -0.568908 -1.96836 -0.916672 -0.150072 -0.424575 0.28409 0.398382 -0.762332 -1.28982 0.0879522 -1.04682 -1.10386 1.00077 1.18205 -0.217957 -0.00471957 0.884645 1.13045 0.241259 0.479171 0.616511 0.662741 -0.209954 -0.0231185 0.128788 0.722992 1.00716 1.91569 0.65312 0.229362 -0.221832 -0.135321 0.322449 -0.0125097 -0.278418 0.982086 
-0.580016 -0.449881 0.696086 -0.114171 -1.76851 -0.61639 0.117266 -0.531134 -0.0533668 0.46478 -0.806739 -1.44734 0.470335 -0.680296 -0.631001 1.04326 1.32856 1.0109 0.3613 0.323047 -0.294477 -0.654961 -0.35893 -0.29133 -0.163158 1.17161 1.52809 1.42882 -1.58911 -0.697843 3.45902 0.697997 -0.734048 -0.302492 -0.2097 -0.633687 0.295355 1.02913 -0.308357 
-0.683518 -0.541288 0.924674 0.198777 -1.50561 -0.688192 -0.00464614 -0.784533 -0.36879 0.0346375 -1.13899 -1.52024 1.22077 0.706791 0.536699 -0.835004 0.323527 3.36923 0.812145 -0.0480374 0.668679 0.0065762 -0.464112 0.985816 2.15401 -0.599609 0.505448 0.462151 -0.843098 -1.14618 -1.04648 -0.231819 -0.183067 0.173106 0.390151 0.319098 0.239378 0.0857604 -0.848508 
