0.01057 -0.01882 0.02063 -0.02889 0.04891 -0.03523 0.08281 -0.08563 0.07185 -0.09164 0.14251 -0.08379 0.12216 0.01130 -0.01263 0.01495 -0.02380 0.02197 -0.01717 0.05499 -0.05528 0.02753 -0.05831 0.12099 -0.05699 0.04698 -0.02417 -0.58146 0.13794 -0.07747 0.24217 -0.03647 0.59607 -0.53431 0.36915 0.44470 0.09564 -0.01152 1.89846 
0.02398 -0.03940 0.03980 -0.05319 0.07355 -0.05183 0.12295 -0.13004 0.10014 -0.14185 0.23429 -0.14053 0.19217 -0.03706 -0.37309 0.12951 -0.13430 0.06488 -0.04485 0.47443 -0.67458 0.24123 0.53893 -0.04607 -0.17709 1.32777 -0.22400 -0.24146 0.19888 0.02999 0.12879 0.00761 0.11417 -0.42546 -0.00571 -0.01251 -0.98357 -0.16507 0.83361 
-0.02649 -0.39191 0.15015 -0.16319 0.11379 -0.08008 0.55724 -0.76021 0.31308 0.44729 0.09644 -0.26088 1.44993 -0.21271 -0.25409 0.21383 0.00619 0.15076 -0.00956 0.16916 -0.48075 0.02182 -0.07082 -0.86258 -0.22206 0.88059 0.07698 0.73881 -0.25589 0.26774 -0.12363 0.08836 -0.96507 1.36545 -0.48450 -1.07192 0.06937 0.35515 -2.64230 
-0.18873 -0.29349 0.25363 -0.04700 0.22431 -0.06139 0.29211 -0.61079 0.12196 -0.21266 -0.62829 -0.36258 1.07276 0.03992 0.36573 -0.12638 0.13344 -0.05875 0.04351 -0.49064 0.69087 -0.24326 -0.53299 0.02330 0.17807 -1.31453 0.41611 0.52315 -0.44300 0.00968 -0.32664 0.03823 -0.38737 1.01627 -0.08019 0.20046 1.62420 0.50366 -1.83235 
0.01343 -0.02618 0.02377 -0.02976 0.05504 -0.03656 0.06660 -0.06935 0.06981 -0.08570 0.11974 -0.08281 0.13539 0.20340 0.26906 -0.22917 0.01587 -0.17587 0.02867 -0.21821 0.53552 -0.05837 0.12965 0.76161 0.28160 -0.95176 -0.03868 -0.36398 0.12707 -0.13482 0.05214 -0.03967 0.49793 -0.69679 0.23703 0.53567 -0.00972 -0.17624 1.30013 
0.01467 -0.02443 0.02446 -0.03114 0.04844 -0.03272 0.07389 -0.07527 0.06359 -0.08302 0.13332 -0.08098 0.12099 0.00124 0.00175 0.00069 -0.00138 -0.00661 0.00385 0.00729 -0.00592 -0.00623 0.00268 0.01358 0.00183 -0.01440 -0.20340 -0.26906 0.22917 -0.01587 0.17587 -0.02867 0.21821 -0.53552 0.05837 -0.12965 -0.76161 -0.28160 0.95176 
0.01467 -0.02443 0.02446 -0.03114 0.04844 -0.03272 0.07389 -0.07527 0.06359 -0.08302 0.13332 -0.08098 0.12099 0.00000 0.00000 0.00000 0.00000 0.00000 0.00000 0.00000 0.00000 0.00000 0.00000 0.00000 0.00000 0.00000 -0.00364 0.00112 -0.00817 0.00469 -0.01020 -0.01176 -0.01250 -0.01293 0.02271 0.02689 0.04077 0.00697 0.01249 
0.01467 -0.02443 0.02446 -0.03114 0.04844 -0.03272 0.07389 -0.07527 0.06359 -0.08302 0.13332 -0.08098 0.12099 -0.00240 0.00287 -0.00749 0.00331 -0.01681 -0.00792 -0.00520 -0.01886 0.01648 0.02958 0.05436 0.00880 -0.00191 -0.00247 0.00081 0.00161 -0.00255 0.00312 -0.00251 0.00801 -0.00659 -0.00132 0.01256 -0.02587 0.00891 0.00342 
0.01227 -0.02156 0.01697 -0.02783 0.03163 -0.04063 0.06869 -0.09412 0.08006 -0.05344 0.18768 -0.07217 0.11908 -0.00247 0.00081 0.00161 -0.00255 0.00312 -0.00251 0.00801 -0.00659 -0.00132 0.01256 -0.02587 0.00891 0.00342 0.00233 -0.00492 0.01658 -0.00917 0.03673 0.01332 0.01842 0.03112 -0.03428 -0.04659 -0.13459 -0.00870 0.00725 
0.01220 -0.02362 0.02606 -0.03369 0.05156 -0.03522 0.08190 -0.08185 0.06226 -0.07046 0.10745 -0.07207 0.12442 -0.00007 -0.00206 0.00909 -0.00586 0.01993 0.00541 0.01321 0.01227 -0.01780 -0.01702 -0.08023 0.00011 0.00533 0.00493 -0.00162 -0.00321 0.00511 -0.00624 0.00502 -0.01602 0.01317 0.00265 -0.02511 0.05175 -0.01782 -0.00684 
0.01220 -0.02362 0.02606 -0.03369 0.05156 -0.03522 0.08190 -0.08185 0.06226 -0.07046 0.10745 -0.07207 0.12442 0.00247 -0.00081 -0.00161 0.00255 -0.00312 0.00251 -0.00801 0.00659 0.00132 -0.01256 0.02587 -0.00891 -0.00342 0.00254 0.00125 -0.01070 0.00842 -0.02305 -0.00290 -0.02122 -0.00568 0.01912 0.00446 0.10610 -0.00902 -0.00875 
0.01467 -0.02443 0.02446 -0.03114 0.04844 -0.03272 0.07389 -0.07527 0.06359 -0.08302 0.13332 -0.08098 0.12099 0.00247 -0.00081 -0.00161 0.00255 -0.00312 0.00251 -0.00801 0.00659 0.00132 -0.01256 0.02587 -0.00891 -0.00342 0.00674 -0.01613 0.01695 -0.02413 0.03357 -0.02513 0.05451 -0.05867 0.03867 -0.04476 0.05833 -0.04713 0.07895 
0.01467 -0.02443 0.02446 -0.03114 0.04844 -0.03272 0.07389 -0.07527 0.06359 -0.08302 0.13332 -0.08098 0.12099 0.00920 -0.01694 0.01535 -0.02158 0.03045 -0.02263 0.04650 -0.05208 0.04000 -0.05731 0.08420 -0.05604 0.07552 -0.00247 0.00081 0.00161 -0.00255 0.00312 -0.00251 0.00801 -0.00659 -0.00132 0.01256 -0.02587 0.00891 0.00342 
0.02387 -0.04137 0.03981 -0.05271 0.07888 -0.05534 0.12039 -0.12735 0.10358 -0.14033 0.21753 -0.13702 0.19652 0.00000 0.00000 0.00000 0.00000 0.00000 0.00000 0.00000 0.00000 0.00000 0.00000 0.00000 0.00000 0.00000 -0.02039 0.03155 -0.03030 0.04490 -0.05776 0.04331 -0.09893 0.10467 -0.07097 0.11410 -0.18842 0.10953 -0.12685 
0.01467 -0.02443 0.02446 -0.03114 0.04844 -0.03272 0.07389 -0.07527 0.06359 -0.08302 0.13332 -0.08098 0.12099 -0.01119 0.01460 -0.01496 0.02332 -0.02731 0.02068 -0.05243 0.05259 -0.03097 0.05679 -0.10422 0.05349 -0.05132 -0.00142 -0.00155 -0.00314 -0.00464 0.00063 0.00361 0.01918 0.00200 -0.01307 -0.01710 0.00110 0.00794 0.01491 
0.01269 -0.02677 0.02485 -0.02939 0.05157 -0.03466 0.06796 -0.07476 0.07261 -0.08354 0.11330 -0.08354 0.14519 -0.00142 -0.00155 -0.00314 -0.00464 0.00063 0.00361 0.01918 0.00200 -0.01307 -0.01710 0.00110 0.00794 0.01491 0.02199 -0.02842 0.03289 -0.05049 0.05006 -0.03702 0.11237 -0.12060 0.06355 -0.10000 0.17962 -0.09298 0.10259 
0.01325 -0.02598 0.02132 -0.03578 0.04907 -0.02911 0.09307 -0.07327 0.05052 -0.10011 0.13443 -0.07304 0.13590 0.01081 -0.01381 0.01793 -0.02717 0.02275 -0.01634 0.05994 -0.06801 0.03258 -0.04322 0.07539 -0.03949 0.05126 0.00271 -0.00491 0.00581 0.00596 0.00003 -0.00265 -0.03213 0.00415 0.01952 0.01711 -0.01932 -0.01147 0.00797 
0.02349 -0.04058 0.04278 -0.05656 0.07432 -0.05100 0.12790 -0.14277 0.10519 -0.12676 0.18870 -0.12303 0.19645 0.00129 -0.00646 0.00266 0.00132 0.00067 0.00096 -0.01296 0.00615 0.00645 0.00001 -0.01821 -0.00353 0.02288 -0.02046 0.02919 -0.03456 0.05172 -0.04987 0.03519 -0.11081 0.13014 -0.07307 0.09298 -0.14466 0.08505 -0.12145 
0.01455 -0.03244 0.02398 -0.03446 0.04974 -0.02815 0.08011 -0.06711 0.05697 -0.10010 0.11622 -0.07657 0.15878 -0.00966 0.01538 -0.01663 0.02455 -0.02712 0.01885 -0.05087 0.06213 -0.04049 0.04976 -0.06927 0.04555 -0.07019 -0.00216 0.01140 -0.00194 0.00438 0.00089 -0.00831 0.00456 -0.01752 0.01033 0.01883 0.00702 0.00193 -0.04122 
0.01384 -0.02520 0.02615 -0.03201 0.04720 -0.03215 0.07702 -0.08064 0.06471 -0.07699 0.11943 -0.07748 0.12627 -0.00087 0.00494 0.00072 0.00570 0.00156 -0.00735 -0.00840 -0.01136 0.01679 0.01885 -0.01119 -0.00160 -0.01834 0.01795 -0.02716 0.02877 -0.04490 0.05339 -0.03889 0.09783 -0.11258 0.07709 -0.11721 0.19100 -0.11461 0.14721 
0.01367 -0.02751 0.02470 -0.02876 0.05130 -0.03550 0.07171 -0.07848 0.07376 -0.08125 0.10502 -0.07817 0.14045 0.00829 -0.01179 0.01214 -0.02035 0.02627 -0.02004 0.04695 -0.05045 0.03660 -0.06745 0.12173 -0.06905 0.07702 0.00187 -0.00186 -0.00096 -0.00808 -0.00442 0.01014 0.01058 0.01457 -0.02697 -0.02061 0.03950 -0.00121 -0.00111 
0.02213 -0.03699 0.03828 -0.05236 0.07347 -0.05219 0.12398 -0.13109 0.10131 -0.14444 0.24117 -0.14653 0.20329 0.00100 0.00308 -0.00024 -0.00238 -0.00286 0.00279 0.00218 0.00321 -0.01018 -0.00176 0.02830 -0.00281 -0.01945 -0.01575 0.02435 -0.02596 0.04157 -0.05131 0.03952 -0.09704 0.10628 -0.07432 0.12887 -0.22957 0.13460 -0.15931 
0.01467 -0.02443 0.02446 -0.03114 0.04844 -0.03272 0.07389 -0.07527 0.06359 -0.08302 0.13332 -0.08098 0.12099 -0.00746 0.01256 -0.01383 0.02122 -0.02504 0.01947 -0.05008 0.05583 -0.03772 0.06142 -0.10784 0.06555 -0.08229 -0.01863 -0.00859 0.01552 0.00208 -0.02176 0.00787 0.02444 -0.07350 0.05618 0.01514 -0.10873 -0.00020 0.12649 
0.01467 -0.02443 0.02446 -0.03114 0.04844 -0.03272 0.07389 -0.07527 0.06359 -0.08302 0.13332 -0.08098 0.12099 -0.01764 -0.00551 0.01528 -0.00029 -0.02462 0.01066 0.02662 -0.07029 0.04600 0.01338 -0.08043 -0.00301 0.10703 -0.16173 -0.38223 0.18436 -0.22370 0.36096 -0.10793 0.02640 -0.24643 -0.19066 -0.25798 -0.71950 -0.38761 0.03850 
-0.00297 -0.02994 0.03973 -0.03143 0.02382 -0.02205 0.10052 -0.14556 0.10959 -0.06964 0.05290 -0.08399 0.22803 -0.16918 -0.36967 0.17054 -0.20247 0.33593 -0.08846 -0.02368 -0.19060 -0.22838 -0.19656 -0.82734 -0.32206 -0.04379 -0.45371 -1.06107 0.59858 -0.84859 1.04464 0.13070 0.01732 0.00132 1.03885 -0.73217 -1.11448 -0.32798 -0.58507 
-0.15451 -0.39410 0.19500 -0.23361 0.38437 -0.12117 0.05021 -0.26587 -0.16480 -0.27957 -0.69401 -0.40304 0.07721 -0.47135 -1.06658 0.61386 -0.84888 1.02003 0.14136 0.04395 -0.06897 1.08486 -0.71879 -1.19490 -0.33099 -0.47804 -0.45391 -0.41910 0.88683 -1.16094 1.42222 -0.12352 -1.08148 0.12778 1.39944 0.79129 0.63653 0.88510 0.42506 
-0.47432 -1.09652 0.65359 -0.88031 1.04385 0.11930 0.14446 -0.21453 1.19445 -0.78842 -1.14201 -0.41498 -0.25001 -0.62309 -0.78877 1.05737 -1.36341 1.75814 -0.21198 -1.10516 -0.06282 1.17105 0.59473 -0.19081 0.56304 0.38127 -0.28160 0.47505 0.52647 -0.25526 0.29194 -0.56183 -0.72295 -0.80651 -1.58339 1.79056 0.18138 1.77767 1.65717 
-0.77760 -1.18287 1.25236 -1.59702 2.14251 -0.33315 -1.05495 -0.32869 1.00625 0.31516 -0.88482 0.16000 0.45847 -0.75295 -0.59153 1.14032 -1.10414 1.31197 -0.42048 -0.67900 -0.87548 -0.49853 1.07177 -1.01352 1.44668 1.17913 0.07751 0.29857 -0.01638 1.02613 -1.73708 -0.04749 2.01784 -0.37459 -1.92581 -0.25343 -1.38143 0.11568 1.30685 
-1.22726 -1.68804 1.79391 -1.98445 2.35581 -0.30117 -0.53454 -1.09001 0.69591 0.28335 -2.15553 1.03169 0.92912 -0.54558 -0.49019 1.04098 -0.33728 0.02107 -0.25946 0.91268 -0.43741 -0.75476 0.34130 -1.57224 0.67872 1.68812 0.65793 0.68767 -0.58115 1.01154 -1.78408 0.01078 1.71690 1.60344 0.14754 -0.71591 1.24646 -1.86003 -0.17291 
-1.32319 -1.67306 2.29335 -1.93430 2.16358 -0.59261 -0.14227 -0.76610 0.25150 0.65647 -2.45706 0.83872 2.14659 -0.09501 0.09614 0.55918 -0.09260 -0.47211 -0.40969 1.03790 0.72796 -0.35099 0.35586 0.23294 -0.41336 1.00622 0.25268 0.34440 -0.91882 0.52844 0.45932 0.06915 0.45208 0.19064 0.80204 -0.02915 1.72734 -1.72224 -2.98248 
-1.32227 -1.59190 2.35309 -2.07705 1.88370 -0.71087 0.50336 -0.36205 0.34492 0.63921 -1.92259 0.61834 1.93534 -0.29290 -0.14579 0.12216 0.19116 0.48038 -0.19031 1.36476 -0.24677 0.04729 0.31216 0.15510 -1.04352 -1.29436 0.02871 0.30015 -0.39114 -0.13466 0.61407 0.15100 0.76945 -2.29746 0.36334 0.33607 -0.35051 -0.53541 -1.45993 
-1.61609 -1.81885 2.41551 -1.74314 2.64396 -0.78292 1.22249 -1.01286 0.29879 0.96862 -2.30197 -0.20480 0.85223 -0.06630 0.39629 0.16804 -0.22726 0.14196 -0.25869 1.80735 -1.56950 0.01234 0.69193 -0.11758 -0.94877 -0.45371 0.23599 0.40169 -0.16260 -0.64533 -1.24113 -0.21779 -1.00762 -0.54347 -0.36530 0.07307 0.04984 1.11356 2.37887 
-1.38857 -1.19561 2.52113 -2.30430 2.02567 -0.96956 2.31071 -1.93155 0.35726 1.33114 -2.04017 -0.33043 1.48163 -0.05691 0.25590 -0.04044 -0.45417 -0.76074 -0.40810 0.35714 -0.79024 -0.31801 0.38523 0.20494 0.07004 1.08451 -0.26202 -0.78923 -0.11848 0.39278 -0.16871 0.34955 -1.76362 2.05319 -0.05608 -0.41678 -1.66695 1.06891 1.75241 
-1.67299 -1.56295 2.37506 -2.19731 1.88322 -1.19103 1.57962 -1.80310 -0.01923 1.35385 -2.09703 -0.13476 1.93674 -0.32832 -0.39294 0.04956 0.16553 -0.02675 0.09086 0.04373 0.48369 -0.04374 0.27515 -1.78453 0.12014 1.29871 0.06826 -0.17900 0.19633 0.56449 0.78799 0.51450 0.88409 0.51786 0.85989 -0.48148 -0.84290 -0.21338 -0.58900 
-1.71689 -1.58855 2.57069 -2.13878 1.99892 -0.87870 2.35444 -1.44786 0.31353 1.60628 -3.82470 -0.21029 2.78034 0.01135 0.07690 0.15589 0.11032 0.02725 0.10639 1.24122 -0.27238 0.54188 -0.09625 -0.63796 -0.14334 0.49551 0.36087 0.17387 -0.24526 -0.00836 -0.02401 -0.31233 -0.45585 -1.44939 -0.02503 -0.16677 3.65538 -0.36734 -2.18333 
-1.66165 -1.48606 2.53095 -2.08699 1.91046 -1.08463 2.82085 -2.07548 0.52265 1.25760 -2.73499 -0.27810 2.43225 0.03255 -0.21907 -0.19571 0.15717 -0.05076 -0.22148 -0.41212 -0.96571 -0.06876 0.10837 1.87085 -0.24720 -0.88462 0.12995 -0.11734 -0.16563 0.05463 -0.09931 -0.08233 -1.59789 -0.24683 -0.59934 0.39768 1.86588 -0.23489 -1.00944 
-1.68434 -1.80762 2.37498 -1.98161 1.94816 -1.10018 1.94232 -2.41357 0.24476 1.71465 -1.95385 -0.45749 1.89572 0.14130 -0.04044 -0.00974 0.16495 -0.07206 0.02406 -0.35666 -0.51921 -0.05746 0.30143 1.22792 -0.37823 -0.51393 -0.05772 -0.04082 0.16234 0.17947 -0.00903 0.14023 1.81031 1.40466 -0.63479 -0.66148 -1.05691 0.23830 0.77981 
-1.52035 -1.52650 2.52120 -1.92203 1.83840 -1.06057 2.46418 -2.59470 0.46519 1.55902 -1.50707 -0.65633 1.91832 -0.02517 -0.25989 -0.03336 0.33664 -0.05979 -0.08125 1.39819 0.43895 -0.70355 -0.55311 0.81394 -0.00890 -0.10481 -0.08375 -0.81794 -0.17775 0.46717 -0.30945 -0.42732 0.95847 2.24146 -1.07292 -0.81243 0.35715 0.76043 0.22406 
-1.70951 -2.06751 2.34162 -1.64496 1.88837 -1.18143 3.34050 -1.97461 -0.45879 1.16155 -1.13991 -0.46638 1.79090 0.05755 -0.85839 -0.18749 0.63212 -0.38151 -0.40325 0.60181 1.72224 -1.13038 -0.51100 1.58507 0.38220 -0.28987 1.31944 0.77700 0.09937 0.65145 -0.59676 -0.40425 -3.18915 0.14806 -1.05412 -0.91854 -1.23112 -0.54935 -0.20060 
-1.46280 -2.38489 2.33371 -1.28992 1.45689 -1.46382 3.06599 -0.87245 -0.66519 1.04802 0.07800 -0.27413 1.62845 1.29427 0.51710 0.06600 0.98809 -0.65655 -0.48550 -1.79096 0.58701 -1.75768 -1.47165 -0.41718 -0.55824 -0.30542 2.43129 1.97604 -0.93145 0.38565 0.50629 0.09201 -3.67566 -3.23399 -1.56051 -2.10011 -4.70634 -0.74090 1.32571 
-0.41523 -1.55041 2.40762 -0.65687 1.23182 -1.66692 1.54954 -1.38760 -2.21646 -0.31010 -1.55709 -1.02462 1.48548 2.48884 1.11766 -1.11894 1.01777 0.12478 -0.31124 -3.07385 -1.51175 -2.69089 -2.61111 -3.12127 -0.35870 1.03584 0.75715 -0.55797 -2.51257 -0.40062 1.30824 0.44028 -0.60361 -1.39298 1.18866 0.72361 -0.57092 0.65465 1.90843 
1.02605 -1.26723 1.21477 -0.27215 1.58167 -1.77507 -0.00785 -2.38420 -3.35608 -1.56309 -3.04327 -0.63283 2.66429 2.05143 -0.04087 -2.44657 0.58748 0.65169 -0.04521 -2.39457 -0.80597 -0.56901 -0.74804 -0.98810 0.09640 1.60301 -1.68151 -1.53237 -0.65813 -0.71841 0.10548 0.61034 2.47816 2.07016 4.06016 3.14720 4.41469 -0.06840 -0.70895 
1.63619 -1.59128 -0.03894 -0.06940 1.88351 -1.71214 -0.84503 -2.19358 -2.78548 -1.05814 -2.54519 -0.92822 3.08849 0.80733 -0.41471 -1.77707 0.29936 0.23025 0.29909 -0.59569 0.55842 1.36927 0.53609 1.29342 -0.42710 0.32689 -1.82628 0.12429 1.59162 -0.86736 -0.90054 0.50507 2.03234 0.76478 1.96474 -0.06301 1.51012 -1.01522 -2.71251 
1.83338 -1.68194 -0.56230 0.02721 1.81192 -1.47598 -0.60354 -1.82578 -1.98681 -1.02700 -1.74985 -1.05993 2.99118 0.22515 0.08343 -0.85494 -0.27989 -0.24885 0.45985 -0.36223 -0.04119 1.39572 -0.81105 0.52202 -0.91882 -1.10950 -0.69803 0.97794 1.28997 -1.07593 0.05149 0.12357 -0.98447 -0.64827 -0.32592 -1.59036 -1.65577 -0.44651 -1.78368 
1.86134 -1.50786 -0.89389 -0.34929 1.63466 -1.25228 -1.20726 -2.23477 -1.38975 -1.86919 -2.02317 -1.84703 1.97900 0.10930 0.56323 -0.48710 -0.77658 0.28174 0.42266 -1.58015 -0.08985 1.04335 -1.05427 -0.36235 -0.87360 -1.45679 -0.10327 0.52208 0.72129 -0.32513 0.87141 -0.26374 -0.73121 1.13820 -0.64363 0.46811 -0.14169 1.02778 0.72393 
1.94268 -1.11871 -1.04940 -0.74937 2.09366 -1.05332 -2.18370 -1.91563 -0.94345 -2.08127 -2.11220 -1.93354 1.53440 0.12188 0.60551 -0.13366 -0.60502 0.62255 0.19611 -1.09345 1.09701 0.75210 -0.34293 0.38033 0.10896 -0.38557 -0.05325 -0.39426 0.39784 0.51490 -0.22770 -0.60507 1.61481 0.83963 -0.61478 0.72650 0.19140 1.46554 1.81152 
1.98322 -0.90235 -1.02754 -0.95430 2.25721 -1.05617 -2.30071 -1.13775 -0.63766 -2.21212 -1.64284 -1.73807 1.59343 0.05605 0.16897 -0.08926 -0.26168 0.05404 -0.18241 0.03466 0.74978 0.42857 -0.32777 -0.17095 0.59194 0.35473 -0.06609 -0.69356 0.05118 0.67383 -0.62494 -0.49553 1.49180 -1.00956 -0.82088 0.91711 -0.20664 0.22740 1.09638 
1.99873 -0.94974 -1.13866 -1.01105 2.14770 -1.23573 -2.14904 -1.16584 -0.51488 -2.40904 -2.28315 -1.34160 1.88913 0.05579 -0.08805 -0.08247 0.06882 -0.00239 -0.29942 0.39836 0.08746 -0.06878 0.57418 0.17369 0.33637 0.71082 -0.07761 -0.38412 -0.11172 0.26176 -0.15323 -0.39338 0.27040 -1.13597 -0.95754 0.52211 0.64245 -0.70560 -0.93565 
2.03901 -0.99040 -1.11002 -0.88549 2.25482 -1.35560 -1.90235 -1.05030 -0.70644 -1.63794 -1.46915 -1.40170 2.30425 -0.02156 -0.21515 -0.20098 0.00008 -0.09919 -0.57579 0.30506 -0.38619 -0.52897 0.19433 0.47150 -0.11366 -0.58092 -0.14061 -0.25112 0.04530 -0.17755 -0.17165 0.10528 -0.19060 -0.20027 -0.18421 -0.90292 0.55515 -0.25142 -0.46104 
1.97716 -1.16489 -1.33964 -1.01097 2.04851 -1.81152 -1.84398 -1.55203 -1.04385 -2.21470 -1.81165 -1.45526 1.30821 -0.08482 -0.33917 -0.03717 -0.10873 -0.17403 -0.19414 0.20776 -0.11281 -0.25299 -0.32874 0.72884 0.08495 0.24978 0.02644 -0.09671 0.38775 -0.29288 0.52507 0.76707 -0.33596 1.56440 0.06524 0.54455 1.13843 -0.32530 2.49472 
1.95420 -1.32957 -1.14719 -0.99422 2.08079 -1.54974 -1.69460 -1.16311 -0.95942 -1.96668 -0.74031 -1.31675 2.55402 0.00488 -0.31186 0.18677 -0.29280 0.42588 0.19128 -0.03090 1.17821 -0.46373 0.73889 1.60993 -0.43897 1.91381 -0.02486 -0.01958 0.06120 -0.45469 0.54662 0.08703 -0.45969 1.05791 -0.28316 0.52947 -0.67687 -0.19952 0.39777 
1.98204 -1.47675 -1.15287 -1.30377 2.47440 -1.62025 -1.87489 -0.37382 -1.50758 -1.47582 -0.20172 -1.89422 3.22201 -0.10967 -0.35875 0.02402 -0.56342 0.37258 -0.10711 -0.25193 0.94510 -0.53615 0.20073 0.05197 -0.11457 0.64755 -0.07804 0.12036 -0.18272 0.19623 0.08584 -0.51041 0.68446 -0.23584 0.36609 -0.60144 -1.80606 1.20299 -2.66777 
1.84453 -1.68831 -1.12317 -1.55765 2.45338 -1.65685 -1.94652 -0.21800 -1.49557 -1.76595 -0.68834 -1.43132 3.20157 -0.07317 -0.19150 0.00404 -0.09657 0.51173 -0.31914 0.65356 0.94237 -0.09764 0.13745 -0.19612 0.76403 -0.75397 0.11855 0.18807 -0.02290 0.77270 0.17157 -0.29429 1.18411 0.02536 0.22250 0.37651 0.11744 0.16817 -1.54887 
1.90888 -1.66825 -1.14883 -1.40033 2.98612 -1.93938 -1.22133 0.56855 -1.60523 -1.33837 -0.39784 -1.13020 2.46804 0.00888 -0.17068 0.00112 0.20927 0.54416 -0.40139 0.93218 0.97046 -0.31365 0.57724 0.16941 0.05360 -0.90133 -0.13349 -0.18692 0.06704 0.16999 -0.66092 -0.27898 -0.43332 -0.93436 -0.58930 0.76690 -0.58456 -2.15269 0.36647 
1.85340 -1.85899 -1.12204 -1.34837 2.99753 -2.05824 -1.01434 0.75246 -1.80922 -1.18872 -0.51894 -1.37772 2.30024 -0.20666 -0.37842 0.07109 0.07342 -0.14919 -0.59812 0.22024 0.00800 -0.68694 0.90435 -0.78068 -1.38866 -0.38750 -0.10462 -0.02228 0.11613 -0.01910 -0.37583 0.33444 0.07672 -1.98467 -0.18525 0.74873 -0.82729 -0.55201 0.84151 
1.70222 -2.04668 -1.07774 -1.32691 2.83693 -2.53750 -1.00110 0.57656 -2.29216 -0.43402 -1.17852 -2.51885 2.08054 -0.09575 -0.19296 0.11726 0.19018 0.16833 -0.06695 1.00891 -1.01421 -0.49890 1.32597 -0.65789 -0.49841 -0.05981 0.25814 0.37246 0.00004 0.10376 0.63958 0.98468 0.38739 -0.91498 0.88106 -0.45729 0.92953 1.86743 -0.24099 
1.75766 -2.05195 -1.00478 -1.15819 3.16586 -2.12519 -0.00543 -0.26175 -2.30812 0.13726 -1.17683 -1.87613 2.24043 0.05149 -0.00596 0.07113 0.17718 0.49039 0.38656 0.60763 -0.90697 0.19412 0.44707 0.14884 0.47877 -0.62849 -0.06712 0.24958 -0.00911 -0.34579 0.02629 0.09917 -1.12157 0.63058 0.58374 -1.44677 0.83992 0.45376 -0.40548 
1.75371 -2.05264 -1.00662 -1.14972 3.32732 -2.15094 -0.39347 -0.33042 -2.09804 0.01305 -1.02968 -2.04008 1.45205 -0.16287 0.05662 0.10815 -0.15561 0.19462 0.03222 -0.11266 -0.38363 0.08484 -0.12079 0.18203 -0.04465 -0.46529 -0.28851 -0.14521 0.07439 -0.26324 -1.24928 -0.37782 -0.77560 0.19421 -0.26531 -1.09050 -0.02989 -0.76294 0.49745 
1.59479 -1.99534 -0.89663 -1.31381 3.36048 -2.09296 -0.11809 -0.64538 -2.22328 0.01646 -0.99479 -1.92078 1.77515 -0.23702 -0.15118 0.14552 -0.08606 -0.75889 0.00874 -0.16798 -0.71276 -0.07118 -0.64344 0.11895 -0.28416 -0.13105 -0.18758 0.20107 -0.00960 0.40020 -0.54898 -0.25301 0.80774 -0.31393 0.44033 0.11344 0.08844 0.22644 -0.54457 
1.51669 -2.20382 -0.86110 -1.23578 2.56843 -2.14220 -0.56144 -1.04318 -2.16922 -0.63039 -0.91073 -2.32425 1.32100 -0.35045 0.25769 0.09855 0.24459 -0.35436 -0.22079 0.69507 -0.69756 0.52517 -0.00735 0.27047 0.18180 -1.00986 -0.11288 0.59701 -0.15598 0.47923 0.74989 -0.15509 0.84945 0.54333 0.56693 1.39958 -0.36760 0.86894 -0.76317 
1.24434 -1.73765 -0.79808 -1.06922 3.00612 -2.31375 0.57698 -1.34294 -1.69811 0.00911 -0.72433 -1.73898 0.76529 -0.34990 0.44583 -0.01047 0.39318 -0.00900 -0.14635 0.68148 -0.16943 0.49574 0.75614 -0.24865 0.58478 -0.89421 0.60386 -0.43968 -0.08961 0.58267 -0.88943 0.77943 -1.07637 1.73593 -1.18056 0.56819 0.13659 -0.07997 1.31298 
1.16679 -1.75799 -0.87157 -0.84260 2.55943 -2.28855 0.12003 -1.21261 -1.67348 0.12575 -1.15938 -1.73947 0.42679 0.25341 -0.18199 0.00894 0.82726 -1.24379 0.55864 -0.38130 1.03838 -0.65539 0.56084 0.40705 0.10183 0.30313 0.56697 -0.90977 0.08097 0.08497 -1.09640 0.57686 -0.75893 -0.22175 -0.87973 -0.15012 -0.03840 -0.65276 0.85775 
1.49775 -1.91964 -0.78915 -0.24196 1.76233 -1.75512 0.19568 -0.30456 -2.35350 0.56995 -0.31727 -1.63716 1.06842 0.21708 -0.46394 0.07050 0.47815 -1.10540 0.43051 -0.07745 -0.39118 -0.38399 0.60601 -0.28705 -0.06798 -0.03646 -0.40114 -0.06176 -0.14211 -0.70682 1.19093 -0.96444 0.53118 -2.01054 0.60091 -0.03891 -1.54336 -0.58307 -0.70653 
1.38387 -2.22193 -0.80107 -0.36445 1.45403 -1.85804 0.04258 -1.60379 -2.05747 0.73177 -1.44643 -1.80745 0.39033 -0.14772 -0.24376 -0.13317 0.12044 -0.05286 -0.40580 0.14988 -0.97216 -0.05448 0.52194 -1.13631 -0.48124 -0.40340 -0.38341 0.31771 -0.26390 -0.25508 0.75247 -0.95851 0.18231 0.50209 -0.06449 -0.76749 0.02913 -0.75235 0.47432 
1.35003 -2.16340 -0.92232 -0.12152 1.70947 -2.16092 0.34556 -1.27672 -2.40798 1.09189 -1.45358 -2.11840 0.66501 -0.16634 -0.14623 -0.19341 0.22307 -0.35293 -0.52800 0.10486 0.11091 -0.44847 -0.16148 -0.25792 -0.82033 0.43786 -0.01477 -0.07617 0.02992 0.04340 -0.73508 -0.16264 0.21777 0.69367 0.14642 -0.28382 0.00512 -0.04839 -0.00086 
1.21753 -2.36816 -0.99448 -0.14138 1.10109 -2.38604 0.14744 -1.49288 -2.50594 0.57029 -1.70435 -2.62778 0.82818 -0.16249 -0.31992 -0.10325 0.16384 -0.78794 -0.56844 0.36765 -0.27849 0.09194 0.23812 -1.13119 -0.52964 -0.40427 0.04194 -0.04840 0.21485 0.08535 -0.25650 0.25119 0.99975 -0.62519 1.19552 0.88716 -0.61258 1.45738 -2.07578 
1.18754 -2.48332 -1.02556 0.04232 0.92152 -2.72936 0.71321 -1.55521 -2.31603 1.33002 -2.58477 -2.64803 0.26075 -0.12439 -0.19463 0.02145 0.30842 -0.60943 -0.27681 1.10461 -0.51428 0.74704 0.72568 -0.87050 0.63705 -1.63792 0.22882 0.38141 0.73467 0.28105 0.48716 1.26467 0.03195 0.35435 1.35235 0.24113 3.26590 2.12416 0.47772 
1.09313 -2.56280 -0.97303 0.16704 0.49166 -2.66285 1.25205 -2.00716 -1.75890 1.29597 -2.57485 -1.99073 -0.80974 0.06633 0.06149 0.63142 0.44488 -0.30079 0.69623 0.39960 0.07586 1.44429 0.47925 2.13471 1.59453 0.07345 0.16338 -0.14621 0.38364 0.03566 0.60627 0.50564 -2.08001 0.28572 -1.38482 -0.12844 1.56844 -0.25169 3.18265 
1.25387 -2.42183 -0.39414 0.48720 0.62073 -2.03313 1.11281 -1.47935 -0.87175 1.80926 -0.45006 -1.05351 0.33420 0.03898 -0.34084 0.40509 0.34408 -0.00316 0.22884 -0.97540 -0.22856 -0.63777 0.59724 0.69794 0.38536 1.54473 -0.20330 -0.29583 -0.49478 -0.56842 0.38857 -0.81204 -0.79393 0.08987 -2.23481 -0.82198 -1.87155 -2.05588 1.45177 
1.13212 -2.90364 -0.56794 0.51113 0.48850 -2.43401 0.27665 -2.23572 -2.39667 1.89321 -1.87691 -1.60538 0.73499 -0.13697 -0.23434 0.13664 -0.12353 0.08778 -0.11580 -0.39433 0.16573 -0.79052 -0.34274 0.26315 -0.46135 1.52523 -0.12025 0.52899 -0.30462 -0.69893 -0.04881 -0.52629 0.76124 1.15854 1.01151 -0.74108 -0.36676 -1.38029 -0.63952 
1.11691 -2.65616 -0.25750 0.36367 0.70851 -2.14893 0.71848 -1.31361 -1.66226 1.46653 -0.18691 -1.51486 1.85943 -0.08127 0.18814 0.10047 -0.35484 -0.05197 -0.29745 -0.21416 0.92998 0.37373 -0.14384 0.33118 -0.99494 0.90521 0.24115 -0.17780 0.01766 0.01629 0.26074 -0.63180 -0.23045 -1.24149 0.85499 -0.32776 0.24894 -0.10654 -0.77365 
1.05085 -2.71550 -0.46747 0.15628 0.43653 -2.73146 0.06248 -1.30574 -2.02294 1.74937 -1.54573 -2.60031 1.64019 0.10418 -0.41213 0.15430 -0.10724 0.34852 -0.74761 -0.62478 -1.07576 0.06447 -0.67050 0.51210 -0.56789 0.75158 0.18431 -0.46925 0.42866 0.68553 0.82216 0.04508 0.36507 -2.99000 -0.13027 -0.92361 0.43835 1.68690 -0.03191 
1.22109 -3.06830 -0.10320 0.25642 1.05703 -2.89654 0.09370 -2.38937 -1.59780 0.79603 0.32519 -2.08275 2.61101 0.10304 -0.28111 0.52913 0.33069 0.77020 -0.25237 0.15091 -2.06001 0.24346 -1.06745 0.76952 0.69197 0.87330 -0.19909 0.59250 0.08706 0.59217 -0.44215 0.79517 0.41729 -0.01420 0.10064 0.15976 -1.97157 0.64658 -0.71542 
1.15389 -2.99661 0.06166 0.48697 1.20673 -2.98383 0.21340 -3.36575 -1.77947 0.68192 -0.77621 -1.90834 2.51349 -0.09491 0.18037 0.24136 0.48493 -0.09363 0.04756 -0.20748 -1.08996 0.16511 -0.51073 -1.45947 0.07869 0.03615 -0.07739 0.43561 -0.28566 0.09701 -1.10764 0.53302 0.05417 2.87588 0.03684 0.86449 -1.82025 -1.05839 -0.85895 
1.12618 -2.88793 0.13815 0.74135 0.96340 -2.84898 -0.11378 -3.47933 -1.43269 0.28530 -1.13427 -2.00406 2.64716 0.02565 0.15450 0.24347 0.42770 -0.33744 0.28065 0.20508 0.81586 0.28031 -0.20296 -1.05073 -0.36643 0.01435 0.20263 0.00114 0.19704 0.19112 0.42154 0.19669 0.22481 2.01908 -0.91760 -0.01399 0.52576 -0.26384 -0.11427 
1.17955 -2.84211 0.30514 0.91467 0.86929 -2.70318 0.41847 -2.54989 -1.49917 0.47896 -1.82694 -2.27477 2.52784 0.10773 0.18151 0.43840 0.67605 0.32791 0.24425 0.01733 0.92912 -0.75249 -0.52472 -0.93371 -0.18515 -0.07811 0.09830 0.08954 0.05104 0.50222 0.57085 -0.09371 -1.26704 -1.27018 -0.53569 -0.19580 1.95379 0.51007 0.19374 
1.23391 -2.70642 0.57655 1.41740 1.29131 -2.60472 -0.09645 -2.55021 -2.18518 -0.23942 -2.06798 -2.18920 2.56905 0.12395 0.24404 0.29451 0.92992 0.23341 0.18695 -1.06196 -0.45432 -0.25538 -0.39876 0.90306 0.14365 0.20808 -0.16836 -0.01641 -0.68638 -0.23204 -0.57372 0.09520 -0.44855 -1.65279 1.26190 0.41833 1.48752 0.24591 0.78808 
1.30350 -2.59807 0.59965 1.84460 1.10270 -2.51624 -0.64349 -3.00420 -1.75455 0.08020 -0.92389 -2.13112 2.73592 -0.06064 0.16510 -0.24798 0.44402 -0.24581 0.33945 -0.43122 -0.72367 0.50941 -0.10639 0.55381 0.06076 0.70997 -0.40184 -0.15792 -0.47070 -0.90824 -0.66845 -0.02513 0.77749 0.79252 0.45150 -0.94758 -2.24889 -1.11104 -0.99531 
1.17327 -2.54133 0.32857 1.86142 1.04549 -2.26527 -0.52767 -3.27388 -1.67578 -0.34581 -1.51417 -2.12845 3.27901 -0.27789 0.08612 -0.17619 0.02168 -0.43504 0.16182 -0.28447 0.33820 0.19611 -1.34634 -1.34583 -0.96739 -0.78723 -0.15900 -0.00032 0.61081 -0.28187 -0.24434 -0.53769 -0.12928 1.14836 -0.50730 -0.48864 -0.59208 -0.67300 -2.08251 
1.02562 -2.51195 0.42346 1.86628 0.66766 -2.35442 -0.92796 -2.66600 -1.55844 -1.26613 -2.26972 -3.09851 1.94869 -0.21964 0.16477 0.36283 0.16214 -0.49016 -0.19824 -0.56050 0.42468 0.00211 -0.59503 -0.03827 -0.61225 -1.37254 -0.03106 0.12879 0.48188 0.02362 0.19394 -0.17957 0.33775 -0.18798 0.27161 2.00954 2.18630 1.46689 0.10080 
0.95363 -2.37655 0.69140 2.02356 0.55534 -2.46351 -1.08816 -2.84920 -1.67367 -0.94084 -1.55244 -2.74069 1.90648 -0.30895 0.21491 0.30569 0.04530 -0.24110 -0.01775 0.05328 0.15022 0.46772 0.66320 0.84046 0.49950 -0.68643 -0.02155 0.44234 -0.20658 -0.43528 0.35777 0.60043 1.17594 0.10457 0.49263 0.45453 0.25745 0.77909 0.49593 
0.71667 -2.29704 0.72915 1.91158 0.42656 -2.37217 -0.87468 -2.51578 -1.09072 -0.60293 -1.42926 -2.59901 1.26227 -0.24118 0.60712 0.15625 -0.27313 -0.13239 0.40219 0.61544 0.52925 0.49474 -0.14049 0.21918 0.16685 -0.87661 0.32536 0.21227 0.08425 0.35264 0.49577 0.10460 -0.18863 -0.09465 -0.30427 -1.38185 -2.09717 -0.93132 0.23710 
0.71245 -1.76944 0.84765 1.75043 0.42295 -2.06132 -0.47272 -2.31995 -1.17893 -1.08133 -1.33326 -2.57384 1.02987 0.01641 0.42719 0.38994 0.39794 0.25467 0.08685 -0.13535 0.05557 0.16345 -0.71865 -1.25671 -0.43182 -0.44932 0.09613 -0.39027 -0.10050 0.21813 0.03997 -0.20372 -0.27999 0.09636 -0.32134 -0.70335 -0.52029 -0.01527 -0.01003 
0.73308 -1.86985 1.11909 2.30952 0.68123 -2.28531 -1.01004 -2.46021 -0.92726 -1.32158 -2.68596 -3.03083 0.81294 -0.14505 0.21685 0.05575 -0.05501 -0.09242 0.19847 0.33545 0.62561 0.17340 -0.84385 -0.30110 0.15157 -0.88664 -0.36932 0.02503 -0.57127 -1.12463 -0.77280 0.34323 1.01684 0.58572 -0.15588 -0.33113 1.55458 1.07221 -0.16587 
0.56740 -1.55259 0.90339 1.69542 0.33053 -1.86286 -0.13728 -1.69433 -1.00553 -1.92518 -1.63436 -2.42227 0.14323 -0.35291 0.45222 -0.18133 -0.72669 -0.51813 0.43008 0.88149 0.64129 0.00758 -1.04978 0.29787 0.64040 -0.61520 -0.02251 0.07148 -0.28176 -0.20281 0.63159 0.09697 -0.99442 -0.16545 0.14680 0.85730 0.68835 0.49552 1.86311 
0.38017 -1.41763 0.93776 1.58284 0.16310 -1.85523 -0.12854 -1.81892 -0.91968 -2.37136 -2.38809 -2.39043 0.19775 -0.16756 0.28833 -0.22601 -0.25782 0.53917 0.29544 -0.65897 0.46016 0.32020 0.01346 0.38724 0.64709 0.97647 0.34277 -0.03476 -0.07633 0.09987 0.80266 0.23335 -0.66596 0.36803 0.37813 1.21599 -0.47878 -0.70664 0.56422 
0.39984 -1.26426 0.67739 1.43761 0.86970 -1.56742 -0.79625 -1.23417 -0.68533 -1.91172 -1.24712 -1.77518 1.11971 -0.01014 0.41746 -0.25766 -0.62681 0.28453 0.66343 0.21553 1.00932 0.38570 0.16621 -0.18091 -0.06624 -0.05097 -0.19618 0.17723 -0.23981 -0.75073 -1.10184 0.45662 1.98649 0.60436 0.08688 -0.04000 -0.44963 -0.12367 -2.09791 
0.37004 -1.00016 0.68010 0.95602 0.44763 -1.19180 0.08699 -0.80960 -0.53398 -2.20515 -2.56900 -2.45667 0.14677 -0.36374 0.46556 -0.46582 -1.00854 -0.56266 0.75207 1.32752 1.06452 0.40708 -0.02655 -0.06239 0.52342 -1.12144 -0.37632 0.54342 -0.34142 -0.38968 -0.51430 0.45084 -0.13886 -0.20899 0.20960 1.81119 2.52860 2.27755 0.07850 
0.03610 -0.79870 0.21157 0.42906 0.30704 -0.81535 0.53127 -0.16965 -0.27825 -1.93827 -1.30950 -1.25176 -0.00173 -0.38646 0.96088 -0.59908 -1.01650 -0.22977 1.11427 0.07668 0.80034 0.59530 1.97740 2.34769 2.21131 0.02753 0.30666 0.26040 0.25518 0.58256 0.38101 -0.00731 -1.68702 -1.00027 0.02075 1.66090 1.61350 0.59564 1.47215 
-0.01642 -0.03928 0.08103 -0.06047 0.21785 -0.07753 0.16367 -0.00926 0.06132 -0.22775 -0.22130 -0.24536 0.17430 -0.05708 0.72596 -0.21064 -0.42599 -0.18165 0.74476 -0.35950 0.06425 0.42783 1.63435 1.55111 1.11906 0.35071 0.37256 -0.97720 0.56124 0.96726 0.09529 -1.15605 -0.06184 -0.86416 -0.47802 -1.73130 -2.06982 -2.01642 -0.01955 
-0.02098 -0.07273 0.00093 0.00307 0.12539 -0.07059 0.17178 -0.10540 0.14958 -0.30392 0.24161 -0.13270 0.34898 -0.01390 -0.01632 -0.03783 -0.04924 -0.13448 -0.04178 0.01483 -0.06383 0.11728 0.24610 0.27787 0.19489 0.00798 0.02767 -0.70145 0.22611 0.37285 0.12978 -0.75491 0.31326 0.01266 -0.49032 -1.43885 -1.72076 -1.04612 -0.39346 
-0.03032 -0.05559 0.04320 -0.10971 0.08337 -0.11931 0.17850 -0.07309 0.17860 0.01834 0.05656 -0.05047 0.18228 -0.02941 0.02451 0.01547 -0.05314 -0.05187 -0.01015 -0.04623 0.07692 -0.06249 0.19550 -0.16964 0.07295 -0.04275 0.07892 0.10847 0.00141 0.01037 0.22921 0.02333 -0.20062 -0.05658 -0.39225 -0.69855 -0.50771 -0.32470 0.10106 
-0.05039 -0.04822 0.01640 -0.05007 0.07352 -0.08074 0.12554 -0.02848 0.08709 -0.10842 0.07197 -0.05975 0.30623 0.06502 0.09215 -0.03642 -0.03887 0.09473 -0.01844 -0.18579 -0.12040 -0.27497 -0.45245 -0.22984 -0.12980 0.10903 0.04349 -0.05362 -0.00843 0.02301 0.15039 -0.02891 -0.02471 0.01465 0.07291 -0.36362 0.22467 -0.00509 0.13941 
0.03469 0.03656 0.00678 -0.14858 0.17810 -0.13775 -0.00729 -0.19349 -0.09638 -0.43411 -0.17328 -0.18027 0.29131 0.01408 -0.02911 0.00704 -0.03013 0.09852 -0.03906 -0.07094 0.09157 0.01042 -0.16812 0.05503 0.06785 0.09667 -0.10416 -0.19429 0.05919 0.11964 -0.23704 0.03853 0.15604 0.19148 0.41997 0.77580 0.32103 0.23747 0.04361 
-0.03630 -0.07733 0.02344 -0.08020 0.17203 -0.11980 0.05461 0.06309 0.09751 -0.27655 0.12700 0.00810 0.40290 -0.03914 -0.10214 0.02277 0.08077 -0.14231 0.02008 -0.02975 0.07108 0.14500 0.32335 0.09118 0.10766 0.15264 0.00443 0.06662 0.05265 0.01859 -0.15789 0.01577 0.22466 -0.46230 -0.03563 0.09578 -0.48446 -0.35692 -0.38047 
-0.00445 -0.06558 0.02955 -0.06781 0.03578 -0.11767 -0.03704 -0.12241 0.04863 -0.11076 -0.08209 -0.07261 0.44396 0.01851 0.03751 0.05969 -0.01154 -0.05937 -0.02329 0.15372 -0.37073 -0.02521 -0.07234 -0.42943 -0.28907 -0.28380 0.05347 0.11467 -0.05976 -0.11434 0.18054 0.08009 0.31803 -0.06322 -0.22007 -0.39059 -0.04364 0.04515 -0.26735 
-0.01779 -0.03982 0.08314 -0.09174 0.11266 -0.14309 0.20833 -0.30765 0.07230 -0.34889 -0.30243 -0.28096 0.11910 0.01432 0.01254 -0.03699 -0.03357 0.03823 0.10017 0.28828 0.00786 -0.07507 -0.06724 0.04755 0.15281 -0.11470 -0.01167 -0.02458 -0.11322 0.03099 0.08996 0.09031 -0.23454 0.54454 -0.04016 0.38339 0.58153 0.53929 0.19248 
0.00988 -0.05304 -0.00744 -0.10137 0.07402 -0.01749 0.25124 -0.11455 -0.02645 -0.17800 -0.03455 0.08020 0.32925 0.00684 0.01293 -0.05353 0.01945 0.03058 0.06702 -0.08082 0.17381 -0.06537 0.31105 0.15210 0.25022 -0.09132 -0.06482 0.01458 0.05666 0.02033 0.01643 -0.12005 -0.28151 -0.21667 -0.03001 0.01934 -0.13464 -0.41593 0.06997 
-0.01095 -0.02689 0.02961 -0.07229 0.14324 -0.07606 0.12751 -0.13384 0.00694 -0.03784 -0.15033 -0.03074 0.02778 -0.05050 0.02712 0.01967 -0.01323 0.05466 -0.01987 0.00677 -0.20881 -0.10509 -0.04790 -0.08709 -0.26312 -0.04473 0.06508 -0.05104 -0.07572 -0.06897 -0.09536 -0.11415 0.08283 -0.39389 0.03227 -0.58483 0.23795 -0.16914 0.50987 
-0.04062 -0.02593 0.01223 -0.11461 0.12868 -0.03737 0.25801 -0.32336 -0.13153 -0.22590 -0.12164 -0.18292 0.28453 0.07192 -0.03811 -0.12924 -0.04952 -0.06478 -0.04713 0.00201 -0.22009 -0.03310 -0.27377 0.39004 0.08108 0.41855 0.10391 -0.06788 -0.05495 0.00652 -0.15389 0.02109 -0.13582 0.37237 0.28519 -0.00572 0.29029 0.35161 0.12106 
0.06097 -0.06500 -0.09963 -0.12181 0.07847 -0.12320 0.12952 -0.35393 -0.02616 -0.31161 0.23971 0.05034 0.44634 0.05341 -0.04076 -0.03528 -0.00672 -0.09922 0.00122 -0.12906 0.16357 0.18010 -0.05362 0.20320 0.08849 0.07634 -0.13133 0.06354 0.24454 0.09781 0.04132 0.17608 0.04183 0.44559 0.11973 0.42964 -0.73909 -0.09083 -0.56031 
0.01280 -0.06669 -0.02305 -0.12133 0.02945 -0.03615 0.12895 -0.15980 0.04857 -0.27952 0.08156 -0.09443 0.36086 -0.05941 0.02543 0.11529 0.04829 -0.02346 0.12895 0.04384 0.22550 0.08663 0.15586 -0.34904 -0.00974 -0.14175 -0.06749 0.05594 0.07534 0.09520 0.14959 -0.04254 -0.00530 -0.05110 -0.03737 0.17397 -0.43108 -0.09677 0.00048 
0.00156 -0.03957 0.01566 -0.07351 0.05500 0.00575 0.17336 -0.12843 0.06046 -0.15575 -0.10933 0.04059 0.30458 -0.01407 0.01517 0.04006 0.08848 0.05037 -0.04132 -0.13436 0.11246 0.14273 0.12035 -0.22788 -0.00828 0.07682 0.08142 -0.02222 -0.08558 -0.03307 0.02862 -0.18014 -0.05977 -0.24480 -0.04857 -0.07463 0.72778 -0.11179 -0.00695 
