0.01492 -0.02122 0.06225 -0.06737 0.04774 -0.03166 0.10430 -0.07992 0.05191 -0.12539 0.09335 -0.05097 0.09187 -0.06211 -0.02246 0.11142 -0.03724 -0.07225 -0.00950 0.13405 -0.06527 -0.00665 0.41767 -0.44425 0.12983 0.11872 -0.24023 -0.75866 2.46573 -0.62187 0.44190 -0.30548 3.12053 -1.85539 0.44979 0.99072 2.09117 0.02403 1.24920 
-0.03602 -0.05318 0.21302 -0.15783 0.01721 -0.05940 0.29386 -0.23369 0.06627 0.25460 -0.26870 0.05899 0.21713 -0.28504 -0.55677 2.15239 -0.33979 0.31706 -0.26117 2.58108 -1.82701 0.13513 0.32775 0.85073 -0.31010 0.49526 -0.01626 -0.26813 0.67999 0.63399 -0.20926 0.07847 1.35279 -0.36989 -0.18486 -0.19455 0.42553 -0.94819 -0.11962 
-0.27012 -0.57799 2.21464 -0.40715 0.36480 -0.29284 2.68537 -1.90692 0.18704 0.20235 0.94408 -0.36107 0.58713 -0.07837 -0.29059 0.79142 0.59676 -0.28151 0.06897 1.48683 -0.43517 -0.19151 0.22312 -0.01873 -0.81836 -0.00091 0.57189 1.11567 -4.30542 0.67385 -0.63545 0.52309 -5.15044 3.65316 -0.27747 -0.65070 -1.68907 0.62327 -1.00686 
-0.11439 -0.34376 1.00444 0.43892 -0.26430 0.00957 1.78069 -0.66885 -0.12524 0.47772 -0.28743 -0.75937 0.21622 0.28685 0.55891 -2.15303 0.33407 -0.31839 0.26192 -2.56936 1.82615 -0.14234 -0.32295 -0.83834 0.31317 -0.51160 0.20382 0.61542 -1.72856 -1.10610 0.58757 -0.11059 -3.12991 1.01184 0.35972 -0.80573 0.40630 1.52581 -0.12580 
0.01673 -0.01908 0.06161 -0.07309 0.04640 -0.03092 0.11602 -0.08077 0.04470 -0.12060 0.10574 -0.04790 0.07553 0.12545 0.32484 -0.93714 -0.50934 0.30607 -0.04162 -1.64308 0.57668 0.16821 -0.58260 0.38757 0.70745 -0.12671 -0.28685 -0.55891 2.15303 -0.33407 0.31839 -0.26192 2.56936 -1.82615 0.14234 0.32295 0.83834 -0.31317 0.51160 
0.01106 -0.01892 0.06729 -0.07042 0.04177 -0.03205 0.13761 -0.09218 0.04297 -0.10488 0.10015 -0.05192 0.08951 0.00000 0.00000 0.00000 0.00000 0.00000 0.00000 0.00000 0.00000 0.00000 0.00000 0.00000 0.00000 0.00000 -0.11925 -0.32528 0.93112 0.50839 -0.30300 0.04377 1.61886 -0.56495 -0.16573 0.56288 -0.37787 -0.70493 0.11376 
0.01673 -0.01908 0.06161 -0.07309 0.04640 -0.03092 0.11602 -0.08077 0.04470 -0.12060 0.10574 -0.04790 0.07553 0.00620 -0.00044 -0.00602 -0.00095 0.00306 0.00216 -0.02421 0.01172 0.00249 -0.01973 0.00970 0.00252 -0.01295 0.00052 -0.00028 -0.00034 0.00172 -0.00157 0.00103 -0.00261 0.00031 0.00076 -0.00401 0.00411 -0.00151 0.00103 
0.01725 -0.01937 0.06127 -0.07137 0.04484 -0.02989 0.11340 -0.08046 0.04546 -0.12461 0.10985 -0.04941 0.07656 0.00052 -0.00028 -0.00034 0.00172 -0.00157 0.00103 -0.00261 0.00031 0.00076 -0.00401 0.00411 -0.00151 0.00103 -0.00694 -0.00381 -0.00292 -0.02526 -0.01036 -0.01021 0.02393 -0.03937 -0.01271 -0.02130 -0.00089 -0.01413 -0.00678 
0.01725 -0.01937 0.06127 -0.07137 0.04484 -0.02989 0.11340 -0.08046 0.04546 -0.12461 0.10985 -0.04941 0.07656 -0.00075 -0.00426 -0.00894 -0.02621 -0.00730 -0.00806 -0.00029 -0.02765 -0.01022 -0.04102 0.00882 -0.01162 -0.01973 -0.00104 0.00057 0.00068 -0.00344 0.00313 -0.00207 0.00523 -0.00063 -0.00152 0.00802 -0.00822 0.00301 -0.00206 
0.01651 -0.02362 0.05233 -0.09757 0.03754 -0.03795 0.11312 -0.10810 0.03524 -0.16563 0.11867 -0.06102 0.05682 -0.00052 0.00028 0.00034 -0.00172 0.00157 -0.00103 0.00261 -0.00031 -0.00076 0.00401 -0.00411 0.00151 -0.00103 0.00149 0.00851 0.01789 0.05241 0.01460 0.01611 0.00057 0.05529 0.02044 0.08205 -0.01763 0.02323 0.03947 
0.01673 -0.01908 0.06161 -0.07309 0.04640 -0.03092 0.11602 -0.08077 0.04470 -0.12060 0.10574 -0.04790 0.07553 0.00075 0.00426 0.00894 0.02621 0.00730 0.00806 0.00029 0.02765 0.01022 0.04102 -0.00882 0.01162 0.01973 0.00216 -0.00842 0.00128 -0.02251 -0.00323 -0.00833 -0.00555 -0.02909 0.00243 -0.05718 0.01165 -0.02180 0.00213 
0.01725 -0.01937 0.06127 -0.07137 0.04484 -0.02989 0.11340 -0.08046 0.04546 -0.12461 0.10985 -0.04941 0.07656 0.00164 -0.00813 0.00162 -0.02422 -0.00167 -0.00936 -0.00293 -0.02940 0.00167 -0.05317 0.00754 -0.02030 0.00110 -0.00075 -0.00426 -0.00894 -0.02621 -0.00730 -0.00806 -0.00029 -0.02765 -0.01022 -0.04102 0.00882 -0.01162 -0.01973 
0.01837 -0.02722 0.06323 -0.09731 0.04473 -0.04029 0.11308 -0.11017 0.04637 -0.17376 0.11328 -0.06820 0.07663 0.00000 0.00000 0.00000 0.00000 0.00000 0.00000 0.00000 0.00000 0.00000 0.00000 0.00000 0.00000 0.00000 -0.00583 0.01218 -0.00962 0.04413 0.00420 0.02213 0.02106 0.06248 -0.00515 0.07366 -0.02449 0.04194 0.02277 
0.01725 -0.01937 0.06127 -0.07137 0.04484 -0.02989 0.11340 -0.08046 0.04546 -0.12461 0.10985 -0.04941 0.07656 -0.00418 0.00405 -0.00800 0.01990 0.00253 0.01277 0.01812 0.03308 -0.00348 0.02050 -0.01694 0.02164 0.02387 0.00000 0.00000 0.00000 0.00000 0.00000 0.00000 0.00000 0.00000 0.00000 0.00000 0.00000 0.00000 0.00000 
0.01419 -0.02317 0.05523 -0.07741 0.04726 -0.02752 0.13121 -0.07710 0.04289 -0.15327 0.09634 -0.04655 0.10050 0.00000 0.00000 0.00000 0.00000 0.00000 0.00000 0.00000 0.00000 0.00000 0.00000 0.00000 0.00000 0.00000 0.00725 -0.00024 0.01404 -0.01386 -0.00495 -0.01514 -0.03593 -0.03644 0.00605 0.00816 0.03046 -0.02450 -0.04781 
0.01725 -0.01937 0.06127 -0.07137 0.04484 -0.02989 0.11340 -0.08046 0.04546 -0.12461 0.10985 -0.04941 0.07656 0.00306 0.00380 0.00604 0.00604 -0.00243 -0.00237 -0.01780 -0.00336 0.00257 0.02866 0.01351 -0.00285 -0.02394 -0.00222 -0.00072 -0.00231 0.00076 0.00989 -0.00710 0.00206 0.00106 0.00353 0.00921 -0.02788 0.00546 0.00494 
0.01725 -0.01937 0.06127 -0.07137 0.04484 -0.02989 0.11340 -0.08046 0.04546 -0.12461 0.10985 -0.04941 0.07656 -0.00222 -0.00072 -0.00231 0.00076 0.00989 -0.00710 0.00206 0.00106 0.00353 0.00921 -0.02788 0.00546 0.00494 -0.00749 -0.00452 -0.01483 0.00225 0.01729 -0.00927 0.01940 0.00182 0.00911 -0.02862 -0.05159 0.00788 0.03715 
0.01503 -0.02008 0.05896 -0.07060 0.05473 -0.03699 0.11546 -0.07940 0.04899 -0.11540 0.08197 -0.04395 0.08149 -0.00442 -0.00072 -0.00879 0.00829 0.01487 -0.01164 0.00159 -0.00154 0.01168 0.00004 -0.03808 0.00502 0.01321 -0.00154 0.00530 0.02101 -0.01867 -0.01522 -0.01179 0.03203 -0.04895 -0.01212 -0.04815 0.02970 -0.01280 0.01593 
0.01283 -0.02008 0.05248 -0.06308 0.05970 -0.04153 0.11499 -0.08200 0.05714 -0.12457 0.07177 -0.04438 0.08976 -0.00376 0.00459 0.01870 -0.01791 -0.00532 -0.01889 0.03409 -0.04789 -0.00860 -0.03894 0.00182 -0.00735 0.02087 0.01179 -0.01625 0.04967 -0.05220 0.00615 0.00582 0.04970 -0.05164 0.01112 -0.07979 0.09686 -0.05491 0.03723 
0.01128 -0.01550 0.07766 -0.08851 0.04941 -0.05588 0.14955 -0.12728 0.04039 -0.15435 0.08378 -0.05130 0.10236 0.00737 -0.01697 0.04087 -0.04391 0.02102 -0.00582 0.05129 -0.05318 0.02280 -0.07975 0.05878 -0.04989 0.05044 0.00447 -0.00522 -0.03419 0.02184 0.01386 0.03578 -0.04527 0.08922 0.00907 0.09761 -0.00666 0.02067 -0.05417 
0.02020 -0.03705 0.09335 -0.10699 0.08072 -0.04735 0.16628 -0.13518 0.07993 -0.20432 0.13055 -0.09427 0.14020 0.00071 -0.00063 -0.01549 0.00393 0.00854 0.01689 -0.01118 0.04134 0.00047 0.05867 -0.00484 0.01333 -0.03330 -0.00394 0.01506 -0.05648 0.03547 -0.01873 -0.00832 -0.11663 0.06908 -0.01369 0.03264 -0.03909 0.05744 -0.02448 
0.01199 -0.01613 0.06217 -0.08458 0.05794 -0.03899 0.13838 -0.08595 0.04086 -0.09568 0.07895 -0.03797 0.06906 0.00343 -0.00191 -0.01561 -0.00844 0.00229 -0.01414 -0.06534 0.01590 0.00911 -0.04711 0.01969 0.00755 0.02595 0.00403 -0.00233 0.01493 0.00756 -0.02008 -0.00882 -0.01119 -0.03616 0.00337 -0.08359 0.03163 -0.02326 0.03977 
0.02362 -0.03896 0.07774 -0.11543 0.08301 -0.06150 0.10094 -0.11927 0.08904 -0.25144 0.15024 -0.08672 0.16616 0.00474 -0.00296 -0.00056 0.01150 -0.01154 0.00807 -0.02236 0.00517 0.00384 -0.02492 0.02679 -0.00993 0.00647 0.00103 0.00807 0.03758 0.00304 -0.01228 0.02508 0.14917 -0.03276 -0.02409 0.08792 0.00930 -0.00442 -0.06777 
0.01673 -0.01908 0.06161 -0.07309 0.04640 -0.03092 0.11602 -0.08077 0.04470 -0.12060 0.10574 -0.04790 0.07553 0.00445 0.00616 0.02197 -0.00540 -0.00999 0.01094 0.08382 -0.01686 -0.01498 0.04080 0.02899 0.00312 -0.04181 -0.00422 0.00267 0.00022 -0.00978 0.00998 -0.00704 0.01975 -0.00486 -0.00308 0.02091 -0.02268 0.00843 -0.00544 
0.02808 -0.03280 0.09972 -0.12082 0.07302 -0.05056 0.18476 -0.13613 0.07406 -0.21063 0.17923 -0.08360 0.12434 0.00052 -0.00028 -0.00034 0.00172 -0.00157 0.00103 -0.00261 0.00031 0.00076 -0.00401 0.00411 -0.00151 0.00103 0.27105 -2.56719 -1.82938 0.64803 1.33695 -1.27114 3.56637 1.57491 -1.61454 0.51267 1.56751 -0.70367 2.13641 
0.01725 -0.01937 0.06127 -0.07137 0.04484 -0.02989 0.11340 -0.08046 0.04546 -0.12461 0.10985 -0.04941 0.07656 0.27550 -2.56102 -1.80740 0.64263 1.32696 -1.26021 3.65020 1.55805 -1.62952 0.55348 1.59650 -0.70055 2.09459 0.01567 -2.59574 1.28854 -1.34483 1.64294 -1.24700 0.81356 -0.24908 -1.89027 -1.21049 -0.39637 -1.01874 2.05963 
0.30358 -2.59382 -1.70769 0.52181 1.39998 -1.31077 3.83496 1.42192 -1.55546 0.34285 1.77572 -0.78415 2.21894 0.01619 -2.59602 1.28820 -1.34312 1.64137 -1.24597 0.81095 -0.24877 -1.88951 -1.21450 -0.39226 -1.02024 2.06065 -0.99843 2.50616 6.86353 -2.43808 -0.84886 1.17674 -7.02786 -3.62482 1.81380 -2.89720 -3.31400 0.72557 -2.22533 
0.03344 -2.61539 1.34947 -1.41448 1.68621 -1.27586 0.92435 -0.32923 -1.84405 -1.33911 -0.28241 -1.06965 2.13721 -0.72292 -0.05486 5.05613 -1.79545 0.47810 -0.08346 -3.37766 -2.06677 0.18428 -2.34372 -1.71751 0.02502 -0.13073 -0.76593 2.15680 0.03472 1.29259 -1.17384 1.40706 -0.26044 0.87496 3.45924 1.62820 0.74990 1.22158 -2.90258 
-0.41935 -2.64868 3.34844 -1.27364 1.87808 -1.39423 0.45730 -0.64485 -1.37118 -2.00087 0.05822 -0.75912 2.08821 -0.74974 -0.43922 1.32292 -0.05053 0.46753 0.16109 0.55050 0.62619 1.56973 0.41370 0.35764 0.20134 -0.84192 0.25327 -0.49023 -6.27564 1.70575 0.21064 0.53210 4.50228 2.26438 0.93309 3.40712 2.13227 -0.08719 -0.66826 
-0.71630 -3.05461 2.67239 -1.46501 2.15374 -1.11477 1.47485 0.29697 -0.27432 -0.92541 0.07522 -0.86831 1.29529 -0.46966 -0.54509 -1.21952 -0.08970 0.68874 0.44864 1.12462 0.19761 1.11737 1.06340 0.41477 -0.06216 -0.79899 0.88466 0.30406 -2.96020 -0.47409 -0.55111 0.12496 -1.92727 -1.53322 -1.14157 0.13121 0.44074 -0.76393 0.02297 
-0.88900 -3.19378 2.12892 -1.36334 2.56682 -0.94559 1.58191 -0.44724 -0.25381 -0.93748 0.47298 -0.82129 1.28921 0.13492 -0.13516 -1.63729 -0.52461 -0.08358 0.28605 -1.37677 -0.90702 0.42817 0.54491 0.79838 -0.56259 -0.81895 1.13769 0.73062 0.33932 -0.34567 -1.54809 -0.04561 -2.43075 0.13274 -0.81103 -0.30858 -0.40521 -0.43605 0.16213 
-0.58138 -3.18978 1.03510 -1.98962 2.07016 -0.82873 0.09809 -0.61006 0.15385 -0.38049 0.87360 -1.43090 0.47634 0.66804 0.18553 -0.88020 -0.43537 -0.85935 0.40303 -1.30613 0.33035 0.30634 0.75482 0.00955 -0.49822 -0.63686 0.52004 0.57466 2.25877 1.87266 -0.63294 -0.06151 0.32449 1.40457 -0.74533 -1.14524 -0.61113 0.82081 1.25369 
-0.22097 -3.00825 1.24872 -1.79871 1.70747 -0.54257 0.27578 -0.11689 0.05252 -0.18266 0.48254 -1.31950 0.65235 0.65496 0.43949 0.62148 1.34805 -0.71652 0.22454 -1.05228 0.49754 -0.31717 -0.60032 0.18725 0.25822 0.43474 -0.46327 0.07578 0.36676 2.86077 0.63339 -0.61948 -1.07505 -1.00410 -0.09908 -0.72233 0.82815 0.62920 0.46128 
0.07358 -2.75028 1.65658 -0.64157 1.35364 -0.60419 -0.95420 -0.11251 -0.16331 -0.98082 1.06085 -1.17269 0.91108 0.20477 0.26130 -0.51344 2.42540 -0.22596 -0.21646 -2.38119 -0.67374 0.20726 0.03249 0.83770 0.13099 -0.17558 0.11573 0.24869 -1.35390 2.45048 1.51175 -0.46764 -0.51878 -2.79788 0.03557 -0.33533 -1.60047 -0.57035 -1.97369 
-0.01620 -2.74695 0.73529 0.62669 1.48151 -0.75903 -2.10541 -0.79064 0.25978 -0.15017 1.32023 -1.18852 0.47678 0.77069 0.68818 -0.73242 3.79853 0.79523 -0.24310 -1.57107 -2.30034 -0.28159 -0.93565 -1.41323 -0.31214 -1.53895 1.71756 1.37467 0.22534 -1.07717 0.05480 -0.63649 1.58237 -2.17967 -1.94870 -2.11361 -3.01169 -0.53483 -0.45982 
0.84427 -2.06210 0.92416 3.15696 2.14887 -0.84729 -2.52526 -2.41285 -0.44491 -1.91647 -0.35238 -1.48482 -0.62787 1.92232 1.63597 -0.28809 1.34823 -0.17116 -0.85295 -0.79882 -2.85342 -1.74145 -2.08112 -2.17399 -0.40384 -0.63540 0.55010 -0.10778 -0.42304 -4.96116 -0.96679 -0.65227 3.38611 0.76837 -1.18667 3.67657 0.65409 -0.28787 2.59463 
1.90613 -1.11098 0.44719 1.97493 1.31035 -1.61197 -2.90422 -3.64405 -1.48167 -2.23129 -0.85375 -1.59236 -0.15862 1.32080 0.58040 -1.15546 -1.16263 -0.17156 -0.89537 1.81505 -1.53197 -1.46826 2.74092 -0.75914 -0.60001 1.05568 -1.56758 -2.18692 -1.60180 -2.66777 -0.06644 0.30047 1.90175 2.95637 1.75241 4.05300 1.13323 -0.58473 -0.36314 
2.16507 -1.48170 -0.23130 1.99432 1.97732 -1.74265 -0.71021 -3.94482 -1.91317 0.82445 -1.11151 -2.08483 0.42780 0.35474 -0.55095 -1.88989 -1.31954 -0.23760 -0.55248 1.10293 0.10295 0.01097 1.97188 -1.04076 -0.98858 -0.99854 -0.99859 -0.70205 0.75951 0.91959 -0.82441 0.78647 -1.25736 2.98858 2.17717 -3.24267 1.93771 0.35328 -2.18085 
2.26087 -1.66192 -1.44270 0.65539 1.07275 -2.16446 -1.80129 -3.54110 -1.47070 -0.25941 -1.89452 -2.58093 -1.15716 0.32221 -0.12165 -0.39596 -0.24305 -0.99596 -0.10890 0.55768 1.45661 0.70891 -0.50175 1.17858 -0.24673 -1.12518 -0.16673 0.38715 2.28816 1.92008 -0.42930 0.77410 0.17660 0.63989 -0.04417 -2.30802 3.11701 1.03326 1.29836 
2.48727 -1.60335 -0.62726 1.75128 0.98135 -1.85155 -0.15253 -2.48821 -1.20426 0.32270 0.06706 -2.33156 -0.69737 0.18801 -0.16380 0.39827 0.60054 -0.66690 0.22162 1.27953 0.74284 -0.03320 -0.33614 2.07624 0.04469 0.29982 -0.37840 -0.16545 -0.08127 -0.88755 0.44923 0.11961 -0.36354 -2.13704 -1.34274 -0.24221 -0.81875 0.26307 1.02477 
2.44888 -1.82572 -1.04442 1.25593 0.40584 -1.94284 -0.52177 -2.79826 -1.50390 -0.59556 0.18173 -2.53625 -0.85733 -0.05620 -0.28710 -0.47722 -1.13060 -0.54673 0.01071 0.19415 -0.68043 -0.63383 -0.74396 0.35982 0.01634 -0.10040 -0.24765 0.13938 -0.02790 -1.49420 1.12886 -0.04583 -0.49102 -0.56355 -0.36977 1.26569 -1.68995 0.30693 0.51041 
2.43108 -1.89046 -1.10448 0.62068 0.43462 -1.84084 0.04162 -3.16863 -1.83810 -0.42126 0.42689 -2.31521 -0.79778 -0.05964 -0.02442 0.37037 -0.89366 0.46195 0.17578 0.78851 0.17929 -0.40298 0.92955 0.38629 0.35162 0.81024 -0.24141 0.08069 0.17752 -0.37184 0.61923 -0.37571 -0.99463 0.50548 -0.12903 0.21341 -0.78842 -0.28633 -0.04482 
2.38924 -1.85014 -0.67406 0.36227 0.86779 -1.76706 0.26674 -2.61897 -1.90688 0.33399 0.56802 -2.18463 -0.04710 -0.29761 -0.20641 -0.29971 -1.50244 0.07250 -0.36500 -0.80048 -0.17495 -0.76286 -0.53055 -0.42860 -0.26999 -0.14523 -0.31267 0.11491 0.32915 -0.12036 -0.51635 -0.27411 -0.97940 0.18226 0.64539 -1.51885 -0.76508 -0.28632 -0.68934 
2.13347 -2.09687 -1.40419 -0.88176 0.50712 -2.20584 -0.75887 -3.34358 -2.60096 -0.95181 -0.00171 -2.58520 -0.94300 -0.37231 0.09049 0.69952 -1.01401 -0.05439 -0.09832 -0.19089 0.36155 0.24241 -0.58930 -0.37879 0.06530 0.12090 0.20601 0.49265 1.26469 1.50285 0.41035 0.40022 2.28495 1.11888 1.32046 1.32308 0.83409 0.65246 1.50231 
2.01693 -1.75965 0.02547 -0.65174 0.81340 -1.86538 0.07586 -2.25742 -1.66446 -0.25531 0.18923 -2.11933 0.07380 -0.09160 0.28624 0.96498 0.00041 0.48285 0.03522 1.48446 0.94393 0.55760 0.79253 0.40550 0.38247 1.35709 0.40891 -0.18578 -1.21691 0.77293 0.32804 -0.12781 1.08872 -0.53066 -0.91691 1.21036 0.64052 0.02772 0.47711 
2.04187 -1.81063 -0.43920 -0.88135 0.98997 -2.17063 0.72560 -2.39965 -2.04336 -0.15928 0.40379 -2.20273 0.41409 0.03661 -0.09529 -0.51739 -0.24108 0.27365 -0.22614 0.89784 -0.16911 -0.67450 0.62105 0.26173 0.09302 0.59801 0.04308 -0.40733 -0.54297 -0.26065 -0.72545 -0.02157 -1.32047 -1.16990 -0.65534 -1.08774 -0.30623 -0.46567 -1.17263 
2.05354 -1.85494 -0.49192 -0.89282 1.08705 -2.09152 0.97369 -2.42653 -2.33896 0.36574 0.45097 -2.02631 0.67181 -0.04852 -0.12110 0.42201 -0.26024 -0.24260 0.01365 0.16399 -0.22597 -0.09775 -0.29521 0.09927 -0.08320 0.18446 -0.22130 0.00415 0.90081 -0.53364 -0.52764 0.02294 -1.45117 -0.13097 0.65088 -1.49534 -0.54945 -0.63140 0.00463 
1.99335 -1.93173 -0.01719 -1.14159 0.74738 -2.15698 0.88959 -2.62561 -2.14111 -0.45449 0.50306 -2.28593 0.59855 -0.18469 -0.09114 0.38342 -0.77472 -0.25399 -0.20319 -0.55333 -0.30008 -0.02362 -0.87429 -0.28772 -0.53838 0.60264 -0.09285 0.10598 -0.00688 -0.94447 0.19507 -0.09677 -1.34345 0.92896 -0.58197 1.35060 -1.47705 -0.26627 1.29486 
1.86885 -1.94608 -0.10850 -1.66754 0.83306 -2.29471 0.42037 -2.72661 -2.36258 -0.50854 0.16325 -2.56469 1.27445 -0.14136 -0.01511 0.41513 -1.20471 -0.04753 -0.08312 -1.17946 0.70300 -0.67972 1.05539 -1.37778 -0.34947 1.47932 0.24381 0.13570 0.27748 0.00245 0.27859 0.48260 -0.30620 1.69477 -0.37576 1.59145 -0.56254 0.53264 0.78154 
1.85199 -1.94684 0.39793 -2.34630 0.69985 -2.24009 -0.28987 -1.92261 -2.82083 0.60090 -0.87472 -2.63540 2.07787 0.05912 0.04457 0.66090 -0.77227 0.02460 0.27941 -0.85953 1.39469 -0.39938 0.71716 -0.85025 -0.00574 1.38418 0.20889 0.03038 -0.15372 1.15791 0.12501 0.20917 1.90038 0.42224 0.52999 -2.14656 1.33233 0.88345 -0.87711 
1.92796 -1.90152 0.55240 -2.43981 0.85765 -2.01531 -0.43916 -1.33192 -2.76196 0.20861 -0.68701 -2.57042 2.65862 0.06752 0.01526 0.26141 -0.04680 0.07749 0.12605 0.72092 1.12524 -0.14972 -1.09117 -0.04544 0.53398 0.60221 -0.13825 -0.11446 -0.39682 0.79494 -0.29717 -0.45662 2.04911 -0.49220 -0.02088 -1.76051 0.17406 0.34803 -1.38119 
1.91951 -1.93158 0.65935 -2.39310 0.77734 -2.11404 0.43105 -0.79738 -2.97056 -0.49027 -0.92016 -2.10141 2.68008 -0.07914 -0.06989 0.26408 0.02267 -0.27257 -0.17721 1.18958 0.90249 -0.42025 -1.04335 -0.67620 0.34230 0.00298 0.00544 0.04517 0.09852 0.38046 -0.21902 0.04453 -0.07209 -0.64284 0.38296 1.44168 -0.23108 -0.76046 -0.39568 
1.84883 -1.97141 0.81648 -2.41715 0.58508 -2.19252 0.75042 -0.42944 -3.18221 -0.83474 -1.36320 -2.22813 2.66161 0.07296 0.06043 0.35994 0.33366 -0.14153 0.17058 0.64884 0.48240 0.23324 0.35051 -0.27652 -0.22648 0.20654 0.24910 0.28260 -0.19737 0.39344 0.32996 0.41979 -1.52229 -1.01216 1.24175 1.97236 0.44564 -0.62300 0.32557 
1.99247 -1.87115 1.01928 -2.05945 0.63580 -1.94346 1.07989 -0.31497 -2.73732 -0.13976 -1.19667 -2.32789 2.88662 0.16997 0.21270 0.06671 0.41610 0.05739 0.24258 -0.33271 -0.10968 0.82150 0.92901 -0.23056 -0.28070 0.32855 -0.23980 -0.12099 -0.68004 -0.58069 -0.31842 -0.39555 -1.60330 -1.43183 -0.32813 -0.39918 -0.71830 -0.22088 -0.80149 
2.01880 -1.75871 0.88319 -2.00104 0.64248 -1.94994 0.41771 -0.53911 -2.36071 0.09427 -1.59376 -2.50883 2.99016 -0.16684 -0.06056 -0.32010 -0.24703 -0.45996 -0.22497 -0.95446 -0.94943 -0.09489 -0.04867 -0.99481 -0.44736 -0.59495 -0.39525 -0.15601 0.66024 -0.42847 -0.16351 -0.19675 1.41983 -0.08859 -1.17541 -0.44887 0.33082 0.26794 -0.63848 
1.82563 -1.93171 0.69918 -2.30648 0.17585 -2.16843 0.12543 -1.26440 -2.83221 -0.18843 -2.19149 -2.77524 2.29166 -0.22528 0.05670 0.72695 -0.01237 -0.10611 0.04583 1.08713 -0.19827 -0.35391 0.48014 0.10026 -0.01277 -0.30993 -0.08680 0.31462 1.10523 0.69459 0.61668 0.42832 1.92486 1.36847 0.20561 -0.70876 1.09392 0.44790 0.83985 
1.79352 -1.70201 1.61015 -2.01341 0.53636 -1.90411 1.50483 -0.73738 -2.71462 0.57441 -1.49350 -2.52160 2.68023 -0.25364 0.25406 0.78512 0.44756 0.15673 0.20335 0.97039 0.41905 0.11072 -0.75744 0.09911 0.00055 0.24490 -0.06358 -0.15892 -0.75725 0.60782 -0.39094 -0.30599 -1.47628 0.58308 0.40162 -2.48445 -1.09891 -0.38490 -0.10652 
1.57199 -1.67765 1.48430 -1.85893 0.33257 -1.96508 1.09582 -0.84536 -2.72149 -0.94587 -2.09238 -2.77470 2.53656 -0.28886 -0.10222 -0.03030 0.59545 -0.49705 -0.26016 -0.38916 0.38481 0.04770 -2.00431 -0.99865 -0.39767 -0.41644 0.35542 -0.25866 -0.52614 0.34292 -0.30882 -0.32612 -0.70585 0.85580 0.65035 0.59477 0.26655 0.13549 -0.38422 
1.50466 -1.80423 1.57984 -1.41796 0.03931 -2.16426 1.11568 -0.35257 -2.66692 -1.42990 -2.49214 -2.91926 2.26379 0.10177 -0.00460 0.25898 0.79047 -0.15210 -0.12277 0.26454 1.27485 0.76107 -0.16267 0.36566 0.13604 -0.13932 0.55536 0.13537 0.26216 0.02174 0.15474 0.58040 0.62992 -0.06312 0.95051 3.25787 1.91284 0.64667 0.76335 
1.67376 -1.68226 1.74328 -1.06845 0.18048 -2.08785 1.36037 0.42949 -1.96042 -1.10853 -1.72672 -2.63866 2.39724 0.26651 0.03315 0.23186 0.61719 -0.34231 0.32025 0.24077 0.32169 0.99821 1.25356 0.91419 0.24901 0.34690 0.07124 0.06586 -0.58054 -0.87798 -0.37959 0.20011 -0.15555 -2.06403 -0.70535 0.71560 -0.24248 -0.01963 0.11163 
1.77117 -1.77108 1.81170 -0.80077 -0.30300 -1.84402 1.35644 -0.03088 -1.66870 -0.17635 -1.57795 -2.67026 2.61069 0.17301 0.06125 -0.32156 -0.08751 -0.53169 0.07734 0.10899 -0.78918 0.05572 0.55293 0.12318 0.11641 -0.02770 -0.22718 0.23318 -0.61717 -0.57348 0.25409 -0.71222 0.21331 -0.80555 -1.16855 -2.03763 -0.66291 0.15260 -1.30132 
1.84677 -1.62100 1.42172 -1.15596 -0.35121 -2.01051 1.46936 -0.35969 -1.90470 -0.55560 -1.60354 -2.52224 2.36954 0.03933 0.26634 -0.38532 0.04371 -0.08823 -0.39198 0.45408 -0.48386 -0.17034 -0.78407 0.25128 0.40160 -0.95442 -0.18181 0.03335 0.47974 0.72294 0.47581 -0.32346 -0.21748 0.06218 -0.11549 -0.82808 -0.10368 0.47201 -0.20595 
1.81050 -1.50474 1.42638 -0.75706 -0.39123 -2.23599 1.81052 -0.51474 -1.83904 -0.96042 -1.32668 -2.26866 1.65628 -0.00879 0.09461 0.15817 0.63543 -0.05588 -0.24613 -0.10849 -0.72701 -0.05977 -0.27515 0.01950 0.58843 -0.23364 -0.02998 -0.38739 0.28271 -0.54894 -0.56724 0.37486 -1.39744 -0.48583 0.39359 0.08960 -1.06778 -0.24367 1.15487 
1.83798 -1.52639 1.57990 -0.52053 -0.40709 -2.25664 1.36087 -1.08670 -1.96447 -0.83075 -1.58404 -1.93381 2.13590 0.00935 -0.12105 -0.10261 -0.50523 -0.65546 -0.01712 -0.94336 -0.96969 0.22326 -0.69448 -0.81650 0.15793 0.20045 0.35605 -0.17954 -0.25978 -0.70004 -0.99447 0.29851 1.43453 1.44681 1.17340 0.69229 -0.13465 -0.33867 -0.04689 
1.81984 -1.62580 1.32377 -1.26228 -1.04669 -2.25311 0.86716 -1.48442 -1.61579 -1.65490 -2.14318 -2.11072 1.85672 0.34726 -0.08494 -0.10161 -0.06461 -1.05035 0.05238 1.32604 0.71980 1.11363 0.41714 -0.11515 0.24976 -0.28053 0.28602 -0.05295 -0.07867 1.00327 -0.37730 0.14077 2.07672 1.53422 0.52412 1.52197 0.36935 -0.41472 -0.24673 
2.18524 -1.61133 1.47829 -0.58514 -1.45744 -2.20425 2.68691 -0.36690 -0.85084 -0.41361 -1.69919 -1.68405 1.85537 0.29537 -0.17401 -0.18128 0.49805 -1.03276 0.12366 1.13336 0.56453 0.74738 0.82750 -0.44715 -0.25679 -0.04628 -0.56545 -0.11755 0.65606 -0.05077 0.70618 0.08825 -2.22281 -0.70811 -1.28861 -0.62331 0.37930 -0.64434 0.46986 
2.11521 -1.79980 1.14250 -0.76424 -2.07946 -2.12945 2.00052 -0.91989 -0.86841 -0.82740 -2.59033 -2.36751 1.81044 -0.21819 -0.20248 0.55445 -0.11538 -0.34417 0.14064 -0.89677 0.01169 -0.17497 -0.20617 0.26415 -0.39458 0.18933 -0.54014 0.25001 1.50378 -0.35569 1.56411 0.02239 -1.65549 0.04864 -0.83516 -0.22403 2.27664 0.63780 0.67712 
1.96704 -1.81381 2.03274 -0.70052 -1.80161 -2.06362 1.79014 -0.35521 -1.02581 -0.61977 -1.43504 -2.07863 2.04470 -0.24477 0.07600 1.32250 0.14235 0.53134 0.14605 -0.52213 0.61318 -0.08778 0.60347 1.82948 0.38101 0.63084 0.13035 0.22533 -0.53949 0.30140 0.03086 -0.27874 -0.09770 -0.77202 0.00363 -0.49797 -0.67437 0.22241 -0.52815 
1.87044 -1.72380 2.46500 -0.62188 -1.54812 -1.98340 1.47839 -0.30671 -0.95619 -0.22393 -0.76085 -1.98651 2.44128 -0.08785 0.02284 0.01496 0.18602 -0.31331 -0.13810 -0.99447 -0.76033 -0.17134 -0.70413 -0.41022 -0.17217 -0.33883 0.37200 0.10466 -1.92286 0.98022 -1.12837 -0.53106 0.91853 -1.57713 -0.04877 -2.06745 -3.06516 -0.36608 -0.72870 
1.87920 -1.79097 2.04770 -0.51451 -2.11492 -2.20172 0.79567 -1.11554 -1.19716 -1.32391 -1.84526 -2.25080 1.70587 0.12723 0.18066 -0.60035 1.12257 -0.59703 -0.38501 0.39640 -0.96396 -0.13655 -1.46398 -1.23567 0.01493 -0.09787 0.19934 0.54561 -0.31733 0.80450 0.33195 -0.19537 1.97753 0.87238 0.25186 -0.10089 -0.39531 0.60415 0.58422 
1.99767 -1.54313 1.86465 0.50068 -2.14514 -2.36841 1.87479 -1.27067 -1.09273 -1.68791 -1.99652 -1.97158 2.34341 0.11149 0.56845 -0.30237 0.99052 0.01864 -0.33347 0.98306 0.11204 0.08051 -0.80502 -0.80553 0.43198 0.24540 -0.21070 0.04365 0.66649 -0.75048 0.55040 0.17703 -0.83966 1.11376 -0.17082 0.59736 1.32609 0.23835 -0.87757 
1.99069 -1.22252 1.74533 0.47601 -2.09628 -2.53519 1.77874 -1.00350 -1.11665 -2.12893 -2.65080 -1.81882 1.95127 -0.08347 0.22431 0.06614 0.37209 -0.04663 -0.20798 -0.44326 0.14981 -0.30736 -0.86662 0.09042 0.25328 -0.97544 -0.11587 -0.51108 0.46845 -0.06081 0.31822 0.22878 -0.96974 0.24945 -0.05591 0.67981 2.16436 -0.02928 -0.71784 
1.91420 -1.31882 1.93079 0.87277 -2.19177 -2.57640 1.43153 -1.12086 -1.40010 -2.55453 -1.90611 -1.71830 1.36797 -0.00437 0.05737 0.16608 0.92971 0.33686 -0.10469 0.01333 0.36150 0.02460 -0.12522 1.35883 0.40270 -0.47244 0.21809 0.13816 -0.08539 -0.18687 0.62164 0.25068 0.32763 0.88496 0.80583 1.61106 -0.07496 -0.16067 1.58204 
1.98632 -1.16514 1.91141 1.40572 -1.75942 -2.63988 1.79206 -0.64200 -1.09205 -2.25415 -1.29197 -1.41612 1.47883 0.13462 0.36248 -0.01925 0.18522 0.57501 0.04270 -0.11563 1.03477 0.49846 0.74444 0.01546 0.09261 0.60660 -0.01888 0.22020 -0.36708 -2.00474 -0.29694 0.00973 -1.87035 -0.04164 0.20890 -0.64460 -2.72389 -0.88472 0.29889 
2.04882 -0.95634 1.91154 1.05799 -1.61676 -2.53370 1.31590 -0.08609 -0.90163 -1.81009 -1.89065 -1.62569 1.97457 -0.02325 0.27758 -0.20100 -1.07503 0.03993 -0.09496 -1.85703 0.31986 0.23350 -0.76982 -1.36506 -0.48202 -0.17355 -0.14047 0.01780 0.61352 -0.68579 -0.42971 -0.02931 -1.61719 -0.86557 -0.21809 -1.56274 0.16812 -0.10956 -1.26813 
1.96306 -0.88757 1.71041 0.33069 -1.71949 -2.73484 -0.06496 -0.32214 -0.85855 -3.02397 -2.65703 -1.89813 1.30528 -0.00585 0.38028 0.59427 -0.50057 0.14530 0.01338 -1.73283 0.16920 0.28037 -0.81830 0.18358 -0.01695 -0.66153 0.08812 0.15778 1.37241 2.17416 0.11206 0.18128 2.20145 0.18263 0.10490 1.38594 3.02516 1.15342 -0.06683 
2.04297 -0.57605 2.50581 0.55742 -1.47146 -2.52032 -0.41693 0.08311 -0.62126 -2.62839 -1.70706 -1.64264 1.31304 0.06486 0.43535 1.17140 1.09913 0.15198 0.08632 0.34442 0.50250 0.33840 0.61612 1.66010 0.67140 -0.24038 -0.14945 -0.47126 -0.87976 1.10311 -0.35805 -0.21122 1.97748 -1.43380 -0.57730 0.29821 -0.86707 0.07570 0.06200 
2.02792 -0.45222 2.88181 1.42983 -1.56751 -2.64852 0.27946 0.18036 -0.52014 -2.40786 -0.99693 -1.22673 1.06490 -0.15530 -0.09097 -0.28548 0.60253 -0.21275 -0.19784 0.24465 -1.26460 -0.29693 -0.52009 -0.68349 0.05875 -0.59953 -0.20723 -0.22992 -1.25851 -1.10298 0.06614 0.10176 -0.23486 -1.19251 -0.31902 -0.92112 -2.28855 -0.73478 0.40056 
1.88767 -0.66703 2.22033 1.15995 -1.68421 -2.71816 -0.17228 -1.18149 -0.91819 -3.14848 -2.39055 -1.58389 0.71351 -0.14237 0.20543 -0.08711 -0.00385 0.21812 0.18808 0.10956 -0.69001 0.01939 -0.30500 -0.62845 -0.06337 0.16018 0.05227 0.76518 0.04357 -1.59520 0.81914 0.75333 -0.95689 1.62288 0.69542 1.40660 2.31552 0.70088 0.32434 
1.88555 -0.24679 2.79470 1.42598 -1.34938 -2.46044 0.38902 -0.50966 -0.50076 -2.71286 -1.62538 -1.29011 1.22507 -0.10303 0.67421 -0.24191 -0.99267 0.60639 0.55549 -0.71224 0.35828 0.39849 0.88651 1.63203 0.75963 -0.27519 -0.12368 0.29641 -0.83790 -1.45114 0.67421 0.48764 -1.94250 -0.11026 -0.03378 -0.62458 1.42966 0.66331 -1.14040 
1.78465 0.00718 1.97842 0.16728 -1.07783 -2.16267 -0.88451 -0.82321 -0.51969 -2.26198 -0.75852 -0.82426 0.43832 -0.26605 0.50184 -0.92501 -1.45499 0.89233 0.67572 -1.83294 -0.80028 -0.01439 -0.92958 0.80121 0.59993 -0.98022 -0.19550 -0.44070 -0.66858 0.03935 0.57142 0.33720 0.52622 -1.63691 -0.33936 -1.51336 -2.62169 -0.94733 0.07357 
1.61950 0.25505 1.86969 -0.02901 -0.45705 -1.78472 -1.44391 -1.30993 -0.51515 -3.64244 -0.82417 -0.69017 0.24485 -0.29853 0.23351 -0.91049 -0.95332 1.17781 0.89270 -0.18601 -1.27863 0.05913 -0.62686 -0.98966 -0.18770 -0.20162 -0.00779 -0.36270 0.41631 0.95616 -0.24803 -0.03679 2.31481 0.26669 -0.10190 1.49092 -1.69403 -0.87285 1.33090 
1.48612 0.24068 1.06793 -0.78603 0.09998 -1.26997 -1.07053 -2.10184 -0.46056 -2.88883 -1.74818 -1.01196 0.23670 -0.27384 0.13914 -0.50870 -0.49883 0.64430 0.63893 0.48187 -0.53359 -0.11629 0.56133 -0.89282 -0.27291 0.35067 -0.31167 -0.11096 1.05156 1.29429 -0.92251 -0.39094 0.25399 1.89012 -0.16825 0.32786 1.20676 0.06558 0.35794 
1.34566 0.39418 1.36100 -0.52784 0.18725 -1.14579 -0.96204 -1.84352 -0.63144 -3.08111 -1.71698 -0.96308 0.59553 -0.61020 0.12255 0.14107 0.34098 0.25530 0.50175 0.06798 0.61149 -0.10912 -0.29900 0.21710 -0.12211 0.15632 -0.76071 -0.43125 0.06107 0.85075 -0.67307 0.17811 0.82619 1.46785 0.24888 -0.40481 0.14742 0.27698 -0.86325 
0.87592 0.36323 1.20900 -0.44506 0.35528 -0.76821 -1.00255 -1.49035 -0.56968 -3.18783 -1.53108 -1.13407 0.39302 -1.03456 -0.29212 -0.44763 0.35193 -0.02877 0.81704 1.30806 0.93426 0.13259 0.15652 -0.74539 0.00407 -0.51257 0.05637 -0.50980 -1.57230 -0.66050 -0.03667 -0.25460 0.49926 0.46278 0.46862 2.87959 1.13909 0.83265 -0.70600 
0.31110 0.10207 0.91336 -0.17591 0.15848 -0.32875 0.34602 -0.90926 -0.49885 -2.92458 -2.46238 -0.95901 0.08295 -0.55383 -0.38725 -1.43123 -0.31952 0.21863 0.24715 0.56724 1.07427 0.35950 2.58059 1.35619 0.71054 -0.54968 0.82578 0.17197 -0.08068 0.22490 0.57070 -0.72327 -1.71179 -0.11396 0.66529 2.30009 3.17073 0.78599 1.22058 
0.32209 -0.02403 -0.22223 -0.76458 0.57391 -0.52106 -0.43531 -0.41609 -0.21018 -0.60724 -0.17489 -0.42353 -0.15666 -0.20878 -0.12015 -0.52832 0.57683 0.54193 0.09377 -0.40373 0.82030 0.79788 2.45661 2.42534 0.79006 0.70801 0.15117 0.22441 1.79990 0.70786 -1.09016 0.14311 0.60572 -1.16022 -0.06426 -1.97361 -1.16300 -0.71975 1.15666 
0.10233 -0.01808 0.38505 0.40092 0.70041 -0.23498 -0.05771 -0.08895 0.29903 -0.46797 -0.03704 -0.16895 0.79096 -0.40266 -0.16284 0.36867 0.38834 -0.87153 0.39027 1.17296 -0.08596 0.29523 0.60697 0.19319 -0.00921 0.60698 0.05705 0.08379 0.33441 -1.23487 -1.22043 -0.04389 0.57704 -1.48647 -1.11164 -2.42694 -2.92158 -0.86294 -1.32375 
-0.08058 -0.18686 0.14645 -0.37624 -0.29762 -0.13079 0.73764 -0.50204 0.08505 -0.00027 0.01830 -0.43275 0.45032 -0.15173 -0.03636 -0.19391 -0.65804 -0.67850 0.04988 0.17331 -0.66616 -0.31376 0.02967 -0.49625 -0.07288 -0.61575 0.48851 0.40009 -0.44369 -0.62112 1.18673 -0.43067 -1.88095 0.38307 -0.33985 -1.23636 -0.75353 0.21442 -1.30469 
-0.04940 -0.05444 0.19114 -0.25712 0.02192 -0.18510 0.11560 -0.75511 -0.01473 -0.43830 -0.53329 -0.24183 0.17521 0.08585 0.23725 -0.07502 -0.23278 0.31520 -0.04040 -0.70799 0.29712 -0.04462 -0.62939 -0.56034 0.20521 -0.69771 0.22645 0.07200 0.11706 0.56902 0.65371 0.00509 -0.47541 1.24772 0.46281 -0.17456 1.34399 0.16460 0.70409 
0.00527 0.05039 0.07143 -0.60902 0.01758 -0.17119 0.02965 -0.20493 0.04044 -0.62966 -0.54204 -0.22754 -0.24739 0.07472 0.03565 -0.07685 -0.08902 -0.02479 0.05497 -0.30209 0.58156 0.14905 -0.14489 0.84774 0.09172 0.08834 -0.11424 -0.33579 0.12844 0.52748 -0.27211 0.16516 1.01538 -0.40981 0.10187 1.33293 0.94057 0.00429 1.39011 
0.02532 -0.01879 0.11429 -0.34614 -0.00287 -0.13014 -0.18649 -0.17356 0.13432 -0.58318 0.31445 -0.15012 0.26355 -0.02839 -0.09854 0.05342 0.29470 0.04309 0.12476 0.30739 -0.11269 0.05725 0.70354 0.38023 0.20949 0.69240 -0.14309 -0.05204 0.00495 0.24785 0.03173 0.06732 0.67093 -0.64163 -0.09171 0.36241 -1.08115 0.02957 0.03744 
-0.02312 -0.04816 0.12485 -0.31432 0.06067 -0.04644 0.33704 -0.31762 0.09769 0.07388 -0.16181 -0.01805 0.44502 -0.06837 -0.01639 -0.07190 0.15883 0.00695 0.12229 0.36883 -0.06007 0.05734 0.21752 -0.23341 0.12129 0.12578 0.03156 0.10681 -0.03917 -0.15563 -0.11359 -0.04975 -0.38954 0.14670 -0.03630 -0.97122 -0.13101 -0.23219 -0.88905 
-0.04305 -0.03518 0.04239 -0.18732 0.00408 -0.00785 0.18234 -0.23363 0.19165 -0.36566 0.08105 -0.02883 0.38933 0.00317 0.00826 0.01425 0.13907 -0.07049 0.07501 -0.08215 0.03401 0.02095 -0.26769 0.24922 -0.02270 -0.19665 0.10957 0.02995 0.06308 -0.06903 0.02874 -0.15830 -0.44775 0.17263 -0.15144 0.03737 0.25249 -0.14364 -0.32943 
-0.01995 -0.03989 0.13910 -0.17525 -0.00982 0.02857 0.25489 -0.28361 0.11864 -0.19381 0.08741 -0.04075 0.24837 0.04120 0.01356 -0.00882 0.08980 0.03569 -0.03601 -0.07892 0.11256 -0.09410 0.25489 0.01908 -0.02235 -0.20365 0.03878 0.00192 -0.04192 -0.13789 0.13906 -0.19484 0.04351 -0.01978 -0.10570 0.53246 -0.30415 -0.07191 -0.02734 
-0.00184 -0.02163 0.03357 -0.09752 0.03977 -0.04386 0.10343 -0.12107 0.09756 -0.11077 0.10012 -0.05118 0.18568 0.04194 0.01019 -0.02766 0.00119 0.06856 -0.11983 -0.03864 0.01423 -0.08474 0.26477 -0.05493 -0.09460 -0.22398 -0.05780 -0.01910 0.07957 -0.23633 0.04439 0.04522 0.20984 -0.07326 0.07136 -0.25167 -0.15308 -0.05756 0.16357 
0.02199 -0.02971 0.11144 -0.17407 0.05874 -0.09126 0.21625 -0.26938 0.03390 0.07096 0.03248 -0.13535 0.02439 -0.01660 -0.00554 0.07074 -0.14653 0.08008 0.00921 0.13092 0.03930 -0.02274 0.00323 -0.13400 -0.07992 -0.04008 -0.06184 -0.01766 0.06546 0.05395 -0.15233 0.21144 0.01670 0.03090 0.13447 -0.29258 -0.06370 0.22378 0.40174 
-0.01844 -0.02716 0.10431 -0.24405 0.11985 -0.03465 0.23435 -0.08176 0.07481 -0.10754 -0.03388 -0.13110 0.14561 -0.01990 -0.00748 0.03779 0.05514 -0.08377 0.09161 -0.02194 0.04513 0.04972 -0.02781 -0.11864 0.12918 0.17776 0.04839 0.00196 -0.11230 0.34433 -0.14270 -0.01510 -0.27841 -0.04241 0.02102 -0.00128 0.17220 0.16869 0.02688 
0.00209 -0.03718 0.14923 -0.11893 -0.02503 0.00034 0.19431 -0.22425 0.08362 0.04315 -0.08616 -0.00617 0.20215 0.03179 -0.00358 -0.04156 0.19781 -0.06262 -0.00589 -0.14748 -0.00311 -0.00172 0.00195 0.03819 0.08878 -0.01320 0.04459 0.01143 -0.07262 -0.05893 0.15570 -0.14560 0.01573 0.05120 -0.05309 -0.24201 0.41211 -0.18897 -0.25089 
0.01335 -0.03074 0.06275 -0.04624 0.05723 -0.04053 0.08686 -0.08487 0.07309 -0.10560 0.00432 -0.04232 0.13241 0.02469 0.00395 -0.03483 -0.00379 0.07193 -0.05399 -0.00621 0.09633 -0.00337 -0.26982 0.29348 -0.05979 -0.07313 -0.07349 0.00430 0.13537 -0.30613 0.01907 0.05524 0.24812 -0.10699 0.00410 0.01696 -0.06324 -0.11936 0.16849 
