0.01665 -0.02453 0.03583 -0.03602 0.03973 -0.04173 0.08820 -0.07940 0.07940 -0.09019 0.09341 -0.08229 0.11337 0.01370 -0.01028 0.02795 -0.01630 0.02952 -0.02121 0.05843 -0.05038 0.03980 -0.07245 0.03045 -0.07439 0.04781 -0.02250 0.00418 0.01171 -0.02602 0.01954 -0.01261 0.04849 -0.00643 -0.01326 -0.02293 -0.01233 0.05037 -0.05489 
0.02709 -0.04154 0.05832 -0.06098 0.06471 -0.07059 0.14371 -0.13435 0.12934 -0.15246 0.15241 -0.13925 0.18414 -0.02200 0.00382 0.01151 -0.02516 0.01815 -0.01116 0.04646 -0.00612 -0.01194 -0.02584 -0.00883 0.04786 -0.05337 -0.42164 -0.63204 1.03862 -0.21462 0.07090 -0.32507 1.29537 -1.34810 0.07270 0.10801 -0.63593 -0.57965 1.12935 
-0.00535 -0.02071 0.04734 -0.06117 0.05788 -0.05289 0.13467 -0.08553 0.06746 -0.11603 0.08458 -0.03443 0.06000 -0.40794 -0.64232 1.06658 -0.23092 0.10041 -0.34628 1.35380 -1.39848 0.11250 0.03556 -0.60549 -0.65404 1.17717 -0.55572 -1.42962 1.43597 -0.22044 -1.10141 -0.57008 1.67156 -1.74588 0.05495 0.69671 0.64859 -0.83158 2.51702 
-0.38085 -0.68386 1.12489 -0.29190 0.16512 -0.41687 1.49751 -1.53283 0.24184 -0.11690 -0.45308 -0.79328 1.36131 -0.57772 -1.42580 1.44748 -0.24559 -1.08326 -0.58124 1.71802 -1.75200 0.04301 0.67087 0.63976 -0.78372 2.46365 0.65848 1.05819 -1.87195 0.57250 -0.42292 0.56907 -2.40934 2.32508 -0.34139 0.52535 0.55772 0.94519 -2.05188 
-0.58308 -1.44651 1.49482 -0.30676 -1.02538 -0.63413 1.85269 -1.83753 0.11047 0.55484 0.72433 -0.81815 2.52365 0.25054 0.41587 -0.80537 0.34158 -0.32251 0.22278 -1.05554 0.92660 -0.22889 0.56091 -0.04777 0.29115 -0.87472 1.18876 2.83411 -2.88011 0.49177 2.17373 1.14016 -3.43135 3.45074 -0.02370 -1.35564 -1.21315 1.46343 -4.82737 
-0.13030 -0.26799 0.31952 0.04968 -0.15739 -0.19409 0.44197 -0.60623 0.01295 0.44401 -0.50085 -0.50214 0.48659 0.61104 1.40831 -1.43263 0.24618 1.09047 0.55892 -1.71334 1.69874 0.01931 -0.68477 -0.57339 0.67971 -2.36373 -0.09241 -0.18807 0.54475 -0.45341 0.54134 -0.09649 0.76411 -0.45977 0.34076 -1.15565 0.70693 0.07394 0.56102 
0.02796 -0.03820 0.06219 -0.06059 0.06509 -0.07521 0.13935 -0.13879 0.12978 -0.12993 0.15094 -0.13844 0.15992 0.15814 0.22780 -0.26062 -0.11183 0.21883 0.12629 -0.29143 0.46683 0.11187 -0.59474 0.65916 0.36509 -0.31369 -0.62235 -1.39464 1.40627 -0.22161 -1.11583 -0.52543 1.66219 -1.63935 -0.06970 0.72451 0.51586 -0.62356 2.31718 
0.02784 -0.04019 0.05890 -0.06215 0.06144 -0.06780 0.15055 -0.13940 0.12482 -0.15073 0.15831 -0.13705 0.17290 -0.01131 0.01367 -0.02636 0.02457 -0.02536 0.03348 -0.05115 0.05939 -0.05039 0.03974 -0.05753 0.05615 -0.04655 -0.17063 -0.21372 0.23566 0.14100 -0.23696 -0.10343 0.21827 -0.40063 -0.14742 0.64816 -0.72836 -0.31649 0.27191 
0.01665 -0.02453 0.03583 -0.03602 0.03973 -0.04173 0.08820 -0.07940 0.07940 -0.09019 0.09341 -0.08229 0.11337 -0.01249 0.01409 -0.02497 0.02917 -0.01812 0.02286 -0.07316 0.06620 -0.03555 0.05342 -0.06919 0.04860 -0.04179 0.00277 -0.01974 0.03939 -0.02451 0.01623 -0.02680 0.06265 -0.09550 0.07664 -0.01088 -0.00253 -0.04990 0.11523 
0.01534 -0.02610 0.03393 -0.03299 0.04332 -0.04493 0.07739 -0.07320 0.08927 -0.09731 0.08912 -0.08845 0.13111 -0.00855 -0.00607 0.01304 0.00006 -0.00913 0.00668 0.01150 -0.03611 0.02625 0.02886 -0.06006 0.00624 0.06868 0.01239 -0.01427 0.02586 -0.03060 0.01996 -0.02457 0.07527 -0.06616 0.03346 -0.04921 0.06397 -0.04430 0.03754 
0.00810 -0.03060 0.04887 -0.03595 0.03060 -0.03505 0.09971 -0.11552 0.10564 -0.06134 0.03335 -0.07605 0.18206 -0.00010 -0.00018 0.00090 -0.00143 0.00183 -0.00170 0.00211 0.00004 -0.00209 0.00420 -0.00522 0.00430 -0.00424 0.02693 -0.00306 -0.00134 -0.02796 0.03932 -0.03796 0.04472 -0.00021 -0.00122 -0.10460 0.16125 -0.06053 -0.05758 
0.01524 -0.02629 0.03482 -0.03442 0.04515 -0.04664 0.07950 -0.07316 0.08717 -0.09311 0.08390 -0.08415 0.12687 0.01838 -0.00912 0.01169 -0.02790 0.03019 -0.03128 0.05622 -0.03633 0.02503 -0.07574 0.10119 -0.05429 0.01110 -0.00016 0.00078 0.00322 0.00068 -0.01289 0.01141 0.00980 -0.01758 0.00121 0.00333 0.00587 -0.00394 0.00893 
0.02648 -0.03972 0.06056 -0.06385 0.06079 -0.06633 0.15593 -0.15184 0.13067 -0.13708 0.13454 -0.13034 0.19315 -0.00026 0.00060 0.00411 -0.00075 -0.01105 0.00970 0.01192 -0.01753 -0.00088 0.00753 0.00065 0.00036 0.00469 -0.02915 0.02354 -0.03394 0.05472 -0.05226 0.05660 -0.12021 0.10309 -0.07490 0.12917 -0.15205 0.10589 -0.08594 
0.01498 -0.02569 0.03894 -0.03517 0.03410 -0.03693 0.09142 -0.09069 0.08630 -0.08558 0.08454 -0.08380 0.13156 -0.01077 0.01442 -0.02225 0.02682 -0.02207 0.02532 -0.06399 0.06677 -0.04987 0.05343 -0.05086 0.05160 -0.07484 0.00194 0.00056 -0.00722 -0.00010 0.01668 -0.01450 -0.01513 0.02882 -0.00602 -0.01215 0.00823 0.00115 -0.02287 
0.01570 -0.02531 0.03831 -0.03703 0.03872 -0.04100 0.09194 -0.08508 0.08080 -0.08365 0.08368 -0.07873 0.11831 0.00167 0.00116 -0.00311 -0.00085 0.00563 -0.00480 -0.00321 0.01129 -0.00690 -0.00462 0.00887 0.00150 -0.01818 0.00988 -0.11930 0.02963 -0.11688 0.07611 -0.07238 -0.34210 -0.45199 0.02456 0.09079 -0.02160 -0.20542 0.42983 
0.01665 -0.02453 0.03583 -0.03602 0.03973 -0.04173 0.08820 -0.07940 0.07940 -0.09019 0.09341 -0.08229 0.11337 -0.00089 -0.10488 0.00738 -0.09006 0.05403 -0.04706 -0.40609 -0.38522 -0.02531 0.14422 -0.07246 -0.15381 0.35499 -0.00403 0.00079 0.00318 -0.00197 -0.00067 -0.00057 0.01107 -0.01288 0.00252 0.01462 -0.02076 0.00650 0.01493 
0.01481 -0.13019 0.04569 -0.12709 0.09275 -0.08806 -0.31415 -0.47030 0.05548 0.06057 0.01122 -0.23254 0.47331 -0.00235 0.00195 0.00008 -0.00281 0.00496 -0.00537 0.00786 -0.00159 -0.00438 0.01000 -0.01189 0.00800 -0.00325 0.01283 0.19675 0.00559 0.14588 -0.08069 0.07722 0.85867 0.72000 0.07700 -0.34684 0.22520 0.25008 -0.63855 
0.01429 -0.02258 0.03591 -0.03883 0.04470 -0.04710 0.09606 -0.08099 0.07501 -0.08020 0.08152 -0.07429 0.11012 0.01193 0.09187 0.01297 0.05582 -0.02666 0.03016 0.45258 0.33478 0.05169 -0.20263 0.15274 0.09626 -0.28356 0.00048 -0.00086 0.00150 -0.00166 0.00176 -0.00143 0.00150 0.00043 -0.00227 0.00434 -0.00562 0.00520 -0.00657 
0.02674 -0.03832 0.05866 -0.07126 0.06609 -0.05790 0.13843 -0.13552 0.10717 -0.14206 0.16396 -0.13628 0.18975 -0.00187 0.00109 0.00158 -0.00447 0.00672 -0.00680 0.00936 -0.00116 -0.00665 0.01433 -0.01751 0.01321 -0.00982 -0.02402 -0.08599 -0.04270 -0.00880 0.01497 -0.03062 -0.52829 -0.26697 -0.04049 0.23892 -0.25983 -0.04649 0.25624 
0.01242 -0.02149 0.03749 -0.04330 0.05142 -0.05390 0.10542 -0.08215 0.06836 -0.06586 0.06401 -0.06108 0.10030 -0.01209 0.00588 -0.02973 0.04702 -0.01169 -0.00046 -0.07571 0.06780 0.01120 0.03629 -0.10709 0.04977 -0.02732 0.00560 -0.00377 -0.00304 0.01089 -0.01702 0.01753 -0.02454 0.00360 0.01636 -0.03576 0.04341 -0.03191 0.02137 
0.01465 -0.03243 0.02893 -0.02424 0.05441 -0.05835 0.06273 -0.06772 0.11837 -0.10577 0.05688 -0.08651 0.16243 0.00373 -0.00268 -0.00146 0.00642 -0.01030 0.01073 -0.01518 0.00244 0.00971 -0.02143 0.02590 -0.01870 0.01155 0.00813 0.00139 0.04433 -0.06178 -0.00792 0.02162 0.11103 -0.09849 -0.04406 -0.00164 0.11692 -0.04256 0.00968 
0.01615 -0.02417 0.03603 -0.03688 0.04112 -0.04317 0.09024 -0.07971 0.07807 -0.08729 0.08992 -0.07978 0.11185 -0.00396 0.00727 0.01460 -0.01476 -0.01960 0.02117 0.03533 -0.03069 -0.03286 0.03465 0.00983 0.00722 -0.01763 -0.00673 -0.00209 -0.00170 -0.01085 0.01537 -0.01140 0.03626 -0.00107 -0.01918 0.01385 -0.05475 0.03653 0.01581 
0.01069 -0.02516 0.04353 -0.03900 0.03480 -0.03719 0.09805 -0.09841 0.08551 -0.07111 0.06671 -0.07929 0.14480 -0.00300 -0.00477 -0.00316 -0.00443 0.00507 -0.00067 0.02108 0.00136 -0.00947 -0.00758 -0.02885 0.01783 0.02736 0.00992 -0.00664 -0.02230 0.01774 0.02454 -0.02571 -0.04518 0.04969 0.02675 -0.05373 0.01687 -0.01022 -0.01379 
0.01315 -0.02894 0.03287 -0.04131 0.04619 -0.04385 0.11132 -0.07835 0.06859 -0.09487 0.06107 -0.06195 0.13921 0.00596 0.00063 -0.00770 0.00298 0.00493 -0.00454 -0.00985 0.01900 -0.00611 -0.01908 0.02670 -0.00300 -0.03142 0.00355 0.00436 0.00259 0.00668 -0.00938 0.00610 -0.03035 0.00090 0.01579 -0.00849 0.04971 -0.03342 -0.01775 
0.01665 -0.02453 0.03583 -0.03602 0.03973 -0.04173 0.08820 -0.07940 0.07940 -0.09019 0.09341 -0.08229 0.11337 0.00055 -0.00041 -0.00057 0.00225 -0.00431 0.00542 -0.00927 0.00226 0.00631 -0.01607 0.02086 -0.01559 0.00962 -0.00596 -0.00063 0.00770 -0.00298 -0.00493 0.00454 0.00985 -0.01900 0.00611 0.01908 -0.02670 0.00300 0.03142 
0.01369 -0.02935 0.03230 -0.03907 0.04188 -0.03842 0.10205 -0.07609 0.07491 -0.11094 0.08192 -0.07754 0.14883 0.00000 0.00000 0.00000 0.00000 0.00000 0.00000 0.00000 0.00000 0.00000 0.00000 0.00000 0.00000 0.00000 0.00196 0.00409 0.00638 0.00066 -0.00024 -0.00656 -0.00288 -0.01094 0.00090 0.04046 -0.01560 0.01189 -0.03861 
0.01665 -0.02453 0.03583 -0.03602 0.03973 -0.04173 0.08820 -0.07940 0.07940 -0.09019 0.09341 -0.08229 0.11337 0.00251 0.00368 0.00581 0.00291 -0.00455 -0.00114 -0.01215 -0.00868 0.00722 0.02439 0.00525 -0.00370 -0.02900 0.00864 -0.01588 0.02349 -0.02782 0.02823 -0.03037 0.05317 -0.05042 0.04820 -0.06836 0.07342 -0.07091 0.08008 
0.01620 -0.02567 0.03811 -0.03616 0.03733 -0.03956 0.08991 -0.08476 0.08213 -0.08655 0.08717 -0.08124 0.11983 0.00864 -0.01588 0.02349 -0.02782 0.02823 -0.03037 0.05317 -0.05042 0.04820 -0.06836 0.07342 -0.07091 0.08008 0.00393 -0.01995 0.02172 -0.01995 0.03698 -0.02056 0.05784 -0.05070 0.05143 -0.09974 0.03460 -0.07130 0.09539 
0.02529 -0.04041 0.05932 -0.06383 0.06797 -0.07209 0.14137 -0.12983 0.12760 -0.15855 0.16683 -0.15321 0.19345 0.00644 -0.01627 0.02753 -0.01704 0.03242 -0.02169 0.04570 -0.05938 0.05865 -0.07536 0.03986 -0.07501 0.06639 -0.25542 -0.54048 0.62897 -0.07227 0.55060 0.10288 -0.44793 0.43286 0.43799 -0.59299 0.31751 -0.74649 0.03273 
0.02264 -0.04194 0.06564 -0.05320 0.06976 -0.06125 0.13560 -0.14414 0.14077 -0.16191 0.12703 -0.15625 0.18622 -0.24678 -0.55637 0.65246 -0.10008 0.57883 0.07252 -0.39476 0.38244 0.48619 -0.66134 0.39093 -0.81741 0.11281 -0.39999 -1.07664 1.27768 -0.92836 1.12503 0.16612 -1.22648 0.37532 1.07517 -0.39413 1.51402 -1.55970 0.39424 
-0.22149 -0.59678 0.71178 -0.16392 0.64680 0.00042 -0.25339 0.25261 0.61379 -0.81989 0.55776 -0.97061 0.30625 -0.39356 -1.09291 1.30521 -0.94540 1.15745 0.14442 -1.18078 0.31594 1.13382 -0.46949 1.55388 -1.63470 0.46063 -0.69215 0.05045 1.50236 -2.37643 0.68899 -0.50794 -0.64899 0.67153 -0.82075 0.50226 -0.03266 0.89623 1.47205 
-0.37091 -1.13485 1.37085 -0.99861 1.22721 0.08317 -1.04518 0.17180 1.27459 -0.63140 1.68091 -1.79095 0.64686 -0.93893 -0.50592 2.15482 -2.47651 1.26782 -0.43543 -1.04375 1.05396 -0.33456 -0.15908 0.35827 0.07882 1.58486 -0.84932 0.68276 1.16872 -0.54556 -0.85492 -1.59340 3.17731 -0.24386 -2.10575 0.61299 -3.84769 3.49268 0.45007 
-1.16042 -1.10269 2.86659 -2.64043 1.91462 -0.43500 -1.29714 1.30658 0.27923 -0.97898 0.91603 -0.89180 1.89111 -1.24287 -0.41015 2.47393 -1.49096 0.30253 -1.44898 1.99653 0.07208 -0.97193 0.14350 -2.29381 1.85798 0.91071 0.04645 -0.10695 -1.08907 2.76508 -1.23837 -0.79524 4.53420 -2.49547 -0.14014 0.13371 -1.25476 0.51403 -3.29412 
-1.61378 -1.54500 3.84479 -2.48957 1.52973 -1.36581 0.95136 0.24388 0.30266 -0.48789 -0.61290 0.06703 1.55756 -0.89248 -0.61287 1.06575 0.28856 0.02946 -1.23067 3.49045 -1.44151 -0.47470 -0.02537 -0.89649 0.59285 -1.70926 0.36195 0.58475 -2.90815 1.59549 0.61095 0.66039 -1.43820 -1.51902 2.04813 -1.73533 2.76685 -1.89715 -1.53242 
-2.05290 -1.71557 3.93234 -2.35186 1.94408 -1.66567 2.19331 -0.13493 -0.19547 -1.00435 0.01954 -0.29895 0.18185 -0.88092 0.17460 -0.43421 0.10453 0.91348 -0.78859 0.55833 -1.44694 1.07620 -1.59182 0.47304 -0.03918 -0.62171 1.52861 1.86805 -1.41110 0.00983 0.92849 1.40510 -3.18428 1.00939 2.86426 -0.79808 0.89646 -0.88147 1.67663 
-2.49470 -1.37040 3.41058 -2.38504 2.44321 -2.15440 1.50969 -1.20305 1.37886 -2.07972 -0.13987 0.02785 0.93585 0.63613 1.25517 -0.34535 0.29839 0.95795 0.17443 0.30618 -0.43211 2.38956 -0.82345 -0.00003 -0.28863 -0.03263 1.18441 0.15955 0.79927 0.68920 0.37742 1.53454 0.51428 1.86737 0.13429 1.38281 -0.68787 -1.46290 -0.40105 
-1.41677 -0.46039 3.58699 -2.05347 2.90202 -1.49125 2.49949 -0.56704 2.19410 -1.82780 0.01951 -0.58758 0.14923 0.30349 0.33415 0.36505 0.79373 1.29090 0.74595 1.07261 0.42044 1.21049 -0.20901 -0.21483 -1.50208 -1.02276 -0.97356 -1.96590 -0.35758 -0.13420 -1.48011 -1.63578 -3.45735 -2.08957 -3.50245 -1.21520 -0.66668 -0.12639 3.05881 
-2.19122 -1.03626 3.77563 -1.59131 3.73411 -1.40845 2.58230 -0.78262 2.58935 -2.28873 -0.35470 -1.47424 -0.08691 -0.33743 -0.71073 -0.70293 0.16419 -0.52216 -1.46135 -3.15117 -2.52168 -1.11289 -2.03865 -0.66671 -0.41502 3.02618 0.35722 -0.96636 -2.57152 -2.23055 -2.86203 -1.36362 -0.96924 -1.34257 -3.25520 -4.05153 -2.56373 0.64934 5.98850 
-1.75419 -1.17112 2.88405 -1.88928 2.37986 -2.95259 -0.65168 -3.08872 1.08121 -3.86646 -0.64720 -1.00260 3.17541 0.66071 -0.63221 -2.20647 -1.43681 -1.57113 -0.61767 0.10336 -0.92213 -2.04470 -4.26054 -2.77856 -0.85274 4.96574 0.20892 -0.50678 -1.25990 -1.61128 0.57296 2.82847 8.19063 5.59219 1.84918 1.36452 -0.87539 -0.73795 -3.19824 
-1.53051 -1.66847 1.56916 -3.02812 2.16297 -2.02611 2.68566 -1.70475 0.54464 -6.54927 -3.13326 -2.32698 4.87884 -0.12850 -1.21751 -1.96284 -1.44709 0.05080 1.36712 5.03946 3.07051 0.73629 -0.67413 -1.54210 -1.15297 -0.17206 -0.62905 0.28024 2.36667 1.88438 1.64535 0.92699 -1.05851 1.03314 3.07307 8.15492 4.74594 0.81830 -9.08278 
-1.88270 -2.38863 0.92122 -3.33637 2.43067 -1.58547 4.38778 -0.01821 1.81750 -4.54059 -2.18930 -2.15556 3.00335 0.03167 -0.35197 0.16020 0.44756 0.07421 0.30932 -0.95515 0.11101 1.02837 3.89438 1.96737 -0.03444 -4.11703 2.48790 2.29043 3.29945 3.07270 -0.71239 -2.03306 -11.27945 -7.14622 -3.90460 2.61811 2.21673 1.60138 -3.12261 
-1.49884 -2.02044 1.72937 -2.58056 2.23719 -1.71679 1.73051 -1.59374 1.57301 -2.65489 -1.16589 -2.36142 0.76180 2.35939 1.07293 1.33662 1.62560 -0.66159 -0.66594 -6.23999 -4.07571 -3.16831 1.94397 0.67462 0.44842 -3.29467 2.49877 0.37022 -0.50619 0.42356 -1.18392 -0.97132 -2.53047 -1.62426 -4.72818 -3.40266 -2.78615 0.22139 3.75531 
0.47670 -1.31570 2.25783 -1.71077 1.76907 -2.25142 -1.85222 -4.09392 -1.35081 -2.59662 -1.51468 -1.70715 -0.29132 2.53043 0.01825 -0.34599 0.87112 -1.10971 -0.66200 -3.48562 -1.51325 -3.69982 0.49172 -0.81878 0.18695 -0.36172 -1.50999 -2.01954 -2.29480 -1.34691 -0.05807 0.93510 6.87620 5.60473 2.52446 -0.91604 0.23039 -0.83725 4.78137 
1.03159 -2.00219 1.38338 -1.70944 1.12748 -2.37879 -1.75511 -3.10699 -2.12680 -2.16317 -1.98467 -2.17447 0.40008 0.84940 -0.94662 -0.95819 0.27870 -0.71966 0.26916 0.63621 1.52902 -0.64385 1.02793 0.90502 -0.38884 1.48670 -2.18819 -0.30935 0.18936 -0.40379 1.22282 0.83001 4.13749 2.51615 4.19864 0.30007 1.96576 -0.25552 1.98321 
1.32609 -2.26232 1.29965 -1.43207 1.04941 -1.98226 -1.21601 -2.56490 -1.99467 -1.56869 -0.60966 -2.09598 1.19538 0.34224 -0.29110 -0.15663 0.46733 0.11311 0.16801 0.65187 1.00290 0.49883 0.79180 1.14699 -0.06857 1.62148 -0.69275 0.84165 0.87194 0.04999 0.77153 -0.48118 -0.20705 -0.92381 1.01459 -0.18562 -1.62612 0.18418 -0.00917 
1.37384 -2.29329 1.22675 -1.24210 1.24059 -2.21079 -1.10323 -2.10408 -1.62798 -1.37137 -0.83768 -2.24305 2.02156 0.15665 -0.10497 -0.08625 0.32869 0.05187 -0.21202 0.42916 0.60521 0.37074 0.84231 -0.72111 -0.20466 1.47754 -0.53246 0.54550 -0.15361 0.33541 -0.47596 -0.00203 -0.33181 -0.53812 -0.85205 0.53139 -2.06470 0.12251 -2.18865 
1.48274 -2.36729 1.21340 -1.10338 1.10128 -2.19427 -0.78684 -1.95969 -1.62393 -0.72637 -1.33077 -2.30064 2.67292 -0.19021 0.25440 -0.31024 0.80274 -0.36285 0.16598 0.32006 0.46478 -0.35323 1.32319 -0.91772 0.05394 -0.56716 -0.53746 0.26456 -0.47960 0.49616 -0.35529 0.35776 -0.93796 -0.73588 -1.15161 0.07199 -0.49007 0.16569 -2.44958 
1.18362 -2.03889 0.91651 -0.43937 0.87774 -2.04481 -0.78317 -1.63930 -1.98120 -0.04819 -1.75540 -2.18911 1.45440 -0.38082 0.15959 -0.56585 0.82484 -0.30342 0.14574 -0.50880 -0.13068 -0.78087 0.91430 -1.21118 -0.03897 -0.97204 0.38081 -0.78051 0.56976 -0.84305 0.49099 -0.56934 0.01334 -1.44355 0.58708 -1.71105 0.36788 -0.61537 1.23635 
1.10192 -2.20770 0.64755 -0.27854 0.79786 -2.04854 -1.29564 -2.09037 -2.40480 0.18793 -2.54194 -2.33961 1.70087 0.19059 -0.52611 0.25952 -0.04031 0.12814 -0.40337 0.33341 -0.97877 0.23385 -0.38786 -0.54984 -0.56143 0.66918 0.68339 -0.49880 1.03248 -0.92128 0.13820 -0.79021 1.19352 -0.30895 1.92983 -1.71129 0.94949 -0.73019 0.76186 
1.37422 -2.56500 1.17603 -0.47968 1.00589 -2.44818 -0.44976 -2.61808 -1.74735 -0.43605 -2.30524 -2.75054 2.12358 0.30258 -0.33921 0.46664 -0.09643 -0.16522 -0.64447 0.68472 -0.43963 1.14896 -0.79699 -0.26169 -0.76916 -0.21019 -0.14215 0.40884 -1.01165 -0.20380 -0.81629 -0.38965 -0.66939 1.16922 -0.44469 -0.33120 -0.42503 0.11286 -1.70230 
1.40450 -2.54690 1.11419 -0.37497 0.63264 -2.69301 -0.61092 -2.53000 -1.25584 -0.60906 -2.80363 -3.10877 1.49068 0.04844 -0.11727 -0.75213 -0.24411 -0.68815 -0.79302 -0.33599 0.19045 -0.21084 -0.71906 -0.97487 -0.44856 -1.03311 0.00562 0.21102 -0.81887 0.09215 0.05821 0.59766 0.24930 0.88751 -1.44592 1.48674 0.57553 1.16445 0.52408 
1.42266 -2.68227 0.42390 -0.72379 0.31774 -3.24120 -0.78575 -2.42763 -1.95819 -1.15510 -3.28011 -3.19910 1.09047 0.30820 -0.12818 -0.35224 -0.00428 -0.10701 -0.04681 0.93402 0.44788 -0.29696 0.68975 0.31384 0.39530 0.31389 0.22629 0.45464 0.99039 0.44286 0.60340 1.09972 1.26344 0.02652 0.21326 1.88856 2.45390 1.14892 2.21938 
1.71270 -2.67508 0.76195 -0.37925 0.52564 -2.73982 0.32310 -2.08211 -1.55280 0.08069 -2.48979 -2.71347 1.80458 0.27473 0.33737 0.23826 0.19874 -0.08475 0.30670 0.92745 0.21697 0.00242 1.16951 1.47903 0.70036 1.18627 -0.37873 0.28128 0.19135 0.08115 -0.25240 -0.39176 -1.42757 -0.94064 0.02170 -1.25602 0.07488 -0.69021 0.36386 
1.69739 -2.34490 0.66216 -0.52505 0.23299 -2.93450 0.14170 -2.21066 -1.95577 0.01440 -1.80108 -2.49875 2.27674 -0.07053 0.15310 -0.16088 0.07687 -0.35941 -0.43857 -0.49356 -0.49276 -0.27526 -0.56627 0.38872 -0.29491 0.67775 -0.41481 -0.53480 -0.44502 -0.00949 -0.39091 -0.66952 -1.81591 -1.28897 0.08681 -2.44550 -2.40195 -1.39671 -1.65058 
1.64216 -2.52199 0.60106 -0.30238 0.16623 -3.17839 -0.17046 -2.57487 -1.82806 -0.48558 -2.10106 -3.00838 2.48233 -0.14008 -0.19743 -0.20676 0.18925 -0.47566 -0.36282 -0.88845 -1.07199 0.08924 -1.27599 -0.92292 -0.69635 -0.46431 0.00826 -0.08228 0.50087 0.50243 -0.11484 0.65342 0.72716 0.35660 0.54718 0.27694 0.03416 0.53862 -0.75058 
1.55731 -2.54233 0.45540 -0.33580 -0.24267 -3.29732 -0.74675 -3.28265 -1.86653 -1.26159 -2.72399 -3.19510 1.81243 -0.06227 0.07081 0.33999 0.57930 -0.47425 0.21484 0.23361 -0.13615 0.27191 -0.28933 0.42289 0.24371 -0.07283 0.10770 0.20277 0.51755 0.81272 1.04297 1.31206 1.84657 1.93113 -0.30031 1.27097 2.29844 0.90997 2.18309 
1.57989 -2.45117 0.94105 0.27692 -0.30803 -2.96355 0.06315 -2.71102 -1.55615 -0.77491 -1.67818 -2.76468 2.40950 -0.03238 0.00534 0.31079 1.00197 0.56731 0.94925 0.95812 0.85913 -0.21108 -0.00502 1.37552 0.21362 1.71878 0.06775 -0.04227 -0.44585 -0.18929 0.93670 0.00703 -0.30947 0.55412 -1.01156 -0.16878 -0.52995 -0.52779 1.14666 
1.52492 -2.53699 0.76619 0.66617 0.32464 -2.34807 0.21137 -2.42352 -2.07761 -1.26661 -1.34847 -2.98148 3.53121 0.00548 0.02855 -0.10586 0.39001 0.46245 0.22188 -0.07587 0.41797 -0.73964 -0.45811 -0.10707 -0.28409 1.07382 0.13109 0.19936 -0.32163 -0.81345 -0.84743 -1.19264 -1.09718 -0.55071 -0.05532 -0.19590 -2.21834 -0.29082 -1.91529 
1.58537 -2.42263 0.83519 0.66693 0.15442 -2.74167 -0.01272 -2.29305 -2.29579 -1.23302 -1.78525 -3.04876 3.48332 0.09871 0.20470 -0.01084 0.18853 -0.28012 -0.24339 -0.13906 0.30842 -0.26640 -0.20092 -0.84281 -0.07721 -0.19651 0.06909 0.18220 -0.13944 0.08404 -0.63100 0.00929 -0.07760 -0.32684 1.82904 0.75009 -0.16638 0.16517 -1.85632 
1.62363 -2.33228 0.75535 0.85470 0.04451 -2.59147 0.07230 -2.11510 -2.34401 -1.46753 -2.19128 -3.05869 3.33470 0.07457 0.21074 -0.24530 0.47405 -0.16855 0.23116 -0.15347 0.09113 1.08940 0.29198 -0.27344 -0.11891 -0.78250 -0.26139 0.61321 -0.20823 -0.16790 0.47028 0.36056 -0.61433 -0.35165 1.67711 1.09667 1.77609 0.43241 -0.45176 
1.65994 -2.21188 0.58989 1.14099 -0.01413 -2.51051 -0.16619 -2.20192 -1.20639 -0.94104 -2.05869 -3.16768 2.70082 -0.16268 0.81791 -0.21907 0.02063 0.19015 0.11717 -0.75339 -0.04323 1.41071 0.89575 0.93328 0.35520 -0.64826 -0.63572 1.24014 0.57915 -0.52969 0.56092 0.38411 -0.17801 0.76683 -0.07542 -0.70253 0.78099 0.96095 -0.79048 
1.46095 -1.51437 0.53628 0.87533 0.23467 -2.47430 -0.68109 -2.15833 -0.93330 -0.57178 -1.25800 -2.70348 2.68644 -0.56115 1.45088 0.33385 -0.05564 0.39237 0.61527 -0.33148 0.85796 1.01398 -0.41055 0.50754 0.84204 -1.57298 -0.38980 0.37225 0.42740 -0.25109 -0.16046 0.53299 0.06119 1.01455 -0.15620 -2.51197 -1.35941 0.53193 -0.89888 
1.09879 -0.76101 0.92375 1.08535 0.37823 -1.89524 -0.49767 -1.34396 -0.19241 -1.35158 -1.55115 -2.32564 1.12784 -0.55249 1.19016 0.20834 -0.23046 0.02969 0.65015 -0.69220 0.97132 1.25451 -1.61622 -0.42613 0.88714 -1.54715 0.31229 -1.59832 -1.12477 -2.43797 -0.72272 0.62265 1.49201 -0.22107 -0.65676 -0.60088 -1.64775 1.16817 3.21117 
0.90846 -0.32421 0.74462 0.64486 0.26436 -1.82414 -1.37328 -1.18701 0.32122 -2.18800 -1.68413 -1.81635 1.13929 -0.24886 -0.14745 -0.79092 -2.49361 -0.33036 1.23792 1.16053 0.63689 0.35722 -1.01142 -1.14020 2.01021 1.63819 -0.13886 -1.81932 0.75846 -2.09065 0.55784 0.73219 1.75930 -1.08128 -1.76526 1.67928 -1.22976 0.64322 3.56718 
0.84993 -0.90845 0.13283 -1.40827 0.04788 -0.65732 0.66286 -0.70707 0.16481 -2.36300 -2.69135 -0.31542 2.76603 -0.69134 -0.62916 0.96680 -2.32111 0.58754 1.38234 1.06710 -0.10996 -0.51074 0.06306 -1.65589 1.53035 2.02003 -0.63006 -1.16340 1.14678 1.98033 2.11825 -1.23913 -2.51807 -1.37245 0.84142 2.52604 2.88467 -2.08974 -3.38295 
0.21712 -0.95338 1.71142 -1.67625 0.85190 -0.44180 -0.30618 -1.29697 -0.18953 -2.12494 -3.34003 -0.28599 3.15932 -0.87892 -1.31085 0.35586 -0.51329 1.78789 -0.00121 -1.35754 -0.73555 1.19864 1.51462 1.74446 -0.07952 -1.74476 0.70697 -0.82608 -2.56932 1.53596 -0.04821 -2.76537 -2.77202 -1.65624 1.29548 0.70496 4.47980 -3.15800 -5.78658 
-0.02899 -2.21930 0.48869 -1.92155 1.83577 -0.65853 -0.69469 -1.44262 1.36345 -0.84838 -0.94689 -0.39495 1.02127 0.01563 -1.45525 -1.60252 -0.78515 0.53933 -1.38302 -1.70492 -1.76620 0.78474 0.76802 2.82390 -1.62765 -3.76654 1.53288 1.38873 -0.59106 0.47942 -2.10699 -1.16442 -0.77339 -0.46928 -2.97607 -2.38210 -0.87757 -0.59788 0.32117 
0.23275 -2.40862 0.10890 -2.46139 1.39122 -1.82482 -2.01110 -3.06316 0.59521 -1.35692 -0.51612 -1.91364 -0.60722 0.65396 0.07788 -0.23520 -0.03387 -0.31910 -1.16563 -2.13093 -1.20483 -1.77743 -0.86748 0.86689 -0.67741 -1.42359 0.19390 1.71512 2.38193 1.36778 -0.57264 2.13158 2.46073 3.08789 -2.50786 -0.76280 -1.18255 2.10078 5.41819 
0.62496 -2.14142 0.25349 -1.95542 1.51667 -1.82416 -2.82562 -2.64745 -0.41398 -1.71586 -0.08000 -1.07235 -0.40232 0.20953 0.25987 0.77940 0.58263 -0.03331 0.74856 0.75581 1.32169 -1.72312 0.00522 1.64135 0.47313 1.65165 -1.99850 -0.69741 1.21394 -0.18282 0.99361 1.73064 5.24553 2.38453 2.17409 2.06384 -0.09037 1.31032 2.78684 
0.44228 -2.14875 0.88830 -1.87877 1.35791 -1.07627 -1.25529 -1.74147 -1.12791 -1.35170 1.12523 -1.44051 1.04443 -1.34454 -0.61953 0.97874 -0.21669 0.67451 0.56501 3.11460 1.17970 0.39666 1.19636 0.77652 0.63292 1.36325 -2.03253 -0.46858 0.11693 -0.99109 1.00705 -1.37245 1.09785 -1.87689 3.23231 0.07208 -2.02784 0.21938 -1.85590 
-0.71958 -2.76095 1.23223 -2.17211 2.19118 -1.25915 0.28898 -1.46776 -0.01732 -0.51949 0.69652 -0.43944 0.96092 -1.82300 -0.20871 0.89634 -0.40846 0.97374 -0.62389 1.85366 -0.55519 1.50919 0.07730 -0.38649 0.69251 -0.20425 0.13524 1.13938 -0.78912 -0.20792 -0.35155 -0.87426 -1.46713 -1.37431 0.63622 -2.93778 -1.24253 -1.70886 -0.18434 
-1.38072 -2.35746 1.78464 -2.28723 2.33166 -1.70016 0.59837 -2.29666 0.38128 -1.27439 0.73873 -0.74801 0.84017 -1.20930 0.51985 0.18963 -0.42461 0.32296 -0.30925 1.64746 -0.19461 1.03287 -1.74142 -0.46600 -1.07594 1.17890 1.37864 0.82979 -0.77029 0.50442 -0.60892 0.76863 -0.52516 0.88016 -0.59786 -0.33893 0.81278 -1.44369 0.34603 
-1.92888 -2.24110 1.42186 -2.59672 2.51414 -1.56840 1.93644 -1.66236 1.01555 -2.26091 0.23051 -1.51538 2.13983 -0.44436 0.62108 0.12604 0.09595 0.36482 0.14474 1.32850 0.32496 0.91133 -0.26162 0.42628 -0.75118 0.14178 0.98589 -0.42248 0.24759 0.66629 -0.11584 0.17394 -1.98681 0.19974 -0.50463 3.29002 0.73017 2.19618 -1.69313 
-1.82508 -1.73637 1.91068 -2.19128 2.69648 -1.55542 1.92687 -1.97170 1.29262 -1.53602 1.16501 -1.49919 0.98195 -0.22341 0.09736 0.43722 0.24168 0.20713 -0.13531 -0.33935 0.00513 0.52824 1.54860 0.26417 1.12023 -0.51422 0.69791 -0.37418 0.36034 0.05414 -0.33240 -0.44752 -1.88102 0.52919 -1.46304 0.99299 -1.25726 1.93377 0.12158 
-2.15229 -2.14374 1.85908 -2.35503 2.72127 -1.70371 1.59710 -1.65724 1.54379 -0.71231 0.49468 -0.39515 1.62560 0.25356 0.24691 0.48638 0.15010 0.03242 -0.30278 -0.55253 0.85415 -0.55171 0.73137 -0.83098 1.18259 0.26336 0.42736 0.18594 -0.06090 -0.09048 -0.24181 0.08421 0.38055 0.88701 -0.80273 -1.68804 -0.39889 -0.83126 -0.09659 
-1.57152 -1.48946 2.39706 -2.04118 2.72890 -1.85820 1.37434 -1.11755 0.74091 -0.80465 0.33403 -0.31659 1.24531 0.20395 0.28330 0.37632 0.15121 -0.03469 -0.05110 0.04120 0.89214 -0.27449 -0.13943 -0.13472 0.28897 -0.61082 -0.80035 -0.56725 -0.65500 -0.60483 -0.19023 0.38355 1.09937 -0.69944 1.70440 -0.49156 0.76880 -0.72142 0.09272 
-1.94834 -1.86043 2.23540 -2.20383 2.68658 -1.75481 1.63830 -0.76510 1.26931 -0.85174 0.35996 -0.10617 1.01478 -0.54679 -0.32034 -0.16861 -0.45474 -0.15781 0.08077 0.54684 0.15472 1.15269 0.23981 -0.06218 0.46118 0.35608 -0.12286 -0.07001 -0.28996 -0.05946 -0.05937 0.09738 -0.25598 -1.94227 0.35163 0.24677 -0.20305 -1.22989 1.22072 
-2.11831 -1.80980 2.22845 -2.49592 2.57109 -1.77744 1.92119 -0.96283 1.89360 -0.56484 0.27185 0.14458 1.60139 0.08108 0.21329 0.08636 0.09175 -0.09406 0.04628 -0.21478 -1.05013 0.07714 0.10733 -0.33777 -0.94092 0.60990 0.79838 0.29744 0.42574 0.93643 0.01905 -0.34321 -1.11110 -0.59446 -1.63175 -1.15285 -0.94812 -1.50951 -0.79220 
-1.86726 -1.64714 2.32175 -2.11208 2.59252 -1.70853 1.42352 -1.81522 1.34645 -0.74441 0.02219 -1.04709 1.62468 0.25159 -0.02290 0.25713 0.48169 -0.13876 -0.26245 -0.56426 -0.43974 -0.47905 -0.91304 -1.01030 -1.04833 -0.43612 0.02306 -0.85614 -0.33110 0.21914 -0.18237 -0.43652 0.57340 1.80539 0.23748 0.65207 -0.41497 1.19371 -0.45448 
-1.86672 -1.83271 2.48558 -2.01422 2.43233 -2.03989 1.35693 -1.40258 1.41455 -1.47788 -0.73845 -0.90375 1.16527 0.10414 -0.64284 -0.24475 0.31089 -0.27643 -0.39024 0.35862 0.75527 0.31462 0.75941 -0.75273 0.25280 0.15542 -0.15184 -0.53969 -0.79433 -0.26614 0.34790 0.49852 0.51623 0.13444 0.25727 2.17060 0.91027 -0.09337 -0.22291 
-1.76312 -2.28998 2.07701 -1.80119 2.31610 -2.09876 1.78214 -1.05995 1.66107 0.01500 -0.73054 -0.79430 1.78010 0.09975 -0.56259 -0.53720 0.21556 0.20914 0.23608 -0.04803 -0.30531 -0.22179 1.25756 -0.10003 -1.14171 -0.65903 0.02030 0.57906 0.11675 -0.54991 0.52330 1.12364 -1.31000 -0.80387 -0.18110 -1.73206 0.94146 -0.96727 -0.93338 
-1.76697 -2.39530 1.94837 -1.79867 2.64147 -1.80381 1.30890 -1.70788 1.19276 -0.22032 -0.83848 -2.04545 0.50625 0.12445 -0.06379 -0.12800 -0.23902 0.24687 0.73341 -0.95138 -0.04860 0.13352 -0.97265 0.18872 -0.71447 -0.77796 0.19714 0.69079 0.39094 -0.20571 -0.52069 0.15559 -0.18986 1.07967 0.34303 -3.01698 0.04882 2.78409 1.09075 
-1.63867 -2.35377 1.94901 -2.04021 2.56297 -1.36536 0.83076 -1.10856 1.79460 -0.95765 -0.54182 -1.50877 1.00214 0.29689 0.12820 -0.14626 0.00985 -0.31155 0.39167 -0.23789 0.77437 0.12125 -1.75942 -0.05121 1.64238 0.43172 0.21458 0.29676 -0.18483 0.38944 -0.34455 -0.62241 1.55792 0.80062 -0.62876 1.76325 -0.24102 2.06900 1.87672 
-1.47008 -2.26710 1.80211 -1.78882 2.32992 -1.41214 1.07101 -0.93352 1.31401 -1.97974 -0.88970 -0.40307 0.93797 0.33902 0.23297 -0.31283 0.15041 -0.09767 0.11100 0.60653 0.75202 -0.49523 0.79060 -0.05230 1.35453 1.09876 0.15610 -0.13885 -0.03652 0.39489 0.31303 -0.01808 -1.26448 -1.38840 -0.36828 3.57444 1.04901 -0.90814 -0.05793 
-1.29965 -2.12080 1.63618 -1.88980 2.46530 -1.25436 1.43729 -0.35654 1.29936 -0.16705 -0.59412 -0.15424 2.10090 0.45300 -0.01065 -0.18278 0.40473 0.00148 0.37358 -1.50237 -0.61403 -0.24704 1.81502 0.99779 0.73424 0.37380 0.25347 -0.27737 0.08268 0.87481 -0.34232 0.14146 -2.71247 -1.56825 -0.61603 -1.05873 -0.07757 -2.03336 -1.62139 
-1.01708 -2.27775 1.61934 -1.38409 2.33140 -1.03856 -0.43137 -1.54755 1.06697 -0.16472 0.10810 0.33117 1.31177 0.59249 -0.04440 -0.23015 1.02522 -0.43999 0.25246 -2.10593 -0.81624 -1.11126 -0.26813 -0.12987 -0.67884 -0.52263 0.50127 0.31792 -0.99835 0.34078 -0.55729 -0.19060 1.67140 1.58936 -0.75642 -2.31940 -1.21856 -1.84295 -0.28774 
-0.70716 -2.16520 1.40603 -0.86458 2.02531 -1.00190 -0.66864 -1.17277 0.18810 -0.43518 -0.72399 -0.83307 1.57827 0.95427 0.30727 -1.18113 0.74551 -0.55581 0.18299 0.16902 0.97533 -1.00345 -0.50438 -0.22077 -1.10871 0.08605 0.21132 0.37529 -1.62185 -0.91795 -0.29338 0.38832 2.76673 0.93108 1.64633 0.78308 1.44716 1.04577 -0.20542 
-0.06281 -1.97048 0.43821 -0.63858 1.77559 -0.85557 -0.26234 -0.57221 0.06352 -0.66909 -0.11267 -0.77754 1.39782 0.80381 0.33090 -1.85200 0.10727 -0.73337 0.64078 0.66079 0.11484 0.53507 0.51495 1.31729 0.36693 -0.72805 -0.69524 0.55861 0.14486 -0.52914 0.02469 0.78117 -0.38761 -2.59776 1.15688 1.21995 0.90736 1.37323 -0.75295 
0.09665 -1.83430 -0.44597 -0.75731 1.29194 -0.36111 -0.00785 -1.05793 0.72317 0.07976 0.59330 -0.46614 0.85022 0.25903 0.86588 -1.03627 0.21637 -0.53111 0.96415 -0.21859 -1.62242 0.15343 0.71557 0.68659 0.26452 -0.66690 -0.84376 0.61832 1.59881 -0.04910 0.21484 -0.37967 -0.80427 -0.15323 -0.91185 -0.02601 -1.25329 -0.65278 -0.40101 
0.19622 -1.10460 -0.59806 -0.42220 1.24448 0.10858 -0.48093 -2.19463 0.21695 0.04648 0.57392 -0.51302 0.73092 -0.03995 0.94922 -0.25320 0.05817 -0.51853 0.26112 -0.14348 -0.03839 -0.37678 0.48894 0.06400 -0.28585 -1.12906 -0.48893 -0.00554 1.53367 0.35857 -0.36465 -1.25440 0.48233 3.06595 -0.18352 -0.49325 -0.59723 -0.17638 0.00760 
0.05670 -0.88508 -0.69917 -0.69914 0.77341 -0.10000 -0.15133 -1.09632 0.34639 0.56870 0.65730 -0.75199 -0.27884 -0.22990 0.86034 0.49740 0.57494 -0.89577 -0.29025 0.26374 1.44353 -0.03010 0.22232 0.08936 0.08814 -0.65929 -0.02519 -0.19747 0.89783 0.36089 -0.17314 -0.23039 0.85876 0.90670 0.00410 -1.15463 -0.70947 1.16312 1.80785 
-0.03368 -0.24426 -0.10066 0.15274 0.34871 -0.18167 -0.21719 -0.75111 0.18685 0.26880 0.66328 -0.42489 0.07163 -0.06514 0.75175 0.64464 0.41905 -0.69167 0.03073 0.71528 0.86831 -0.37268 -0.66569 -0.64547 0.87727 0.67879 0.24492 -0.72602 -0.40516 -0.80254 0.63803 0.26437 0.04489 -0.69361 0.06169 -0.58502 -0.63400 0.45168 0.79490 
-0.00844 -0.13334 -0.05453 -0.28009 0.08174 -0.06927 0.56395 -0.22801 -0.02630 -0.09699 0.01183 0.12528 0.39995 0.01502 0.13432 0.09223 -0.22760 -0.25774 -0.02588 0.30863 0.74992 0.03159 -0.36270 -0.54464 0.53982 0.13561 0.06551 -0.64641 -0.57989 -0.21748 0.68856 -0.03895 -1.07456 -0.76012 0.51992 0.63440 0.74539 -1.15349 -0.83506 
-0.01867 -0.10995 -0.00843 -0.07486 0.09097 -0.20755 0.09144 -0.00119 0.21844 -0.09390 0.11864 0.11494 0.20724 0.00037 0.10533 0.06475 0.20157 -0.00311 -0.00822 -0.35928 0.10820 0.14724 -0.03129 0.09992 -0.27622 -0.15627 -0.02640 -0.10444 -0.08376 0.31632 0.23607 0.09889 -0.36196 -0.79338 0.02772 0.42987 0.34424 -0.86672 0.08308 
-0.00807 -0.02800 0.01022 -0.07852 0.07862 -0.07749 0.20468 -0.11981 0.12094 -0.12828 0.11175 -0.15094 0.24368 -0.01139 0.02988 0.00848 0.08872 -0.02167 0.07300 -0.05333 -0.04346 0.05931 0.06717 -0.20040 -0.32690 0.21869 0.21559 -1.88027 0.14135 0.06360 0.77968 -0.17398 0.34692 -1.88588 -0.33076 0.42477 0.79108 -0.93990 0.75435 
-0.03006 -0.08007 0.00005 0.01386 0.06930 -0.13454 0.03811 -0.04465 0.27776 -0.02673 -0.08177 -0.21196 0.42592 0.21596 -1.77494 0.20610 0.26517 0.77657 -0.18220 -0.01236 -1.77768 -0.18353 0.39348 0.89100 -1.21612 0.59808 0.39929 -2.05906 -0.15353 0.35161 1.20031 -0.24673 0.20644 -1.50194 0.22470 -0.36085 0.87341 -0.67232 0.11075 
0.20789 -1.80294 0.21631 0.18665 0.85519 -0.25968 0.19232 -1.89749 -0.06259 0.26520 1.00276 -1.36706 0.84176 0.38791 -2.02918 -0.14505 0.44033 1.17864 -0.17372 0.15312 -1.54540 0.28401 -0.29367 0.67301 -0.99922 0.32944 -0.39530 2.62650 -1.01858 -0.80546 -1.03567 -0.22980 -1.16898 2.32220 0.44128 -1.17361 -1.31192 1.86190 -1.16389 
0.35785 -2.10925 -0.14500 0.45420 1.24793 -0.30827 0.19123 -1.59006 0.56177 -0.32040 0.59124 -1.21118 0.75537 -0.17934 0.85156 -0.81249 -0.54029 -0.25911 -0.41200 -1.18134 0.54452 0.25776 -0.78013 -0.42092 0.64578 -0.56581 -0.67978 3.95823 0.22614 -0.83474 -2.12489 0.08058 -0.55467 2.86210 -0.81494 0.06688 -1.81287 2.08368 0.36726 
0.02855 -0.95137 -0.59618 -0.35363 0.59608 -0.67168 -0.98903 -1.35296 0.19517 -0.51493 0.58183 -0.72128 0.27595 -0.29187 1.92905 0.08109 -0.39441 -0.94625 -0.09315 -0.40155 1.31669 -0.53093 -0.22679 -1.13986 1.08446 0.69670 0.06016 -0.02941 1.48587 0.97704 -0.25993 0.83512 2.28970 0.83453 -0.10108 1.25792 -0.22684 0.02765 0.98084 
0.06598 -0.18020 -0.06391 0.05979 0.30169 -0.40142 -0.21032 -0.27336 0.03084 -0.54720 -0.54862 -0.12673 1.45207 -0.11918 0.82215 0.67338 0.43675 -0.51904 0.42312 1.10836 1.37905 0.15667 0.47779 -0.64776 0.67343 0.41503 0.26195 -1.85692 0.02392 0.28602 0.98171 -0.00721 0.02721 -1.40574 0.64822 0.83234 1.55374 -0.97795 -1.82727 
-0.09063 -0.12922 0.07720 0.08312 0.07705 -0.24856 0.11933 0.02609 0.35184 -0.03714 -0.06593 -0.04785 0.69098 -0.02992 0.07213 0.10501 -0.10839 0.03546 -0.10036 -0.37434 -0.08905 0.11729 0.60555 0.41388 0.10651 -1.13057 0.08100 -0.80642 -0.73557 -0.68592 0.41223 -0.18627 -0.32849 -1.57901 -0.47727 -1.30945 0.36214 -0.85921 -0.23706 
0.03606 -0.10807 0.04111 -0.04861 0.33715 -0.50177 -0.58466 -0.36241 0.14813 0.05835 -0.13475 -0.02022 0.32150 -0.03818 0.01573 -0.06219 -0.24917 -0.10680 0.23686 0.77987 -0.19996 -0.32059 -0.83166 -0.28563 -0.18578 0.17797 -0.16529 -0.12742 0.11263 0.14807 -0.19759 0.38350 1.10525 0.23739 -0.21459 -0.80712 -0.58887 -0.03759 1.38032 
-0.12881 -0.11349 0.01501 -0.16605 -0.02976 -0.01170 0.89921 -0.17387 0.03124 -0.86880 -0.35156 -0.23363 0.86894 -0.19522 -0.05529 0.21764 0.03968 -0.16213 0.28314 0.73091 0.14834 -0.09730 -0.20157 -0.17499 0.06892 0.24976 0.00145 -0.27378 0.16875 0.62356 0.30165 -0.78904 -2.05608 0.32900 1.26983 0.91047 0.56847 0.23039 -0.26092 
-0.15916 -0.16336 0.25875 -0.00893 0.17502 -0.21863 0.14624 -0.21407 0.05083 -0.14323 -0.30974 0.04870 0.57126 -0.03673 -0.25804 0.10656 0.37439 0.19485 -0.55219 -1.27621 0.12904 0.94924 0.07881 0.28284 0.04461 -0.08295 0.25303 -0.06092 -0.30760 0.10437 0.04189 -0.29383 -1.07742 -0.76315 0.37873 -0.04575 -0.28828 -0.50836 -0.15605 
-0.16555 -0.37153 0.12158 0.20834 0.16509 -0.56389 -0.37700 -0.04483 0.98048 -0.78999 -0.06871 -0.18902 0.78600 0.05781 -0.11621 -0.08996 0.14405 -0.12024 -0.01069 -0.34651 -0.61481 0.28143 -0.24733 -0.46327 -0.43944 0.09371 0.00507 0.51187 -0.15867 -0.60063 -0.27575 0.80394 2.04088 -0.50884 -1.55384 0.14157 0.06413 -0.22177 -0.46510 
-0.10134 -0.27957 0.16879 0.13512 0.05478 -0.22932 -0.20026 -0.82887 0.33227 -0.39056 -0.77301 -0.39074 0.66497 -0.03166 0.25382 -0.05210 -0.22624 -0.08090 0.25175 0.76467 -0.37980 -0.60460 0.22038 0.34697 -0.17717 -0.54805 0.01171 0.40143 0.05304 -0.31202 0.03684 0.16050 0.67417 0.97559 -0.67153 0.26472 1.15184 0.49770 -0.55809 
-0.19721 -0.11771 0.06947 -0.01790 0.08419 -0.31214 0.38767 -0.42463 0.37589 -0.56962 0.27826 -0.36619 0.23795 0.06953 0.28522 -0.03692 -0.16797 -0.08340 0.14981 0.32766 0.36078 -0.39010 0.01739 0.68857 0.05826 -0.46438 0.13062 -0.11643 0.09212 0.16932 0.07543 -0.07930 -0.78467 0.32354 0.44205 0.39571 -1.02153 0.56260 0.65663 
-0.03182 0.00565 0.13187 -0.03286 -0.02862 -0.07951 0.12740 -0.46809 -0.05783 -0.37316 -0.08444 -0.33248 0.20058 0.09896 0.13739 0.04001 -0.05692 -0.00547 0.17245 -0.02000 -0.05626 -0.16254 0.61609 -0.67455 0.38544 0.10858 -0.06052 -0.30536 -0.01219 0.15743 0.24882 -0.12106 -0.19894 -0.12946 0.63907 -0.04943 -0.57996 0.10479 0.51435 
-0.09825 0.01969 0.10949 -0.07482 0.07872 -0.13968 0.36767 -0.48090 0.21334 0.04647 -0.39629 0.01925 0.34653 0.00901 -0.02013 -0.04911 -0.01055 0.16543 0.02874 0.12872 0.23132 0.24898 -0.03204 0.10862 0.16305 0.04997 -0.08464 -0.23440 -0.05390 0.00452 -0.00774 -0.16760 -0.05536 0.58112 0.17406 -0.66653 1.17899 -0.56099 -0.16250 
-0.02281 -0.01448 0.08276 -0.04340 0.13681 -0.05076 0.25612 -0.23677 0.19114 -0.40520 0.02418 -0.16943 0.25055 0.01433 -0.09701 -0.01389 -0.05239 -0.01321 0.00485 -0.07536 0.52486 0.01152 -0.05044 0.50444 -0.17556 -0.05392 -0.02711 -0.06387 -0.02966 0.03734 -0.27994 -0.21251 -0.37759 -0.33031 -0.08975 0.45165 -0.10517 -0.31807 -0.02440 
-0.08392 -0.07733 0.09560 -0.12721 0.06551 -0.13483 0.29231 0.04396 0.22486 -0.00397 0.10815 -0.15631 0.29261 -0.01810 -0.08400 -0.07877 0.02679 -0.11452 -0.18377 -0.24886 -0.09899 0.15923 0.41961 0.00344 -0.15503 0.02556 0.04734 0.12059 0.01914 0.12238 0.02423 0.06459 -0.10212 -0.73259 -0.07825 -0.08952 -0.53977 0.17566 0.04797 
-0.04091 -0.09848 0.00399 -0.01661 0.02229 -0.23453 0.00726 -0.33576 0.35037 0.01441 0.02763 -0.32446 0.27612 0.06167 0.02358 0.00525 0.06999 0.01102 0.06944 -0.17747 -0.20773 -0.06673 -0.13996 -0.03533 0.00010 -0.00595 0.06882 0.13024 0.12673 -0.09994 0.18130 0.34844 0.39049 0.32679 -0.45023 -0.61027 0.10098 0.36889 -0.13030 
-0.02225 -0.05374 0.10085 -0.05722 0.07653 -0.06539 0.11484 -0.16377 0.15813 -0.14394 0.07282 -0.15621 0.28666 0.05071 0.04623 0.04796 -0.07315 0.06678 0.16467 0.14163 0.22780 -0.29101 -0.19066 0.10443 0.21386 -0.10473 -0.09497 -0.07289 -0.13783 -0.08064 -0.00023 -0.12738 0.56718 -0.05041 -0.01444 0.26010 0.00567 0.25930 -0.22921 
0.00980 -0.05225 0.05195 -0.08976 0.08907 -0.06986 0.14889 -0.10797 0.05937 -0.17625 0.13205 -0.11060 0.17138 -0.03330 -0.04930 -0.13258 -0.01065 0.01079 -0.05794 0.38971 -0.25815 -0.08117 0.12014 -0.02965 0.25940 -0.23516 -0.08635 -0.08047 -0.01062 0.13320 -0.10746 -0.17866 -0.03718 -0.29506 0.34310 0.29490 -0.24424 -0.32675 0.24073 
-0.05555 -0.10305 -0.03173 -0.06787 0.08731 -0.12333 0.50454 -0.42192 0.07696 -0.02380 0.04317 0.10319 0.05150 -0.03564 -0.03424 0.03734 0.06005 -0.04067 -0.01399 0.10444 -0.06726 0.05209 0.10424 -0.13981 -0.11288 0.13599 0.10438 0.12597 0.19863 0.04515 -0.05438 0.13596 -0.81613 0.60629 0.09397 -0.19409 0.07593 -0.45121 0.31482 
-0.02583 -0.08649 0.08929 -0.02971 0.04840 -0.08385 0.25333 -0.17523 0.11146 -0.07201 -0.00776 -0.22348 0.30737 0.07109 0.07667 0.06605 0.03451 -0.04360 0.07801 -0.42643 0.34814 0.01279 -0.07395 0.04628 -0.19181 0.07967 0.06935 0.06240 -0.10511 -0.10585 0.05630 0.08982 -0.12294 0.07318 -0.11183 -0.17894 0.05937 0.26684 -0.06176 
0.01554 -0.02638 0.03433 -0.03337 0.04371 -0.04532 0.07812 -0.07377 0.08975 -0.09775 0.08944 -0.08862 0.13117 0.03371 0.02816 -0.06777 -0.04580 0.01562 0.07584 -0.01849 0.00592 -0.05974 -0.07470 -0.08045 0.15396 0.07423 -0.12255 -0.12918 -0.03990 -0.05022 0.04595 -0.10614 0.51539 -0.40279 0.02917 0.09094 0.04165 0.12809 -0.16061 
0.00788 -0.05832 0.02153 -0.07551 0.06402 -0.00801 0.23484 -0.16931 0.05172 -0.14670 -0.08821 -0.06952 0.38160 -0.05146 -0.05251 0.02615 -0.01572 0.00235 -0.02812 0.08896 -0.05465 0.04197 0.01699 0.08793 -0.06372 -0.08095 -0.04333 -0.02552 0.06215 0.08464 0.04302 -0.19062 -0.23144 0.10274 0.15701 0.18501 0.00916 -0.15515 -0.19405 
-0.03593 -0.07889 0.06047 -0.04909 0.04607 -0.07344 0.16708 -0.12842 0.13172 -0.08075 0.17737 -0.15234 0.05022 -0.00961 0.00265 -0.00562 0.03884 0.05864 -0.11478 -0.24993 0.10865 0.09727 0.11032 -0.07129 -0.00119 -0.11982 0.09998 0.10615 -0.05890 0.02579 -0.00514 0.06411 -0.15468 0.09660 -0.08117 -0.05968 -0.18312 0.13931 0.18632 
