0.02585 -0.05614 0.13567 -0.07056 0.06192 -0.05457 0.12279 -0.10422 0.19598 -0.10203 0.15569 -0.13264 0.20698 -0.00125 -0.00097 0.00665 -0.00133 -0.00162 0.00223 -0.00173 -0.00156 0.00282 0.00050 -0.00011 -0.00465 0.01351 -0.00115 -0.00199 -0.00223 0.00898 -0.00992 0.00280 0.00566 -0.00346 0.00079 -0.00614 0.02254 -0.01810 0.01047 
0.01392 -0.03621 0.08908 -0.03934 0.03456 -0.03021 0.07263 -0.06307 0.12879 -0.06147 0.09591 -0.08838 0.15317 -0.00066 -0.00038 -0.00205 0.00403 -0.00396 0.00093 0.00154 0.00032 -0.00126 -0.00462 0.01549 -0.01130 0.00447 0.00750 -0.01360 0.01156 -0.01296 0.01331 -0.01749 0.02500 -0.02283 0.03551 -0.02851 0.03321 -0.02866 0.01601 
0.02520 -0.05652 0.13362 -0.06653 0.05797 -0.05364 0.12433 -0.10390 0.19472 -0.10665 0.17118 -0.14395 0.21145 0.00625 -0.01457 0.01821 -0.01428 0.01168 -0.01526 0.02328 -0.02439 0.03833 -0.02802 0.03310 -0.03331 0.02953 -0.18850 -0.78934 1.92769 0.50618 -0.28580 -0.08343 0.84252 -0.44014 -0.25981 -0.41081 -0.25991 -0.49515 -0.62378 
0.02017 -0.05078 0.10729 -0.05363 0.04624 -0.04548 0.09591 -0.08747 0.16712 -0.08949 0.12901 -0.12169 0.18270 -0.18916 -0.78972 1.92564 0.51021 -0.28976 -0.08249 0.84406 -0.43982 -0.26107 -0.41543 -0.24442 -0.50646 -0.61931 -0.01450 0.01697 -0.05816 0.04495 -0.00797 0.01240 -0.06942 0.07320 -0.04172 0.04810 -0.10964 0.07743 -0.01096 
-0.16396 -0.84624 2.05925 0.44368 -0.23179 -0.13613 0.96839 -0.54372 -0.06636 -0.52208 -0.07324 -0.65041 -0.40786 -0.00825 0.00241 -0.03996 0.03066 0.00372 -0.00286 -0.04614 0.04881 -0.00339 0.02008 -0.07653 0.04412 0.01856 0.83011 0.52565 -5.91400 -0.82826 1.21269 0.47851 -1.81066 -0.15959 -0.77642 0.22016 0.39772 1.29361 0.91974 
0.01192 -0.04837 0.06733 -0.02296 0.04996 -0.04834 0.04976 -0.03866 0.16373 -0.06941 0.05248 -0.07758 0.20126 0.64096 -0.26407 -3.98836 -0.31805 0.92294 0.39602 -0.96660 -0.59941 -1.03749 -0.19527 0.15330 0.78716 0.30043 0.36508 -1.55432 -1.72210 -0.37851 0.60658 0.09882 -0.06429 -1.56893 -1.20261 0.02736 1.44119 -0.36732 -0.46561 
0.47700 -1.11031 -1.92911 0.12564 0.69114 0.25989 0.00179 -1.14314 -1.10384 -0.71736 0.08006 0.13675 -0.10743 0.35683 -1.55191 -1.76206 -0.34785 0.61029 0.09596 -0.11044 -1.52012 -1.20600 0.04744 1.36466 -0.32320 -0.44705 -1.12748 1.28502 5.99960 0.15959 -1.55381 -0.72230 1.03462 1.59664 2.35209 0.94991 -0.30268 -0.93082 0.09932 
0.36875 -1.60029 -1.69473 -0.37082 0.66025 0.04763 -0.06067 -1.55878 -1.04227 -0.02197 1.41714 -0.40078 -0.24579 -0.48652 1.02095 2.01124 -0.15846 -0.63087 -0.32627 0.06802 0.99723 1.31461 0.75464 -0.14937 -0.14367 0.39975 -0.71997 3.11722 3.55207 0.67740 -1.22967 -0.17898 0.24069 3.01628 2.41124 -0.11112 -2.65526 0.61590 0.84682 
-0.00953 -0.08936 0.08213 -0.03282 0.06027 -0.06638 0.06981 -0.14591 0.21076 0.03728 -0.06931 -0.00692 0.29232 -0.36314 1.56531 1.79001 0.32955 -0.61937 -0.08302 0.13025 1.49616 1.20524 -0.06368 -1.29060 0.29270 0.39977 0.50451 -0.97217 -2.04570 0.10625 0.62550 0.35707 -0.00868 -0.92846 -1.45343 -0.82952 0.24192 0.14002 -0.43614 
0.00561 -0.03498 0.09528 -0.04127 0.04088 -0.03539 0.06958 -0.06262 0.16297 -0.08565 0.12654 -0.10808 0.15398 0.01799 0.04878 -0.03446 -0.05221 -0.00537 0.03080 0.05935 0.06876 -0.13882 -0.07488 0.09255 -0.00364 -0.03639 0.36654 -1.54756 -1.74098 -0.32447 0.66872 0.07843 -0.02886 -1.46184 -1.07248 0.14055 1.26911 -0.32329 -0.46704 
0.00846 -0.04059 0.04768 -0.08503 0.05490 -0.03558 0.12915 -0.07715 0.07194 -0.03760 0.02324 -0.01056 0.25593 0.00340 0.01775 0.04903 0.00508 0.04934 -0.00458 0.10139 0.03433 0.13277 0.07687 -0.02149 -0.03059 -0.06727 -0.01998 -0.07907 -0.05281 0.01142 0.02236 -0.06158 -0.02918 -0.03661 0.14305 0.07789 -0.07090 0.05126 0.08050 
0.00900 -0.01723 0.14431 -0.03619 0.09022 -0.03997 0.17097 -0.02829 0.29574 -0.00879 0.10505 -0.13866 0.08671 -0.00199 -0.03029 -0.08726 -0.04079 0.01699 -0.03078 0.03017 0.03216 0.00422 0.00300 0.02165 0.04762 0.04411 -0.00231 -0.03027 -0.10551 -0.01635 -0.09140 0.00261 -0.18631 -0.06616 -0.32607 -0.11214 -0.01700 0.10576 0.10447 
0.00647 -0.07088 -0.03958 -0.12581 0.07190 -0.06637 0.15932 -0.04499 0.07617 -0.03460 0.04489 0.03706 0.30004 0.00109 -0.01252 -0.05648 -0.01127 -0.04205 -0.00197 -0.08492 -0.03183 -0.19330 -0.03528 -0.03849 0.07518 0.03720 -0.01650 0.01391 0.23779 0.12921 0.01653 -0.00356 -0.18003 -0.01166 0.19135 -0.00850 -0.03260 -0.21407 0.01471 
0.01009 -0.02974 0.08783 -0.04747 0.04817 -0.04194 0.08605 -0.06012 0.10244 -0.04406 0.06657 -0.06349 0.12391 -0.01849 -0.01639 0.15053 0.08842 0.03353 -0.03435 -0.14986 0.02050 0.19557 -0.00549 -0.01094 -0.16645 0.05882 0.00842 -0.01088 0.14294 0.00279 0.05527 -0.00831 0.08461 -0.07395 0.31212 0.00643 0.06556 -0.17911 0.10130 
-0.01202 -0.08726 0.11094 -0.03739 0.10542 -0.10071 0.00946 -0.02449 0.27174 -0.04009 0.03395 -0.12940 0.35887 0.00951 -0.02339 0.08647 -0.00848 0.01322 -0.01028 -0.00031 -0.10578 0.11882 -0.02885 0.02707 -0.10393 0.13851 0.01569 0.05058 -0.07472 -0.09576 -0.08646 0.07773 0.31628 -0.12742 -0.34409 -0.04141 0.16048 0.04703 -0.03191 
0.01959 -0.05313 0.17430 -0.05594 0.06139 -0.05223 0.08574 -0.16590 0.22126 -0.07291 0.09363 -0.16742 0.26242 -0.00281 0.03419 0.07581 -0.00734 -0.05294 0.04338 0.16642 -0.10693 -0.14852 -0.04690 0.14954 -0.11942 0.02691 -0.02809 0.03561 -0.17491 -0.02030 -0.07071 0.02391 0.04204 0.20271 -0.14782 0.05729 0.02223 0.14005 -0.14783 
-0.01483 -0.05307 0.18675 -0.04473 0.05249 -0.05733 0.17588 -0.13141 0.12322 -0.08699 0.18349 -0.24882 0.38578 -0.01858 0.01222 -0.08845 -0.02878 -0.05749 0.01362 0.04173 0.09693 -0.02900 0.02844 0.04930 0.03612 -0.00932 0.03811 -0.09746 -0.22512 -0.02284 0.16255 0.03658 -0.02687 0.00309 -0.20780 -0.02014 0.04954 0.28555 -0.52889 
0.00101 -0.04091 0.08585 -0.08472 0.00390 -0.03860 0.12748 -0.06897 0.19226 -0.04447 0.14293 -0.13129 0.25310 0.03530 -0.06327 -0.14931 -0.03018 0.10961 0.07997 0.13956 -0.10384 -0.35632 -0.06705 0.19908 0.16613 -0.50197 -0.00899 -0.12842 -0.12708 0.06480 0.20253 -0.01794 -0.06647 -0.12445 -0.14666 -0.14180 0.02688 0.06336 0.00877 
0.02047 -0.11634 0.03744 -0.07491 0.16210 0.02264 0.31544 -0.23525 -0.23311 -0.15404 0.38257 -0.08269 -0.11619 -0.02757 -0.11620 -0.21553 0.03602 0.14503 -0.00432 -0.02474 -0.02752 -0.17566 -0.11336 0.07618 0.09948 -0.00055 0.94957 -2.36781 -1.95990 -0.29361 0.22701 -0.45841 -0.85343 -1.16622 -0.39458 -0.69831 0.01223 -0.59841 0.37579 
-0.02656 -0.15711 -0.12968 -0.04870 0.14893 -0.04292 0.10274 -0.09649 0.01659 -0.15783 0.21911 -0.03182 0.25255 0.98487 -2.43107 -2.10921 -0.32379 0.33663 -0.37845 -0.71387 -1.27006 -0.75090 -0.76536 0.21131 -0.43227 -0.12618 1.02251 -1.48327 -1.62422 -0.04766 0.43614 -0.40029 -0.74538 -0.89221 -0.97734 -2.11874 -0.98108 -0.81850 0.17059 
1.00534 -2.54741 -2.07177 -0.39869 0.49873 -0.35581 -0.39843 -1.50532 -0.98401 -0.91940 0.59388 -0.51496 -0.24237 0.99494 -1.59947 -1.83975 -0.01164 0.58118 -0.40461 -0.77012 -0.91973 -1.15300 -2.23210 -0.90490 -0.71902 0.17004 -1.74223 4.14000 3.12226 0.56832 -0.10349 1.06167 1.52568 1.55185 -0.19422 0.84570 0.22824 0.52673 0.33437 
0.96839 -1.75658 -1.96943 -0.06033 0.73011 -0.44754 -0.66738 -1.01623 -1.13640 -2.38994 -0.68579 -0.75083 0.42259 -0.75736 1.70893 1.01304 0.24454 0.23314 0.68322 0.81181 0.28178 -0.94512 0.08035 0.43955 0.09445 0.20819 -1.87860 2.47757 2.11846 -0.09576 -0.72059 0.73884 1.71352 1.46801 1.90543 4.48952 2.71071 1.67165 -0.45404 
0.24798 -0.83849 -1.05873 -0.15416 0.73187 0.32741 0.41338 -1.22353 -1.92913 -0.83905 1.03343 -0.42051 -0.03418 -0.88366 0.87810 0.27871 -0.10740 -0.13941 0.33423 0.94340 0.54828 0.75243 2.25742 1.80580 0.95263 -0.28399 0.49721 -1.17438 -0.38302 -0.28535 -0.70154 -0.94282 -1.08362 0.56820 2.72539 0.59476 -1.32782 0.15345 0.37829 
0.08473 -0.87847 -1.69072 -0.16773 0.59070 -0.11330 0.27602 -0.46795 -0.38398 -0.13252 1.12001 0.20180 0.13860 -0.26015 0.53455 0.63002 -0.04082 -0.46840 -0.25960 -0.27181 0.84998 1.78027 0.67511 -0.88827 0.24790 0.58648 0.73044 -0.59772 0.70857 0.30098 -0.09358 -0.01699 -0.92669 -0.44368 -0.64593 -2.33021 -2.84877 -0.90537 0.79634 
-0.01217 -0.30394 -0.42871 -0.19497 0.26346 0.06782 0.14157 -0.37355 -0.14886 -0.16394 0.14516 -0.17261 0.55230 -0.15322 0.28038 0.98727 0.19358 -0.23299 0.31725 0.01671 0.10459 0.10650 -0.07279 -1.04297 0.04726 0.51235 0.34359 -0.69345 -1.01235 -0.04518 0.72781 0.32532 0.45530 -0.81832 -2.14345 -0.68917 1.82984 0.28348 -0.57747 
-0.06849 -0.59809 -0.70345 0.02585 0.35771 0.20394 0.29273 -0.36336 -0.27747 -0.20531 0.07704 0.24907 0.65095 0.08344 -0.15890 -0.38232 -0.08599 0.25941 0.06573 0.18349 0.03167 -0.36317 -0.01406 0.94157 0.53138 0.00901 0.27639 -0.38794 -1.25965 -0.19566 0.56387 0.02395 0.05191 -0.98773 -0.56651 0.12038 2.12753 -0.27659 -1.36973 
0.07127 -0.46284 -0.81103 -0.28097 0.52288 0.13354 0.32506 -0.34188 -0.51203 -0.17801 1.08674 0.35878 0.56131 0.12317 -0.10756 -0.27237 -0.00208 0.33088 0.34120 0.06861 -0.88314 -0.46001 0.04759 1.08456 -0.22933 -0.85739 -0.13798 0.54616 1.39186 0.31768 -0.74774 -0.23227 -0.37445 0.16253 1.13927 0.10927 -1.98479 -1.04148 -0.20006 
0.05468 -0.70565 -0.97582 0.02378 0.68858 0.54515 0.36134 -1.24650 -0.73748 -0.15772 1.16160 0.01974 -0.20644 -0.05454 0.38726 1.00954 0.23169 -0.48833 -0.16655 -0.19096 0.19420 0.77610 0.09520 -1.04321 -0.51009 -0.19105 -0.18034 0.73138 1.41430 -0.08509 -0.98301 -0.91820 -0.36329 1.98273 1.44670 0.07308 -2.31596 0.14389 1.32994 
0.01673 -0.07558 0.19851 -0.04928 0.03454 -0.03300 0.13410 -0.14768 0.26407 -0.08280 0.04352 -0.15132 0.37025 -0.05717 0.62382 1.14193 -0.08717 -0.65213 -0.57700 -0.29468 1.09959 0.98669 0.12068 -1.23139 -0.08544 0.47256 0.04274 -0.34158 -1.11536 -0.22576 0.49824 0.15317 0.16134 -0.10926 -0.96109 -0.04888 1.07658 0.58140 -0.03397 
-0.00248 -0.08183 0.16611 -0.06339 0.03646 -0.03185 0.06666 -0.14691 0.24920 -0.03704 -0.06979 -0.06570 0.26612 -0.01180 0.04568 -0.10582 0.00593 0.00991 -0.01338 -0.02962 0.08494 -0.18500 0.04633 0.03336 0.07130 -0.22502 0.05645 -0.59631 -1.16948 0.08884 0.64289 0.52807 0.30441 -1.01467 -1.15384 -0.08004 1.45012 0.08754 -0.62595 
0.00493 -0.02990 0.09269 -0.04335 0.04446 -0.04639 0.10448 -0.06274 0.07907 -0.03648 0.07689 -0.08001 0.14524 -0.00072 0.02751 -0.02756 0.00167 -0.00924 -0.04893 0.00973 0.08492 -0.16715 0.04064 0.21873 0.00211 -0.15339 0.01953 -0.04774 0.07629 -0.00709 -0.01621 0.03247 0.01366 -0.08473 0.22225 -0.08872 -0.01599 -0.06778 0.25405 
-0.00320 -0.05432 0.13855 -0.06171 0.02722 -0.08078 0.07639 -0.06199 0.08205 0.00360 0.14894 -0.06359 0.11273 0.00773 -0.00206 -0.02953 -0.00116 -0.00630 0.01909 -0.01596 0.00021 0.03725 -0.04240 0.01737 0.00352 0.02903 0.01741 -0.00826 -0.02403 0.02065 0.01812 0.09693 -0.00700 -0.08935 0.21245 -0.10064 -0.28340 -0.01794 0.18791 
0.01265 -0.03197 0.06317 -0.04450 0.03816 -0.02730 0.08852 -0.06253 0.11632 -0.07887 0.09425 -0.07650 0.17427 0.01670 0.01925 -0.05158 0.02233 0.00888 0.04800 0.00273 -0.00443 0.04529 -0.06000 -0.06467 -0.01583 0.03452 -0.00790 -0.00814 0.04066 0.00442 0.00628 -0.02166 0.01347 0.00337 -0.03472 0.04505 -0.02741 -0.00592 -0.01996 
0.01350 -0.03507 0.08697 -0.03938 0.03610 -0.03278 0.07912 -0.06642 0.12734 -0.05640 0.08427 -0.07942 0.14725 -0.00018 -0.01020 0.01114 0.00327 -0.00002 -0.00257 -0.00249 0.00358 0.00253 0.00266 -0.01004 -0.00240 0.00907 -0.01548 -0.01891 0.04750 -0.02188 -0.00753 -0.04879 -0.00578 0.00910 -0.04878 0.05644 0.07284 0.01407 -0.04398 
0.01248 -0.04216 0.07430 -0.04123 0.03814 -0.02987 0.08603 -0.05894 0.11885 -0.07622 0.08422 -0.07890 0.18334 0.00122 0.00034 -0.00408 0.00045 0.00135 -0.00079 -0.00305 0.00467 -0.00348 -0.00357 0.00817 -0.00176 -0.00946 0.00164 0.01679 0.00108 -0.00052 -0.00327 0.00077 -0.00611 -0.01082 0.00803 0.01520 0.01362 -0.00063 -0.04331 
0.01471 -0.03473 0.08289 -0.03893 0.03745 -0.03356 0.07607 -0.06176 0.12386 -0.05997 0.09244 -0.08118 0.13778 0.00147 0.00659 0.01222 0.00275 -0.00329 -0.00180 -0.00859 -0.00724 0.01056 0.01786 0.00358 -0.00303 -0.03424 -0.00562 -0.01701 0.04251 -0.01356 -0.02645 -0.00052 -0.01215 -0.05217 0.04771 0.04268 -0.01930 0.01264 0.06028 
0.01395 -0.03558 0.08652 -0.03849 0.03485 -0.03167 0.07744 -0.06618 0.12941 -0.05836 0.08780 -0.08193 0.14910 -0.00440 -0.01666 0.03843 -0.01311 -0.02510 -0.00130 -0.01521 -0.04750 0.04422 0.03911 -0.01113 0.01088 0.05082 -0.00095 -0.87149 -1.96930 -0.64581 0.08309 0.44148 2.06516 0.16855 -2.12832 -1.65578 -1.35612 0.01173 3.05546 
0.01032 -0.05139 0.12132 -0.05204 0.01235 -0.03486 0.06087 -0.10925 0.16808 -0.02086 0.08131 -0.07030 0.18860 0.00052 -0.86490 -1.95708 -0.64306 0.07980 0.43968 2.05656 0.16131 -2.11776 -1.63792 -1.35254 0.00870 3.02122 0.34240 -1.98226 -2.17071 -0.42073 1.32001 0.35449 1.59338 -0.29587 -0.41297 -0.91397 0.24872 0.11736 3.28492 
0.01446 -0.90047 -1.87056 -0.68155 0.11466 0.40801 2.13400 0.09513 -1.98835 -1.69628 -1.26474 -0.07323 3.17032 0.33801 -1.99893 -2.13228 -0.43384 1.29492 0.35318 1.57818 -0.34337 -0.36875 -0.87486 0.23760 0.12824 3.33574 0.35671 -1.28052 1.26208 0.67660 1.44783 -0.78868 -2.49157 -0.53676 4.36274 2.47669 1.68741 -1.11117 -2.62826 
0.34832 -2.05032 -2.01096 -0.48588 1.30727 0.31832 1.63904 -0.45262 -0.20066 -0.89572 0.31890 0.05794 3.52435 0.35723 -2.14542 -0.69500 0.03354 1.52763 -0.34900 -0.43500 -0.37544 2.24498 0.83877 0.33487 -1.10247 0.39296 -0.66436 0.55633 3.25573 -0.05366 -0.66675 -0.90344 -1.08042 0.95114 0.93625 1.69710 -2.41013 -2.94653 -2.84559 
0.37169 -3.04590 -2.56556 -0.64801 1.64229 0.05900 1.69900 -0.28031 0.25663 -0.85751 -0.92987 -1.17571 3.56327 -0.32636 -1.44260 1.12344 -0.48750 0.62817 -0.55025 0.49775 0.60777 0.56750 0.82224 -2.17254 -2.81829 0.49015 -1.48636 1.55119 3.00702 -0.58769 -0.84497 -0.55295 2.08275 -0.02636 -2.06645 -0.16029 0.69757 0.13192 -1.22575 
0.02196 -3.49291 -0.88752 -0.97339 1.93543 -0.23193 2.13680 0.15515 0.36684 -0.07348 -1.85364 -2.76035 4.01449 -1.12913 -0.59424 2.31202 -0.55415 0.68267 -0.90195 1.64774 -0.40181 0.17853 0.67848 1.03245 -0.97055 -0.83280 -0.70790 1.61706 -0.36606 -0.29660 0.13312 -0.50429 0.96163 -1.33142 -0.74767 -1.71208 3.40428 4.62058 -1.78923 
-0.75744 -3.64013 -0.25353 -1.20215 2.32496 -0.84295 3.34674 -0.68212 0.43516 -0.17903 0.10258 -2.14626 2.73048 -1.03426 0.17446 0.75738 -0.78411 0.76129 -1.05455 1.45938 -0.72365 -0.18017 -0.88984 1.23174 1.80229 -1.29909 0.73668 1.14135 -0.56907 0.25367 -0.30638 0.55158 -2.92898 0.15629 1.11709 -1.13993 -1.36120 2.26863 0.57611 
-1.01229 -3.31845 -0.13014 -1.75749 2.69672 -1.28648 3.59617 -0.56850 0.18666 -0.96332 -0.62190 -0.95806 2.71541 -0.39246 0.54711 1.74295 -0.30047 0.37628 -0.35037 -1.28124 -0.24552 1.29562 -0.46145 -0.32876 1.29808 -0.25669 0.68746 0.01064 0.87440 0.76242 -0.94924 0.87941 -1.98325 0.46390 1.13472 1.40626 -1.47115 -2.74856 0.63653 
-1.14990 -3.09302 1.48941 -1.50263 2.70124 -1.19332 2.06550 -0.92764 1.73078 -0.64048 -0.22618 -0.84818 2.47379 -0.34680 0.18510 1.63178 -0.02169 -0.18795 -0.17514 -0.52387 -0.25975 0.95454 0.51642 -0.23942 -0.94626 -0.66255 0.26072 -0.11969 -1.82462 -0.13383 -0.34681 0.54429 1.64826 -0.51309 -1.86807 0.68969 -0.97264 -2.77639 0.66752 
-1.35910 -3.13335 1.50164 -1.77918 2.50877 -1.46162 3.07230 -0.82825 1.14121 -0.44690 -0.86131 -1.90432 2.05286 -0.13174 0.42742 -0.08167 -0.43430 0.02948 0.19392 0.36702 -0.75860 -0.57245 0.22824 -1.30140 -1.47831 0.41083 0.52260 0.45515 -1.35269 0.13245 0.41636 0.24773 -0.08733 -0.67862 -0.89969 -1.30521 0.39583 0.81146 0.80621 
-1.28164 -2.66560 1.40774 -1.93693 2.73072 -0.99940 2.43253 -1.68624 1.15833 -0.41224 -1.52758 -2.32650 2.88462 0.17580 0.64025 0.27909 0.11076 0.22841 0.07259 -0.61120 -0.93837 0.05485 -0.78879 0.15641 -0.13480 0.14366 0.32705 -0.10490 0.16887 0.60431 -0.11656 -0.71863 -0.50381 1.03328 1.10123 -1.58138 2.00358 2.14551 -0.32328 
-1.18330 -2.49310 1.78073 -1.66843 2.73718 -1.38904 2.46110 -1.76662 1.19606 -1.23569 -0.70490 -2.03913 2.19652 0.19531 0.32253 0.08720 0.17001 -0.08708 -0.52471 -0.13678 0.27468 0.52878 -1.35314 0.70219 0.66719 0.08755 -0.28681 -1.32697 -0.37315 -0.44707 -0.60433 0.10531 1.53307 1.22305 -0.68307 0.91842 -0.37235 0.44523 0.39353 
-1.08632 -2.34307 1.49494 -1.76692 2.64363 -1.52411 2.29575 -1.41156 1.68711 -1.76538 -0.82539 -1.65930 2.97217 -0.11101 -0.68672 -0.09406 -0.33631 -0.37592 0.17790 0.92187 0.28468 -0.62822 0.12963 -0.21594 0.31043 0.53719 0.01531 -1.08237 -0.27637 -0.56034 -0.53833 0.72877 1.12976 0.38747 -0.76583 2.04013 -0.90311 -0.55398 -0.47205 
-1.29431 -3.17983 1.68668 -2.00474 2.36126 -1.21114 3.38297 -1.48194 0.56784 -1.10607 -0.92084 -1.72870 2.73370 0.21062 -0.75984 -0.18918 -0.39034 -0.62541 0.20406 0.99298 0.66216 -0.23705 0.68699 -0.20092 0.11321 -0.38450 0.96906 0.20746 -0.40607 0.28493 0.10894 0.09766 -2.36379 0.11634 0.85691 -0.26063 -0.80838 -0.22015 -1.49215 
-0.87570 -3.10291 1.30576 -2.15726 2.01822 -1.32005 3.28873 -0.74941 1.45006 -1.07839 -1.02631 -1.54610 2.58766 0.85805 -0.47926 -0.50013 -0.05138 -0.26698 0.27556 -1.44192 0.40102 0.22869 -0.13100 -1.02432 0.09028 -0.95496 1.47553 2.13419 1.69683 0.86368 -0.34453 -0.41211 -3.78617 -1.80208 -2.93463 -1.25485 -1.59696 -0.73930 -2.49053 
-0.43626 -3.65909 1.18654 -2.05612 2.09429 -0.93558 1.94104 -1.08093 0.79653 -1.23707 -1.94516 -1.63842 1.77874 1.68616 1.37435 1.50766 0.47335 -0.96994 -0.20805 -2.79319 -1.13992 -3.17169 -0.56786 -1.79788 -0.62609 -2.87503 1.25860 3.59128 1.51481 0.04863 -1.82067 -1.29703 -0.29639 0.66312 -2.79558 -0.03000 0.32232 -1.09988 -1.38163 
0.81046 -1.72856 2.81342 -1.68391 1.04828 -1.52810 0.49554 -1.88933 -1.72163 -1.64626 -2.82419 -2.17218 -0.28736 2.11666 3.11202 1.01467 -0.00275 -2.08765 -1.02146 -1.73832 1.06413 -2.56689 -0.16100 -0.70200 -1.00960 -2.33660 -0.44390 0.10569 -2.50725 -1.10649 -0.30691 -0.33555 1.79280 3.89395 2.99006 0.82150 2.08614 -0.19675 4.86442 
1.68040 -0.54706 2.20122 -2.05888 0.00664 -1.95704 0.20273 -0.01679 -1.77036 -1.39807 -2.64716 -2.64801 -0.55785 1.24226 1.48003 -0.99960 -0.63314 -1.27686 -0.54359 -1.00038 2.75403 -0.18162 0.25364 0.28826 -0.82284 1.98939 -2.04291 -3.11449 -1.66570 -1.04941 1.66210 0.36809 -0.12893 -0.41732 0.84974 -0.01209 0.05877 0.67167 4.50829 
2.05271 -0.24853 1.81382 -2.31705 -0.22858 -2.07169 -0.50484 0.86470 -1.90325 -1.39262 -2.53593 -2.99502 1.70203 0.07375 -0.00247 -0.65103 -1.05216 -0.42555 -0.65338 -1.86724 0.64681 -1.71716 -0.17309 -0.64322 -0.33792 2.17170 -1.30293 -1.34998 2.28133 0.25082 1.60216 0.21828 0.85523 -2.00880 -0.19212 0.33736 0.14187 2.10697 -0.67711 
1.75415 -0.54953 1.55019 -3.11104 -0.41891 -2.61041 -1.66452 0.63002 -3.48752 -1.57116 -3.29038 -2.98594 1.61384 -0.06067 0.13005 1.28174 -0.38232 0.32531 -0.32531 -0.14515 0.74523 -0.37375 0.59099 0.43013 1.28414 1.31228 0.23010 0.68112 1.36983 1.32812 0.69649 0.73204 3.52251 0.14993 2.31125 0.78132 1.50329 1.90178 -0.89912 
1.99204 -0.11848 3.09556 -2.69937 0.09673 -2.39701 -0.64999 1.60992 -2.27700 -0.80163 -2.10580 -1.71088 3.01431 0.30385 0.67865 0.71880 0.27596 0.27094 0.07866 1.65526 0.79674 0.59409 0.60823 0.86007 1.56385 1.27258 0.17572 0.16040 -3.40213 0.29460 -0.57106 -0.08022 1.02510 -0.66548 -1.32970 -1.15886 -0.74541 -0.78508 -1.51106 
2.05799 0.12911 2.26900 -2.83508 -0.14797 -2.53176 -0.00925 1.42676 -2.89343 -0.96294 -2.43031 -1.42208 2.88643 0.11505 0.29045 -2.12040 -0.08772 -0.24576 -0.40553 0.87995 0.07974 -1.70344 -0.56786 -0.31528 0.49905 -0.19878 -0.15717 -0.89449 -2.25453 0.18291 -0.49962 -0.15402 -0.59680 -0.63737 -0.91109 -1.06159 -0.77955 -1.17691 -2.16942 
2.10709 0.17197 0.97516 -2.78709 -0.14903 -2.80254 0.22996 1.68966 -3.98044 -1.36949 -2.42108 -1.21183 2.81553 0.14668 -0.21584 -1.53572 0.45887 -0.22868 -0.07536 1.05846 0.15937 -0.31699 -0.45336 0.08051 0.38695 -0.89684 -0.18327 -0.65922 1.25353 0.14828 -0.17689 0.66478 -0.47693 -0.81568 2.32021 0.42166 -0.25311 -0.88369 -1.46036 
2.20468 -0.08673 0.73327 -2.37621 -0.37666 -2.60712 1.04921 1.58613 -3.21042 -1.41630 -2.34980 -1.03514 1.98959 -0.06822 -0.36876 -0.86686 0.06056 -0.42265 0.25925 0.40302 -0.73594 0.61676 -0.14621 -0.56839 -0.38463 -1.65914 -0.25217 0.13769 1.26913 -0.82328 0.03612 0.40691 -1.61084 -0.68120 1.27086 0.11186 -0.28822 -1.11638 0.34526 
2.03887 -0.19679 0.10830 -2.72653 -0.57168 -2.54329 0.63298 0.95372 -3.36368 -1.51570 -2.98947 -1.59647 1.15639 -0.10548 -0.07815 -0.26660 -0.36442 -0.19256 0.33155 -0.55237 -0.52183 0.95386 -0.34150 -0.20771 -0.72943 -0.55158 0.18428 0.32890 0.67020 0.15408 0.43066 -0.06268 -0.63736 0.66542 1.23883 -0.41036 0.84425 0.84921 1.40365 
2.09919 -0.16488 0.46668 -2.74063 -0.56921 -2.27557 0.49684 1.06430 -2.25656 -1.75781 -2.55751 -1.76457 1.43801 0.11606 -0.03986 -0.19666 0.21463 0.00802 0.19657 -0.23434 -0.07052 1.85559 -0.55656 0.27586 0.46458 -0.25549 0.07103 0.11910 0.23920 0.32599 0.31880 -0.41080 -0.02730 0.99893 -0.71549 0.06562 0.65626 1.62541 0.87174 
2.15493 -0.23665 -0.08836 -2.51190 -0.56366 -2.34671 0.39864 0.88320 -1.50809 -2.07226 -2.71361 -1.13189 0.90090 -0.03445 0.04095 -0.02740 -0.03842 0.12624 -0.07926 -0.57968 0.47710 0.23837 -0.27588 0.44855 0.89598 0.32017 -0.26534 -0.04139 1.20762 -0.74563 -0.14587 -0.24383 -0.97444 0.97651 -2.22798 0.17726 1.38416 -1.28222 0.19942 
2.06474 -0.12393 0.43928 -2.77905 -0.44298 -2.35482 -0.08284 1.54140 -2.01819 -2.03369 -2.10896 -0.86860 1.75818 -0.14927 -0.08125 1.01095 -0.53100 -0.13785 -0.04726 -1.20878 0.90599 -0.37239 -0.37931 1.66001 -0.81764 -0.05607 -0.06514 -0.43953 0.52444 -0.20600 -0.36969 0.10506 -0.12287 -0.12577 -0.29826 -0.28787 0.73788 -1.74340 -1.44651 
2.00566 -0.31790 0.92259 -3.04289 -0.70151 -2.39397 -0.81013 1.78919 -1.88047 -2.45157 -1.05359 -1.94953 0.84483 -0.09960 -0.39858 0.49704 -0.24443 -0.24346 0.02580 -0.70255 0.35133 -0.05989 -0.56375 1.18644 -0.84743 -1.12635 0.05810 -0.38723 -1.33796 0.75550 -0.09225 -0.15590 1.14324 -0.71673 0.82452 -0.05170 -1.90672 0.89136 -0.40943 
1.96515 -0.52251 0.93632 -3.02348 -0.68644 -2.32903 -0.78539 1.89272 -2.07808 -2.59744 -0.92252 -1.71602 0.63184 -0.09117 -0.46849 -0.32701 0.22450 -0.23010 -0.20316 -0.06553 0.18926 0.45213 -0.43101 -0.24671 0.07372 -0.46550 0.02778 -0.15728 -0.30424 0.56173 0.12308 -0.12812 0.15460 0.24415 1.06305 0.24929 -0.64907 0.44083 0.61140 
1.91448 -0.78639 0.59558 -2.81839 -0.93161 -2.59713 -0.87567 1.97845 -1.42834 -2.88258 -1.30030 -1.87581 0.37933 -0.07181 -0.55585 0.19280 0.31730 -0.12038 -0.10232 -0.54795 0.59547 1.00316 -0.31446 0.53736 -0.40660 -0.51495 -0.01942 0.07599 0.41454 -0.10975 0.24643 0.28551 -0.78145 0.16257 -0.09250 0.36614 0.90332 -0.99873 0.28700 
1.89334 -1.07836 1.12912 -2.70617 -0.80682 -2.43134 -1.33333 2.48820 -1.07492 -2.91191 -0.38516 -2.12263 0.11689 -0.11059 -0.39250 0.08753 0.11476 0.01633 0.08235 -0.84699 0.35182 0.35963 -0.06488 0.65662 -0.92502 -0.17850 -0.02919 0.45569 -0.24598 -0.30949 0.02012 0.05563 0.64982 -0.75702 -0.98314 0.46229 -0.62842 -0.34768 0.49511 
1.80390 -1.17889 0.68311 -2.70364 -0.91528 -2.51477 -1.72265 2.33027 -1.06871 -2.94745 -0.64368 -2.80083 0.20083 -0.10100 -0.10016 -0.05318 0.00781 -0.10026 -0.04668 0.10188 -0.16155 0.02002 0.14783 -0.09106 -0.75428 -0.01983 0.16477 0.36841 -0.07726 0.12952 -0.00564 0.03644 1.62576 -0.19052 0.32215 0.03043 -0.59070 0.83765 0.08287 
1.79233 -1.17852 1.07594 -2.69836 -0.90708 -2.47803 -1.23146 2.32665 -1.05490 -2.76407 -0.47622 -2.87691 0.09706 0.05419 -0.02409 0.01027 0.24428 0.01069 0.11880 0.77878 0.16130 0.68178 -0.03445 0.06592 -0.08737 -0.09563 0.17240 -0.06092 -0.16756 0.33702 0.28707 0.46579 0.18622 0.36414 0.63328 -0.10325 0.64388 0.62822 0.67822 
1.85808 -1.20297 0.69338 -2.45935 -0.90459 -2.39598 -0.94388 2.49158 -0.38692 -2.98190 -0.57776 -2.88820 0.10520 0.07140 -0.16107 -0.22074 0.34483 0.18681 0.41911 0.28809 0.20259 0.65330 0.04458 0.55282 -0.12607 0.65839 0.04359 -0.38503 -0.05143 -0.02477 0.12266 0.46952 -0.48080 -0.55682 -0.60155 0.27366 0.60778 0.50414 1.02430 
1.86373 -1.33959 0.85520 -2.35353 -0.72026 -2.05892 -0.94337 2.52924 -0.40159 -2.71950 0.07660 -3.00298 0.75544 0.09777 -0.40912 -0.04116 0.21951 0.13335 0.58831 0.29798 -0.39551 0.08023 0.23921 0.67369 0.41677 0.92867 -0.01546 -0.34762 -0.11626 -0.31490 -0.41507 -0.25510 0.48283 -0.62210 -1.31611 -0.02144 -0.25081 0.38953 -0.96712 
1.95585 -1.61210 0.65222 -2.23985 -0.77124 -1.80766 -0.64590 2.09606 -0.30669 -2.74269 0.09593 -2.47143 1.03387 0.05593 -0.50870 -0.33700 0.02993 -0.22826 0.16401 0.77092 -0.41951 -0.66280 0.02314 0.30200 0.26346 -0.30874 -0.06665 0.38021 0.14728 -0.04637 0.00681 -0.66241 0.48726 0.87599 -0.12945 -0.18569 0.12360 -0.35215 -1.00597 
1.91967 -1.84829 0.51820 -2.32360 -0.94852 -1.89491 -0.17244 2.10973 -1.06440 -2.69636 0.37860 -2.73952 0.44670 0.03112 -0.02891 0.10612 0.17314 0.14016 -0.07409 0.78524 0.48048 -0.04921 0.05352 0.79729 0.06462 -0.07730 -0.07680 0.37536 0.63933 0.34353 0.25720 -0.22240 -0.39476 0.28212 0.54701 0.12472 -0.00189 -0.22510 0.85586 
1.98697 -1.64101 0.75834 -2.06671 -0.63108 -1.88176 0.13935 2.57654 -0.35590 -2.68918 0.89321 -2.40681 0.95657 -0.02087 -0.13334 0.30233 0.37347 0.02894 -0.05839 0.37616 -0.13739 -0.11579 0.14785 0.30011 0.03836 0.54712 -0.09113 -0.24770 0.55055 -0.14805 -0.23028 0.02501 -0.78839 -0.88470 -0.44303 0.08212 -0.61291 0.09823 0.44439 
1.89880 -1.98163 0.82053 -1.95013 -0.91958 -1.95330 0.20372 1.97235 -1.18019 -2.54851 0.67872 -2.70116 0.99382 -0.06001 -0.27661 0.65668 0.02509 -0.09012 -0.04908 -0.00315 -0.40422 -0.49225 0.13563 0.18438 0.16285 0.36709 0.01347 0.04345 -0.00472 -0.51680 -0.43147 -0.22591 -0.02944 -0.29889 0.90157 0.22932 -1.29024 0.08008 -0.11724 
1.92697 -1.91762 1.41502 -2.04162 -0.72120 -1.93084 0.13620 2.17232 -0.84815 -2.55354 1.07759 -2.24396 1.32366 -0.00739 -0.08989 0.29761 -0.14333 -0.40253 -0.28430 0.34672 -0.43627 0.78578 0.37717 -0.99013 0.11844 0.42988 0.10644 0.20309 -0.93508 0.10206 -0.61905 -0.30391 0.69546 0.15550 1.19691 0.37084 -0.60463 -0.23525 -0.67249 
1.89140 -2.07151 1.11814 -2.09347 -1.32211 -2.23759 0.55044 1.53607 -0.39441 -2.17133 -0.31141 -2.58271 1.42370 0.04643 -0.07353 -0.27840 0.12715 -0.70917 -0.35299 0.69232 -0.24872 0.70466 0.50647 -0.42025 -0.07240 -0.30540 0.15772 0.00006 -0.12968 0.41314 0.04530 0.38015 0.04040 0.51076 -0.68035 0.09054 1.64385 0.12168 -0.17296 
1.97340 -1.99115 1.13662 -1.91447 -1.43037 -2.28383 0.82852 1.92360 -0.14349 -2.04707 0.65735 -2.31635 1.01827 0.15033 -0.08983 0.16793 0.26981 -0.35722 0.09585 0.38712 0.07449 0.10543 0.46772 0.65373 0.24012 0.25692 0.01282 -0.17599 0.08201 0.03162 0.48452 0.39790 -0.43899 -0.24265 -1.32453 -0.20655 0.35502 0.14277 0.57172 
2.04173 -2.16134 1.28607 -1.82365 -1.67934 -2.14174 0.93756 1.61056 -0.28899 -1.70362 0.34232 -2.34259 1.68062 0.05925 -0.24951 -0.19639 0.15877 -0.22465 0.04491 0.25333 -0.49137 -0.61986 0.29992 -0.06522 0.07038 0.26632 -0.24617 -0.10166 -0.86772 -0.17792 0.33703 -0.18440 -0.14802 -0.39892 -0.83285 -0.91377 -0.82254 -0.23109 -0.15246 
2.03265 -2.24066 0.94023 -1.75570 -1.65502 -2.23892 1.08185 1.43223 -0.76335 -1.74715 0.59213 -2.24598 1.28459 -0.09584 -0.19149 -0.69979 0.09189 -0.02019 -0.08855 0.23911 -0.32443 -0.72742 -0.44605 -0.16881 0.00903 0.10446 -0.09368 0.35531 -0.42575 -0.11066 0.22488 0.31107 -0.08450 0.45772 1.17118 -0.51122 -0.14945 -0.39657 -0.02702 
1.94589 -2.35283 0.58628 -1.73176 -1.69953 -2.23030 1.17667 1.28613 -1.01640 -2.14967 0.17350 -2.33356 1.78508 -0.03443 0.10580 -0.62214 0.04811 0.00023 0.35597 0.16884 -0.03365 0.55132 -0.21130 -0.21468 -0.32620 0.23931 0.15931 0.56095 0.57607 0.36072 -0.06588 0.16887 0.34810 0.28415 1.12802 0.58499 -0.37181 0.15127 -0.10039 
1.99822 -2.13486 0.31809 -1.70759 -1.65480 -1.88295 1.25069 1.39857 -0.21203 -1.95845 0.37745 -2.57217 1.52390 0.06347 0.36946 -0.12372 0.45261 -0.08607 0.08032 0.58721 -0.04028 0.40061 0.13894 -0.54062 0.16031 0.00407 0.07903 0.26204 0.23032 0.32707 -0.09074 -0.74111 0.26344 -0.12485 -1.27146 -0.10126 -0.69362 0.66828 -0.67385 
2.00936 -1.98337 0.46256 -1.27915 -1.78560 -2.14998 1.76388 1.24585 -0.61580 -2.01072 -0.36712 -2.17325 1.78915 0.04460 0.36784 -0.39181 0.37518 -0.09051 -0.38514 0.43228 -0.15851 -0.72014 -0.31256 -0.90830 0.34208 -0.43454 -0.08723 0.15869 0.13757 -0.41052 0.11494 -0.16896 -0.52913 0.08831 -0.00770 -0.33678 0.18164 -0.19304 -0.18011 
2.04282 -1.76702 -0.07372 -1.33241 -1.74531 -2.26809 1.68297 1.24007 -0.93217 -2.27101 -0.53085 -2.23009 1.08936 -0.02376 0.52815 0.01385 0.04210 0.02887 -0.08865 0.05808 0.04803 0.39290 -0.19784 -0.35898 -0.03273 -0.17604 -0.10474 0.27190 1.01195 -0.37411 0.00832 0.51395 -0.42361 0.09294 1.26249 0.30533 0.27013 -0.28505 1.29687 
1.98560 -1.45521 0.47641 -1.23705 -1.75673 -2.23863 1.82195 1.29388 -0.22290 -2.20856 -0.72610 -2.20599 1.61310 -0.06014 0.63974 0.62014 0.00107 -0.08220 0.12881 0.00867 -0.06557 0.54235 -0.00723 -0.63816 0.05703 0.86233 -0.05443 0.05443 0.55437 -0.25451 0.05287 0.19288 -0.50326 0.12746 -0.61345 -0.04462 -0.02295 -0.02018 0.47572 
1.98268 -1.12729 0.54641 -1.33134 -1.82751 -2.13928 1.69164 1.17450 -0.38981 -2.27824 -1.16901 -2.17306 1.95168 -0.07820 0.58258 0.56822 -0.21241 0.08174 0.10423 -0.44518 0.17549 -0.22055 -0.24246 -0.38193 -0.05291 0.29968 -0.01810 -0.18363 -0.95385 -0.27077 0.43236 -0.10237 -0.91215 0.18416 -0.66016 -0.27768 0.62384 -0.08620 -1.60959 
1.90740 -0.87263 1.04464 -1.44946 -1.67498 -2.13440 1.37677 1.46937 -0.44345 -2.45102 -1.10803 -2.25890 1.91278 -0.07824 0.45611 -0.33372 -0.26971 0.35017 0.02644 -0.90348 0.11859 -0.11780 -0.28491 -0.01432 -0.02916 -0.74726 0.11586 -0.29012 -1.31560 0.08278 0.19285 0.05066 -0.18812 -0.43828 1.25538 0.00612 -0.38671 0.77412 -1.42903 
1.90444 -0.67118 0.21270 -1.60105 -1.47734 -2.11284 0.78816 1.29310 -0.50762 -2.56315 -1.18333 -2.20223 1.20443 0.03767 0.29246 -0.74738 -0.12963 0.27460 0.15489 -0.63330 -0.26279 1.03483 -0.23634 -0.76864 0.72121 -1.12935 0.12968 -0.26955 0.48405 0.41206 -0.19347 0.04703 0.91257 0.03938 0.65400 -0.01276 -0.64770 1.01752 0.99821 
1.94507 -0.58017 0.29726 -1.57909 -1.40039 -1.97950 0.74347 1.20658 0.59138 -2.68736 -1.87668 -1.53769 0.78343 0.05144 0.18655 0.15033 0.14236 0.15669 0.07346 0.00909 0.15797 0.53619 -0.29767 -0.66202 0.98836 0.25095 -0.12773 0.02731 0.33696 0.14506 -0.14480 -0.17512 0.85942 0.10583 -1.77348 -0.10021 0.77912 -0.50129 2.19637 
1.95587 -0.48463 0.36303 -1.45869 -1.32065 -2.03938 0.79724 1.45107 0.02858 -2.86082 -1.84535 -1.21387 1.45538 -0.09007 0.31978 -0.41041 0.01543 0.12979 -0.02022 0.22612 -0.15696 -0.73865 -0.33655 0.01047 0.21991 1.06702 -0.20732 -0.01284 -0.28000 -0.24348 -0.32949 0.16224 0.39829 -0.79404 -0.55423 0.77907 0.72411 -1.26052 -0.35904 
1.85500 -0.26039 -0.11315 -1.56366 -1.27060 -1.99973 0.96959 1.04961 -0.14727 -3.02391 -1.86620 -1.31778 1.85045 -0.15588 0.17371 -0.12967 -0.10112 -0.17279 0.23570 0.40737 -0.63607 -0.01803 0.48141 0.06209 -0.27217 -0.10808 -0.01158 -0.13683 0.36964 -0.17785 -0.19022 0.26443 -0.10492 -0.42330 1.11284 1.07386 -0.36950 -0.40722 -1.84455 
1.80000 -0.31092 0.23336 -1.55981 -1.49344 -1.80368 1.20462 0.81500 0.01054 -2.37941 -1.78327 -1.48604 1.34729 -0.10165 0.18295 -0.04078 -0.16242 -0.06043 0.24420 0.12120 -0.58027 0.37419 0.73732 -0.35903 -0.18731 -0.77754 0.06238 0.19278 0.07365 0.05797 0.45248 -0.01814 -0.35337 0.31484 0.41154 0.01253 -0.21355 0.37653 -0.30450 
1.75336 -0.07744 -0.15393 -1.72608 -1.33103 -1.75552 1.09079 0.46935 0.22692 -2.28660 -2.22523 -1.50508 1.07291 -0.09350 0.36649 -0.05602 -0.04314 0.27969 0.21756 0.05401 -0.32123 0.39351 0.49393 -0.15146 0.10436 -0.41259 0.00992 -0.35625 0.66182 1.02280 0.57093 -0.04231 -0.05781 0.39268 -0.42889 -0.20746 1.19269 0.66957 1.44752 
1.70650 0.05558 0.17734 -1.60295 -1.21375 -1.58612 1.25863 0.49377 0.40405 -1.88547 -1.93473 -1.38168 0.93470 -0.09172 -0.17330 0.62104 0.86038 0.51051 0.20190 0.06339 -0.18758 -0.05470 0.52985 0.83366 0.48226 0.66998 0.00053 -0.17099 -0.08934 0.31939 0.01710 0.11292 -0.02566 -0.16134 -0.43343 -0.18168 0.48449 -0.42491 0.45009 
1.66163 -0.25075 0.46712 -0.86569 -0.82052 -1.55362 1.15418 0.28177 0.17221 -1.75674 -1.39157 -1.02282 1.74289 -0.09297 0.19550 -0.14536 0.27625 0.29678 0.33049 0.02834 -0.48257 -0.03992 0.31225 0.33302 -0.32055 0.03750 -0.15557 0.50097 -1.04914 -1.07768 -0.31064 0.53462 0.21648 -0.17044 -0.51610 -0.23342 -0.57639 -1.02339 -2.11139 
1.61353 0.25108 0.03199 -1.32671 -0.91697 -1.25563 1.28697 0.01120 0.36413 -1.57322 -1.60171 -1.70223 0.97221 -0.24729 0.32766 -0.42810 -0.21730 0.19986 0.73652 0.27987 -0.35802 -0.57081 0.29643 0.25727 -0.54113 -1.44141 -0.20847 -0.42311 -0.49426 -0.37942 -0.06490 0.18749 0.68508 0.95716 0.37655 -0.39649 -0.61521 0.17897 -0.57806 
1.41434 0.07692 0.03902 -1.08299 -0.62066 -0.81711 1.43405 -0.07626 -0.39859 -1.46031 -1.13430 -1.56395 0.30147 -0.30143 -0.22761 -0.63962 -0.10318 0.23189 0.51798 0.71342 0.47459 0.33663 -0.08424 -0.28219 -0.14158 -0.54056 -0.13255 -0.50148 -0.33795 -0.00067 0.18453 -0.54140 0.08938 1.07344 1.61204 -0.57315 -0.87357 -0.09505 1.16062 
1.31209 0.02347 -0.60763 -1.42989 -0.68508 -0.73765 2.00039 0.48579 0.70076 -1.65745 -1.88390 -1.84381 0.43165 -0.37984 -0.17381 -0.76605 -0.21796 0.38439 0.19512 0.36925 0.71542 1.04123 -0.27671 -0.61629 -0.63618 -0.28079 -0.23271 -0.09825 0.51203 0.07355 -0.11590 -0.56358 -0.86477 -0.10020 -0.25151 -0.25060 0.56600 0.30012 0.32468 
1.03450 -0.09689 -0.72703 -1.30095 -0.23627 -0.62198 1.80330 0.63917 0.64264 -1.73702 -1.75059 -2.20013 0.02068 -0.53415 -0.32586 -0.12759 -0.02963 0.11599 -0.04560 -0.15135 0.37439 0.08511 -0.33483 0.28382 0.15854 -0.21588 -0.21584 -0.26956 0.22967 0.31466 -0.54740 -0.08340 -0.20024 -0.56914 -0.60130 0.52384 1.01504 1.36939 -0.10222 
0.77795 -0.30239 -0.73522 -1.45951 -0.56909 -0.78325 1.84904 0.86018 0.78587 -1.99229 -1.60008 -1.68527 0.21577 -0.59568 -0.44338 -0.53638 0.09669 -0.16302 0.11172 0.16901 0.14628 0.43993 0.24713 0.39874 0.73321 -0.38302 0.19796 0.19058 0.17660 0.26433 0.33194 0.73061 0.54061 -0.35406 0.43401 1.57609 0.37580 0.39351 0.13672 
0.43882 -0.54027 -1.26342 -1.20426 -0.39929 -0.51026 1.97231 0.78545 1.08257 -1.48989 -1.35184 -1.46693 -0.36234 -0.33618 -0.13528 0.04901 0.23471 0.44793 0.68501 0.38926 0.02033 0.51912 1.24125 0.65962 0.55205 -0.07916 0.32616 0.45637 0.84945 0.16859 0.50830 0.00019 -0.52703 -0.12722 -0.61936 0.61292 0.50625 -0.14275 1.02755 
0.44176 -0.43767 -0.68621 -1.22481 -0.12116 -0.09824 2.23830 0.88052 1.30498 -0.75103 -0.94046 -1.13323 0.13662 -0.26952 0.01299 0.31306 0.26529 0.34529 0.11191 -0.35802 0.01906 -0.17944 0.86005 0.90499 0.59045 0.64454 -0.15232 0.26752 0.08081 0.51942 0.01113 -0.72415 -1.25859 -0.38049 -1.76975 -1.27317 -0.48493 -0.03973 0.60980 
0.16930 -0.52728 -0.95035 -0.93898 -0.05400 -0.39835 1.61429 0.80451 0.90313 -0.62984 -0.44686 -0.87648 0.28220 -0.48851 0.13225 0.12982 0.75413 0.45906 -0.03914 -0.86933 -0.36016 -1.25063 -0.03191 0.17468 0.51232 0.53065 0.13337 0.27004 0.80874 0.34887 -0.29850 0.11218 -0.69119 -0.82065 -0.70468 -0.92809 -1.20066 -0.30889 0.25878 
-0.04674 -0.30542 -0.55639 -0.47068 0.33790 -0.13738 1.36897 0.52036 0.05436 -0.78294 -0.76578 -0.62091 0.66727 -0.13615 0.28303 1.12180 0.61415 0.04678 0.22409 -1.04921 -0.80159 -0.88412 -0.06804 -0.29567 0.28156 0.90332 0.47336 0.17870 0.39942 -0.46082 -0.59254 0.09510 -0.11724 -0.51874 1.21272 0.52464 0.45582 -0.39955 -1.00217 
0.03314 -0.24424 0.17145 -0.32482 -0.00722 -0.17426 0.56507 0.00292 0.01901 -0.69788 -0.74252 -0.59492 1.18552 -0.01515 0.31095 0.52924 0.29331 -0.13348 0.05596 -0.98657 -0.87889 -0.03791 0.49272 0.63051 0.11277 -0.47152 0.08653 -0.14397 -1.49338 -0.56383 -0.04423 -0.17932 0.86679 0.61069 1.04808 0.75328 1.38704 0.73055 -2.32660 
-0.06189 0.00553 -0.02715 -0.17737 0.20442 -0.08142 0.38240 -0.35854 0.01645 -0.29022 -0.13527 -0.50814 0.19575 -0.04963 0.13906 -0.37158 0.05032 0.00256 0.04477 -0.18242 -0.19090 0.16397 0.68524 1.09137 1.01211 -1.42328 0.08279 -0.42484 -0.38585 -0.16539 0.00412 0.00767 0.79800 1.20561 0.10865 -0.32543 -0.19365 0.38427 0.77436 
-0.01648 -0.10518 -0.20012 -0.27450 -0.00466 -0.12950 0.38265 -0.18798 0.18298 -0.01264 0.34885 0.41719 -0.23777 0.06764 -0.11389 0.14339 0.12792 -0.12936 0.06363 -0.18857 0.32672 0.07074 0.16729 0.43686 0.49703 0.30283 -0.39447 -0.94582 4.50091 -1.42998 0.21605 -0.13826 -0.88424 0.64478 0.73446 -1.07692 -1.63723 -2.24867 5.32007 
0.00575 -0.10836 0.11624 -0.04944 0.07506 -0.01779 0.19383 -0.03182 0.08718 -0.12293 0.30159 -0.01111 0.49858 -0.44410 -0.80676 4.12933 -1.37966 0.21860 -0.09349 -1.06667 0.45389 0.89842 -0.39168 -0.54585 -1.23656 3.89679 -0.17576 -0.24708 2.82321 -1.47817 0.39975 -0.50092 0.45605 -0.28092 -0.41036 -0.83880 -0.34675 -1.55374 0.75927 
-0.46058 -0.91194 3.92921 -1.65416 0.21394 -0.22299 -0.68401 0.26591 1.08140 -0.40432 -0.19700 -0.81938 3.65902 -0.10813 -0.36097 2.96660 -1.35025 0.27038 -0.43729 0.26748 0.04579 -0.33962 -0.67151 0.09012 -1.05670 1.06210 0.87103 1.41007 -8.07172 2.45610 -0.41779 0.35534 2.46293 -0.93334 -2.60149 0.40747 1.57360 1.94736 -7.51910 
-0.10238 -0.46933 3.08284 -1.39969 0.34544 -0.45508 0.46130 0.01397 -0.25243 -0.79443 0.39171 -1.06781 1.56068 0.42693 0.60331 -3.94239 1.07644 -0.19919 0.26185 1.39626 -0.47945 -1.70307 0.01579 1.02774 0.71080 -3.62232 0.18132 0.62733 -5.82772 2.73471 -0.50724 0.80738 -0.81813 -0.13590 0.67746 1.34096 -0.60446 1.73925 -2.20695 
-0.03365 -0.30863 -0.01318 -0.57773 0.01476 0.03886 0.71225 -0.21354 -0.62167 -0.38853 0.83074 -0.10858 0.03670 0.07319 0.26636 -2.86112 1.38446 -0.23686 0.37009 -0.55065 -0.09011 0.33785 0.66945 -0.51434 0.68255 -1.14485 -0.40726 -0.34609 3.98841 -0.59788 0.24387 -0.30513 -1.92437 0.62218 2.36064 0.26519 -1.95772 -0.58502 4.10189 
-0.02919 -0.20297 0.22172 -0.01523 0.10859 -0.08498 -0.08935 -0.07613 0.08541 -0.12498 -0.12263 -0.38527 0.41583 0.01967 0.25722 0.04602 0.47856 0.04468 -0.04328 -0.52811 0.14273 0.65757 0.28098 -0.92998 0.12578 0.47957 -0.02936 -0.15653 2.79097 -1.45493 0.26721 -0.34461 0.93808 -0.01333 0.09461 -0.76908 0.82407 -0.46976 1.20220 
-0.01398 -0.05142 0.03284 -0.09917 0.05943 -0.00442 0.18413 -0.07081 0.03591 -0.10755 -0.09923 0.01720 0.51628 0.04384 0.10983 -0.07015 -0.07047 0.03036 0.02548 0.38743 -0.10343 0.43246 -0.09963 0.30972 0.21279 0.05735 -0.00749 -0.24695 0.02137 -0.40512 -0.07851 0.01471 0.42998 -0.15741 -0.50332 -0.23869 1.09517 -0.24432 -0.73787 
0.01465 -0.09314 0.15157 -0.08570 0.13894 -0.05950 0.29808 -0.17957 0.51787 -0.22461 0.18709 -0.17248 0.47318 0.01218 0.01026 0.06739 0.07344 -0.03383 -0.02857 -0.09813 -0.01468 0.15426 0.04229 0.16519 -0.11854 -0.25829 -0.07647 -0.04967 -0.07445 0.10985 -0.14269 -0.01111 -0.43768 0.24021 -1.03747 0.25653 -0.39221 -0.16776 -0.32594 
-0.00180 -0.04115 0.10023 -0.02573 0.02560 -0.03300 0.08600 -0.08549 0.19017 -0.06525 0.06596 -0.10134 0.25799 -0.03264 0.06017 -0.14460 0.03939 -0.11233 0.01437 -0.05025 0.13678 -0.60501 0.15690 -0.08249 0.04503 -0.26859 -0.00942 -0.07883 -0.06191 -0.12191 0.04640 0.02597 0.13506 -0.13878 -0.39276 -0.20336 -0.34261 -0.11619 0.08002 
-0.01799 -0.03297 0.00697 -0.04631 0.02661 -0.04514 0.24783 -0.04279 -0.08714 -0.06771 0.10460 -0.12745 0.20459 0.00276 -0.06857 0.00548 -0.04847 0.01257 -0.00260 0.03693 -0.15346 -0.23850 -0.16107 -0.17742 -0.23473 -0.17828 0.06184 -0.06000 0.21547 -0.02415 0.11462 -0.00045 -0.11479 -0.16150 0.81967 -0.15228 0.08254 -0.00948 0.20908 
0.00097 -0.10972 0.10571 -0.07420 0.03817 -0.03560 0.12293 -0.23895 -0.04833 -0.22632 -0.11146 -0.33607 0.07971 0.02921 0.00016 0.07087 0.01523 0.00229 0.01392 -0.16504 -0.02472 0.21466 0.00462 0.00005 0.03554 -0.05951 0.01361 0.13666 0.01818 -0.00893 -0.00700 -0.07719 0.03778 0.30695 0.47206 0.37605 0.35075 0.55648 0.19521 
0.01122 -0.03281 0.07784 -0.03108 0.02890 -0.03122 0.08278 -0.06750 0.12752 -0.06310 0.10464 -0.09191 0.14508 0.01637 0.06809 0.02366 -0.05740 0.00557 -0.07979 0.07471 0.15350 0.23356 0.21498 0.17333 0.32175 0.01693 -0.02517 -0.01970 -0.10129 -0.05881 0.00429 0.02337 0.26816 0.00368 -0.24449 -0.07035 -0.03835 0.00218 0.33527 
0.01734 -0.04163 0.12937 -0.13160 0.04374 -0.11538 0.19764 -0.08545 0.18522 -0.01134 0.06187 -0.01432 0.09664 0.00404 -0.01954 -0.03042 -0.04358 0.00657 0.03729 0.10311 -0.02104 -0.02983 -0.06573 -0.03831 0.03772 0.27576 -0.01848 -0.09427 -0.14964 0.13343 0.01562 0.14913 -0.20382 -0.09165 -0.25911 -0.29529 -0.24985 -0.35503 0.34887 
0.01526 -0.05235 0.04742 -0.07466 0.03547 0.00607 0.18590 -0.08854 0.09769 -0.12883 0.06634 -0.05419 0.42083 -0.00210 -0.02618 -0.12598 0.07603 0.02119 0.06934 -0.12911 0.06185 -0.02556 -0.08031 -0.07652 -0.03328 0.36580 -0.00624 0.02152 0.05096 0.07376 -0.00597 -0.06423 -0.19690 0.04098 0.06531 0.11790 0.00743 -0.05406 -0.41357 
0.01524 -0.06782 0.00339 -0.05558 0.06494 -0.04604 0.06852 -0.02360 0.15966 -0.09165 -0.01466 -0.04760 0.46245 -0.00221 0.00198 0.02054 0.03018 0.00060 -0.02694 -0.09379 0.01994 0.03549 0.05217 -0.03088 -0.01634 -0.13781 -0.00808 0.05150 0.20378 -0.06263 -0.02627 -0.07119 0.14597 -0.10606 -0.04185 0.13412 0.18979 0.01130 -0.75712 
0.01305 -0.05036 0.06796 -0.04448 0.03607 -0.02087 0.09211 -0.06860 0.13318 -0.07666 0.03546 -0.07052 0.28302 -0.01019 0.02532 0.07780 0.01340 -0.00508 -0.00185 0.01686 -0.04421 -0.06740 0.05381 0.11326 -0.02198 -0.39132 0.00129 0.00244 0.01739 -0.02312 -0.00561 0.01925 0.07623 -0.02821 -0.00919 -0.02779 0.05158 0.00596 0.04912 
0.00505 -0.04250 0.08119 -0.04218 0.05985 -0.04789 0.08538 -0.06780 0.09226 -0.03784 0.09861 -0.06958 0.07113 -0.00092 0.00442 0.03793 0.00706 -0.00501 -0.00769 -0.01756 -0.00827 0.02630 0.02437 0.02070 -0.01037 -0.08869 0.01103 -0.02582 -0.06508 -0.01968 -0.01895 0.00631 -0.02808 0.02127 0.12966 -0.03135 -0.11139 0.03803 0.45086 
0.01214 -0.04594 0.10589 -0.03742 0.03107 -0.02856 0.07454 -0.07686 0.15947 -0.05229 0.05616 -0.08090 0.19433 0.00085 -0.00050 0.01272 -0.00628 -0.02403 0.00446 -0.01122 -0.02293 0.06225 0.02246 0.00187 0.01605 0.05955 -0.01057 -0.03635 -0.05058 0.03079 0.03855 -0.01776 -0.08874 0.01006 0.10731 -0.08190 -0.13852 -0.05196 0.31130 
0.00590 -0.04300 0.09390 -0.04846 0.03582 -0.04343 0.07416 -0.09074 0.15451 -0.01538 0.10048 -0.05353 0.13068 -0.01149 -0.03193 -0.01265 0.03785 0.03355 -0.02545 -0.10630 0.00179 0.13361 -0.05752 -0.11782 -0.06233 0.22261 -0.01652 -0.01269 0.01442 0.01421 0.05608 -0.02200 0.00674 0.04379 -0.02524 -0.01237 -0.20813 0.01067 0.09358 
0.00065 -0.07787 0.09325 0.00042 0.06461 -0.05401 -0.03176 -0.07507 0.29308 -0.10981 -0.06165 -0.14323 0.41694 -0.01567 -0.01319 0.02714 0.00793 0.03205 -0.01754 -0.00448 0.02086 0.03701 0.01009 -0.20626 0.02672 0.15313 0.03272 0.05772 0.04633 -0.11729 -0.02948 0.02302 0.27813 -0.03009 -0.26306 0.07515 0.30424 0.08905 -0.39938 
-0.00978 -0.05619 0.12104 -0.04053 0.06787 -0.06097 0.06968 -0.06988 0.19153 -0.00529 -0.10578 -0.02681 0.28381 0.02124 0.02579 0.03368 -0.07944 0.00406 -0.00243 0.17183 -0.02830 -0.12945 0.01762 0.18642 0.02672 -0.17677 0.03584 0.03295 -0.05013 -0.00719 -0.06884 0.04897 0.02117 -0.03052 -0.08939 -0.05284 0.37643 -0.07685 -0.26069 
