-0.19100 -1.16395 1.05546 0.03127 -0.15989 -0.19262 1.61643 -1.28852 -0.17374 0.05839 0.21576 -0.32015 2.41522 0.71797 2.11490 -2.53032 0.79237 -0.53325 1.12498 -2.86045 2.33482 1.43234 -0.90138 2.57136 -0.34177 -2.11768 -0.54493 0.37974 0.69653 -1.01191 0.93325 -1.03861 0.33310 0.48247 -1.05755 0.74683 -1.78215 0.77182 -3.93353 
0.00091 -0.26254 -0.12691 -0.08958 0.19399 0.00780 0.44150 -0.34648 -0.27961 -0.04321 0.80145 0.16530 0.40315 0.17538 1.00632 -1.13230 -0.21783 0.15441 -0.04726 -1.30387 1.26092 -0.06659 -0.33247 0.16638 0.40199 -2.27117 -0.75114 -2.03795 2.63279 -0.83262 0.41044 -1.26802 2.49895 -2.07512 -0.79494 0.81774 -3.38890 -0.27654 1.75792 
-0.01561 -0.15762 -0.07684 -0.18657 -0.00548 -0.23988 0.31256 -0.02760 -0.24033 -0.27408 0.38214 0.08183 0.14404 -0.03317 0.07695 0.10247 -0.04025 -0.12281 -0.14304 -0.36150 0.25971 0.63740 -0.08364 -0.81754 -0.61831 -0.35975 0.17875 -1.12509 1.62534 0.42230 0.30528 0.09392 0.70548 -3.39034 -0.61469 -0.70382 -1.22636 -1.77102 1.93992 
-0.03227 -0.18560 -0.02444 -0.12983 0.07118 -0.13524 0.08000 -0.08678 0.35780 -0.12685 -0.01609 -0.45301 0.04340 0.35414 -0.11877 0.49304 0.20446 0.45968 0.04666 -0.59840 -2.12941 -0.68128 -1.03629 -1.05998 -1.36904 -0.33125 0.35811 -0.25022 0.51646 0.61860 0.98312 0.19122 1.19034 -0.48700 -1.94256 -1.02756 1.05992 0.41507 0.11436 
0.33852 -0.27639 0.41621 0.01789 0.45420 -0.19322 -0.28584 -2.15701 -0.92161 -1.31037 -0.67784 -1.28720 -0.18721 0.32494 -0.17328 0.61893 0.57835 0.86031 0.04819 0.82885 -0.22730 -1.30515 -1.11120 0.24238 -0.20324 -0.24540 -0.14740 -0.13387 -0.58753 0.10318 -0.22617 0.07759 0.50983 2.22327 -0.07547 0.52086 0.38394 0.79858 0.92305 
0.29267 -0.35888 0.59449 0.44852 0.93149 -0.08705 0.90885 -0.31407 -0.94736 -1.23805 0.22629 -0.65625 -0.20200 0.20674 -0.25263 -0.09449 0.30764 0.23351 0.12425 -0.08857 0.09386 -0.75675 -0.51543 -0.67604 -0.57046 0.59180 -0.04497 -0.09149 -1.10609 -0.89411 -1.01369 -0.00956 -1.20487 -0.64841 0.96950 0.67749 -1.27933 0.42126 2.04843 
0.54526 -0.52902 0.32172 0.32553 0.68771 -0.06897 -0.37441 -2.06315 -1.67837 -1.82580 -1.35388 -1.85766 0.40459 0.27996 -0.26476 -0.48716 -0.31576 -0.15338 0.03863 -0.37602 -0.87571 -0.33566 -0.43371 -1.03695 0.21802 1.80303 0.04360 0.02000 -0.16007 -0.02044 1.34462 0.41340 1.33118 1.33851 1.74304 0.25651 2.03306 2.91306 1.08857 
0.57263 -0.62364 0.10732 0.13277 0.77810 -0.04843 0.53283 -1.18978 -1.28301 -1.67176 -0.81066 -0.43823 1.60104 0.25034 -0.23263 -0.25455 0.28720 1.57813 0.53765 1.24261 1.43238 0.98629 -0.25892 1.35702 2.34260 1.68037 0.09646 0.85116 0.79463 0.68166 1.09849 0.08872 1.02739 1.92149 1.75040 0.52009 0.54747 -1.25002 -2.66452 
0.79560 -0.76165 0.06717 0.61273 2.26583 0.46868 0.86819 -0.63077 -0.69208 -2.08472 0.00314 0.48494 2.08496 0.37642 0.58639 0.30747 0.36591 0.94511 0.12734 0.65137 1.04579 1.41474 0.08638 -0.48948 -1.03200 -0.86148 0.06961 1.33670 0.61470 -0.28890 -1.76821 -0.68524 -0.75868 -1.44380 -0.51474 1.00154 -1.25235 -3.71698 -2.56671 
0.94905 -0.03725 0.41479 0.49868 1.72321 0.07891 1.18420 -0.14399 0.13173 -1.58538 -1.30013 -1.47023 0.73955 0.31995 1.10407 0.36014 -0.00170 -0.19008 -0.14759 0.48393 -0.01142 0.47154 0.74261 0.10467 -1.37438 -0.88634 -0.55708 -0.50270 -0.43117 -0.27291 0.14146 0.53353 0.41943 -0.39131 -2.23984 -0.72039 1.11596 2.76627 2.09688 
1.11554 0.34242 0.42731 0.61103 2.07575 0.32108 1.35212 -0.64219 -0.22053 -1.34211 0.10782 -0.88944 1.19862 -0.18066 0.08369 -0.12371 0.09300 1.08657 0.66087 1.07080 0.65448 -0.82511 -0.63401 0.62648 1.73427 1.23540 -1.09431 -1.84060 -0.70987 -0.31337 0.19526 0.45942 0.67029 2.08980 -0.04145 -0.83753 0.19034 3.05327 1.74938 
0.76839 0.04644 0.29108 0.59167 2.80978 0.73978 2.25500 0.51048 -0.69338 -2.21939 -0.67365 0.26404 1.97495 -0.77437 -0.73653 -0.34973 -0.31507 0.00517 0.31182 1.15422 2.07838 0.43009 -0.09492 0.29501 1.67889 0.86304 -0.30092 -0.57147 -0.11019 -0.37661 -2.76362 -0.84091 -1.43513 -0.49823 1.75051 1.95252 0.37787 -1.36188 -1.03974 
0.34118 -0.39410 0.07758 0.29596 2.08092 0.63290 2.50634 1.43619 0.20956 -1.43703 0.40282 0.78945 2.06165 -0.48159 -0.48778 -0.23389 -0.28362 -1.67705 -0.18005 -0.36434 0.15625 0.92540 1.31851 1.00435 0.37239 0.19566 0.48135 0.72348 -0.14787 -0.67084 -2.33089 -1.00960 -2.75589 -3.23674 -0.69412 0.96805 -0.12279 -2.42732 -2.31439 
0.28680 -0.44134 0.05719 0.30806 1.13273 0.55974 1.89067 0.66673 0.23203 -0.90089 0.33070 0.63642 2.17061 -0.29302 -0.01305 -0.49761 -0.98591 -2.32572 -0.69778 -1.60167 -1.15835 -0.26403 0.87313 0.17222 -0.74843 -1.45135 0.30816 0.44686 -0.29427 -0.36786 0.97133 -0.33424 -0.57211 -0.52401 -0.69967 -0.97913 -1.82456 -0.90281 -1.47432 
0.04816 -0.40715 -0.42003 -0.68995 -0.24480 -0.06487 0.90467 0.27784 -0.05448 -0.56390 0.57504 0.04101 0.61030 -0.17343 -0.04092 -0.52816 -0.65148 -0.70572 -0.51429 -0.93645 -0.36776 0.22574 0.33938 -0.82021 -0.53042 -1.27866 0.26466 0.14502 0.63696 1.45436 2.54320 0.95076 1.23510 0.86261 0.36303 -1.03442 -1.34807 0.49908 1.86771 
0.11337 -0.48226 -0.47097 -0.34342 0.42700 0.04544 0.95421 0.29897 0.45776 -0.56151 -0.48951 0.10601 0.89195 -0.02835 0.13198 0.13936 0.46846 0.21748 0.25298 -0.36657 -0.29574 0.09899 -0.16129 -1.17585 -0.24935 0.41636 0.04369 0.26884 0.91070 0.80072 0.25254 0.56701 0.59715 0.16562 -1.07433 -0.07622 0.68058 0.37978 1.95437 
0.01981 -0.27517 -0.28067 -0.22149 -0.02732 0.18811 0.53810 -0.01790 0.04452 -0.72519 -0.60081 -0.20834 1.02666 -0.12974 0.22792 0.38254 0.14924 -0.45318 0.05272 -0.33930 -0.20214 -0.84859 0.26316 -0.13962 -0.15064 0.67572 -0.06160 -0.00258 0.21749 -0.31815 -0.18476 -0.52204 0.13498 0.19584 -0.25275 0.85479 2.23948 0.22557 -1.34639 
-0.01637 -0.25434 -0.08843 -0.19419 -0.02618 0.09816 0.61491 0.09684 -0.39083 -0.29835 -0.62913 -0.04463 1.56767 -0.08995 0.12940 0.35684 0.15031 0.03271 -0.26906 -0.23159 -0.09990 -0.15376 0.69350 1.06363 -0.02378 -0.93004 0.16277 -0.01430 -0.25679 0.01287 0.55285 -0.21942 -0.22202 0.03423 1.37079 -0.01635 0.87388 0.10314 -2.10429 
-0.07014 -0.14577 0.07617 -0.07118 0.00539 -0.08095 0.30651 -0.11780 -0.10924 -0.03169 0.46282 -0.23212 0.09662 0.03303 0.21362 0.12575 0.16211 0.09966 -0.16670 -0.56132 -0.16791 0.52220 0.24681 0.73425 -0.04750 -1.42857 0.17271 -0.04431 -0.36929 -0.16278 0.17917 0.25866 0.07506 0.08568 0.40577 -0.79159 -1.60530 0.19145 1.06717 
0.01666 -0.04072 0.03732 -0.03208 0.07348 -0.06853 0.05359 -0.07107 0.13137 -0.05154 0.10512 -0.09213 0.13909 0.08276 0.08509 -0.01245 -0.01247 0.21189 -0.01040 -0.15653 -0.01422 0.25201 -0.09809 -0.54166 0.16767 0.13714 -0.09293 -0.25963 -0.07325 -0.18815 -0.06388 0.21127 0.55225 -0.07497 -0.42668 -0.14761 -0.74802 0.03998 1.40694 
0.01262 -0.06068 0.06372 -0.08365 0.21728 -0.09135 0.14999 -0.13202 0.14277 -0.12978 -0.07885 -0.06445 0.23376 -0.05991 -0.04601 0.05250 -0.02605 0.03578 0.04457 -0.00907 -0.24288 0.09552 0.09920 -0.01377 -0.00752 -0.02163 -0.09719 -0.05262 -0.01856 0.01354 -0.35153 0.01318 0.10189 -0.03217 -0.29696 0.34274 0.78071 -0.15873 -0.25462 
-0.04325 -0.08673 0.08983 -0.05813 0.10927 -0.02397 0.04452 -0.31396 0.22689 0.04767 0.09135 -0.09965 0.11746 -0.01443 0.03247 -0.03101 0.00107 -0.13964 0.00278 -0.05464 -0.04639 -0.04495 0.24465 0.23905 0.00894 -0.11748 0.09296 0.09717 -0.09214 0.00083 -0.02628 -0.11795 -0.00925 0.44685 -0.14541 -0.18386 0.39103 -0.09682 -0.05235 
-0.00181 -0.02821 0.03272 -0.08258 0.07764 -0.08857 0.09535 -0.17840 0.09782 0.11487 0.16020 -0.05551 0.11627 0.03305 0.05116 -0.03963 -0.02522 0.00950 -0.07338 -0.01833 0.20397 -0.04989 -0.08466 0.37726 -0.10434 -0.07398 0.02737 -0.03431 0.05105 0.03524 0.13397 0.04994 0.03088 0.12131 0.05549 -0.44714 -0.26293 -0.08576 0.11948 
-0.01020 -0.03557 0.05019 -0.08335 0.11877 -0.09735 0.02619 -0.10999 0.17700 -0.03699 0.46861 -0.20400 0.04349 0.01294 -0.00184 0.02005 0.03631 -0.00567 0.05272 -0.02376 0.07492 0.01054 -0.20249 -0.02388 -0.07682 0.00200 -0.00264 -0.05039 0.05696 0.05469 -0.05363 0.11527 0.07664 -0.21502 0.00407 0.00659 -0.66875 0.14673 0.14712 
0.01113 -0.03005 0.05276 -0.04628 0.07196 -0.03585 0.07159 -0.10348 0.10835 -0.08762 0.13632 -0.13233 0.11827 0.03041 0.00077 0.01733 0.02947 -0.04413 0.04189 0.05832 -0.01105 -0.04582 -0.07807 -0.29150 0.04239 0.07315 -0.00424 -0.00168 -0.00243 -0.04910 0.04535 -0.06872 0.06434 -0.12671 -0.00331 0.19557 -0.03864 0.05012 0.00025 
0.02021 -0.03480 0.06752 -0.05387 0.07464 -0.05546 0.08451 -0.12104 0.13118 -0.11506 0.17711 -0.16161 0.11663 0.00870 -0.00352 0.01762 -0.01279 0.03968 -0.01600 0.04058 -0.05179 0.00723 -0.00692 -0.06252 -0.02669 0.00225 -0.04524 -0.01388 -0.04652 -0.04972 0.01180 -0.01076 0.00069 0.00808 -0.01592 0.10172 0.13641 0.11252 0.06506 
0.01983 -0.03357 0.07038 -0.05907 0.11165 -0.05185 0.11217 -0.15527 0.11558 -0.09454 0.07379 -0.15902 0.12052 -0.01483 -0.01310 -0.02919 -0.02025 -0.03233 0.03113 0.05901 -0.00297 -0.06173 0.02365 -0.15509 0.15490 0.13820 1.74394 1.66682 1.46860 -0.03950 -0.18185 -1.09131 -0.75013 -1.92904 -1.40890 -2.11434 -2.28002 -3.40236 -1.32762 
0.00538 -0.04790 0.03833 -0.07412 0.04231 -0.02433 0.14353 -0.12400 0.06945 -0.09141 0.02202 -0.00671 0.25483 1.75264 1.66330 1.48622 -0.05230 -0.14216 -1.10731 -0.70955 -1.98083 -1.40167 -2.12126 -2.34255 -3.42905 -1.32537 2.07375 1.41171 1.59215 -0.75111 -1.92281 -1.63301 -0.60849 -1.85062 -0.77777 -2.43409 -2.48246 -3.60106 -2.04135 
1.77248 1.62973 1.55661 -0.11137 -0.03052 -1.15916 -0.59738 -2.13610 -1.28609 -2.21581 -2.26876 -3.58807 -1.20485 2.05892 1.39860 1.56296 -0.77136 -1.95514 -1.60188 -0.54947 -1.85359 -0.83951 -2.41044 -2.63755 -3.44616 -1.90315 -1.39742 -2.09631 -2.01706 -1.26096 -1.82642 0.50660 1.80381 3.28609 1.28419 1.74528 2.14620 3.66142 1.49261 
2.06430 1.35070 1.60129 -0.84548 -1.91283 -1.62621 -0.40595 -1.97760 -0.77006 -2.50185 -2.61553 -3.45287 -1.64832 0.35523 -0.43301 -0.53083 -1.31326 -1.96859 -0.60071 1.09426 1.30527 -0.11748 -0.37598 -0.19635 0.23237 0.16724 -1.80728 -1.47056 -2.60222 -0.09059 1.81605 1.17632 1.51279 2.68107 0.16041 1.97813 2.50543 4.04813 2.20783 
2.12770 1.19672 1.02578 -1.42463 -1.99910 -1.75987 0.49689 -0.83083 -1.40357 -2.59179 -2.46511 -3.35571 -1.03761 0.25163 -0.07196 -1.03925 -0.86194 -0.13909 -0.42557 0.96331 0.82748 -0.67910 -0.43231 -0.13212 0.60196 0.30468 -0.22087 -0.07622 -0.02571 1.14663 2.24989 -0.50802 -0.34740 -0.91153 -0.06874 0.05263 0.60916 1.30833 -1.27655 
2.31593 1.27874 0.56204 -1.70742 -2.05192 -2.05178 0.55737 -1.15012 -1.44915 -2.93417 -2.74765 -2.85090 -1.34364 0.13436 -0.50923 -0.55654 -0.16663 0.28131 -1.10872 0.74686 0.39374 -0.18622 -0.32335 0.41281 1.54070 -1.10931 -0.18475 -0.19507 0.57737 0.51552 0.25109 -0.44790 0.27750 -0.69941 1.10228 0.75052 0.65917 1.16032 -0.49710 
2.26206 0.68749 0.46924 -1.59126 -1.71780 -2.86859 1.24375 -0.43709 -1.58979 -2.91514 -2.05230 -1.81501 -2.14692 0.06688 -0.26703 -0.46189 -0.34642 0.11200 -0.87347 1.24081 0.12807 0.42318 0.31821 0.52705 1.76228 -0.19243 0.10769 -0.02556 -0.49260 -0.34027 0.01872 1.09072 -0.31094 -0.37921 2.00704 0.61801 0.15346 0.02979 1.80387 
2.38282 1.01171 0.10015 -2.05385 -1.93992 -2.92524 1.79817 -1.02205 -1.02597 -2.61596 -2.22060 -1.08862 -1.53607 0.24205 -0.53479 -1.04913 -0.50690 0.30003 -0.01800 0.43592 0.01453 1.82081 0.29466 0.56627 1.57049 0.69456 -0.16991 -1.75734 -0.46933 0.27607 1.37997 0.91204 -0.81851 0.64029 0.74298 -0.74859 0.52438 -1.01931 -1.12624 
2.50411 0.15270 -0.57989 -2.09815 -1.41777 -2.88659 1.67967 -0.42256 0.23103 -2.62048 -1.48603 -0.24452 -1.45236 -0.10303 -2.02437 -0.93122 -0.07035 1.49197 0.03857 0.42230 0.76836 1.16616 -0.43038 1.05143 0.74297 -1.31867 -0.68271 -1.73563 1.01284 0.08572 0.50873 0.38630 -0.21108 0.05172 -3.04886 -0.27286 -0.75936 -3.46037 -1.85775 
2.27979 -1.01266 -0.83107 -2.12420 -0.44795 -2.88667 2.22047 -0.25369 0.14019 -3.04634 -1.16918 -0.34565 -2.85473 -0.44066 -2.27042 -0.03630 -0.42118 0.80876 0.36830 0.22484 0.06624 -1.22805 0.02180 -0.19308 -1.88988 -1.16318 -0.12806 0.41986 1.54343 0.06739 -1.74794 0.67885 -1.03826 -0.56315 -2.89681 0.83043 -0.72578 -3.61365 3.01956 
2.06346 -2.11772 -0.61619 -2.51934 -0.60901 -2.51829 1.90451 -0.35632 -0.99702 -2.59868 -1.67911 -2.13439 -2.61554 -0.23109 -1.60451 0.61221 -0.00296 -0.25597 0.71743 -0.61596 0.20521 -1.73065 0.40005 0.32565 -2.87069 1.70089 0.00176 2.23964 1.06427 -0.23567 1.11522 -0.69087 0.00741 0.01501 -0.43241 1.51728 0.24610 1.19734 3.56497 
2.04870 -2.61717 -0.21886 -2.12716 -0.70393 -2.16924 1.60451 -0.04848 -1.59047 -2.64629 -0.84353 -3.21634 -1.15384 -0.43889 -0.03078 1.02797 -0.65685 1.92398 -0.32257 0.23225 0.08125 -1.66045 1.53908 0.05301 -0.69254 2.40179 -0.15790 1.91346 -0.53766 -1.00572 1.94410 -1.50280 0.52104 -0.81424 0.63836 0.42450 -0.64259 2.58230 -0.77960 
1.62457 -2.14850 0.41178 -3.17619 1.31497 -2.84086 2.13676 -0.27506 -2.65748 -1.05959 -1.62610 -2.82693 -0.21375 -0.38898 0.30895 0.07454 -1.00869 1.68812 -0.78538 -0.09492 -0.60903 -1.09230 0.82455 -0.31695 -0.28838 0.92129 0.62714 0.25471 -1.73291 1.04217 -0.98190 0.18464 0.14531 0.15401 1.88781 -1.69335 0.59212 0.94345 -2.32254 
1.65972 -2.30822 -0.14432 -3.13585 0.98420 -2.95462 1.50960 -0.65751 -2.68276 -1.82174 -1.16048 -3.50472 -0.23255 0.18825 0.22393 -0.70493 0.38532 0.94208 -0.13793 0.37756 0.23527 0.22735 -0.15426 0.64514 0.25091 0.07925 0.38097 0.36843 -0.18561 1.42253 -0.08408 1.14378 1.06895 0.79903 1.64021 0.13389 -0.25813 2.33236 -0.09272 
1.81281 -1.92457 -0.29315 -2.79087 2.25705 -2.97879 2.51432 -0.03980 -2.43013 -1.21385 -0.98096 -2.57602 -0.13450 -0.00801 0.67738 -0.11106 0.41384 1.60404 0.35841 0.97403 0.18999 0.54792 0.95844 -0.57507 2.04398 0.82857 0.07958 0.21962 0.51552 0.12376 -0.45473 0.59579 0.06469 -0.94725 1.84468 0.28337 -2.02483 3.01353 -1.54079 
1.65171 -1.63084 -0.25538 -2.72200 2.58823 -2.59621 2.48363 -0.46751 -2.13485 -0.86330 -1.73555 -1.46074 0.59602 0.26783 0.44355 -0.18941 0.50908 0.48736 0.45786 0.44224 -0.71198 2.07203 0.12911 -1.37969 3.26444 -1.46153 -0.04022 -0.73200 -0.80614 -0.38743 -2.31672 -0.71590 -0.66877 -0.94020 -1.00124 -1.15113 -0.54139 -2.57220 -1.96607 
2.08064 -1.48102 -0.48256 -2.28179 2.74441 -2.52092 2.95656 -0.75178 -0.35810 -1.08474 -2.36065 0.68842 -1.59603 -0.04824 -0.05461 -0.91720 0.02642 -0.71268 -0.35749 0.30527 -0.75021 -0.45332 -0.19269 -1.11646 -0.52822 -1.13750 -0.39766 -0.59711 -0.50895 -0.06802 -1.51003 -0.61074 0.03670 0.23939 -3.00474 0.02737 0.89086 -4.34060 2.01785 
1.60347 -1.68545 -1.17258 -2.69559 1.87555 -2.95370 2.78890 -1.21772 -2.58816 -1.05599 -2.85201 -1.98897 -0.54147 -0.12983 -0.15357 -0.69836 0.44106 -1.02268 -0.15287 0.47895 -0.47260 -0.93272 0.15648 -0.48883 -1.07616 0.55631 0.39627 0.18649 0.91036 0.42740 1.80578 0.40453 0.21945 1.66573 0.70824 0.71721 1.33455 1.82237 1.89919 
1.95080 -1.63459 -1.18093 -1.84073 1.72173 -2.67380 3.43551 -1.22438 -1.29082 -0.92826 -2.84948 -0.38774 -1.03972 0.34803 0.13188 -0.00684 0.45382 1.09310 0.04704 0.52471 0.91553 0.25493 0.52452 0.21808 1.29415 0.76169 0.21642 0.15866 0.52716 -0.79973 2.10945 -0.02226 -1.10348 1.60948 0.85885 -0.69198 0.89514 1.05913 -0.18556 
1.95150 -1.55357 -1.17942 -2.24177 2.96865 -2.90666 3.31361 -0.30219 -2.33324 -0.53147 -2.63393 -0.69482 0.22021 0.08658 0.00509 -0.17120 -0.35868 1.08677 -0.17514 -0.62453 1.13688 -0.07386 -0.53550 0.40631 -0.01703 0.37075 0.08175 -0.75390 -0.48766 0.17146 -3.35309 0.81347 -2.07402 -0.78094 1.38922 -2.47164 0.25376 -1.25817 -2.18427 
2.03739 -1.62950 -1.35213 -2.19941 2.80850 -2.84893 2.81098 -0.08750 -1.36468 -1.46376 -2.44317 -0.40477 -0.66896 0.42978 -0.62202 -0.49450 0.62528 -2.25999 0.86051 -1.54930 0.13458 1.64414 -1.94712 0.47184 0.03598 -1.42258 -0.29723 -0.01446 0.40616 0.26211 -0.84045 0.76200 0.41137 -1.29352 0.91883 0.50906 -0.37559 0.11963 -0.01666 
2.38128 -2.17560 -1.67391 -1.61649 0.70866 -2.04615 1.76430 -0.16761 -0.68910 -2.47859 -2.16209 -0.65884 -1.20237 -0.21065 -0.00936 0.23496 -0.09656 0.24632 0.58686 -0.21316 -0.15664 0.84496 -0.02643 0.03072 0.10260 0.35409 -0.75707 0.38533 0.31779 -0.74391 2.09623 -0.28394 0.71455 -1.11397 -1.13416 1.01419 -0.05816 -0.56779 1.77559 
1.82674 -1.63886 -1.11717 -2.29597 3.05482 -2.26207 2.59782 -0.24414 -0.51972 -1.49019 -2.41245 -0.30217 -0.31487 -0.32729 -0.23670 -0.17671 -0.11864 -0.16376 0.57657 -0.83475 -0.97938 0.50998 -0.93293 0.41368 -0.53181 0.35301 0.82044 -0.55997 -0.50439 1.35942 -1.76299 0.17702 -0.56624 -0.29679 -0.19485 -0.86348 1.43096 0.29805 -0.91923 
2.05398 -2.41229 -1.85062 -1.73512 0.54490 -1.46958 0.92955 -1.14699 -0.17911 -3.41152 -1.74841 -1.19066 -0.84936 0.60979 -0.56934 -0.26943 1.26286 -1.51667 0.76388 -0.77940 -0.45343 0.65011 -0.88991 1.46168 0.40064 -0.56514 0.67260 0.43766 -0.00082 0.60865 0.38134 -0.47182 1.48626 1.53467 -0.40183 2.05762 0.56075 -0.41466 -0.20933 
2.43653 -2.20820 -1.38660 -1.03311 1.53815 -1.49819 1.81842 -0.69757 0.13039 -2.38010 -0.95077 0.09848 -0.88001 0.34531 0.20096 -0.17754 0.49002 0.21758 0.10475 0.65151 0.55529 0.10815 1.12469 0.97443 -0.94647 0.14368 -0.72179 0.35950 -0.43137 -1.82334 0.46218 -0.57805 -0.04340 0.15305 -0.65473 0.29846 -1.39010 -2.61223 0.14789 
2.39929 -2.21134 -2.02816 -1.24511 0.76248 -1.36483 1.58107 -0.59170 -0.07096 -2.28683 -0.77398 -2.13713 -0.70567 -0.11200 -0.20984 -0.70080 -0.56048 -1.05449 0.18583 -0.82280 -0.30038 -0.00462 -0.59145 0.07157 -2.21159 -0.41725 -0.41190 -0.30275 0.54632 -1.18517 -0.64119 0.28924 -1.49308 -0.67369 0.84040 -1.54689 -1.28926 1.33367 -0.76859 
2.32452 -2.41804 -2.08741 -1.59359 0.48365 -1.31236 0.99561 -0.99796 0.12577 -2.97155 -0.87920 -2.11311 -1.29727 -0.06659 -0.10180 0.36878 -0.69516 -0.42361 0.39399 -0.84156 -0.11840 0.94856 -0.42220 -0.31483 0.38720 -0.62491 0.15218 0.25310 0.82436 0.16955 1.11901 0.03118 0.18056 0.40013 -0.28640 0.51583 -0.19558 2.24077 0.80703 
2.33270 -2.31313 -1.65938 -1.94027 0.33887 -0.97085 0.73950 -0.71010 0.87760 -2.70903 -1.08881 -1.74993 -1.33058 0.04017 0.04326 0.12356 -0.39093 0.06452 0.21701 -0.64224 0.09975 -0.29103 -0.07563 -0.12401 0.02919 0.38978 0.05909 0.51614 -0.59145 0.82594 1.17701 -0.23375 0.97702 0.25235 -1.35017 0.68161 1.03534 -0.07359 2.27805 
2.36469 -2.37478 -1.96385 -1.98453 0.54817 -1.09534 0.35337 -0.89821 -0.16525 -3.04718 -1.00321 -2.08393 -0.90749 -0.00750 0.41434 -0.22266 0.13078 0.75340 0.16023 0.13546 0.13395 -0.40162 0.25941 0.72052 0.31361 1.65314 0.03593 0.19861 -0.10869 0.34792 0.22761 -0.32353 1.43598 -0.00425 0.98335 0.71331 -0.17265 0.72893 -0.41116 
2.32520 -1.89879 -1.88204 -1.80949 1.09227 -0.81062 0.87496 -0.57615 0.47598 -2.44963 -0.36829 -1.43632 0.32256 0.07610 0.24187 0.01486 -0.04301 0.29213 -0.10651 0.79373 0.09550 0.69233 0.63769 -0.29666 0.75812 -0.02138 -0.00392 -0.44925 0.15855 -0.37934 -0.84399 -0.53355 0.35264 -0.51806 0.02762 0.08174 -1.17345 -0.07526 -2.02490 
2.44079 -2.13291 -1.94899 -2.02754 0.84030 -1.20186 1.14711 -0.80271 0.52707 -2.40949 -1.29987 -1.32581 -0.92887 -0.01142 -0.03491 -0.06412 -0.24856 -0.09059 -0.37332 0.48809 -0.38411 -0.37400 0.34115 -0.45294 0.23834 -0.37176 -0.19185 0.14404 -0.08455 -0.30090 1.09110 -0.27688 -0.06338 -0.44418 -0.46879 0.72571 -0.54448 0.73733 0.51582 
2.31378 -1.93370 -1.94616 -2.05805 1.00168 -1.18393 1.36305 -0.96026 0.10199 -2.10848 -0.82123 -1.19798 -0.04920 -0.11575 0.38591 -0.06969 -0.34391 1.38323 -0.38339 0.73035 -0.34868 0.22354 1.36339 -0.84114 1.49545 0.49444 -0.14909 -0.11346 -0.01985 0.11158 0.82553 -0.47964 0.32508 -1.00874 0.14169 1.03086 -0.84968 0.42435 -0.16379 
2.32504 -1.74700 -2.01868 -2.37145 2.22353 -1.58525 1.87746 -1.15138 0.75061 -1.04610 -2.14100 0.16964 -0.43443 -0.16051 -0.14836 -0.08396 -0.13698 0.73494 -0.85295 0.81318 -1.39285 -0.23231 1.37200 -1.30261 0.66270 -0.53555 -0.02680 -0.93297 0.45009 0.60312 -2.15813 -0.00595 -0.12546 0.18110 -1.06679 -0.80252 1.74648 -1.97520 -0.39180 
2.15327 -2.08206 -2.03012 -2.19502 1.73662 -2.03689 2.17623 -2.35311 -0.13032 -0.73648 -2.12384 -0.53528 -0.58475 -0.14255 -0.54706 0.38040 0.25920 -0.77489 -0.38934 0.60490 -0.16757 -0.84325 0.56087 0.90534 -0.47975 0.10264 0.06352 -0.22491 0.60344 0.05315 -1.00995 0.70706 -0.65773 2.05192 -0.40464 -1.03875 1.74224 -0.13796 0.39451 
2.18249 -2.29406 -1.63828 -2.11225 1.44864 -1.97459 2.48236 -1.31895 -0.09263 -0.48523 -1.23566 -0.31011 -0.33179 -0.09699 -0.37328 0.51948 -0.08383 -0.27501 -0.14589 0.15545 0.65906 -0.63695 0.33325 0.43963 0.52474 -0.14104 -0.08611 0.17021 0.28571 -0.14053 0.12167 0.43064 -0.55118 -0.69921 -0.41519 -0.25439 -0.44843 -0.11295 0.65160 
2.05628 -2.45534 -1.51065 -2.27886 1.46161 -2.18278 2.33168 -1.69405 -0.76727 -0.40323 -1.68421 -0.01054 -0.72579 -0.22866 -0.37685 0.66611 0.11868 -0.65323 0.04129 0.05372 -0.86678 -1.25844 0.30649 0.45691 -0.59270 0.75424 0.03068 0.16901 -0.04298 0.46368 -0.20125 0.47217 -0.53586 -1.00638 -1.05735 -0.11367 0.68541 -2.27978 1.86749 
1.95383 -2.67091 -0.97217 -1.99357 0.79541 -1.93330 2.53608 -2.18573 -1.35107 -0.17874 -0.77875 -0.90281 0.42246 -0.06631 -0.20427 0.47649 0.37985 -0.47626 0.32628 -0.38041 -0.34731 -1.69430 0.21958 1.12504 -1.75504 1.72645 0.32790 0.75753 -0.80182 0.08842 1.15770 0.11658 -1.00492 1.70697 0.72053 -0.16978 0.42715 -0.83831 0.18404 
1.98997 -2.65961 -1.03415 -1.89901 0.98535 -1.85649 1.95126 -2.04136 -2.46157 -0.18365 -0.55918 -1.76558 1.00066 0.09924 0.38068 -0.13571 0.20710 0.50447 0.15787 -0.95120 0.84020 -0.53791 0.13671 0.88407 -1.43101 0.93828 0.15889 0.50502 -0.17257 0.14187 0.59980 -0.13521 -0.16732 0.97463 1.49749 -0.11393 0.79112 0.90558 -1.35174 
2.05307 -2.29023 -1.10788 -1.78647 1.29988 -1.77542 1.58487 -1.34554 -1.88899 -0.04204 0.10532 -2.33382 1.36074 0.09258 0.30075 0.30393 0.52172 0.12354 0.19107 -0.54773 0.62732 -0.19681 0.10565 1.91616 -0.84946 0.37471 -0.19168 -0.32928 0.76731 0.38233 -0.64607 0.00793 0.43431 -0.83559 -0.79348 -1.12693 0.37050 1.40963 -1.30209 
2.08255 -2.35885 -0.73022 -1.37729 1.10889 -1.66542 1.40353 -1.41404 -2.65838 -0.07799 1.35698 -2.61504 1.37537 -0.09244 0.05141 0.63160 0.58944 -0.14160 0.16580 -0.51689 0.00461 -1.33139 -0.99022 1.25456 -0.02137 -0.36380 -0.02146 0.02524 -0.13534 0.17718 -0.33692 0.02936 0.21101 -0.84812 -0.29664 -1.23449 -2.64706 1.49494 -0.34577 
1.96063 -2.23882 -0.47628 -1.19703 1.15829 -1.60963 1.06799 -1.34093 -3.22037 -1.03226 1.35988 -2.35519 0.99694 0.07112 0.32599 0.16859 0.69890 -0.21338 0.22043 -0.33672 -0.22080 -0.49345 -1.12884 -0.73090 0.64548 0.02893 0.21333 0.46158 -0.76822 -0.00474 -0.08408 -0.04448 -0.05886 -0.84177 1.23357 0.46408 -2.31519 0.68031 0.49583 
2.15367 -2.03286 -0.56164 -0.67839 0.89551 -1.44499 1.06681 -1.63485 -3.15182 -1.20683 0.62608 -1.96957 1.40430 0.12089 0.51299 -0.13662 0.58470 -0.22568 0.12132 -0.57575 -0.83716 -0.09781 -0.52614 -1.06062 0.65893 0.13203 -0.17529 0.52447 -0.08254 -0.66590 0.34265 -0.13596 -0.53049 -0.26888 0.57692 0.05707 0.34515 0.04514 -0.32469 
2.08151 -1.72584 -0.61289 -0.61234 0.93261 -1.48831 0.49223 -2.17809 -3.31819 -1.55839 0.29926 -1.69626 1.12897 -0.10418 0.85046 0.08604 0.03300 0.12926 0.08447 -0.86721 -0.48969 0.08347 -1.07177 -0.38575 0.69061 -0.29575 -0.35314 0.29498 0.62036 -0.41417 0.59468 0.41326 0.12754 0.60428 0.97985 -0.39985 0.09572 -0.49687 0.32173 
2.04949 -1.18240 -0.47560 -0.64539 1.02477 -1.36052 0.19960 -2.12453 -3.06835 -2.27860 0.24033 -1.27896 1.10855 -0.23225 0.80797 0.48374 0.17053 0.36900 0.53458 -0.44822 -0.23288 0.88204 -0.92598 -0.96490 0.16206 0.45376 -0.26799 0.12611 0.36757 0.06607 0.31939 0.80770 0.91085 -0.10752 1.12243 1.21153 -1.10589 -1.41603 0.08890 
1.84926 -0.91787 -0.12916 -0.44181 1.30161 -0.95373 0.04402 -2.41097 -2.43615 -2.48438 -0.66564 -1.53419 1.58273 -0.37217 0.97657 0.45361 0.09907 0.44866 0.89218 0.04363 -0.59720 1.20590 0.13977 -1.49165 -0.72541 -0.20685 0.13362 -0.03948 -0.28028 -0.45308 0.21905 0.13269 0.17291 0.09247 -0.27808 1.32010 0.52007 -0.65610 -1.18019 
1.67732 -0.20582 -0.02198 -0.54632 1.47342 -0.46834 0.24323 -2.72174 -1.86245 -2.13883 -1.25132 -2.00437 0.90170 -0.09864 0.76849 0.20346 -0.28255 0.58806 0.66726 -0.27531 -0.14041 0.60396 0.39412 -0.44483 -0.49404 -0.72642 0.49444 -0.73827 -0.37084 -0.18046 -0.09459 -0.79597 -0.36728 0.43714 -1.31397 -0.02913 1.70069 1.13926 0.03997 
1.75062 -0.14938 0.07431 -0.72435 1.88967 -0.28647 -0.23129 -2.55138 -1.83219 -2.09026 -1.11047 -2.02823 0.85631 0.12227 0.23830 0.08277 -0.08140 0.35407 0.09621 -0.32365 -0.16006 -0.10807 0.11064 0.20905 0.41385 -0.16687 0.14230 -0.59185 -0.26641 0.63937 -0.45903 -0.65220 0.03840 -0.80530 -0.11039 -0.23397 0.48093 1.38528 0.61023 
1.79959 0.03248 0.06078 -0.62772 1.82749 -0.37213 -0.08042 -2.88180 -1.97052 -2.02820 -1.04227 -1.59052 0.73483 0.04367 0.17665 -0.06295 0.35682 0.12902 0.01507 -0.23691 -0.94571 0.49357 0.16015 0.03610 0.89124 -0.11619 -0.52373 -0.93632 0.82952 0.39105 -0.90244 0.04965 0.19404 -0.88225 0.25353 -0.53348 0.20667 0.78795 -0.09754 
1.79429 0.02727 0.01136 -0.36753 2.01869 -0.27140 -0.46820 -3.49709 -1.33861 -1.93011 -1.07437 -1.13700 0.74012 -0.40145 -0.69802 0.91229 0.30965 -0.54838 0.14586 -0.12961 -1.04231 0.14546 -0.42285 0.41572 1.20179 -0.26442 -1.49372 -1.95438 3.16652 0.04852 -0.81955 -0.87293 0.72188 1.33992 0.25072 -0.68791 0.76267 -0.94630 0.48984 
1.39814 -0.66554 0.97307 -0.31806 1.27911 -0.22627 -0.21003 -3.92411 -1.82507 -2.45104 -0.62656 -0.38873 0.47041 -1.45005 -1.77773 3.10357 0.40535 -0.69053 -0.85786 0.48497 0.39422 0.74430 -0.52776 0.79877 -0.05506 0.37364 -0.35886 -0.72525 0.64688 0.37387 0.79164 -0.99214 0.10716 2.11861 -0.12200 0.93280 -0.77330 -2.74178 1.47344 
0.34424 -1.75046 3.11493 0.03782 1.32816 -1.12926 0.01676 -3.10288 -0.59432 -2.45786 -0.27560 -1.19205 1.11376 -0.76031 -1.42327 1.55917 0.68352 0.24326 -0.84627 -0.02245 1.07630 0.02345 0.50996 -0.35758 -1.53999 1.20902 1.97188 1.83496 -4.06901 0.36199 0.69621 1.20884 -0.59595 -0.47677 -1.57794 1.23831 -1.19188 0.91326 0.07523 
0.63782 -2.08881 2.53224 0.36546 1.52238 -1.07254 -0.23248 -2.84781 -1.80161 -1.94109 -0.98414 -1.92872 1.67944 0.52183 0.05723 -0.96544 0.76734 0.00568 0.35098 -0.11099 -0.08255 -0.83364 0.71055 -0.39311 0.85820 0.44887 1.08117 2.35564 -2.35425 -0.08381 -0.43367 0.95169 0.29115 -1.09750 0.52249 0.21260 1.25429 2.01216 -2.58912 
0.86606 -1.69323 2.14949 0.80516 1.33384 -0.77828 -0.09423 -3.18543 -1.42796 -1.74731 -0.66871 -0.33385 1.56263 0.32086 0.93237 -0.79508 0.59971 -0.19041 0.10542 0.26870 -0.02120 0.54594 0.72255 0.89671 0.47217 -1.38009 -0.39504 1.24014 0.57338 -0.67107 0.13497 -0.18422 0.01738 0.18967 0.83059 -0.43060 1.89202 -2.29936 -2.00357 
0.95868 -1.15644 1.73716 0.96517 1.33197 -0.96712 0.03623 -2.86900 -1.25567 -1.21853 -0.08742 -1.45655 0.29934 0.12679 1.29737 -0.39206 0.09627 0.14065 0.16677 -0.09361 0.10712 -0.00305 0.27995 1.49891 -1.44116 -1.55470 -0.39006 0.23493 0.41646 -0.96939 0.62876 0.48088 -0.18383 1.14100 -0.05724 -0.94640 -1.18283 -0.97696 1.21250 
0.99286 -0.39587 1.75743 0.90143 1.47449 -0.61151 -0.18784 -3.07831 -1.43101 -1.46736 0.83021 -1.77501 0.00792 -0.06921 1.16730 -0.37862 -0.36968 0.43835 0.58630 0.08488 1.11980 0.48870 -0.22384 -0.28612 -0.50479 -0.16759 -0.54103 -1.02931 -0.39461 -0.52390 0.06481 0.14858 0.05484 0.80109 0.74005 0.49154 -2.79433 0.94858 0.67182 
0.88947 0.01085 1.35854 0.59549 1.77032 -0.38083 0.12110 -1.74920 -0.76697 -1.44238 -0.37354 -1.96134 0.13175 -0.41424 0.26806 -0.78667 -0.42763 0.20546 0.31535 -0.03878 0.90821 0.73700 0.77149 -1.29542 -0.49258 -0.88288 -0.54111 -1.26405 -0.26121 0.08610 -0.71170 -0.52923 -0.55273 -0.90826 0.39679 1.05760 -0.46322 0.06990 -0.58851 
0.57861 -0.12781 0.97076 0.47381 1.67995 -0.29616 -0.22661 -2.17010 -0.69401 -0.69587 -0.46521 -2.26759 -0.87496 -0.61032 -0.09676 -0.63983 -0.28358 -0.27334 0.05707 -0.46785 0.21154 0.88549 0.83375 -0.74935 -0.43489 -0.75609 -0.06010 -0.46455 0.47337 0.27883 -0.70639 -0.18985 0.12470 0.25711 0.39496 -0.26068 0.87448 0.65571 1.95790 
0.27916 -0.08590 0.71870 0.31191 1.49698 -0.32376 -0.34675 -1.53766 0.11852 -0.60863 -1.12289 -2.39623 -0.62434 -0.47434 -0.19649 -0.31330 -0.14880 -0.50093 0.12550 0.08593 1.16532 1.13196 0.51081 -0.42094 0.16313 1.07501 0.38501 -0.08492 0.29944 -0.05230 -0.38622 0.03504 0.79737 0.76850 -1.62289 -1.24868 0.88800 1.71487 1.67443 
0.10427 -0.32431 0.65747 0.32501 1.17901 -0.17066 -0.14069 -1.00478 0.43796 -0.18507 -0.88615 -2.10446 0.20005 -0.22531 -0.18167 -0.34039 -0.33588 -0.65956 0.09210 0.32952 0.98004 -0.73740 -0.41493 0.13865 1.27998 0.91833 0.35316 0.45445 0.01617 -0.10167 -0.09872 -0.11815 0.39462 -0.17914 -1.23662 -0.73439 1.26553 1.34174 -1.02538 
0.05385 -0.26757 0.37831 -0.02396 0.83742 -0.23166 -0.01723 -0.55762 -0.61888 -1.02356 -0.98423 -1.11625 0.29399 -0.12118 0.25795 -0.29713 -0.25046 -0.59966 0.00735 0.48055 0.98618 -0.10466 -0.22358 0.84458 1.50487 0.04963 0.13578 0.15415 -0.02383 0.32728 0.02610 -0.16410 -0.76631 -1.40013 1.98461 1.55262 0.78691 -1.40363 -0.78285 
-0.01691 -0.06635 0.36034 0.07455 0.57936 -0.16331 0.33986 -0.01860 0.33330 -0.40865 -0.04157 -0.59959 0.24968 -0.08953 -0.02753 -0.36423 -0.00860 -0.63346 -0.07200 -0.43679 -0.42008 1.24720 1.13769 0.92557 -0.12365 0.13548 0.00884 -0.50250 0.00413 0.02695 0.21508 -0.17661 -0.75713 -0.62436 0.24697 0.38529 -0.59522 -1.27390 0.27198 
-0.03568 -0.29510 0.01409 -0.03256 0.20395 -0.30366 -0.45403 -0.97770 0.62832 0.11414 -0.05867 -1.23990 0.42947 -0.11234 -0.24454 -0.29300 -0.22352 -0.38458 -0.16926 -0.27658 0.36182 0.14231 0.16171 0.24937 0.23097 0.32161 0.21986 0.35495 0.74463 -0.27209 0.91930 0.15923 0.98607 0.80174 -1.43372 -1.29231 -1.67866 0.24266 0.35828 
-0.12925 -0.31090 0.06734 -0.14897 0.19478 -0.33257 0.06328 0.34321 0.47561 -0.24694 0.20780 -0.36861 0.57130 0.13033 0.32742 0.38041 -0.28069 0.28583 0.08723 0.54927 0.38165 -0.18652 -0.15461 -0.75309 0.11901 0.49376 0.17861 0.36531 0.01883 0.02900 0.53854 0.46573 0.88195 -0.45330 -0.58612 -0.60953 -0.68114 -0.07177 0.35171 
0.09465 0.03232 0.39449 -0.31325 0.48979 -0.21643 0.09525 -0.59604 0.44180 -0.04048 -0.81176 -1.12089 0.92323 0.06627 0.12077 -0.27417 -0.19451 0.15397 0.29647 0.60536 -0.09148 -0.44381 -0.44782 -0.43177 0.15920 0.67332 -0.33007 -0.62596 -0.31768 0.45423 -0.53726 -0.34756 -0.44384 -0.42721 -0.49019 -0.07032 1.38157 0.12410 -1.08052 
-0.06297 -0.19013 -0.20683 -0.34348 0.34875 -0.03611 0.66864 0.25173 0.03180 -0.69476 -0.22398 -0.20941 1.24462 -0.19974 -0.29853 0.06273 0.17354 -0.25142 -0.26033 0.10543 -0.04556 -0.67671 -0.22493 0.62848 0.24311 -0.58676 -0.11025 -0.33246 0.53002 0.12735 -0.01229 -0.51608 -0.74882 -0.42694 0.54849 0.69797 0.51167 -1.10730 -0.98393 
-0.10509 -0.26621 0.45722 -0.13971 0.23836 -0.47676 0.20068 -0.64160 -0.23490 -0.26541 -0.18328 -0.87778 0.33647 -0.04397 -0.21169 0.25585 -0.06716 0.14168 -0.21961 -0.14346 -0.51843 0.10468 0.25016 0.07990 -0.94810 -0.31061 0.10703 0.32722 0.13977 -0.28408 0.76414 0.40546 0.18626 0.01390 0.73511 -0.32011 -0.96912 0.37333 1.05542 
-0.10695 -0.40182 0.04903 -0.41064 0.49044 -0.25572 0.52519 -0.26670 0.13648 -0.44460 -0.14408 -1.15751 0.93401 -0.09271 0.02869 0.20250 -0.11054 0.51272 0.14514 0.29169 -0.03166 0.05841 -0.54504 -0.34064 0.61643 0.46866 -0.05486 0.36904 -0.14577 0.22973 -0.54700 0.24276 0.11915 0.36531 -0.20303 0.14412 0.11626 1.65584 -0.16840 
-0.19780 -0.23752 0.65972 -0.25025 0.75108 -0.33162 0.49237 -0.67326 -0.17650 -0.81045 -0.52392 -0.26135 0.80514 -0.09884 0.15735 0.11009 0.16257 -0.40532 0.02315 -0.02430 -0.15311 -0.09835 0.39427 0.19616 0.70774 -0.47901 0.31727 0.12826 -0.72556 0.07862 -1.34645 0.01812 -0.49049 0.29418 0.28099 1.44598 0.65452 -1.09257 -1.11511 
-0.20578 -0.24448 0.15912 -0.24807 0.08512 -0.23257 0.50088 -0.41981 0.03814 -0.05033 0.05208 -0.44977 0.45500 0.22456 0.15695 -0.52306 -0.03192 -0.83373 0.16325 -0.19880 0.26253 0.33940 0.90094 0.31389 -0.47614 -0.64645 0.26679 -0.10582 -0.23834 0.05440 0.95725 0.21370 -0.38842 0.72929 0.32317 -0.25621 -0.56011 -1.44282 0.79717 
0.02676 -0.08057 0.13665 -0.28217 -0.08265 -0.16837 0.29358 -0.41073 0.16290 0.09048 -0.21003 -0.73749 0.15869 0.16795 0.05152 -0.12825 0.21697 0.55193 0.23685 -0.41272 0.57618 0.22482 0.13806 -0.36395 -0.73508 0.31816 -0.19774 -0.12226 0.44029 0.13399 1.24500 -0.03197 -0.10999 -0.24846 -0.61348 -1.41358 -0.57272 0.93286 0.66143 
-0.03783 -0.19295 0.03086 -0.03111 0.63705 0.00428 0.08816 0.15637 0.26296 0.08773 -0.31187 -1.18485 0.77317 0.02682 0.03469 -0.08277 0.10207 0.41126 0.13128 -0.30879 0.01407 -0.27408 -0.51264 -0.25883 0.45672 0.01498 -0.40999 -0.04914 0.33597 -0.31584 -0.56194 -0.52058 0.50582 -1.29260 -0.48169 -0.84170 0.74516 1.39983 -0.77521 
0.05358 -0.04588 0.05388 -0.18010 0.32861 -0.03709 -0.01521 -0.39666 -0.11118 -0.42216 -0.46887 -0.28077 0.17367 -0.24204 0.00238 0.20772 -0.09888 -0.01000 -0.28373 0.09309 -0.71642 -0.25686 -0.70364 0.38121 0.66474 -0.45705 -0.21706 -0.59297 -0.05114 -0.11629 -0.52638 -0.39765 0.20400 -0.23730 0.67832 0.01965 -1.24972 -1.55494 1.63064 
-0.27987 -0.19057 0.23858 -0.12998 0.62705 -0.27945 0.18125 -0.56005 0.00610 -0.61591 0.06934 -0.52011 0.31612 -0.19024 -0.55828 -0.13391 -0.01422 -0.11511 -0.26637 -0.10479 -0.22323 0.40423 -0.49299 -1.50855 -1.09822 1.64562 0.49712 -0.05117 -0.42499 0.00638 0.29237 0.46510 -0.22212 0.83700 0.21405 0.44369 -0.89246 -0.25339 1.38107 
-0.13666 -0.60416 -0.08002 -0.19431 0.21350 -0.30346 -0.12001 -0.61990 0.29305 -0.91514 -1.97742 -1.37899 1.81928 0.25509 -0.04879 -0.21727 -0.09250 0.28237 0.18138 -0.12902 0.12058 -0.04282 -0.25995 -0.51125 0.41135 0.92402 0.23666 0.97685 0.45378 0.14499 -0.10376 0.40177 0.29254 0.51246 -0.65178 1.16700 3.98436 1.92888 -3.50870 
-0.02478 -0.23936 0.02131 -0.22248 0.90941 -0.09807 0.05223 -0.43947 -0.03672 -0.87586 -0.44191 -0.10876 1.24014 0.04642 0.41857 0.31988 0.13077 -0.21887 0.13540 0.18775 0.28922 -0.24755 0.67401 2.47580 0.83066 -1.86308 -0.30458 0.14436 0.13620 0.12556 -1.15038 -0.06966 0.58426 0.36599 -0.19052 0.84841 1.12421 -0.46368 -1.85471 
-0.09024 -0.18559 0.23985 -0.06354 -0.00537 -0.16806 0.06774 -0.33068 0.04550 -0.24113 0.49838 -0.54833 -0.04380 -0.04949 0.09557 -0.08106 0.03307 -0.86801 0.11172 0.45524 0.48657 -0.23333 0.58846 0.61296 -0.05233 -0.93068 0.05769 -0.86121 -0.94644 -0.10837 0.76395 0.01498 -0.46027 0.08934 0.31974 -0.87734 -1.83547 -0.15903 1.71085 
-0.07427 -0.14378 -0.05975 -0.18941 0.04140 0.01365 0.50747 0.04710 -0.27005 -0.28740 0.17105 -0.16108 0.30946 0.10412 -0.44264 -0.62656 0.02240 0.54508 0.15038 -0.27253 0.37857 0.07219 -0.20333 0.64033 0.67163 -0.15223 0.41653 -1.50252 -0.70921 -0.06831 2.14228 -0.35147 -0.71465 -2.13523 -0.09967 -0.61553 1.11011 -1.24303 -0.25909 
0.01388 -0.62823 -0.38671 -0.04114 0.53970 -0.01768 -0.20479 0.04789 0.11769 -0.44446 1.13871 0.12330 -0.19603 0.36703 -1.40694 -0.79027 -0.03524 1.27427 -0.23975 -0.25942 -1.64866 -0.33300 -0.02707 1.72307 -1.29535 -1.18977 0.12510 -0.33459 0.14663 -0.12855 0.60768 -0.20312 0.96460 -1.18812 0.25455 0.25956 -0.94103 -1.45599 0.76067 
0.29276 -1.55073 -0.85003 -0.22465 1.31567 -0.22610 0.24805 -1.60156 -0.60305 -0.31447 1.89411 -1.45644 -0.88031 0.22921 -0.77723 -0.47994 -0.10615 1.15275 -0.05273 0.69207 -0.80956 0.32674 0.05623 -0.30070 -0.78437 0.60844 -0.73313 2.34178 1.21998 0.36838 -1.69996 0.61085 0.17138 1.88796 0.27385 -0.71960 -2.60678 3.06163 2.24343 
0.24309 -1.40546 -0.86665 -0.14728 1.69245 -0.07041 0.48728 -0.76167 0.44443 -0.38823 0.83801 -0.66107 0.41242 -0.36610 0.93484 0.42970 0.33315 -0.42570 0.37110 -0.08804 0.23930 -0.05915 -0.74667 -0.88371 1.76627 1.05366 -0.50488 2.00429 1.30440 0.28298 -2.55633 -0.00425 -1.14657 1.27677 -0.48639 -0.13204 -0.81234 0.94911 -0.61538 
-0.07334 -0.61589 -0.42032 0.10850 0.88997 0.14500 0.16001 -1.36226 -0.66221 -1.06114 1.01040 0.30984 0.17336 -0.27566 1.22706 0.82446 0.17683 -1.40358 -0.05699 -0.45450 0.46722 -0.15965 -0.07581 -1.11304 0.16475 -0.00694 0.43604 -0.41921 0.06439 -0.56748 -0.40436 -0.49662 0.03438 1.12937 0.70331 1.56134 0.14815 -2.21437 -0.99455 
-0.03257 -0.17840 -0.04218 0.02955 0.28888 -0.12739 0.03278 -0.29445 0.28478 -0.46404 -0.27502 -0.49632 0.40548 0.06995 0.51563 0.49409 -0.23434 -0.83005 -0.12552 -0.05366 1.36867 0.64415 0.81467 -0.73556 -0.44809 0.05911 0.40748 -1.02464 -0.61400 -0.33827 0.96236 0.13429 0.95750 -0.36977 0.03379 0.39872 0.81762 0.07957 0.28673 
-0.00340 -0.10026 0.07377 -0.12584 0.05992 0.01948 0.10635 0.00641 -0.01805 -0.24647 0.27484 -0.13825 0.23247 0.13182 0.20242 0.21046 -0.16143 -0.44122 0.07730 0.50299 0.09745 -0.12586 0.32290 -0.29542 0.24432 0.27980 -0.09951 -0.51517 -0.49296 0.23528 0.69031 0.11335 0.15628 -1.56063 -0.44607 -0.71026 0.40504 0.55242 0.01936 
0.09925 0.02401 0.16828 -0.13188 -0.15234 -0.05009 0.53577 -0.19700 0.15892 -0.14114 -0.57044 -0.25200 0.68528 -0.02956 0.00045 0.00113 0.00094 -0.13974 -0.01217 0.10261 -0.19196 0.19808 0.10441 -0.33052 0.10433 0.07847 -0.21879 -0.42905 -0.58401 0.25047 0.81560 -0.01184 -0.60442 0.26666 -0.31555 -0.65085 0.57500 -0.08520 -0.17842 
-0.03296 -0.09981 0.07490 -0.12489 -0.07982 0.00731 0.20896 -0.18555 0.18003 -0.14206 -0.05568 -0.03392 0.31094 -0.08697 -0.22664 -0.37355 0.08903 0.37438 0.06546 -0.10143 0.36411 -0.44141 -0.32795 0.27958 0.15912 0.10138 0.04986 0.03401 0.00176 0.10833 0.39063 -0.02429 -0.08927 0.36240 -0.31170 -0.15717 0.44408 -0.34050 -0.08498 
0.01227 -0.20263 -0.20527 -0.04285 0.22204 0.01537 0.43434 0.16710 -0.28249 -0.46908 -0.29086 -0.09288 0.78665 0.02030 0.03446 0.00289 0.10927 0.25089 -0.03646 0.01335 0.17044 -0.11362 -0.05276 0.11355 -0.23617 -0.00650 0.06729 0.39439 0.65130 -0.09279 -0.54977 -0.13692 -0.28339 -0.55354 0.69084 0.62390 0.33406 -0.23424 -0.80866 
-0.01266 -0.06535 0.07779 -0.01562 0.17107 -0.02915 0.22231 -0.01511 0.06641 -0.19482 0.05787 -0.27009 0.30444 -0.01968 0.16775 0.27775 -0.00376 -0.17539 -0.07146 -0.38482 -0.18943 0.24943 0.29595 0.61365 -0.07513 -0.70728 0.01906 -0.01148 -0.01355 -0.15941 -0.28734 0.00123 -0.09055 -0.32503 0.18805 0.10173 -0.02862 0.33015 -0.14859 
-0.00741 -0.03488 0.07248 -0.04661 0.04665 -0.05609 0.04952 -0.02233 -0.03306 -0.17313 0.32279 -0.16801 0.07937 0.03936 0.02298 -0.01066 -0.05014 -0.03644 -0.03522 -0.07720 -0.15459 0.07443 0.04897 0.08493 0.09398 -0.15509 0.04339 -0.16480 -0.30362 0.01130 0.19345 0.09220 0.40803 0.10928 -0.11341 -0.20198 -0.81953 0.13074 0.73591 
0.02670 -0.04237 0.06713 -0.06576 0.13462 -0.06437 0.14510 -0.16970 0.14083 -0.14586 0.14280 -0.17611 0.14935 0.02370 0.00295 -0.02587 0.00754 0.01806 0.02074 0.02321 -0.08015 0.13602 0.09398 -0.20589 0.05561 0.02863 -0.03883 -0.03162 0.02089 0.04470 0.00439 0.04634 0.04550 0.14442 -0.03698 -0.04432 -0.04090 -0.08311 0.16181 
