0.02256 -0.02005 0.05422 -0.04858 0.10367 -0.03505 0.12890 -0.06937 0.10354 -0.14039 0.05687 -0.09621 0.09285 0.00114 0.00219 0.00484 0.00855 -0.00355 -0.00331 -0.03293 -0.00245 0.02366 0.02572 0.00168 -0.01403 -0.00710 -0.00048 -0.00079 0.00208 0.00170 -0.01068 0.00314 -0.00059 -0.00470 0.00640 -0.00090 -0.00064 -0.00391 0.00889 
0.02270 -0.01990 0.05288 -0.04669 0.09904 -0.03367 0.12588 -0.06940 0.10632 -0.14714 0.06018 -0.10139 0.09637 0.00000 0.00000 0.00000 0.00000 0.00000 0.00000 0.00000 0.00000 0.00000 0.00000 0.00000 0.00000 0.00000 -0.00128 -0.00235 -0.00350 -0.01044 0.00818 0.00193 0.03595 0.00249 -0.02643 -0.01896 -0.00499 0.01921 0.00357 
0.02256 -0.02005 0.05422 -0.04858 0.10367 -0.03505 0.12890 -0.06937 0.10354 -0.14039 0.05687 -0.09621 0.09285 -0.00014 -0.00015 0.00135 -0.00189 0.00463 -0.00138 0.00302 0.00004 -0.00278 0.00676 -0.00330 0.00518 -0.00352 -0.00118 -0.00049 0.00238 0.00056 -0.00718 0.00197 0.00232 -0.00497 0.00464 0.00377 -0.00285 -0.00089 0.00762 
0.02256 -0.02005 0.05422 -0.04858 0.10367 -0.03505 0.12890 -0.06937 0.10354 -0.14039 0.05687 -0.09621 0.09285 -0.00118 -0.00049 0.00238 0.00056 -0.00718 0.00197 0.00232 -0.00497 0.00464 0.00377 -0.00285 -0.00089 0.00762 0.00029 0.00031 -0.00269 0.00377 -0.00925 0.00277 -0.00604 -0.00008 0.00555 -0.01351 0.00660 -0.01036 0.00705 
0.02138 -0.02054 0.05660 -0.04802 0.09649 -0.03308 0.13121 -0.07434 0.10818 -0.13662 0.05402 -0.09710 0.10047 0.00014 0.00015 -0.00135 0.00189 -0.00463 0.00138 -0.00302 -0.00004 0.00278 -0.00676 0.00330 -0.00518 0.00352 -0.00633 0.00093 0.00062 -0.00914 0.04907 -0.01407 0.00057 0.01223 -0.01078 0.02558 -0.01784 0.01868 -0.00676 
0.02270 -0.01990 0.05288 -0.04669 0.09904 -0.03367 0.12588 -0.06940 0.10632 -0.14714 0.06018 -0.10139 0.09637 -0.00751 0.00044 0.00300 -0.00858 0.04189 -0.01210 0.00289 0.00726 -0.00614 0.02935 -0.02069 0.01779 0.00087 -0.45695 -0.39871 1.34691 -0.32483 -1.39169 0.06408 1.56088 -1.37073 0.54803 0.65534 -0.38172 -0.67764 1.09193 
0.01387 -0.02010 0.05960 -0.05661 0.13838 -0.04518 0.13410 -0.06708 0.10203 -0.10726 0.03333 -0.07931 0.10134 -0.45680 -0.39856 1.34556 -0.32294 -1.39631 0.06546 1.55786 -1.37077 0.55081 0.64858 -0.37842 -0.68283 1.09545 -1.19197 -1.18492 3.31020 -0.46888 -1.43619 -0.33819 5.26240 -3.01510 0.71202 1.19009 -0.04683 -1.36530 0.33378 
-0.43410 -0.41846 1.39844 -0.36963 -1.29727 0.03179 1.68374 -1.44017 0.65712 0.50144 -0.31824 -0.78422 1.19182 -1.19948 -1.18448 3.31320 -0.47746 -1.39430 -0.35029 5.26528 -3.00785 0.70587 1.21945 -0.06753 -1.34751 0.33465 0.30226 -0.07578 -0.79040 0.76074 0.03363 -0.19276 0.06513 1.15046 -0.77824 -0.61848 0.57677 0.26487 -1.11820 
-1.18561 -1.20459 3.37279 -0.53407 -1.25592 -0.39547 5.39938 -3.07493 0.80791 1.11218 -0.03420 -1.42683 0.43599 -0.15455 -0.47433 0.55516 0.43780 -1.36268 -0.12730 1.62299 -0.22031 -0.22744 0.03011 0.19835 -0.41796 -0.02275 2.39841 2.36488 -6.62175 0.97057 2.72840 0.71566 -10.53733 6.00062 -1.38282 -2.47768 0.15302 2.66144 -0.64108 
-0.58865 -0.89279 1.95360 0.06816 -2.65995 -0.09551 3.30673 -1.66048 0.42968 0.53155 -0.11989 -1.20218 1.16908 1.19893 1.18040 -3.30855 0.49311 1.33410 0.36537 -5.27205 2.99277 -0.67695 -1.25824 0.08549 1.31393 -0.30643 0.76316 1.34839 -2.45472 -0.55710 4.13531 0.18458 -4.79251 1.81032 -0.10276 -0.69063 -0.02690 1.53055 -1.05492 
0.01332 -0.02419 0.06424 -0.04096 0.07818 -0.03010 0.12734 -0.08216 0.13096 -0.14606 0.05129 -0.11290 0.12956 0.60862 0.87406 -1.89956 -0.11931 2.77263 0.05727 -3.16951 1.59001 -0.33019 -0.66052 0.17145 1.11259 -1.07766 -1.18899 -1.17657 3.29824 -0.49958 -1.31211 -0.36914 5.27070 -2.97971 0.65130 1.25924 -0.07770 -1.30026 0.27098 
0.01997 -0.01873 0.05404 -0.05114 0.11268 -0.03824 0.13722 -0.07048 0.09949 -0.12898 0.05156 -0.08959 0.09141 0.00994 0.00383 -0.01032 -0.00648 0.02199 -0.00378 -0.00134 0.01306 -0.02565 0.00100 0.00779 0.01366 -0.03545 -0.60603 -0.87538 1.89974 0.12187 -2.78164 -0.05409 3.16119 -1.58889 0.33425 0.64911 -0.16614 -1.11922 1.07910 
0.02326 -0.02035 0.05392 -0.04744 0.10017 -0.03388 0.12599 -0.06910 0.10530 -0.14506 0.05908 -0.09924 0.09411 0.00259 -0.00132 0.00018 0.00256 -0.00901 0.00319 -0.00832 0.00111 0.00405 -0.01141 0.00531 -0.00663 0.00144 -0.01648 -0.01837 -0.01111 0.02526 0.02183 -0.00280 -0.03985 0.00333 0.05961 -0.04289 -0.03117 -0.01526 0.09468 
0.02256 -0.02005 0.05422 -0.04858 0.10367 -0.03505 0.12890 -0.06937 0.10354 -0.14039 0.05687 -0.09621 0.09285 -0.00654 -0.01453 -0.02143 0.01878 0.04382 -0.00658 -0.04119 0.01639 0.03395 -0.04189 -0.02338 -0.00159 0.05924 -0.00593 0.00052 0.00587 -0.00316 -0.00349 0.00137 0.00663 -0.00721 0.00218 0.01693 -0.00834 0.00039 0.01509 
0.01672 -0.03489 0.03249 -0.02865 0.14399 -0.04046 0.08480 -0.05271 0.13926 -0.18694 0.03570 -0.10083 0.15335 -0.00334 -0.00080 0.00605 -0.00060 -0.01250 0.00456 -0.00170 -0.00610 0.00623 0.00552 -0.00303 -0.00624 0.01653 0.01239 0.02937 0.04316 -0.03871 -0.08415 0.01199 0.08529 -0.03305 -0.06967 0.08844 0.04455 0.00621 -0.11974 
0.01921 -0.02085 0.06027 -0.04918 0.09117 -0.03049 0.12720 -0.07547 0.10978 -0.13487 0.05384 -0.10245 0.10938 0.00584 0.01483 0.02173 -0.01993 -0.04032 0.00541 0.04410 -0.01666 -0.03571 0.04655 0.02117 0.00462 -0.06050 0.00739 0.00130 -0.01240 0.00233 0.02150 -0.00794 0.00049 0.01247 -0.01071 -0.01571 0.00828 0.00945 -0.03179 
0.02256 -0.02005 0.05422 -0.04858 0.10367 -0.03505 0.12890 -0.06937 0.10354 -0.14039 0.05687 -0.09621 0.09285 0.00405 0.00050 -0.00635 0.00174 0.00900 -0.00339 -0.00121 0.00637 -0.00447 -0.01019 0.00524 0.00321 -0.01526 0.00945 -0.02925 0.01180 -0.01181 0.09979 -0.02767 0.03228 -0.03088 0.10371 -0.15136 0.01836 -0.07633 0.12051 
0.02326 -0.02035 0.05392 -0.04744 0.10017 -0.03388 0.12599 -0.06910 0.10530 -0.14506 0.05908 -0.09924 0.09411 0.01529 -0.01441 0.03353 -0.03173 0.05946 -0.02226 0.07638 -0.04754 0.06800 -0.10481 0.03953 -0.07171 0.06001 -0.00405 -0.00050 0.00635 -0.00174 -0.00900 0.00339 0.00121 -0.00637 0.00447 0.01019 -0.00524 -0.00321 0.01526 
0.03785 -0.03447 0.08776 -0.08031 0.16313 -0.05731 0.20528 -0.11691 0.17154 -0.24520 0.09640 -0.16792 0.15286 0.00000 0.00000 0.00000 0.00000 0.00000 0.00000 0.00000 0.00000 0.00000 0.00000 0.00000 0.00000 0.00000 -0.03106 0.02804 -0.06499 0.06516 -0.12961 0.04766 -0.15335 0.09038 -0.12960 0.20872 -0.07969 0.13950 -0.11113 
0.02326 -0.02035 0.05392 -0.04744 0.10017 -0.03388 0.12599 -0.06910 0.10530 -0.14506 0.05908 -0.09924 0.09411 -0.01577 0.01362 -0.03146 0.03343 -0.07015 0.02540 -0.07697 0.04284 -0.06160 0.10391 -0.04017 0.06779 -0.05112 -0.00789 -0.00573 -0.00284 -0.02077 0.00464 -0.01698 0.01219 -0.02951 -0.01984 -0.00426 -0.02640 -0.00049 -0.00806 
0.02208 -0.02084 0.05630 -0.04688 0.09299 -0.03190 0.12831 -0.07407 0.10994 -0.14129 0.05623 -0.10013 0.10174 -0.00789 -0.00573 -0.00284 -0.02077 0.00464 -0.01698 0.01219 -0.02951 -0.01984 -0.00426 -0.02640 -0.00049 -0.00806 0.01311 -0.01717 0.02924 -0.02903 0.09466 -0.03226 0.05006 -0.03171 0.08241 -0.11543 0.02954 -0.07307 0.07185 
0.01537 -0.02608 0.05108 -0.06820 0.10481 -0.05086 0.13818 -0.09860 0.08546 -0.14932 0.03269 -0.09973 0.08606 -0.00266 -0.00355 -0.00221 0.00440 0.02451 -0.00686 -0.02691 0.01113 0.02080 -0.01152 -0.01063 -0.00528 0.02073 0.01578 0.01146 0.00569 0.04153 -0.00928 0.03396 -0.02437 0.05901 0.03968 0.00852 0.05279 0.00099 0.01612 
0.01942 -0.02439 0.05409 -0.04248 0.11750 -0.03876 0.10140 -0.06294 0.13074 -0.15281 0.04560 -0.10541 0.12246 0.00789 0.00573 0.00284 0.02077 -0.00464 0.01698 -0.01219 0.02951 0.01984 0.00426 0.02640 0.00049 0.00806 0.01772 -0.00362 0.03723 -0.04439 0.00610 -0.00615 0.14306 -0.08081 0.02775 -0.06758 0.05410 -0.05084 0.02087 
0.02326 -0.02035 0.05392 -0.04744 0.10017 -0.03388 0.12599 -0.06910 0.10530 -0.14506 0.05908 -0.09924 0.09411 0.01506 -0.00717 0.03502 -0.03999 0.03061 -0.01300 0.11614 -0.06968 0.04856 -0.07910 0.04347 -0.05612 0.04160 -0.00145 -0.01528 0.02381 -0.04471 0.01179 -0.02375 0.06174 -0.07103 0.01069 -0.04922 -0.00987 -0.04201 0.02417 
0.03448 -0.03156 0.08910 -0.08247 0.14811 -0.05177 0.21754 -0.13262 0.17930 -0.23191 0.08907 -0.16152 0.16406 0.00643 -0.00955 0.02666 -0.02395 0.00716 -0.00677 0.04955 -0.04152 0.03053 -0.04496 0.01652 -0.04152 0.03223 -0.01789 0.01102 -0.05262 0.05273 -0.05807 0.01914 -0.15688 0.09844 -0.09692 0.10866 -0.05031 0.07904 -0.09501 
0.02969 -0.02990 0.08058 -0.07138 0.10732 -0.04065 0.17555 -0.11062 0.13583 -0.19002 0.07561 -0.14076 0.12634 -0.00283 0.00385 -0.01761 0.01274 -0.02746 0.00614 -0.04074 0.02876 -0.04837 0.02955 -0.00684 0.02292 -0.05342 -0.01872 0.01698 -0.05177 0.04376 0.00456 0.01337 -0.09256 0.06506 -0.06529 0.14070 -0.03863 0.07876 -0.07532 
0.03165 -0.02771 0.07149 -0.06973 0.12066 -0.04562 0.17680 -0.10386 0.13093 -0.20236 0.08224 -0.13860 0.11064 -0.01228 0.00743 -0.02512 0.01981 0.01171 0.00660 -0.04301 0.02353 -0.03476 0.09574 -0.02210 0.03724 -0.04309 0.00863 -0.00956 0.03615 -0.01811 0.08390 -0.01168 0.08778 -0.03749 0.07480 -0.10711 0.00213 -0.06266 0.10121 
0.01741 -0.02248 0.05547 -0.05157 0.11904 -0.03405 0.13254 -0.08709 0.10107 -0.09427 0.05350 -0.10351 0.08325 0.00580 -0.00571 0.01854 -0.00536 0.05644 -0.00554 0.04704 -0.00873 0.02644 -0.07755 -0.00471 -0.03974 0.04779 0.01301 -0.00390 0.02635 -0.01989 -0.02197 -0.00991 0.05274 -0.01216 0.03619 -0.12232 0.01524 -0.02135 0.05766 
0.03744 -0.03342 0.09003 -0.07509 0.17710 -0.05116 0.22384 -0.11260 0.15737 -0.27992 0.07753 -0.17834 0.15844 0.00073 0.00353 0.00124 -0.00008 -0.01026 -0.00331 0.00973 0.01137 0.00142 -0.02657 -0.00687 0.01589 0.01456 -0.01998 0.01878 -0.05465 0.03302 -0.13338 0.02282 -0.14488 0.05224 -0.07850 0.21241 -0.01374 0.11883 -0.11211 
0.01814 -0.01895 0.05670 -0.05166 0.10878 -0.03736 0.14227 -0.07571 0.10249 -0.12085 0.04664 -0.08762 0.09781 -0.01418 0.01307 -0.03611 0.02765 -0.07693 0.01728 -0.09785 0.04350 -0.05206 0.13486 -0.01845 0.07910 -0.06432 0.00125 -0.00614 -0.00696 0.01079 0.00218 0.00539 -0.03343 -0.00691 0.01928 0.00057 0.01020 -0.03213 0.00641 
0.02326 -0.02035 0.05392 -0.04744 0.10017 -0.03388 0.12599 -0.06910 0.10530 -0.14506 0.05908 -0.09924 0.09411 0.00197 -0.00261 -0.00572 0.01071 -0.00808 0.00207 -0.02371 0.00446 0.02071 -0.02600 0.00333 -0.01624 0.02097 0.01424 -0.01501 0.03084 -0.03632 0.07284 -0.00845 0.11889 -0.04748 0.04582 -0.16488 0.01027 -0.06017 0.08105 
0.02012 -0.02156 0.05098 -0.04094 0.10069 -0.03529 0.11856 -0.07125 0.12320 -0.14685 0.04997 -0.10386 0.11878 0.00005 -0.00194 -0.00526 -0.00866 -0.00409 0.00883 0.02104 -0.00398 -0.00624 -0.03002 -0.00818 0.01893 0.01673 0.00047 0.00412 0.00897 -0.01835 0.01106 -0.00184 0.03404 -0.00258 -0.04037 0.03247 0.00357 0.02388 -0.04689 
0.02331 -0.02229 0.04866 -0.05610 0.09607 -0.02504 0.14704 -0.07307 0.09906 -0.17508 0.05091 -0.08031 0.11084 0.00244 0.00151 0.00324 -0.00764 0.00297 0.00024 0.01034 0.00188 -0.01966 0.00646 0.00690 0.00764 -0.02592 -0.00011 0.00387 0.01053 0.01733 0.00819 -0.01767 -0.04209 0.00796 0.01248 0.06004 0.01635 -0.03786 -0.03345 
0.02256 -0.02005 0.05422 -0.04858 0.10367 -0.03505 0.12890 -0.06937 0.10354 -0.14039 0.05687 -0.09621 0.09285 -0.00005 0.00194 0.00526 0.00866 0.00409 -0.00883 -0.02104 0.00398 0.00624 0.03002 0.00818 -0.01893 -0.01673 0.99692 -2.44887 1.37818 1.34923 0.62951 -0.94481 -2.52480 -1.61815 1.44877 1.64127 -1.12333 -1.96119 1.75108 
0.02326 -0.02035 0.05392 -0.04744 0.10017 -0.03388 0.12599 -0.06910 0.10530 -0.14506 0.05908 -0.09924 0.09411 0.99936 -2.44736 1.38143 1.34159 0.63248 -0.94457 -2.51446 -1.61627 1.42911 1.64774 -1.11643 -1.95354 1.72515 2.53547 -2.66890 0.01672 -0.98422 -0.18955 -1.42031 -0.27528 -1.64707 0.63455 1.32250 -1.14537 -1.57093 1.36885 
1.02192 -2.46742 1.43565 1.29301 0.73615 -0.97962 -2.38556 -1.68563 1.53265 1.50735 -1.05956 -2.04975 1.81800 2.53542 -2.66696 0.02199 -0.97556 -0.18546 -1.42914 -0.29632 -1.64309 0.64079 1.35252 -1.13720 -1.58987 1.35212 0.13535 2.20300 -1.68545 -4.52716 -0.16156 -0.03086 5.52793 1.71025 -3.12098 -0.18674 0.50728 2.71207 -2.40824 
2.55868 -2.68731 0.07591 -1.02299 -0.08529 -1.46302 -0.17033 -1.71219 0.74609 1.20746 -1.07811 -1.68910 1.44623 1.13471 -0.24436 -0.30402 -3.18557 0.47093 -0.97543 3.01347 0.09399 -1.69187 1.46099 -0.60915 0.75853 -0.68309 -3.23218 2.95993 0.38010 0.14706 0.63128 1.12349 0.56027 2.06915 -3.00149 0.29414 -0.05371 2.33998 -2.34614 
2.15663 -2.71178 1.13162 -1.89256 1.20707 -1.95505 0.62791 -1.59164 -0.15922 2.96834 -1.66871 -1.29123 1.13491 -0.69676 0.29297 0.40209 -0.82849 0.44582 -0.30565 0.26395 0.42605 -2.36070 1.64666 -1.19091 0.75011 -0.99402 -1.42917 0.91270 -0.77283 3.20343 -2.08139 1.06610 -2.74782 -0.22060 0.15816 -3.94070 0.08702 -0.73987 -0.21262 
1.86191 -2.39434 0.47800 -1.85149 0.36053 -1.76867 0.09362 -1.28614 -1.61461 2.85412 -2.26902 -0.93899 0.45221 -0.29446 0.66833 -1.07685 0.01785 -1.61046 0.09066 0.26565 -0.12661 -1.53371 -2.47971 -0.52213 0.01866 -0.89571 1.29734 -0.15260 -0.60750 0.22418 0.48034 -0.01210 1.48869 -1.83012 3.01325 -4.27339 1.09678 -0.92349 0.08350 
1.86217 -2.04345 0.05477 -1.87471 -0.40339 -1.86438 0.89356 -1.71826 -1.69293 0.48863 -2.19084 -1.27257 0.23920 0.60058 0.14037 -0.20540 -0.60431 0.92616 -0.31775 1.75264 -1.40406 0.65255 -2.62674 -0.09413 -0.17338 -0.91052 0.59337 -0.75151 0.86462 -0.80606 3.13081 -0.68017 1.05092 -1.01676 1.69105 2.21135 0.18149 0.03677 -0.03691 
2.46249 -2.25397 0.27260 -2.45580 1.28669 -2.08642 1.84626 -2.69020 -0.96206 0.22738 -2.36315 -1.11237 -0.45831 0.29891 -0.08318 -0.21224 -0.78821 1.52035 -0.58951 1.31658 -1.14338 0.15734 -0.26836 -0.34064 0.05543 -0.93262 -0.61044 0.00455 0.15343 0.89069 -0.39111 0.09657 -0.75674 1.49768 -0.71561 3.09014 -0.18661 0.65235 1.39865 
2.16108 -2.12663 -0.15746 -2.66292 1.11697 -2.45389 2.21014 -2.86163 -1.53559 0.22028 -2.53148 -1.21714 -0.69342 -0.00986 0.14491 -0.05198 0.28638 0.53505 -0.22118 0.99590 0.09362 -0.06305 0.46340 -0.28074 0.47897 0.48813 -0.10337 -0.06038 0.12870 1.20802 -2.47562 0.74230 -1.44826 0.85243 0.63305 -1.08662 -0.09654 0.20811 0.87021 
2.45263 -2.10905 0.22062 -2.16942 1.82174 -2.30760 2.84216 -2.59658 -1.02511 0.69078 -2.64389 -0.63339 0.02982 0.19553 -0.14356 -0.08353 0.41981 -0.95526 0.15279 -0.13168 -0.29095 0.79039 -1.35498 -0.43718 0.26354 -0.06241 -0.28974 -0.20920 -0.26195 -0.40678 -1.11048 -0.03504 -1.34843 -0.34975 -0.13098 -2.16653 0.25339 -1.28370 -0.70125 
2.35661 -2.27019 -0.24100 -2.24311 0.16170 -2.30110 2.07847 -3.15259 -0.74520 -1.13470 -2.96866 -0.95360 -0.75583 -0.29960 -0.06428 -0.31393 -0.12040 -0.57543 -0.25622 -0.35253 -0.25613 -0.19403 -1.70312 -0.02735 -0.80472 -0.21312 -0.60901 0.51160 -0.05362 0.03073 1.13828 0.17201 -0.45446 1.00971 -1.46483 2.29801 0.54238 -0.32674 0.56056 
2.15304 -2.17334 -0.09331 -2.28982 1.24631 -2.56382 2.48963 -2.85272 -1.21914 -1.01234 -2.67124 -1.43812 -0.18330 -0.41347 0.36804 -0.13715 0.45054 0.18301 0.32480 -0.58613 0.71876 -0.67445 0.94303 0.10520 -0.06320 0.49815 0.05020 0.34491 -0.40361 0.61943 -0.63298 0.70497 -0.99317 0.32912 0.15817 1.69833 -0.02323 1.17912 -0.20495 
1.94314 -1.90215 -0.37815 -1.79257 0.34471 -1.97630 1.49233 -2.43383 -1.41965 -0.19166 -2.86346 -1.01680 -0.25768 -0.24939 0.28063 -0.71753 0.49903 -1.20841 0.44875 -1.34570 0.07299 -0.03586 -0.00479 -0.05059 0.37440 -0.41807 0.68582 -0.48889 0.87818 -1.31159 0.97404 -0.44782 0.48062 -1.00723 1.75375 -1.69191 0.61598 -0.54015 0.04925 
1.90364 -1.89271 -0.81084 -1.79079 0.03790 -2.11507 1.14393 -2.77973 -1.25500 -1.01713 -2.72183 -1.06372 -0.60137 0.27235 -0.12085 0.74103 -0.86106 1.15705 -0.12303 -0.10551 -0.28847 1.07930 -0.74887 0.72118 -0.60335 0.54740 0.46673 -0.16731 1.16758 -0.58066 1.54921 -0.19352 0.91660 0.62045 0.56881 1.26289 0.26601 -0.07787 0.97306 
2.21549 -2.02299 0.36287 -2.65362 1.50177 -2.09933 1.38682 -2.72229 -0.34035 -0.94054 -2.14229 -1.62015 0.28972 0.21733 0.11331 0.45005 -0.08163 0.34080 0.25523 -0.42910 0.69344 0.53295 1.25810 0.21542 0.29653 0.55500 -0.37050 0.41402 -1.36877 2.05030 -2.20374 0.25401 0.55681 0.43592 -1.42644 2.81239 -1.25100 2.18990 -0.67517 
2.12097 -1.77940 -0.36080 -1.87242 0.37871 -1.85984 0.71483 -2.08629 -0.72206 0.24097 -2.50641 -0.76719 -0.04637 -0.09815 0.29318 -0.62774 1.18924 -1.04669 0.13099 0.45130 0.14745 -0.34714 2.06352 -0.52982 1.58656 -0.12777 -0.38054 -0.00930 -0.02206 -0.01702 0.01260 -0.38660 0.95548 -0.98836 -0.70215 -0.31296 0.09308 -0.16853 -0.47168 
2.11734 -1.72982 -0.26487 -1.46438 0.45508 -1.96834 1.83812 -2.57484 -0.68749 1.12298 -2.67211 -0.03359 0.16195 -0.16321 0.10401 0.42799 -0.09866 0.35340 -0.13136 0.52638 -0.29492 -0.16921 0.94514 0.30850 0.12800 0.08331 0.03546 -0.59639 1.49923 -2.52060 1.63131 -0.57282 -1.56134 -0.61952 0.06238 -3.45839 0.99307 -2.80955 -0.08213 
1.95776 -1.67538 0.06719 -1.97108 0.73211 -1.99120 1.24122 -2.38121 -0.89126 1.18610 -2.19791 -0.63920 0.03694 -0.06268 -0.30321 0.87149 -1.33135 0.58462 -0.44183 -1.11004 -0.47206 -0.28477 -1.39488 0.46324 -1.22299 -0.20990 0.21328 -0.37452 0.34860 -0.49226 0.44225 -0.35549 -0.48820 0.02950 0.45956 -1.74907 -0.34506 -0.50840 0.26948 
2.05466 -2.03303 0.60662 -2.79573 1.03970 -2.41017 0.72808 -3.04691 -0.97225 -0.27189 -2.20886 -1.25658 -0.04796 0.05007 -0.27050 0.77659 -0.59091 0.79566 -0.48685 0.03819 -0.26541 0.29036 -0.80394 -0.03656 -0.38041 0.35279 0.12686 0.31289 -0.59103 1.99370 -0.39900 0.42205 1.47679 1.26962 0.89661 1.15397 -0.38942 1.46498 1.03789 
2.00783 -1.94589 0.84378 -2.56199 1.52777 -2.47805 1.27940 -2.64662 -0.60090 0.38217 -2.23447 -1.01961 0.38974 0.06418 0.00968 0.28045 0.66235 0.18561 -0.01978 0.36674 0.79755 0.61185 -0.24090 0.07382 0.24198 0.82799 -0.20149 0.57058 -0.92599 1.48324 -1.32451 1.01956 -1.08160 1.51883 -0.73575 1.41561 0.21285 0.54435 -0.37321 
2.11884 -2.02335 0.88707 -2.13338 1.22531 -2.42995 1.09482 -2.24935 -0.36041 -0.51280 -2.13504 -1.01460 0.78003 -0.15143 0.30007 -0.14940 0.89232 -0.52885 0.53271 -1.04341 1.25341 -0.44539 0.61168 0.17629 0.16394 -0.02042 -0.09596 -0.02431 0.26193 -0.74435 -0.14394 0.11192 -0.89653 -0.57075 -1.18633 1.01954 0.23491 -0.75406 -0.78274 
1.85641 -1.64581 0.69438 -1.66967 0.99892 -1.94534 0.23599 -1.39321 -1.04629 0.99384 -2.05818 -0.85566 0.36932 -0.03178 -0.01463 0.54238 -0.08200 0.04168 0.09214 -0.52978 0.22680 -0.57449 0.77863 0.30873 -0.51208 0.04525 0.24608 -0.28184 0.79978 -0.41790 -0.16358 -0.36386 0.63071 -0.77953 0.48248 -0.78090 0.21328 -0.07995 1.47668 
2.08706 -2.03797 1.42945 -2.21539 1.26699 -2.33781 0.56504 -2.02255 -0.93489 0.26584 -1.82631 -1.52668 0.82527 0.09465 0.01823 0.65038 0.47442 -0.69243 0.16885 -0.41270 0.47388 0.03710 -0.16922 0.38957 0.08400 1.45627 -0.40040 0.31351 -1.22846 1.23318 -1.59104 0.01560 -1.02169 -0.23791 0.56236 -0.67898 -0.51590 0.73684 0.76714 
1.95106 -1.62759 1.34475 -1.19524 0.30648 -1.77649 -0.17671 -0.91933 -1.00919 0.82462 -1.66861 -0.77166 1.82559 -0.43218 0.29888 -0.68608 1.15118 -1.54937 0.10774 -1.55147 -0.01111 -0.01213 0.09965 -0.20717 0.22476 0.81239 -0.27683 -0.39023 -0.21658 -0.77232 1.46405 -0.84086 0.35883 -1.47616 0.31067 -0.61116 -0.27094 -1.54313 -1.20885 
1.65488 -1.73910 0.74337 -1.06421 -0.28238 -2.23007 -0.98643 -2.03366 -0.94702 0.36549 -2.03348 -1.30192 1.63766 -0.18218 -0.37200 0.43379 -0.29789 0.77161 -0.67201 -0.05387 -1.00228 0.34777 -0.78038 0.11863 -1.45913 0.24741 0.26771 -0.78895 1.53428 -1.63804 3.25415 -0.40764 1.44487 -0.10065 -0.07365 -0.77818 0.23034 -1.20502 -0.39821 
1.76888 -1.99959 1.77855 -1.49314 1.07810 -2.44850 -0.23058 -1.92161 -0.66143 0.04424 -1.54998 -2.23079 2.07300 -0.16447 -0.49007 0.84820 -0.48686 1.70479 -0.29990 -0.10660 -0.11176 -0.08578 -0.67853 0.02318 -0.98026 0.41418 -0.10584 0.05620 -0.30500 0.56710 0.04158 1.03456 -0.18482 0.66745 -1.64012 0.79094 -0.26231 2.48790 0.35686 
1.49041 -2.22917 1.59158 -1.55107 1.42241 -2.52997 -1.09304 -2.14542 -1.03281 -0.31304 -2.01030 -2.28217 2.05184 -0.28801 -0.31580 0.12880 0.26920 0.81320 0.36255 -0.23869 -0.33483 -1.29235 0.01056 -0.14368 1.02877 0.60427 0.30423 0.44190 -0.62802 1.10039 -1.26176 0.55440 0.83253 -0.22690 -0.51175 1.35659 0.14788 1.86662 0.42203 
1.48087 -2.31539 1.90734 -1.22394 1.89130 -2.08595 -0.46928 -2.25643 -1.95378 0.05479 -1.69366 -1.20203 2.67727 0.13977 -0.04818 0.22018 0.61353 0.44303 0.25450 0.72593 -0.33866 -0.59754 0.67807 0.17106 0.88637 0.83621 0.55256 0.45164 -0.36178 0.27030 -2.30072 -0.75700 1.32776 -0.06318 1.71598 -0.99727 -0.57615 -1.90033 -0.51773 
1.63018 -2.27735 1.81176 -0.93753 1.86545 -2.27547 -0.36711 -2.48408 -1.63035 0.36503 -1.83924 -1.39581 2.88806 0.26455 0.13583 -0.23299 0.53950 -1.48752 -0.39446 1.08907 -0.39801 0.42363 -0.98672 -0.71983 -0.87156 0.08654 0.25224 0.38949 0.07755 0.14436 -2.00481 -0.26264 0.68999 0.66864 1.53994 -1.21673 -0.31107 -1.09079 -0.63717 
1.74541 -2.17956 1.67435 -0.68444 0.40378 -2.48041 0.61979 -2.65444 -1.53015 -0.93192 -2.41349 -2.07358 2.76381 0.39201 0.34132 0.29773 0.75790 -1.56178 -0.00815 1.41592 0.32999 0.94241 -0.53866 -0.14001 -0.20442 0.19904 -0.07754 0.12739 0.22040 -0.03998 1.57291 0.34099 -1.54552 0.66400 0.49839 1.02700 0.79839 0.33481 -0.38111 
2.02219 -1.93603 2.10949 -0.17964 0.30367 -2.28362 1.04881 -2.15409 -0.68794 -0.17364 -1.97925 -1.60023 3.08710 0.18701 0.26322 -0.01259 0.49951 0.08540 -0.05347 -0.45645 0.26599 0.92202 0.04028 0.07856 -0.53675 -0.29458 -0.28170 -0.32483 -0.66971 -0.46817 1.68941 -0.07558 -1.85170 -0.39578 -0.57654 0.27810 0.62020 -0.98142 -0.45709 
1.93242 -1.91634 1.66177 -0.18493 0.48917 -2.53388 0.16334 -2.38845 -0.60813 -0.89164 -2.33494 -2.61033 2.46923 0.11030 0.01648 -0.37198 0.28972 0.12763 -0.08372 -0.43578 -0.06580 0.36587 -0.26057 0.48020 -1.18585 -0.25805 -0.05924 -0.31415 0.38407 0.02762 -0.59776 0.49376 0.02322 0.00191 -0.65842 -1.03035 1.03836 0.72908 1.14683 
2.13249 -1.91954 1.73751 0.11008 0.43130 -2.36734 0.61303 -2.21989 -0.32207 -0.43421 -1.49905 -2.78607 2.82905 0.12777 -0.05093 0.37148 0.52713 -0.51236 0.44030 -0.43324 0.26789 0.26360 -0.99007 1.11691 0.19233 0.85226 -0.54532 -0.22234 0.83431 -0.13877 0.96027 -0.11775 -0.24727 -0.04641 -1.76533 -0.21640 -0.68771 1.35276 0.18315 
2.06019 -1.96727 2.03325 0.34220 -0.02319 -2.09358 -0.26990 -2.12056 -0.34454 -1.88171 -1.21802 -2.41800 3.32149 -0.43502 -0.20586 0.46233 0.15095 1.08790 -0.20147 -0.68305 -0.11221 -1.39946 -0.47697 -0.20751 0.16692 -0.07490 -0.78411 0.07976 0.62885 -0.62595 3.29025 -1.10070 1.02524 -0.11457 -1.57696 2.58934 -1.18369 -0.73143 -1.20437 
1.69747 -2.12540 2.19983 0.26103 1.51920 -2.56881 -0.07002 -2.33210 -1.72153 -0.91117 -1.70656 -2.61915 2.75415 -0.65634 0.02883 1.00033 -0.09882 2.77788 -0.66040 0.59201 0.15332 -1.31336 1.59927 -0.06678 -0.53910 -0.35211 -0.08376 0.42448 0.56161 -0.19045 0.28317 -0.06571 0.41169 0.26563 0.00896 0.45972 0.49799 -1.23913 0.72242 
1.40385 -1.93845 3.03358 0.24338 2.75470 -2.75398 0.32211 -1.96724 -1.65790 -0.28244 -1.28480 -2.95711 2.96938 -0.51878 0.21863 1.02394 -0.03950 1.37107 -0.26718 -0.27136 0.15343 -1.39051 -0.01724 0.29048 -1.07221 0.64752 0.40464 0.05251 -0.98440 0.25430 -3.44196 0.48993 -1.93879 -0.73942 -0.76152 -3.14125 -0.40402 -0.42257 0.71209 
1.17868 -1.90677 3.22377 0.22153 2.89027 -2.83599 -0.34138 -2.17867 -3.11204 -0.92842 -1.41608 -3.69137 3.40167 -0.25170 0.08133 0.01593 0.15548 -0.66408 -0.17047 -1.34678 -0.58610 -2.07488 -1.54198 -0.47081 -0.96168 0.35998 0.73471 -0.00443 -1.10282 0.47856 -1.37395 0.27628 0.06676 0.02297 1.45751 0.15193 -0.74385 1.13819 -0.82417 
1.15215 -1.85711 3.04951 0.39887 2.09062 -2.92445 -1.02467 -2.55333 -3.73278 -1.82441 -1.75561 -3.91878 3.32935 0.21593 0.21420 -0.07888 0.43905 -0.00288 0.00909 -0.20460 0.17639 0.06701 0.13469 -0.45337 0.06598 -0.17665 0.59815 0.32940 -0.29093 0.32161 1.04393 0.48962 1.60584 1.73901 3.71928 2.64817 0.63004 1.43945 -0.56313 
1.39461 -1.69258 3.14490 0.66059 2.88739 -2.82690 -0.54599 -2.00228 -3.04503 -0.79372 -1.86944 -3.62539 3.22502 0.34645 0.41074 -0.27500 0.47709 0.37985 0.31914 0.25905 1.15292 1.64440 1.10619 0.15924 0.47778 -0.20315 -0.09742 0.20326 -0.57250 0.04964 -1.67360 0.35884 -0.16227 0.06937 1.93609 0.13461 0.76500 -0.20502 -0.83433 
1.49860 -1.44638 2.77451 0.87596 2.47046 -2.60531 -0.76562 -1.40041 -2.08838 -0.71822 -1.59637 -3.44101 3.12621 0.11851 0.41746 -0.65138 0.48869 -1.67648 0.36793 -0.36687 0.24576 2.00310 0.26930 0.31164 -0.13904 -1.01098 -0.32407 0.02448 -0.30664 0.57981 -2.38468 0.25698 0.11320 -1.54579 -0.07240 -0.98887 -0.09762 -1.17295 -0.85821 
1.51312 -1.27512 2.49351 1.14928 1.21091 -2.45897 -0.91286 -1.75652 -1.04192 -0.52443 -1.55781 -3.76442 2.21404 0.02237 0.43522 -0.58164 1.05691 -2.00484 0.57612 0.37225 -0.39287 1.57200 0.11732 0.06161 -0.69518 -1.06136 -0.37374 0.22556 0.21334 0.18553 1.75849 0.82331 0.74008 -0.04806 -1.67252 -3.21171 -0.20744 0.45580 -0.29644 
1.52098 -1.01116 2.19287 1.93287 0.46562 -2.02919 -0.39336 -1.79329 -0.51637 -0.60089 -1.53476 -4.13618 2.06485 -0.25524 0.64302 -0.43804 0.67422 0.08201 1.19124 0.37321 0.19770 0.33058 -2.94241 0.10420 0.31677 -1.30742 -0.48371 0.11044 -0.56736 -2.08504 2.97200 0.68798 0.10098 1.49064 -0.80297 -2.33757 0.71355 3.00011 0.71632 
1.25789 -0.63209 2.05547 1.82349 1.29292 -1.26772 -0.53965 -1.55882 -0.71134 -3.46684 -1.45360 -3.44766 0.90661 -0.46133 0.54566 -1.14900 -1.02814 0.96716 1.26410 0.47324 1.09777 0.76903 -2.22025 0.77516 2.30494 -0.34504 -0.28172 -0.37038 -1.17957 -2.14830 0.19858 -0.83912 -1.19049 0.52079 0.64079 3.19474 0.18309 1.13817 1.43443 
1.05964 -0.46549 1.04387 0.90473 1.43278 -0.76509 0.07988 -0.69552 0.25265 -2.82114 -0.75960 -1.83125 1.71981 -0.53695 0.27265 -1.61761 -1.47408 0.28059 0.35212 -0.81728 0.71849 0.97137 0.25233 0.28729 1.45494 0.12700 0.22577 -0.20032 0.73508 0.34047 -1.12757 -1.18731 -2.28083 -1.53247 -1.00524 1.92558 -1.31342 -1.82677 0.12633 
0.72093 -0.35944 0.43786 0.34941 1.57351 -0.91561 -1.35693 -0.84033 0.26003 -3.21450 -1.16631 -1.99272 1.03361 -0.23557 0.34535 -0.41392 -0.68766 -0.16041 0.07679 -1.80759 -0.43471 -0.23621 -0.29467 -0.53826 0.47816 -0.21872 -0.10024 -0.01542 1.69887 1.29949 -1.20000 0.16421 1.04870 -0.76683 -1.59984 1.34578 0.41946 -0.06765 -0.67999 
0.82408 -0.12015 0.62995 0.21707 1.27237 -0.68829 -1.72771 -1.13023 0.01644 -3.11582 -1.29787 -1.35308 1.50109 -0.63720 0.25723 0.08126 -0.17459 -0.91941 0.51633 0.23142 -0.04834 -0.62847 1.59812 0.70675 1.38728 -0.55298 -0.66662 -0.26551 0.02666 0.26604 -0.88305 0.48149 4.27512 0.51602 -0.47527 3.06941 1.60875 0.53139 -1.29296 
0.08373 -0.10222 0.51912 0.17482 0.65410 -0.39928 -1.12552 -0.88867 -0.36843 -1.61639 -0.45956 -0.60544 0.48063 -0.90218 0.07983 -0.38726 -0.42163 -1.04346 0.55828 2.46753 0.08131 -0.71148 2.77473 1.07048 1.00955 -1.51167 -0.34735 -2.82623 1.44767 -1.12507 3.09179 -0.38960 2.11156 -0.07082 2.02929 -3.51066 0.51660 -2.16661 1.87069 
-0.07810 -0.04031 0.24269 -0.20456 0.22891 -0.13001 0.73981 -1.04892 -0.69504 -0.34108 -0.22738 -0.34353 -0.01058 -0.98455 -2.56900 1.52893 -1.29966 2.17239 0.12673 2.34298 -0.11916 1.40083 -1.91255 1.22335 -0.77933 1.31771 -0.55811 -2.02397 3.63254 -2.37292 3.94922 -1.56292 -1.56643 -0.32280 4.15987 -5.40612 -0.93797 -1.11184 3.17006 
-0.90081 -2.67122 2.04805 -1.12485 2.82649 -0.27255 1.21746 -1.00783 1.03239 -3.52894 0.76379 -1.38477 1.79834 -1.46029 -1.94413 3.24528 -2.79454 2.90576 -1.00464 0.90110 -0.24148 3.44839 -2.63139 0.13251 -0.10229 1.65839 0.65324 2.97356 -0.55798 -0.37626 -1.82453 -0.93651 -1.35008 -0.79241 -0.05673 3.46138 -1.90893 1.44931 -2.32499 
-1.53839 -1.98445 3.48797 -2.99911 3.13467 -1.13465 1.64091 -1.29040 2.75335 -2.97247 -0.09487 -0.44582 1.64781 -0.33130 0.40456 0.97095 -1.67593 0.34785 -0.80977 0.99290 -0.91157 1.34410 1.54883 -0.68558 0.66998 -1.00729 1.57245 1.38063 -4.34294 3.03639 -2.97703 0.76309 -1.29862 -0.04210 -3.89821 3.39389 -0.46353 -0.74477 -2.77007 
-1.23211 -2.26666 3.01900 -2.80078 3.17434 -1.08232 2.21036 -1.91940 2.37649 -1.98011 0.07821 -0.71479 0.79105 0.11216 -0.56350 -1.09766 0.24184 -0.07127 -0.24155 -0.39753 -0.28359 -0.44982 0.76251 -0.33102 -0.84706 -1.11168 0.55906 -0.64169 -1.48854 2.11423 -0.81772 0.79318 -0.73222 1.40894 -2.30967 -0.73834 0.73368 -0.61369 1.77130 
-1.42623 -2.54795 2.39031 -2.75727 3.06340 -1.37619 1.24338 -1.57399 2.30353 -2.20996 -0.42589 -1.29288 0.53612 0.22775 -0.23713 -0.51759 0.43830 -0.46987 -0.01659 0.26068 0.49737 -0.96557 0.81049 0.04810 0.05628 0.76401 0.66026 0.50542 0.43537 0.46438 -0.02532 0.88116 0.95541 0.31114 -1.40784 -0.33478 0.38500 1.01816 1.73644 
-1.00436 -2.50379 2.50141 -2.36248 2.70447 -1.09891 2.47104 -1.42202 1.41092 -1.16962 0.12631 -0.65851 1.55506 0.77242 -0.05808 -0.66229 0.70622 -0.09659 0.63961 0.55788 0.02755 -1.85766 0.42773 0.05399 0.17110 0.62476 0.46706 0.10884 -0.51293 0.60938 0.05919 0.33552 -2.52144 -0.61338 0.28363 -0.63226 -0.37051 -0.76991 -1.71661 
-0.65382 -2.60603 1.72802 -2.05104 2.96681 -0.73658 1.80126 -1.54644 0.44586 -1.78224 -0.37190 -1.12178 1.16088 0.69481 -0.12829 -1.03052 1.04767 -0.41068 0.31893 -2.26075 -0.11601 -0.68194 0.17823 -0.32241 -0.71363 -0.95260 -0.01306 0.36232 0.28487 0.35423 -2.36702 -0.37600 -2.29468 0.39378 2.82731 0.08790 0.62614 -0.05803 -0.72957 
-0.30955 -2.63208 1.47089 -1.31480 2.29379 -0.77998 0.21029 -1.53803 0.72898 -0.99140 -0.19610 -1.37214 0.60246 0.75936 0.30424 -0.37741 1.06046 -2.46361 0.26361 -1.73681 0.42133 0.96965 0.51563 0.68013 0.11307 -0.10481 0.14160 0.69410 0.44230 0.08393 -1.75967 -0.03856 2.36975 0.45342 2.19442 1.28298 0.65292 0.88363 1.31069 
0.10554 -2.30179 1.35061 -0.99059 0.50320 -0.47296 0.06445 -1.12511 1.41552 -1.26661 0.30822 -1.00871 1.05607 0.83641 0.56581 -0.58822 1.13160 -2.17035 0.28036 0.10899 0.33742 1.51248 1.46121 0.33051 0.17000 0.35809 -0.28580 0.05348 -0.97467 0.03231 2.07031 -0.40687 2.22908 -0.71369 -0.36387 1.73106 -0.91988 0.10230 0.52236 
0.52686 -2.06626 0.88267 -0.18320 0.12344 -0.49962 0.31928 -1.20061 2.24146 0.46981 0.13441 -1.20215 0.96055 0.47355 0.35772 -1.35209 1.09277 -0.39330 -0.14325 0.49227 -0.29236 0.60579 2.24669 -0.23975 0.21537 0.41755 -0.82498 0.09585 -0.49927 -0.79549 2.63370 -0.60370 -0.59845 -0.09535 -2.07532 -1.38646 -0.49293 -0.02893 -0.64136 
0.57910 -1.94407 -0.00148 0.10218 0.10991 -0.61622 0.55672 -1.41747 2.02130 0.98008 0.06847 -0.79334 1.47362 0.01143 0.66167 -1.08749 0.33611 0.46335 -0.32333 -0.48946 0.24207 -0.56285 0.07475 -0.16242 0.14107 -0.28327 -0.77803 0.52357 1.07721 -1.13342 1.73197 0.13203 -1.47135 0.69704 -1.64977 -3.19346 0.46339 -0.37267 -1.66767 
0.53829 -1.40460 -0.20482 0.15290 0.58679 -0.82295 -0.17018 -0.95854 1.67861 0.54456 -0.02801 -1.06108 0.67728 -0.30447 0.88130 -0.27487 -0.04066 1.33868 -0.01123 -0.97908 0.40468 -1.04398 -0.94677 0.22364 -0.15730 -1.25012 -0.26211 0.12002 0.97284 -0.15549 1.01560 0.56226 -1.01471 -0.47353 -0.25021 -0.24099 0.59030 0.16886 -0.74682 
0.27462 -1.06277 -0.27635 0.06152 1.44859 -0.62745 -0.42235 -1.01280 0.97732 0.03331 0.29212 -0.95064 0.22351 -0.25068 0.78169 -0.11465 0.18062 1.47895 0.23893 -1.50416 -0.23146 -0.81306 -0.16624 0.42788 0.30992 -1.03008 -0.05244 -0.25671 -0.20560 -0.38236 -1.95441 0.42566 1.17288 0.01821 0.92852 2.13896 -0.05427 0.33794 0.53968 
0.28761 -0.62291 -0.31947 0.33352 2.06574 -0.58402 -1.67434 -1.18999 0.86554 0.37833 0.39986 -0.75116 -0.35280 -0.35691 0.62458 -0.48048 -0.42301 -0.61574 0.41443 0.19381 0.42288 -0.11546 1.19220 0.16937 0.18064 -0.71043 -0.10744 -0.18297 0.33463 -0.71624 -3.35163 0.09137 3.48303 1.31694 0.12973 -0.77385 -0.80973 -0.07040 1.61680 
-0.08229 -0.43819 -0.75683 -0.36149 0.83285 -0.21301 -0.22855 -0.58992 0.86187 1.22551 0.46149 -0.77000 -0.48693 -0.35812 0.59872 0.21998 -0.53562 -1.87268 0.33030 1.97887 1.08548 -0.68333 -0.94008 -0.38186 0.23952 0.58671 0.38388 -0.28392 1.27740 0.77760 0.15794 -0.25792 0.54104 0.18011 -0.71816 -2.79796 -0.63663 0.37181 1.62865 
-0.07051 -0.02419 -0.09949 -0.20209 0.19306 -0.25373 0.30453 -0.10451 0.18221 -0.56176 0.01801 -0.51163 0.23392 0.02696 0.34067 0.79692 0.35459 -0.45780 0.15652 0.73485 0.60299 -0.83361 -1.60576 -0.46726 0.55245 0.91822 0.41232 -0.64840 -0.04352 0.70412 1.84907 -0.20292 -2.30463 -1.06114 0.55886 0.73717 0.30187 -0.26236 -1.09381 
-0.05532 -0.09752 0.04010 -0.00690 0.37505 -0.05650 0.50630 0.01307 0.02826 -0.38025 -0.00577 -0.21755 0.43129 0.05420 -0.04968 0.17646 0.16850 -0.02361 0.12738 -0.32576 0.02434 -0.12447 -0.20292 -0.07999 -0.02284 -0.50710 -0.03037 -0.25652 -0.88520 -0.57012 0.47812 -0.16277 -0.50338 -0.70485 0.60818 1.74771 0.32250 -0.09529 -1.05479 
-0.01631 -0.07387 0.07697 -0.03360 0.16945 -0.12634 -0.02123 -0.08017 0.05774 -0.76467 -0.06198 -0.53447 -0.27318 -0.00341 0.08414 -0.08827 -0.21553 0.02032 -0.00626 0.23147 -0.10187 -0.22543 0.14195 -0.14476 0.45716 -0.13657 -0.90396 0.33737 1.61075 -1.29043 3.03886 -0.71729 1.83119 -1.40197 0.70799 2.17656 0.14472 -0.04230 0.97608 
-0.05873 -0.01338 -0.04818 -0.22243 0.39537 -0.06275 0.73778 -0.08879 -0.19717 -0.23830 -0.15053 0.23961 0.29472 -0.84976 0.28769 1.78721 -1.12193 3.01525 -0.58991 1.50543 -1.37763 0.58352 1.97365 0.06473 -0.06513 0.46898 -0.10461 -0.04919 0.45366 -0.39836 -0.22703 -0.36546 -0.45640 -0.34180 -0.06057 -0.23869 -0.30108 -0.71636 -0.04695 
-0.86607 0.21382 1.86418 -1.15553 3.18470 -0.71625 1.48419 -1.45780 0.64126 1.20898 0.00275 -0.59961 0.19580 -0.10802 0.03496 0.36538 -0.61389 -0.20671 -0.37171 -0.22493 -0.44367 -0.28600 -0.09674 -0.44584 -0.25920 -0.18352 1.69002 -0.53516 -3.54253 2.23513 -6.14371 1.27100 -2.77897 2.67733 -1.03401 -3.15363 -0.14661 0.63398 -0.42420 
-0.16676 0.02158 0.31721 -0.83632 0.18866 -0.43447 0.51285 -0.53246 -0.48317 -0.33504 -0.59637 -0.01959 0.11119 0.84027 -0.24747 -1.75532 1.11319 -3.12846 0.68109 -1.27354 1.29970 -0.45048 -1.17998 -0.08188 0.56885 0.04478 0.27492 -0.07281 -0.62291 1.39281 0.17251 0.74652 -0.09340 0.89429 0.86762 0.32337 1.08465 0.18788 0.17362 
-0.02580 -0.03365 0.10886 -0.04233 0.05624 -0.03516 0.21065 -0.15811 0.19078 0.02900 -0.07913 -0.03075 0.24058 0.16689 -0.03785 -0.25752 0.77892 -0.03419 0.37481 -0.31832 0.45062 0.58162 0.22663 0.63881 -0.07131 -0.00990 -0.79105 0.25553 1.75266 -1.24126 3.09959 -0.76359 1.37246 -1.31914 0.39863 1.17880 0.19121 -0.56386 -0.13944 
0.00014 -0.01627 0.05968 -0.05740 0.15447 -0.05966 0.19453 -0.08184 0.09845 -0.10842 0.04244 -0.09090 0.10129 0.04921 0.00806 -0.00266 -0.12807 -0.02887 -0.08249 0.09892 -0.01944 -0.05185 -0.00118 0.10933 0.00499 -0.09466 -0.14390 0.00658 0.32134 -0.78921 -0.06405 -0.32785 0.39670 -0.53691 -0.39323 -0.31123 -0.71169 0.05013 0.28121 
0.02341 -0.02559 0.10620 -0.17040 0.02737 -0.11765 0.30958 -0.17755 0.13893 0.02782 0.03020 -0.02576 0.14592 0.02300 -0.03127 0.06382 -0.01029 -0.09825 0.04696 0.07838 -0.08629 0.18839 -0.08460 -0.07287 -0.02119 0.27131 -0.07721 -0.01871 -0.00483 0.27278 -0.00990 0.14054 -0.21153 0.18358 -0.11394 -0.15652 0.03593 -0.13140 -0.06280 
0.02313 -0.04754 0.12350 -0.06769 0.05623 -0.01270 0.27291 -0.16813 0.28684 -0.19301 -0.03043 -0.11209 0.37260 -0.02800 -0.01065 -0.00749 0.14472 -0.03877 0.05805 -0.11261 0.16414 -0.16579 -0.15769 0.14526 -0.12640 -0.15745 -0.04438 0.05503 -0.13290 0.00926 0.16982 -0.08492 -0.11669 0.18399 -0.49640 0.07647 0.12676 0.03224 -0.57496 
-0.00459 -0.03623 0.09871 -0.02569 -0.01140 -0.05960 0.19697 -0.01341 -0.02686 -0.12987 0.17545 -0.15216 -0.01154 -0.02138 0.02377 -0.06908 -0.00103 0.07157 -0.03796 -0.03831 0.09770 -0.30801 -0.00813 0.05389 0.01105 -0.30366 0.03589 0.02852 -0.03988 -0.17944 0.23914 -0.05874 0.08101 -0.23039 0.28415 0.22658 -0.30107 0.23040 0.24103 
0.00175 -0.02378 0.05443 -0.06872 0.12780 -0.05065 0.23460 -0.07043 -0.02117 -0.20114 0.02345 -0.10104 0.06894 0.00788 0.01788 -0.04737 -0.03472 0.20037 -0.00069 -0.03159 -0.06625 0.11836 0.06889 -0.15582 0.10399 0.08358 -0.30529 0.10555 0.44310 -0.29021 1.19130 -0.25695 0.43793 -0.35789 0.50558 -0.05659 -0.18978 -0.42451 0.32134 
0.00329 -0.01836 0.05134 -0.06041 0.18898 -0.06030 0.16538 -0.07966 0.09150 -0.06098 0.01963 -0.04817 0.07204 -0.32667 0.12931 0.37402 -0.29124 1.26287 -0.29491 0.39963 -0.26019 0.19758 -0.06472 -0.13589 -0.41346 0.01768 -1.28666 -0.05371 1.20911 -1.37815 2.80085 -0.82851 2.53497 -0.68510 0.53968 0.01315 0.45926 -1.06135 -0.13247 
-0.32492 0.10554 0.42845 -0.35996 1.39067 -0.34556 0.63423 -0.33062 0.17641 -0.26586 -0.11244 -0.51449 0.08663 -1.27877 -0.03583 1.16174 -1.41288 3.00122 -0.82921 2.50337 -0.75134 0.65804 0.08204 0.30344 -0.95736 -0.04889 0.54591 -0.27847 -0.82144 0.55061 -2.31589 0.45036 -0.51374 0.49439 -0.17093 0.07943 0.25583 0.59817 0.15293 
-1.27548 -0.05419 1.21307 -1.47329 3.19020 -0.88950 2.66875 -0.83101 0.74954 0.02105 0.32307 -1.00553 0.02315 0.21924 -0.14915 -0.44742 0.25936 -1.05302 0.15545 -0.11411 0.23421 0.02665 0.01472 0.11993 0.18471 0.17061 2.56035 0.05778 -2.30873 2.83745 -6.15940 1.60911 -4.96475 1.48638 -1.21980 -0.12235 -0.53401 1.99692 0.10432 
-0.10568 -0.04362 -0.01898 -0.10060 0.33765 -0.19011 0.52012 -0.09641 0.20306 -0.25114 0.00749 -0.32978 0.25724 1.28158 0.02194 -1.14699 1.42458 -3.15817 0.77991 -2.46138 0.73503 -0.56176 -0.04031 -0.23057 1.03956 0.05543 -0.08503 0.17247 0.55704 -0.19142 0.87167 0.01562 -0.16810 -0.18198 0.01278 0.20261 -0.02567 0.08147 -0.25754 
0.00610 -0.03225 0.06608 -0.04871 0.03203 -0.10960 0.20738 -0.09598 0.18778 -0.01925 0.09250 0.03403 0.07858 0.13421 0.02331 0.10961 0.06794 -0.18135 0.17107 -0.28220 0.05222 0.03943 0.21733 0.09427 0.26618 -0.08692 -1.27645 -0.01509 1.14905 -1.43395 3.19983 -0.69225 2.41970 -0.72167 0.47216 -0.11973 0.20349 -1.18891 -0.00246 
0.02853 -0.02030 0.09064 -0.03266 0.15631 -0.01904 0.23792 -0.04419 0.24249 -0.03381 0.10175 -0.06361 0.17032 0.00513 0.00686 0.00206 -0.00937 0.04166 0.08766 -0.04168 0.01336 -0.08960 -0.16004 -0.02708 -0.14935 0.05297 -0.14238 -0.02128 -0.15016 -0.08093 0.12427 -0.18625 0.17274 -0.07863 -0.17436 -0.33215 -0.13484 -0.30729 0.01837 
0.01123 -0.02539 0.06814 -0.05808 0.07369 -0.02194 0.16569 -0.08261 0.09818 -0.17929 0.06543 -0.11532 0.13154 -0.00817 0.00203 -0.04054 -0.01299 -0.05707 -0.01518 -0.10946 -0.02640 -0.13493 -0.11482 -0.04057 -0.04112 -0.06856 0.00394 -0.00510 -0.02034 0.02811 -0.00259 -0.10235 -0.03371 0.01054 0.12494 0.17207 0.01186 0.16126 -0.06968 
0.02036 -0.01827 0.05010 -0.04565 0.09924 -0.03422 0.12846 -0.07059 0.10756 -0.14863 0.06118 -0.10472 0.10176 0.00907 0.00175 -0.01827 0.01874 0.03908 -0.01469 -0.07540 0.02390 0.03534 0.01203 -0.01521 0.01191 -0.01671 0.00490 -0.00350 0.04367 0.00656 0.09593 0.00217 0.12254 0.02749 0.13303 0.15008 0.01349 0.07133 0.06109 
0.02029 -0.02363 0.04987 -0.03934 0.11277 -0.03663 0.09030 -0.05871 0.13352 -0.16725 0.05021 -0.10340 0.11483 -0.00327 -0.00148 0.00312 -0.00643 0.03885 -0.01301 0.01307 0.00109 -0.00190 0.03526 -0.02708 0.03022 -0.00747 -0.01062 0.00128 0.02920 -0.03091 -0.05112 0.01656 0.12713 -0.04488 -0.06225 0.03783 0.00878 0.00438 0.00389 
0.01709 -0.01975 0.05322 -0.05208 0.13809 -0.04723 0.14153 -0.06950 0.10566 -0.11337 0.03410 -0.07451 0.09429 -0.00155 0.00304 0.01093 -0.01217 -0.01204 0.00187 0.05174 -0.02098 -0.02690 0.04986 -0.00643 0.01629 -0.01282 0.00670 0.00204 -0.00126 0.00662 -0.06314 0.02180 -0.01727 -0.00176 -0.00529 -0.04878 0.04345 -0.04314 0.00233 
0.01874 -0.02060 0.06080 -0.05151 0.10072 -0.03476 0.14204 -0.07968 0.10662 -0.11739 0.04378 -0.08711 0.10201 0.00343 0.00056 0.00187 0.00019 -0.02429 0.00879 -0.00420 -0.00067 -0.00718 -0.01352 0.01637 -0.01292 -0.00514 -0.00458 -0.00258 -0.00318 0.00251 0.03521 -0.00874 -0.04689 0.03323 0.00333 -0.04154 0.01117 -0.01531 -0.00414 
0.02053 -0.01919 0.05509 -0.05189 0.11380 -0.03845 0.13734 -0.07017 0.09847 -0.12689 0.05047 -0.08743 0.08915 -0.00613 0.00046 0.00775 -0.00966 0.02317 -0.00687 0.00485 0.01225 -0.02358 0.00832 0.00474 0.00098 -0.01696 0.01564 -0.01740 0.03441 -0.02884 0.06449 -0.02398 0.07391 -0.05602 0.08972 -0.08752 0.01655 -0.06169 0.08523 
