0.02059 -0.02041 0.05580 -0.05693 0.08629 -0.02851 0.12016 -0.06709 0.07321 -0.09003 0.06828 -0.06777 0.13869 0.03188 -0.03388 0.11040 -0.07283 0.11460 -0.02663 0.22460 -0.16560 0.10750 -0.17849 0.09759 -0.13668 0.33280 -0.02765 -1.04924 0.64175 -0.11932 0.95132 0.47297 2.01741 -1.21049 0.52450 0.33814 0.85512 -0.31554 0.37404 
0.05127 -0.05495 0.17003 -0.13129 0.19872 -0.05464 0.34969 -0.23746 0.18205 -0.26182 0.15852 -0.20146 0.47764 -0.06016 -0.97574 0.54028 -0.06463 0.86607 0.50047 2.06059 -1.33414 0.29807 0.07037 0.74615 -0.51254 -0.12459 -0.14602 -0.28361 -0.16952 0.30271 -0.52933 0.04073 -0.18296 0.21134 -0.13056 -0.17175 -0.45239 0.44590 0.36917 
-0.03958 -0.99615 0.59608 -0.12156 0.95236 0.47196 2.18076 -1.40123 0.37128 -0.01966 0.81443 -0.58030 0.01411 -0.11414 -0.31749 -0.05912 0.22988 -0.41472 0.01410 0.04164 0.04574 -0.02307 -0.35024 -0.35480 0.30922 0.70197 0.11770 1.94664 -1.08527 0.12502 -1.72961 -0.99797 -4.10535 2.67163 -0.59980 -0.16380 -1.49967 1.02848 0.29168 
-0.06288 -0.37244 0.11090 0.09859 -0.21601 -0.04054 0.39133 -0.19173 0.15898 -0.61206 -0.19628 0.10776 1.17961 0.05754 0.97091 -0.54499 0.06039 -0.86354 -0.49750 -2.04475 1.33749 -0.30174 -0.09343 -0.75352 0.51595 0.16709 0.19824 0.66921 0.00371 -0.38406 0.71411 -0.00111 -0.31551 0.07917 -0.06146 0.86927 0.62202 -0.48688 -1.74099 
0.01796 -0.02524 0.05109 -0.06116 0.08882 -0.02554 0.13601 -0.06374 0.06954 -0.11309 0.06091 -0.06436 0.18120 0.08410 0.35172 -0.05541 -0.15418 0.29939 0.01299 -0.27387 0.12490 -0.08453 0.51904 0.26721 -0.17766 -1.03903 -0.05491 -0.96608 0.54970 -0.05616 0.86101 0.49454 2.02891 -1.34084 0.30541 0.11649 0.76089 -0.51936 -0.20960 
0.02123 -0.02072 0.05549 -0.05559 0.08338 -0.02756 0.11746 -0.06683 0.07445 -0.09302 0.07093 -0.06990 0.14058 0.00262 0.00483 0.00471 0.00423 -0.00253 -0.00297 -0.01584 -0.00335 0.00367 0.02306 0.00737 -0.00341 -0.04250 -0.08410 -0.35172 0.05541 0.15418 -0.29939 -0.01299 0.27387 -0.12490 0.08453 -0.51904 -0.26721 0.17766 1.03903 
0.02059 -0.02041 0.05580 -0.05693 0.08629 -0.02851 0.12016 -0.06709 0.07321 -0.09003 0.06828 -0.06777 0.13869 0.00000 0.00000 0.00000 0.00000 0.00000 0.00000 0.00000 0.00000 0.00000 0.00000 0.00000 0.00000 0.00000 -0.00198 -0.00513 -0.00502 -0.00289 -0.00038 0.00392 0.01313 0.00361 -0.00243 -0.02606 -0.00472 0.00128 0.04439 
0.02123 -0.02072 0.05549 -0.05559 0.08338 -0.02756 0.11746 -0.06683 0.07445 -0.09302 0.07093 -0.06990 0.14058 0.00064 -0.00030 -0.00031 0.00134 -0.00291 0.00095 -0.00271 0.00026 0.00124 -0.00299 0.00265 -0.00213 0.00189 0.00000 0.00000 0.00000 0.00000 0.00000 0.00000 0.00000 0.00000 0.00000 0.00000 0.00000 0.00000 0.00000 
0.02123 -0.02072 0.05549 -0.05559 0.08338 -0.02756 0.11746 -0.06683 0.07445 -0.09302 0.07093 -0.06990 0.14058 0.00000 0.00000 0.00000 0.00000 0.00000 0.00000 0.00000 0.00000 0.00000 0.00000 0.00000 0.00000 0.00000 -0.00064 0.00030 0.00031 -0.00134 0.00291 -0.00095 0.00271 -0.00026 -0.00124 0.00299 -0.00265 0.00213 -0.00189 
0.02123 -0.02072 0.05549 -0.05559 0.08338 -0.02756 0.11746 -0.06683 0.07445 -0.09302 0.07093 -0.06990 0.14058 0.00000 0.00000 0.00000 0.00000 0.00000 0.00000 0.00000 0.00000 0.00000 0.00000 0.00000 0.00000 0.00000 -0.01735 -0.01245 0.02568 0.02913 -0.05892 0.00564 0.00921 -0.01397 0.03251 -0.03605 0.00426 -0.00440 0.05485 
0.02123 -0.02072 0.05549 -0.05559 0.08338 -0.02756 0.11746 -0.06683 0.07445 -0.09302 0.07093 -0.06990 0.14058 -0.01735 -0.01245 0.02568 0.02913 -0.05892 0.00564 0.00921 -0.01397 0.03251 -0.03605 0.00426 -0.00440 0.05485 0.00000 0.00000 0.00000 0.00000 0.00000 0.00000 0.00000 0.00000 0.00000 0.00000 0.00000 0.00000 0.00000 
0.00388 -0.03317 0.08117 -0.02646 0.02446 -0.02191 0.12666 -0.08080 0.10696 -0.12907 0.07519 -0.07430 0.19543 0.00000 0.00000 0.00000 0.00000 0.00000 0.00000 0.00000 0.00000 0.00000 0.00000 0.00000 0.00000 0.00000 0.03405 0.02521 -0.05105 -0.05961 0.12075 -0.01224 -0.01571 0.02769 -0.06626 0.07509 -0.01117 0.01092 -0.11159 
0.02123 -0.02072 0.05549 -0.05559 0.08338 -0.02756 0.11746 -0.06683 0.07445 -0.09302 0.07093 -0.06990 0.14058 0.01671 0.01276 -0.02537 -0.03047 0.06183 -0.00660 -0.00650 0.01371 -0.03375 0.03904 -0.00691 0.00653 -0.05674 -0.00064 0.00030 0.00031 -0.00134 0.00291 -0.00095 0.00271 -0.00026 -0.00124 0.00299 -0.00265 0.00213 -0.00189 
0.02059 -0.02041 0.05580 -0.05693 0.08629 -0.02851 0.12016 -0.06709 0.07321 -0.09003 0.06828 -0.06777 0.13869 -0.00064 0.00030 0.00031 -0.00134 0.00291 -0.00095 0.00271 -0.00026 -0.00124 0.00299 -0.00265 0.00213 -0.00189 -0.01607 -0.01306 0.02506 0.03181 -0.06474 0.00755 0.00379 -0.01345 0.03499 -0.04203 0.00957 -0.00866 0.05863 
0.02059 -0.02041 0.05580 -0.05693 0.08629 -0.02851 0.12016 -0.06709 0.07321 -0.09003 0.06828 -0.06777 0.13869 0.00064 -0.00030 -0.00031 0.00134 -0.00291 0.00095 -0.00271 0.00026 0.00124 -0.00299 0.00265 -0.00213 0.00189 -0.00265 -0.00307 0.00263 0.00645 -0.00627 0.00183 -0.01273 -0.00372 0.01625 -0.00423 -0.00865 -0.00712 0.04305 
0.02123 -0.02072 0.05549 -0.05559 0.08338 -0.02756 0.11746 -0.06683 0.07445 -0.09302 0.07093 -0.06990 0.14058 -0.00329 -0.00277 0.00294 0.00511 -0.00336 0.00088 -0.01002 -0.00398 0.01501 -0.00123 -0.01131 -0.00499 0.04116 -0.00064 0.00030 0.00031 -0.00134 0.00291 -0.00095 0.00271 -0.00026 -0.00124 0.00299 -0.00265 0.00213 -0.00189 
0.01730 -0.02318 0.05874 -0.05182 0.08294 -0.02763 0.11014 -0.07107 0.08822 -0.09126 0.05697 -0.07276 0.17986 0.00000 0.00000 0.00000 0.00000 0.00000 0.00000 0.00000 0.00000 0.00000 0.00000 0.00000 0.00000 0.00000 0.00721 0.00523 -0.00619 -0.00888 0.00380 -0.00081 0.01733 0.00822 -0.02878 -0.00052 0.02527 0.00785 -0.08044 
0.02123 -0.02072 0.05549 -0.05559 0.08338 -0.02756 0.11746 -0.06683 0.07445 -0.09302 0.07093 -0.06990 0.14058 0.00393 0.00246 -0.00325 -0.00377 0.00044 0.00007 0.00731 0.00424 -0.01377 -0.00176 0.01396 0.00286 -0.03928 0.00000 0.00000 0.00000 0.00000 0.00000 0.00000 0.00000 0.00000 0.00000 0.00000 0.00000 0.00000 0.00000 
0.02123 -0.02072 0.05549 -0.05559 0.08338 -0.02756 0.11746 -0.06683 0.07445 -0.09302 0.07093 -0.06990 0.14058 0.00000 0.00000 0.00000 0.00000 0.00000 0.00000 0.00000 0.00000 0.00000 0.00000 0.00000 0.00000 0.00000 0.01013 -0.01732 0.03856 -0.03445 0.05070 -0.01863 0.06493 -0.05013 0.06095 -0.06353 0.03170 -0.05163 0.12608 
0.02123 -0.02072 0.05549 -0.05559 0.08338 -0.02756 0.11746 -0.06683 0.07445 -0.09302 0.07093 -0.06990 0.14058 0.01405 -0.01486 0.03531 -0.03822 0.05114 -0.01856 0.07225 -0.04589 0.04718 -0.06529 0.04567 -0.04878 0.08680 0.04020 -0.03025 0.10794 -0.08107 0.15303 -0.03532 0.23248 -0.09840 0.14766 -0.12487 0.13465 -0.09274 0.28208 
0.03528 -0.03557 0.09080 -0.09381 0.13452 -0.04611 0.18970 -0.11271 0.12163 -0.15831 0.11660 -0.11868 0.22738 0.04020 -0.03025 0.10794 -0.08107 0.15303 -0.03532 0.23248 -0.09840 0.14766 -0.12487 0.13465 -0.09274 0.28208 -0.05733 -0.01974 -0.15336 0.11094 0.10318 0.02743 -0.29498 0.13128 -0.08628 -0.01098 0.00991 0.09781 -0.17035 
0.06143 -0.05097 0.16343 -0.13666 0.23641 -0.06287 0.34994 -0.16523 0.22211 -0.21790 0.20558 -0.16264 0.42266 -0.04328 -0.03460 -0.11805 0.07272 0.15432 0.00888 -0.22273 0.08539 -0.03910 -0.07627 0.05558 0.04904 -0.08354 -0.08150 0.06173 -0.22270 0.15100 -0.30410 0.06909 -0.45707 0.17858 -0.30617 0.19338 -0.31102 0.15692 -0.58819 
-0.00800 -0.07017 -0.02724 -0.02109 0.28884 -0.03724 -0.03303 -0.02732 0.08253 -0.23459 0.17218 -0.06964 0.14384 -0.04130 0.03148 -0.11476 0.06993 -0.15108 0.03377 -0.22459 0.08018 -0.15851 0.06851 -0.17637 0.06418 -0.30611 0.07187 0.08436 0.20109 -0.10856 -0.35687 -0.00015 0.37593 -0.12516 0.02977 0.22083 -0.15948 -0.04717 0.07839 
0.02012 -0.01949 0.04867 -0.06673 0.08533 -0.02910 0.12535 -0.08504 0.06361 -0.14939 0.02921 -0.09846 0.11655 0.02859 0.04976 0.08305 -0.03584 -0.20255 0.00873 0.15319 -0.03977 -0.00933 0.14456 -0.10390 0.00187 -0.00515 0.04177 -0.03241 0.12190 -0.06014 0.15204 -0.03318 0.21941 -0.06223 0.16811 -0.00915 0.21544 -0.03348 0.32826 
0.02059 -0.02041 0.05580 -0.05693 0.08629 -0.02851 0.12016 -0.06709 0.07321 -0.09003 0.06828 -0.06777 0.13869 0.00046 -0.00093 0.00713 0.00980 0.00096 0.00059 -0.00518 0.01796 0.00960 0.05936 0.03907 0.03069 0.02214 -0.02966 -0.05026 -0.08060 0.03649 0.19657 -0.00712 -0.15104 0.03496 0.01260 -0.14214 0.10047 -0.00250 0.01654 
0.02059 -0.02041 0.05580 -0.05693 0.08629 -0.02851 0.12016 -0.06709 0.07321 -0.09003 0.06828 -0.06777 0.13869 -0.00108 -0.00050 0.00245 0.00065 -0.00598 0.00160 0.00216 -0.00481 0.00328 0.00242 -0.00343 -0.00063 0.01139 -0.00217 0.00073 -0.00438 -0.01046 -0.00408 0.00008 0.01000 -0.02302 -0.00754 -0.05400 -0.04510 -0.02922 -0.01262 
0.01951 -0.02091 0.05825 -0.05628 0.08032 -0.02691 0.12232 -0.07190 0.07649 -0.08761 0.06485 -0.06840 0.15008 -0.00170 -0.00020 0.00275 -0.00066 -0.00312 0.00067 0.00482 -0.00507 0.00206 0.00536 -0.00603 0.00147 0.00952 0.00222 -0.00026 -0.00168 -0.00019 0.00400 -0.00082 -0.00476 0.00537 -0.00275 -0.00407 0.00477 0.00001 -0.01288 
0.01888 -0.02061 0.05855 -0.05759 0.08318 -0.02784 0.12498 -0.07216 0.07527 -0.08467 0.06225 -0.06630 0.14822 0.00115 -0.00076 0.00077 0.00047 -0.00198 0.00078 -0.00260 0.00056 0.00053 -0.00166 0.00134 -0.00061 -0.00149 0.00405 0.00010 -0.00580 0.00266 0.00332 -0.00038 -0.01235 0.01040 -0.00287 -0.01371 0.01472 -0.00507 -0.01716 
0.02066 -0.02168 0.05902 -0.05581 0.07834 -0.02613 0.11972 -0.07134 0.07701 -0.08927 0.06619 -0.06901 0.14859 0.00234 -0.00010 -0.00306 0.00200 0.00020 0.00029 -0.00753 0.00533 -0.00081 -0.00835 0.00869 -0.00360 -0.00764 -0.00122 0.00203 -0.00399 -0.00158 0.00993 -0.00317 0.00304 0.00369 -0.00433 0.00089 0.00074 0.00185 -0.00841 
0.02123 -0.02072 0.05549 -0.05559 0.08338 -0.02756 0.11746 -0.06683 0.07445 -0.09302 0.07093 -0.06990 0.14058 -0.00007 0.00126 -0.00322 -0.00112 0.00795 -0.00239 0.00044 0.00425 -0.00380 -0.00076 0.00208 0.00124 -0.00990 -0.00298 0.00041 0.00337 -0.00334 0.00271 -0.00124 0.01024 -0.00559 -0.00043 0.01134 -0.01134 0.00573 0.00575 
0.02059 -0.02041 0.05580 -0.05693 0.08629 -0.02851 0.12016 -0.06709 0.07321 -0.09003 0.06828 -0.06777 0.13869 -0.00064 0.00030 0.00031 -0.00134 0.00291 -0.00095 0.00271 -0.00026 -0.00124 0.00299 -0.00265 0.00213 -0.00189 0.00007 -0.00126 0.00322 0.00112 -0.00795 0.00239 -0.00044 -0.00425 0.00380 0.00076 -0.00208 -0.00124 0.00990 
0.02059 -0.02041 0.05580 -0.05693 0.08629 -0.02851 0.12016 -0.06709 0.07321 -0.09003 0.06828 -0.06777 0.13869 0.00000 0.00000 0.00000 0.00000 0.00000 0.00000 0.00000 0.00000 0.00000 0.00000 0.00000 0.00000 0.00000 -0.00044 -0.00080 0.00214 0.00199 -0.00889 0.00256 -0.00055 -0.00455 0.00452 -0.00058 -0.00077 -0.00276 0.01328 
0.02059 -0.02041 0.05580 -0.05693 0.08629 -0.02851 0.12016 -0.06709 0.07321 -0.09003 0.06828 -0.06777 0.13869 -0.00108 -0.00050 0.00245 0.00065 -0.00598 0.00160 0.00216 -0.00481 0.00328 0.00242 -0.00343 -0.00063 0.01139 -0.00294 -0.00504 -0.01228 -0.01180 -0.00744 -0.00552 -0.00884 0.00090 0.00820 0.00378 0.02904 0.01178 0.02240 
0.01951 -0.02091 0.05825 -0.05628 0.08032 -0.02691 0.12232 -0.07190 0.07649 -0.08761 0.06485 -0.06840 0.15008 -0.00294 -0.00504 -0.01228 -0.01180 -0.00744 -0.00552 -0.00884 0.00090 0.00820 0.00378 0.02904 0.01178 0.02240 0.00164 0.00146 -0.00597 -0.00043 0.01102 -0.00304 -0.00443 0.00932 -0.00584 -0.00618 0.00816 -0.00027 -0.01940 
0.01764 -0.02545 0.04352 -0.06873 0.07886 -0.03403 0.11132 -0.06619 0.08141 -0.08625 0.09732 -0.05599 0.16109 0.00057 0.00096 -0.00352 0.00022 0.00504 -0.00143 -0.00227 0.00451 -0.00256 -0.00376 0.00474 -0.00089 -0.00801 0.02963 0.00956 0.07640 -0.00767 0.04647 -0.00628 0.09939 -0.05264 0.05874 -0.04646 -0.09435 -0.09236 0.09669 
0.02008 -0.01995 0.05472 -0.05606 0.08536 -0.02834 0.12005 -0.06739 0.07393 -0.09137 0.06959 -0.06929 0.14207 0.02669 0.00453 0.06412 -0.01947 0.03903 -0.01180 0.09055 -0.05174 0.06694 -0.04268 -0.06530 -0.08059 0.11909 -0.00114 -0.00192 0.00705 -0.00044 -0.01008 0.00287 0.00454 -0.00902 0.00512 0.00751 -0.00947 0.00179 0.01603 
0.04434 -0.02092 0.10764 -0.08820 0.11789 -0.04583 0.20187 -0.11793 0.14835 -0.12893 0.03202 -0.13658 0.28019 -0.00057 -0.00096 0.00352 -0.00022 -0.00504 0.00143 0.00227 -0.00451 0.00256 0.00376 -0.00474 0.00089 0.00801 -0.05044 -0.00402 -0.11595 0.05074 -0.07063 0.02912 -0.17226 0.10258 -0.14208 0.08158 0.10156 0.14940 -0.26059 
0.01951 -0.02091 0.05825 -0.05628 0.08032 -0.02691 0.12232 -0.07190 0.07649 -0.08761 0.06485 -0.06840 0.15008 -0.02375 0.00051 -0.05183 0.03127 -0.03159 0.01732 -0.08171 0.05084 -0.07514 0.03890 0.03626 0.06881 -0.14150 0.00228 0.00116 -0.00628 0.00091 0.00811 -0.00208 -0.00713 0.00958 -0.00459 -0.00917 0.01082 -0.00240 -0.01751 
0.02059 -0.02041 0.05580 -0.05693 0.08629 -0.02851 0.12016 -0.06709 0.07321 -0.09003 0.06828 -0.06777 0.13869 0.00172 0.00020 -0.00275 0.00069 0.00307 -0.00065 -0.00487 0.00507 -0.00203 -0.00541 0.00608 -0.00151 -0.00950 0.02375 -0.00051 0.05183 -0.03127 0.03159 -0.01732 0.08171 -0.05084 0.07514 -0.03890 -0.03626 -0.06881 0.14150 
0.02123 -0.02072 0.05549 -0.05559 0.08338 -0.02756 0.11746 -0.06683 0.07445 -0.09302 0.07093 -0.06990 0.14058 0.00000 0.00000 0.00000 0.00000 0.00000 0.00000 0.00000 0.00000 0.00000 0.00000 0.00000 0.00000 0.00000 2.09928 -1.84572 -1.89363 0.60780 1.86682 0.00204 0.06048 -0.16351 0.93051 -0.91039 -0.31258 -0.36053 -0.40347 
0.02059 -0.02041 0.05580 -0.05693 0.08629 -0.02851 0.12016 -0.06709 0.07321 -0.09003 0.06828 -0.06777 0.13869 2.10099 -1.84552 -1.89639 0.60848 1.86989 0.00139 0.05561 -0.15844 0.92848 -0.91581 -0.30650 -0.36204 -0.41297 3.40377 -2.61331 -2.61733 0.98470 -0.39631 -1.45066 0.55229 -1.79429 -0.55172 0.30710 -0.20513 -2.38180 -0.30755 
2.12222 -1.86624 -1.84089 0.55289 1.95327 -0.02617 0.17307 -0.22526 1.00293 -1.00883 -0.23557 -0.43194 -0.27239 3.40377 -2.61331 -2.61733 0.98470 -0.39631 -1.45066 0.55229 -1.79429 -0.55172 0.30710 -0.20513 -2.38180 -0.30755 -1.62809 1.51077 1.37459 -0.54579 -5.08643 -1.15431 -0.94536 -0.43340 -2.67932 1.77012 0.75278 -1.52017 -0.11856 
3.42435 -2.63372 -2.56152 0.92777 -0.31002 -1.47917 0.67245 -1.86138 -0.47851 0.21707 -0.13685 -2.44957 -0.16886 0.47290 -0.33475 -0.52180 0.06270 -3.21655 -1.15293 -0.88975 -0.59184 -1.75084 0.85431 0.44628 -1.88221 -0.53153 -3.75160 2.75449 3.77078 -2.04942 0.23008 1.39764 -0.86242 1.84342 0.85623 -0.18641 -0.79187 2.85815 -0.32096 
2.59512 -2.20099 -2.36269 0.61559 -1.26328 -1.17910 -0.71668 -0.81710 -0.74791 -0.15451 0.21071 -2.31415 -0.80392 -0.34783 0.14118 1.15345 -1.06472 -0.16623 -0.05303 -0.31013 0.04912 0.30452 0.12069 -0.99700 0.47636 -0.62851 -0.83930 0.37589 0.91256 -1.45735 3.72187 0.73542 -0.00694 0.15446 1.29485 -1.08856 -1.75907 1.08966 0.67935 
3.07652 -2.49254 -1.40807 -0.13695 -0.47625 -1.53220 0.36232 -1.81226 -0.17399 0.33777 -1.13385 -1.97321 -0.79737 -0.36640 0.04114 0.39077 -1.39465 0.50533 -0.41750 -0.89669 -0.43737 -0.45599 -0.23425 -1.31279 -0.79255 0.14783 0.16235 -0.01039 -1.18997 0.26824 1.06482 -0.33505 0.63510 0.06006 -1.54514 0.09646 0.31152 -1.41010 1.11068 
2.22872 -2.15985 -1.97192 -0.77906 -0.75795 -1.59660 -1.61337 -1.25448 -1.20390 -0.38876 -1.10207 -3.10670 -0.65609 -0.18549 0.13079 -0.03651 -0.79647 0.89859 -0.38807 0.32497 0.10918 -1.24062 0.21715 -0.68548 -0.93375 0.48217 0.82557 0.09201 0.83601 1.50406 1.44440 0.21058 3.24604 0.94017 0.95594 0.89718 1.16610 1.10118 1.42617 
2.89103 -2.36174 -1.44459 -0.93342 0.42234 -1.92027 0.68729 -1.70308 -1.41461 0.55492 -1.81934 -2.90696 -0.31520 0.45917 0.13315 1.22678 0.10940 1.94972 -0.20692 2.34935 0.50280 0.49995 0.66293 -0.14669 0.30863 1.57399 -0.18835 0.00114 0.64375 0.74867 -0.27962 0.17469 -0.29914 0.23483 1.29247 -0.34772 0.27927 1.18047 0.25187 
2.68789 -2.02670 -0.74515 -0.66966 1.19177 -1.80351 0.73598 -0.75168 -0.70395 0.27417 -1.24876 -2.79808 0.91790 -0.37384 0.13194 0.60723 -0.04780 0.61897 -0.21338 0.02583 0.34402 0.05185 -0.13056 -0.40621 0.24673 0.73404 -0.87764 -0.25928 -1.11687 -0.59675 -2.18797 -0.04792 -2.74317 -1.03835 -1.28576 -0.81289 0.01835 -0.46163 -2.62599 
2.51720 -2.22981 -0.83736 -0.98122 1.04131 -2.13365 0.71312 -1.35906 -1.36276 0.42436 -2.22555 -2.66023 0.41884 -0.41847 -0.12613 0.10991 -0.48735 -0.23824 -0.25484 -0.39382 -0.53556 -0.78581 -0.14996 -0.12834 -0.15300 -1.05199 0.35998 -0.10030 0.05512 0.05567 0.58639 0.08784 0.56735 -0.07133 -0.83335 1.64978 0.98985 -0.35538 0.04146 
2.26942 -2.15284 -0.63524 -1.15700 0.95353 -2.05835 0.34217 -1.28723 -1.48976 0.12421 -1.37710 -2.95108 -0.13409 -0.01386 0.03164 0.66235 0.00786 1.20535 -0.12554 0.59317 0.27269 -0.78149 1.51922 0.58363 -0.10865 0.77550 0.52292 0.04449 0.58836 0.51550 0.96622 0.15576 0.83793 0.43181 -0.04767 2.11800 -0.00227 -0.07236 2.62330 
2.50334 -2.19817 -0.17501 -0.97336 2.24666 -2.25919 1.30629 -1.08637 -2.14425 1.94358 -1.64191 -2.76888 1.19434 0.10445 -0.08164 0.69827 0.02816 0.72798 -0.09908 0.44411 -0.10374 -0.83348 1.96805 -0.13061 -0.22536 1.57130 -0.36062 0.31883 -1.16527 0.57738 -2.71229 0.39509 -1.08695 -0.17243 -0.11548 -0.29200 -1.10189 0.15878 -0.61572 
2.37387 -2.23448 0.06303 -1.12885 1.68151 -2.15743 0.78628 -1.39098 -2.32323 2.09225 -1.50772 -3.17644 1.43721 -0.37448 0.35047 -0.50292 0.58524 -1.50693 0.26955 -0.49377 0.10025 -0.89697 1.22721 -0.51825 0.05013 0.15978 -0.10918 0.19828 -0.51178 -0.01939 0.15343 -0.17086 1.32475 -0.15896 0.92760 -1.11453 -0.46667 1.10365 -1.98457 
2.12886 -1.84769 -0.67793 -0.38812 0.73973 -1.98965 0.81252 -0.98612 -3.04122 3.17079 -2.16017 -2.71875 1.35412 -0.00473 0.11664 0.18649 0.00877 0.88141 -0.26993 1.76886 -0.26271 0.09412 0.85351 -0.59729 0.87829 -0.41327 0.43448 -0.75760 1.15481 -1.71840 2.46535 -0.87066 0.90417 -1.07897 1.38330 -2.26845 0.41185 -0.18179 -1.04937 
2.36914 -2.11784 0.24952 -1.12008 2.56292 -2.42736 2.55513 -1.65369 -2.22911 2.94577 -2.10500 -2.29816 1.02394 0.06000 -0.40713 0.65189 -1.13316 0.95842 -0.60111 0.41039 -0.97872 0.48633 -1.04124 -0.10640 -0.13166 -0.88959 -0.09876 0.05780 -0.37908 0.04633 -0.72894 0.10048 -2.01438 0.38197 -0.12785 -1.20112 0.79774 -1.04806 0.34945 
2.18886 -2.25482 -0.02604 -1.52128 1.69815 -2.59075 1.22291 -1.96484 -2.55489 2.12955 -2.26657 -2.85041 0.46453 -0.10349 0.17444 -0.19259 0.05510 0.15247 -0.16946 -0.24552 0.11926 -0.03373 -0.34760 0.20046 -0.16977 -0.06382 -0.01409 0.70183 -0.33755 1.60149 -0.43842 0.71809 0.39396 1.35210 -0.34836 1.39769 0.74170 0.38143 1.64738 
2.26565 -1.94340 0.05692 -1.06498 2.71539 -2.59682 2.30961 -1.53442 -2.26284 2.59817 -1.90454 -2.46793 0.96012 0.04592 0.29470 0.31434 0.46834 0.52000 0.11698 0.80435 0.37337 0.13798 0.35645 0.63530 0.24977 0.75779 0.01888 -0.44429 0.09330 -0.15974 -1.15853 0.21887 -1.34045 -0.47152 -0.21924 -0.63961 -0.10784 -0.30818 -0.18453 
2.23478 -1.96012 0.28831 -1.05294 2.21814 -2.47377 2.02726 -1.59147 -2.41691 2.48601 -1.63127 -2.60065 1.22231 -0.08461 -0.26985 -0.09929 -0.10464 -1.00605 0.04941 -1.58597 -0.35226 -0.25297 -0.98721 0.09261 -0.47795 -0.24835 -0.25695 -0.21611 -1.05025 0.13057 -1.67257 0.06654 -2.08689 -0.31583 -0.38682 -0.66018 -0.92994 0.26136 -2.21938 
2.18104 -2.21325 -0.04237 -1.16962 1.70934 -2.54741 0.72364 -1.88668 -2.51580 1.61096 -1.81193 -2.94588 0.71177 -0.21104 0.07859 -0.73591 0.59891 -1.15257 0.18352 -1.28254 0.05755 -0.24884 -0.30373 -0.29464 0.51112 -1.46159 -0.01478 0.66979 -0.28437 0.90307 0.79766 0.22787 1.60489 0.93085 0.34630 1.49301 -0.23023 1.68092 -0.68429 
2.02374 -1.88153 -0.44760 -0.45403 1.06557 -2.29026 0.74472 -1.53392 -2.66576 2.18228 -1.92591 -2.08952 -0.23927 -0.09940 0.39993 -0.38367 0.79843 -0.20839 0.27728 0.01892 0.57859 0.09333 0.50580 -0.13761 1.20296 -0.93264 -0.00798 -0.08961 0.33720 -0.59979 0.69984 -0.07670 0.26559 -0.13859 0.29790 -0.44998 0.09140 -0.72584 2.31308 
2.08164 -1.81332 -0.42604 -0.37119 1.50095 -2.27013 0.74255 -1.30809 -2.42247 2.11676 -1.94954 -1.74292 -0.22088 -0.21902 -0.01102 -0.39870 -0.00088 -0.45273 0.10682 -1.01696 -0.08105 0.04906 -0.75370 -0.20325 -0.21472 0.85149 -0.66291 -0.25589 0.30667 -1.37435 0.02457 -0.05841 -0.48772 -1.36664 1.31814 -3.73719 1.66164 -2.09895 0.36475 
1.80472 -1.89255 -0.84630 -0.45492 0.61284 -2.18344 -0.27224 -1.61497 -2.61670 1.42858 -2.12916 -2.30424 0.61221 -0.76230 0.14404 -0.07699 -0.57593 -0.18382 0.21886 -0.46881 -0.78805 1.41147 -3.23139 1.52402 -0.89598 -0.56789 0.21342 0.04227 0.43581 0.24636 0.18147 0.10154 2.03178 -0.32237 0.40527 0.59368 0.16868 0.41160 -1.19040 
1.31934 -1.66928 -0.50303 -0.94712 1.31713 -2.05127 0.27375 -2.09614 -1.01100 -1.11464 -0.42552 -2.63890 -0.78877 -0.00560 0.03125 0.03711 0.24547 -0.27126 0.20836 1.01483 -0.40341 0.45433 -0.16003 -0.03456 0.19689 -0.33891 1.23441 -0.39487 -0.68316 1.34271 -0.64336 -0.44033 1.31212 0.81663 -3.22203 5.66671 -3.68796 1.66199 1.30194 
1.79912 -1.86130 -0.80920 -0.20944 0.34158 -1.97508 0.74258 -2.01838 -2.16237 1.26855 -2.16372 -2.10735 0.27330 0.47211 -0.25083 -0.76015 0.76678 -0.82718 -0.22147 0.84332 0.02858 -1.81056 2.43532 -2.16394 0.76600 0.73405 0.38315 -0.24293 0.52383 -0.69377 1.91805 -0.73559 0.84396 0.23469 -0.40178 -0.14028 0.16753 0.40226 0.45128 
1.79145 -1.92011 -1.26318 -0.18033 0.48995 -2.27273 1.11706 -2.06756 -2.82155 1.32068 -2.58946 -1.87290 -0.05472 0.37755 -0.21168 0.56093 -0.44830 1.64679 -0.52723 1.85878 -0.16872 0.05254 -0.30031 0.13297 0.59915 0.11236 -0.22054 -0.04918 1.63107 -1.03356 1.16074 0.09345 -0.29576 -0.82466 2.97032 -3.46509 2.71599 -0.58690 -1.04981 
2.17667 -2.07298 -0.24827 -0.65774 1.98836 -2.50231 2.60137 -2.18709 -2.10983 0.96824 -2.03075 -1.50820 0.38566 0.25157 -0.30001 0.87092 -0.26678 0.33356 -0.12802 0.54755 -0.79608 1.15976 -1.02977 0.55205 0.17910 -0.31576 -0.42238 0.10739 -0.14505 1.16794 -2.19297 0.79373 -1.77894 -0.72938 0.94514 0.35556 0.07798 -0.19571 -0.31217 
2.04302 -2.22012 -0.39225 -0.44711 0.82351 -2.40075 1.66462 -2.86364 -1.66179 0.29092 -2.03741 -1.69379 -0.37048 -0.04483 -0.10429 0.41588 0.71964 -0.54618 0.26650 0.07984 -0.89810 0.99768 0.05525 0.21095 0.40344 -0.19981 -0.78269 0.44358 -1.07197 1.07884 -0.04899 0.21692 -1.55939 0.69734 -1.88479 1.88331 -0.85475 0.49987 0.36192 
2.13184 -2.17727 0.16761 0.06190 1.44218 -2.23582 2.68120 -3.08519 -1.11215 1.02349 -1.81980 -1.10476 0.18585 -0.53112 0.14357 -0.20105 0.81206 0.28457 0.08890 -1.01184 -0.09874 -0.72503 0.85354 -0.30269 0.67898 0.04616 -0.65981 0.26731 -0.88215 0.19666 0.32412 0.00069 -1.69679 1.24434 -2.20220 0.76653 -0.70881 0.17786 1.13204 
1.51190 -2.07654 -0.59330 0.36495 1.10808 -2.31186 0.65278 -2.96238 -2.38683 1.14445 -2.34010 -1.01482 -0.32431 -0.70464 0.16302 -0.46627 0.91630 -0.22206 0.26719 -1.61696 0.34624 -1.20453 0.82178 -0.49785 0.58130 0.93223 0.37112 -0.18275 0.53306 -0.14846 -1.24251 0.18117 1.59395 0.66675 1.30485 -0.29580 -0.12019 -0.34167 1.30953 
1.42720 -2.01425 -0.29866 0.97820 1.22012 -1.96863 1.06425 -2.73895 -2.31668 1.84528 -2.31766 -0.52347 1.11808 -0.16000 -0.03918 0.33201 0.66360 -0.95795 0.27006 0.58211 0.56801 0.57981 0.55773 -0.42288 0.33731 1.35569 0.53111 -0.21723 0.67472 -1.06523 -0.52155 -0.22186 1.18203 0.52153 1.88988 -1.60023 1.44140 -1.22078 -1.41039 
1.35190 -2.11572 -0.26129 1.02855 0.15013 -2.04179 1.23488 -2.39437 -1.80701 1.70218 -2.76298 -0.67750 1.03138 -0.17354 -0.05421 0.20844 -0.14893 -0.74361 0.04533 -0.43493 0.86777 0.68535 -0.77845 0.94354 -0.63948 -0.47817 0.64919 -0.25714 0.71261 -1.20426 2.22410 -0.53566 -0.12654 -0.46388 0.29691 -0.77482 1.81634 -0.43142 -1.85030 
1.25366 -2.06846 -0.09022 0.82926 0.47651 -1.92330 0.62932 -1.87118 -1.63132 1.06683 -1.37411 -1.16295 0.63992 0.48919 -0.29632 1.04462 -0.54066 1.26615 -0.26559 0.45556 0.10413 0.87673 -0.21709 1.39347 -0.09411 -0.49461 0.68073 -0.23231 0.49371 -0.12277 1.85118 -0.47244 1.52032 -1.41280 -0.47809 1.33312 -0.67949 0.78426 0.49270 
1.84109 -2.41204 0.78332 0.48788 1.41628 -2.30738 1.69045 -2.29024 -0.93029 1.48509 -1.36951 -0.77161 0.53677 0.50719 -0.28653 0.70215 -0.27170 1.10757 -0.42711 1.08539 -0.54503 0.20727 0.55467 0.26406 0.14477 0.01454 -0.84503 0.65720 -1.84005 1.27901 -1.55245 0.43182 -1.76196 0.48026 -2.56765 0.55316 -1.53803 0.22530 1.00264 
1.76086 -2.35499 0.61193 0.55756 1.58408 -2.35041 1.71471 -2.41621 -1.42406 1.62150 -1.11005 -1.01818 0.65445 -0.35584 0.36089 -0.79543 0.73834 -0.28630 0.16623 -1.30640 0.58439 -1.69092 0.33607 -0.14457 0.13119 0.50804 -0.85828 0.55632 -1.68625 0.82024 -1.76118 0.54358 -1.93667 0.95614 -1.37254 -0.84950 -0.89223 -0.47223 0.62598 
1.48525 -2.05115 -0.01211 1.22622 1.12999 -2.14116 0.38405 -1.70585 -2.62121 1.82116 -1.51408 -0.64042 1.04481 -0.35109 0.26980 -0.98410 0.54854 -0.65361 0.11647 -0.85128 0.41111 -1.16528 -0.29483 -0.62817 -0.32745 0.64052 0.55024 -0.75556 1.40064 -2.10379 0.43843 -0.67755 2.67355 -1.53893 2.37803 -1.13496 -0.93195 -0.52870 -0.93743 
1.40977 -2.08519 -0.37216 1.10610 0.93046 -2.23394 0.86343 -2.00510 -2.58933 1.32667 -1.73822 -1.34563 1.29497 0.19440 -0.39467 0.60521 -1.36545 0.15213 -0.51132 1.36715 -0.95454 0.68711 -0.79889 -1.07651 -0.39751 -0.42939 0.71447 -0.49646 2.60082 -1.28370 1.08498 -0.21806 1.91173 -0.52719 2.63521 0.46358 0.15754 0.57986 0.04019 
1.67965 -2.44582 0.59310 -0.13923 1.28212 -2.65248 1.75120 -2.66039 -1.93410 1.02226 -2.59059 -1.03793 0.61541 0.36338 -0.22667 1.61673 -0.73516 0.43137 -0.10159 1.06044 -0.11608 1.46993 0.16875 -0.47063 0.25240 0.68071 -0.50564 0.70282 -0.81149 2.48500 -1.81295 1.11383 -3.73811 1.57939 -0.51476 1.37618 0.45892 0.14232 1.23033 
1.77315 -2.31186 1.24456 0.37094 1.36183 -2.33553 1.92387 -2.12118 -1.11940 1.49541 -2.20885 -1.09323 1.97568 -0.31124 0.30815 -0.20628 1.11954 -1.66081 0.60252 -2.37096 0.62485 0.17235 0.57729 -0.61759 -0.25519 0.80094 -0.40054 0.19561 -1.16325 1.40951 -0.63258 0.04997 -2.60692 -0.10234 -1.23411 -0.72705 0.44455 -0.12057 -0.47168 
1.36842 -2.13766 0.38683 0.98032 -0.37869 -2.04996 -0.61976 -2.03554 -1.76174 1.59955 -3.20819 -1.29312 1.41635 -0.03716 -0.03106 0.45348 0.67435 -0.20121 -0.05162 -1.54648 -0.21843 0.23582 -0.55830 -0.02608 0.13183 0.20903 0.63036 -0.37570 1.78833 -0.54263 2.82523 -0.77304 2.46593 -1.25146 0.22266 -1.51208 2.20243 0.53141 1.09844 
1.73598 -2.34292 1.69804 1.04529 1.16062 -2.38715 0.37739 -2.33961 -0.88358 0.93711 -2.23493 -0.96140 2.18470 0.31913 -0.06755 1.58205 0.57692 1.16441 -0.17052 0.09497 -0.62662 0.39501 -0.93479 1.58484 0.27622 1.89938 0.16803 0.30518 -0.01277 0.16608 0.69806 0.29419 -0.34372 -0.24434 -0.66873 0.28506 0.95815 -0.11250 0.96768 
1.68754 -2.20521 1.96888 1.55723 0.78572 -2.22048 -0.52480 -2.66215 -1.36673 0.66476 -1.62335 -1.01690 3.31573 0.13086 0.27412 0.44071 0.84043 0.49685 0.24256 -1.89019 -0.46277 -0.43292 -0.27324 0.93207 0.01933 1.17671 -0.16896 0.28130 -1.40699 0.48974 -0.60909 0.02185 -1.48257 0.52559 -0.77477 0.26479 -1.44232 -0.73042 -1.23317 
1.86685 -2.06880 2.13875 1.88573 1.65748 -2.14459 -1.51280 -2.80238 -1.31650 0.66387 -1.30286 -0.94207 3.36141 0.15016 0.21375 0.17506 1.06665 0.55533 -0.14867 -1.38761 -0.10103 -0.37975 -0.67000 0.14252 -0.45420 0.66621 -0.09574 -0.04846 -0.36357 -0.35253 -1.41954 -0.36798 1.55076 0.58847 -0.08948 -1.23821 -1.64734 -0.94322 -0.90196 
1.83771 -1.99146 2.14394 2.62389 1.34105 -2.36915 -1.91241 -2.76318 -1.74648 -0.00524 -1.48083 -1.47109 3.98194 0.03513 0.22566 0.07714 0.48790 -0.92268 -0.12542 -0.33943 0.12570 -0.52240 -1.51145 -0.71527 -0.92389 0.27474 -0.01699 0.08164 0.05413 -0.74084 -0.74660 0.25101 0.51599 0.20442 0.43436 -0.23577 -0.56896 0.08157 -0.93067 
1.90197 -1.84314 2.21589 2.37363 0.73479 -2.27001 -1.85223 -2.67669 -1.83889 -0.84758 -2.01813 -1.86596 3.63615 0.13317 0.29538 0.22919 0.32581 -0.19127 0.10234 -0.87162 0.10339 0.05461 -0.90576 -0.42644 -0.37263 -0.26446 -0.08829 -0.09983 0.44363 0.43766 1.86602 0.20046 -0.80806 -0.01187 1.16312 2.04489 1.09754 0.71407 -0.84227 
1.97088 -1.69608 2.37312 2.94970 1.14978 -2.26681 -2.78403 -2.65979 -1.69188 -0.91101 -1.90727 -1.84373 3.71748 -0.05316 0.12583 0.52078 0.92555 0.94333 0.07504 -1.14749 0.11382 0.64073 0.53344 0.38227 -0.20982 -0.56752 -0.39720 -0.21499 0.02613 -0.05254 0.75836 0.20546 1.42643 -0.23651 0.49437 1.33164 -0.11774 0.02813 -0.70631 
1.84881 -1.71731 2.73667 3.29918 1.67813 -2.19496 -2.99972 -2.56286 -1.19816 -0.31414 -1.63587 -2.07579 3.06863 -0.26403 0.08040 0.25532 0.27327 0.56709 0.30780 0.55480 -0.13312 0.54898 0.42587 -0.54419 -0.34450 -0.97077 -0.03157 0.38749 -0.68644 -1.06293 -0.60995 0.39006 1.03386 -0.63508 -0.47749 -1.80739 -1.37820 -0.00411 -0.84599 
1.70685 -1.61568 2.62845 3.22297 1.71686 -1.95901 -2.22922 -2.79291 -1.14290 -0.48513 -2.45146 -2.18822 2.74671 -0.08473 0.51332 -0.16566 -0.13737 0.33339 0.46510 -0.11363 -0.52126 0.16324 -1.27395 -0.99594 -0.21393 -1.41351 0.34576 0.88492 -0.20895 -0.93437 -0.52719 0.44160 -0.36258 0.42386 0.01811 -1.32568 1.19204 0.10714 -1.05377 
1.76409 -1.20399 2.57101 3.16180 2.01151 -1.72987 -3.11336 -3.08412 -1.03493 -1.58809 -2.63180 -2.28972 1.65512 0.08174 0.96532 0.04637 -0.66110 0.03989 0.74940 0.19222 0.29074 0.56709 -0.89980 0.64786 -0.23736 -2.02454 0.03409 0.63591 -0.19965 -0.75037 -0.61949 0.27126 1.82089 2.21209 0.67367 0.79835 1.97045 -0.05514 -0.00699 
1.78859 -0.65037 2.67482 2.56186 1.75676 -1.20960 -2.03700 -2.50216 -0.57581 -1.38494 -1.80360 -2.42559 0.72216 -0.05064 1.14923 -0.36532 -0.88774 -0.28611 0.73635 1.70725 1.69083 0.83690 -0.47559 0.97451 -0.26907 -1.42050 -0.25096 -0.08949 -1.15539 -0.61128 0.11503 -0.44351 0.28657 1.29974 -0.31087 -0.45490 -0.72273 0.49811 2.05899 
1.71345 -0.05476 2.20570 2.27406 1.72541 -0.99351 -1.40611 -1.39329 -0.19802 -2.06368 -1.65729 -2.55879 0.23461 -0.16922 0.87583 -1.10902 -1.27238 0.15492 0.30589 0.47879 1.59049 0.25621 -1.35470 -0.07487 0.26074 0.03445 -1.15657 -1.09889 -0.73035 -0.44429 0.11859 -0.31588 -1.12173 -0.72177 -0.23403 0.45800 -0.88306 1.74613 2.82634 
1.61936 0.22547 1.56580 1.28948 1.91168 -0.90371 -1.55821 -0.91168 -0.31959 -2.73964 -1.87847 -2.16484 0.75661 -1.20721 0.05034 -1.09567 -1.33203 -0.16751 0.42047 0.58552 0.96906 0.60288 -0.01760 0.09145 1.47705 1.40584 -0.98633 -1.24526 0.47050 0.71269 -1.05637 -0.09646 -0.93779 -1.47076 -0.26711 1.99776 0.45451 0.72012 0.63367 
0.50624 -0.00442 1.11003 0.94203 1.55789 -0.57304 -0.82059 -0.42423 0.40485 -2.08128 -1.56584 -1.08174 1.64045 -1.15555 -0.36943 -0.63851 -0.55970 -0.90145 0.20944 -0.45900 0.11972 -0.01089 0.64306 0.37964 0.98086 0.66812 0.90258 0.10841 0.98166 0.51426 -0.57855 -0.18332 -0.27151 -1.89006 -1.56915 0.99252 0.76394 -1.23363 -2.50825 
0.46381 -0.14396 0.92729 0.72978 1.01023 -0.69428 -2.01720 -0.79196 -0.33049 -2.09658 -1.49883 -1.18398 1.42473 -0.30462 0.15875 -0.11400 -0.81777 -0.74606 0.23716 0.31401 -0.92099 -0.96628 0.97492 0.85539 0.24342 -1.10241 0.78237 0.61399 0.25500 -0.26625 0.10213 0.23776 1.90363 0.08789 -0.22870 0.12653 0.47011 -0.56101 -2.64972 
0.20162 0.15433 0.99602 0.12425 0.81183 -0.33588 -0.50658 -1.34522 -0.56142 -1.10636 -0.71045 -0.83832 0.53804 -0.37319 0.24456 -0.38351 -0.82595 -0.79932 0.44719 1.44464 0.20761 -0.23959 0.76959 0.84976 0.41985 -1.98159 0.89323 -1.90786 -1.39278 0.06616 1.88806 -0.22828 -0.83158 2.28585 2.00464 -0.71745 0.09386 0.60259 1.90637 
0.09063 0.10060 0.54378 -0.09617 0.21091 -0.24708 -0.57257 -0.58434 -0.57008 -1.32699 -0.64907 -0.76413 -0.55686 0.58860 -1.74911 -1.50678 -0.75162 1.14200 0.00888 -0.51757 1.36486 1.03837 0.25747 0.94925 0.84601 0.80396 0.17648 -2.13074 1.76541 -1.60135 4.78835 -1.27945 -1.85406 -1.43766 0.61267 -1.28065 -1.47525 -0.04625 3.99586 
0.79022 -1.59478 -0.51076 -0.62736 1.95383 -0.32701 -1.02415 0.01964 0.47694 -0.84888 0.23879 0.00769 1.34200 -0.19671 -1.88618 1.38190 -2.42730 3.98903 -0.83226 -0.40942 -1.23005 0.37308 -0.51106 -0.62549 0.37360 2.01427 -2.48457 1.30420 5.18643 -1.36182 1.37601 -0.58281 2.00158 -3.94620 -1.04265 -0.38318 -1.98613 -1.08635 -1.13730 
-0.10608 -1.78558 1.92568 -2.52347 4.19995 -1.07934 -0.98199 -1.81439 -0.19700 -1.83805 -1.27457 -0.39053 1.45741 -1.89596 -0.44491 3.67965 -2.11344 2.51801 -0.57394 1.48401 -2.58133 -0.00429 -0.12571 -1.03688 -0.24034 -0.33335 -0.55636 1.46060 -0.50149 2.73931 -4.25135 1.11297 2.49678 0.92303 -0.36419 2.10356 0.84997 -0.78721 -1.97036 
-1.10574 -2.03968 3.16889 -2.74081 4.47184 -0.90095 0.45987 -2.56170 0.47265 -0.97459 -0.79809 -0.23265 1.00865 -0.75307 -0.42557 0.88041 0.31201 -0.26231 0.28071 2.08736 -0.30701 0.00888 1.59250 0.22448 -0.41361 0.04391 2.82337 0.23247 -5.19049 2.43071 -4.08598 0.74612 -1.25685 3.72532 -0.25809 1.80645 1.84900 0.79402 1.50436 
-0.85915 -2.21115 2.80609 -2.21145 3.93763 -0.79863 1.10537 -2.12141 -0.18812 -0.24554 -1.05009 -0.80414 1.50132 0.92741 -0.21244 -1.51084 0.31727 -1.56797 0.17218 0.22716 1.14399 -0.26238 1.68074 0.81212 0.55368 1.17101 1.61629 0.31937 -2.86898 0.27938 -1.13215 0.07786 -2.27737 1.76714 0.78683 -0.41560 0.83314 0.72660 1.00555 
-0.17833 -2.25212 1.65806 -2.42354 2.90388 -0.72877 0.68703 -1.41771 0.21027 0.70615 0.01403 0.32103 2.17966 0.86322 -0.10620 -1.98856 0.59140 -1.39446 0.35857 -0.19001 1.46013 0.79572 1.17691 1.05761 0.31299 1.04946 -0.22140 0.33935 0.09808 1.49511 0.02793 -0.12583 -1.27416 -1.44195 0.42601 -1.58431 -0.73183 -1.10533 -0.71322 
0.00407 -2.31736 0.81753 -1.62005 2.54317 -0.44006 0.91536 -0.66128 0.60760 0.93137 0.00753 -0.49114 2.55077 0.70601 0.12691 -1.41275 1.81238 -1.54003 0.04635 -1.04700 -0.29796 0.16363 0.09643 0.08029 -0.55165 0.45779 -0.19976 0.46457 0.65970 0.94248 -0.23442 -0.37773 -0.47296 -2.58318 -0.83607 -1.71714 -0.46840 0.26684 -0.65374 
0.52767 -2.12521 0.24530 -0.61116 1.36384 -0.68242 -0.35997 -1.71567 0.37390 0.80258 0.09432 -0.23062 2.63745 0.66346 0.35837 -1.32887 1.53388 -1.62888 -0.01916 -0.66297 -1.12305 -0.04036 -0.54023 0.58922 0.57984 0.39571 -0.51026 0.23223 0.49118 -0.85886 2.08959 0.32206 1.29760 0.34166 0.80016 -0.24112 -0.02983 1.11590 0.45392 
0.66754 -1.95899 -0.51134 -0.08618 0.91430 -0.45922 0.25239 -1.78433 0.56725 0.39113 0.59674 0.08870 2.94648 0.19575 0.35914 -0.92157 0.95352 0.54956 0.36841 0.25060 0.04370 0.96378 -0.14469 0.05046 0.56425 0.91171 -0.72510 0.01671 0.49908 -1.53580 3.19985 0.23726 -0.08212 1.02622 -0.00690 0.27261 -0.70421 -0.81340 -1.15054 
0.72342 -1.76607 -0.67627 0.34236 1.91340 -0.31400 -0.10937 -1.67197 1.33768 0.65788 0.14478 0.33363 3.54917 -0.06164 0.37508 -0.82978 -0.00192 1.57097 0.21810 -0.74509 -0.09683 -0.04725 -0.26763 -0.11499 -0.23356 -0.75482 -0.18815 -0.00611 0.03086 -1.44199 0.25906 -0.14543 -0.15863 -0.13268 -1.50743 -0.82873 0.07392 -1.04158 -1.90909 
0.60590 -1.58391 -1.34112 -0.08810 2.48527 -0.24112 -0.49270 -1.88116 0.51999 0.12350 0.48175 -0.14487 2.19166 0.00760 0.35303 -0.89071 -0.48847 0.80862 0.22298 0.09197 -0.08898 -0.54364 -0.97342 0.12438 -0.47733 -0.99738 0.55940 0.33015 1.49758 -0.01101 -1.63454 -0.04184 0.39730 0.06517 -0.03896 0.26933 0.13353 0.27676 0.13295 
0.73102 -1.41304 -1.56698 -0.14611 2.72202 -0.09102 -0.01739 -1.76096 0.79404 -0.31554 0.26917 -0.14370 2.55179 0.49777 0.70523 0.66779 -0.01293 -0.06357 0.17626 -0.34779 -0.03166 -0.08621 0.00170 0.01854 0.04320 -0.62188 -0.32836 0.28122 1.63075 0.21510 -0.93612 -0.16503 0.00396 0.47398 -0.20431 0.99446 -0.10337 0.41587 -0.19165 
1.10367 -0.87868 -0.67333 -0.10103 2.42170 -0.06486 -0.84049 -1.91282 0.43378 0.12520 0.50028 -0.10167 1.56978 -0.32076 0.63425 0.74004 -0.27338 -0.12750 0.05795 0.09594 0.38500 -0.74796 0.02104 0.02101 -0.06146 -1.18903 -1.46173 -0.45788 -0.80744 -0.32750 -0.84310 -0.07493 1.65480 0.31672 -0.71374 -0.19333 0.28413 0.09278 0.02750 
0.41027 -0.77879 -0.82694 -0.41949 2.59453 -0.03308 0.07855 -1.37596 0.04608 -0.29450 0.29018 -0.20516 1.36276 -0.96396 0.24734 -0.13965 -0.34043 -0.90666 0.10133 1.30701 0.28505 -0.79995 -0.19163 0.30267 0.13598 -0.59438 -0.10939 -0.21443 -0.30608 0.35993 -2.00369 0.16146 0.21087 0.14912 0.45757 -0.15768 -0.22084 0.03652 0.02151 
0.13971 -0.63134 -0.81298 -0.44145 1.51504 0.03647 0.46653 -1.62777 -0.36617 -0.06643 0.80295 0.03431 0.97540 -0.43014 0.41982 0.43396 0.08656 -2.13119 0.21941 0.30681 0.53412 -0.29039 -0.13665 -0.19983 -0.02494 -1.16752 0.78530 0.32065 1.06232 0.64530 -0.44238 -0.19731 -1.46396 1.18213 1.10234 0.16964 -1.02426 -0.37457 -0.07954 
-0.01987 -0.35897 -0.39298 -0.33293 0.46334 0.18633 0.38535 -0.84184 -0.24431 -0.43115 0.09035 -0.23010 0.19523 -0.17866 0.56799 0.92267 0.30487 -1.34905 -0.09598 -0.15694 1.46718 0.30239 -0.02199 -0.72159 -0.23859 -0.67392 0.40343 -0.09182 0.04688 0.06609 1.72834 -0.51750 -0.65986 0.18440 0.63035 0.63781 0.34719 0.22356 1.05097 
-0.03895 -0.06335 0.10969 -0.13658 0.16599 -0.05951 0.30958 -0.16059 -0.06379 -0.08842 0.08137 -0.20428 0.30149 -0.02671 0.32800 0.48084 0.15265 -0.40285 -0.29809 -0.35305 0.71852 0.33996 0.50116 0.14736 0.19862 -0.11655 0.19865 -0.56158 -0.95596 -0.26951 1.22174 0.14022 0.35446 -1.48058 -0.24516 0.06578 0.52204 0.51011 0.73408 
-0.04658 -0.03097 0.08786 -0.18028 0.06048 -0.11176 0.03230 -0.12332 0.09565 0.07001 0.23771 -0.03148 0.07868 0.01999 0.00641 -0.03329 0.03536 -0.12730 0.04424 0.19751 -0.01340 0.05723 0.04379 -0.19955 0.27152 0.06016 0.05384 -0.29652 -0.49905 -0.15317 0.45223 0.33177 0.60940 -0.74686 -0.31479 -0.53174 -0.35590 -0.10214 0.19837 
-0.01896 -0.05694 0.07640 -0.10121 0.03869 -0.01527 0.50709 -0.17399 -0.00656 -0.04463 -0.11818 0.06724 0.36164 0.02713 0.03148 -0.01821 -0.00052 0.04938 0.03368 0.25635 -0.02834 0.02517 -0.03058 -0.20854 0.09648 0.08182 -0.03004 0.02101 0.00665 -0.04274 0.24292 -0.04449 -0.54510 0.09167 0.03499 -0.16406 0.42008 -0.47645 -0.12690 
-0.01945 0.00051 0.06965 -0.18080 0.10986 -0.07808 0.28866 -0.15166 0.12082 0.03943 0.02917 0.06500 0.16051 -0.01005 0.02742 -0.02664 -0.00738 0.11562 -0.00025 -0.34758 0.07827 0.09222 -0.12027 0.22053 -0.20493 -0.06675 0.00616 -0.06163 0.03489 0.05760 -0.15166 0.02669 -0.30776 0.00826 -0.19279 -0.13286 0.26361 -0.11773 0.18962 
-0.02901 -0.02951 0.04976 -0.10859 0.15431 -0.01553 0.15951 -0.09571 0.08567 -0.16490 0.10234 -0.13769 0.29490 0.03328 -0.03015 0.01669 0.05708 -0.10228 0.06037 -0.05141 -0.02008 -0.16762 -0.16344 0.05507 -0.02125 0.27145 0.02828 -0.06286 0.05800 0.07195 -0.27233 -0.03026 0.52368 -0.07701 -0.17499 0.14363 -0.15945 0.19600 -0.13130 
0.01383 -0.02964 0.08634 -0.12372 0.00758 -0.01771 0.23725 -0.17174 -0.04680 -0.12401 0.08423 0.04374 0.43195 0.01823 -0.03543 0.03136 0.06457 -0.15671 -0.03051 0.17610 0.00127 -0.08276 0.02336 0.06108 -0.00893 -0.19804 -0.03061 0.02639 -0.04140 -0.00135 0.15903 -0.07557 -0.12166 0.10454 0.33533 0.13692 -0.12249 -0.09933 -0.45279 
-0.01078 -0.06494 0.08112 -0.04402 -0.00239 -0.04604 0.33561 -0.09444 0.00290 -0.14154 0.16342 -0.14663 0.09685 0.00267 -0.00376 -0.02471 0.05573 0.05675 -0.01520 -0.17307 0.08446 0.16770 -0.02651 -0.06742 -0.12059 -0.18134 0.00652 0.07172 -0.03039 -0.07581 0.21511 0.05282 -0.40718 -0.03185 0.18456 0.03235 -0.23932 0.03673 0.30509 
0.01650 -0.03340 0.06163 -0.06800 0.06434 -0.03291 0.06418 -0.08728 0.12090 -0.15052 0.01681 -0.07685 0.25061 0.02476 0.03628 0.00097 -0.01124 0.05840 0.02231 -0.23108 -0.03058 0.10179 0.05571 -0.17824 0.02779 0.10705 -0.00251 0.01639 0.01414 -0.03611 -0.03451 0.01810 0.22504 -0.06859 -0.19992 0.08235 0.11032 0.12460 0.10860 
0.01397 -0.02866 0.08209 -0.05526 0.05601 -0.02373 0.10452 -0.12503 0.10470 -0.08583 -0.01482 -0.11883 0.20390 0.00016 0.01263 -0.01057 0.01962 0.02224 0.00291 0.05197 0.01587 -0.03221 0.05583 0.04290 0.00401 -0.07274 -0.06044 -0.04122 0.02656 0.02522 -0.10332 -0.01401 0.31993 -0.02833 -0.04244 0.05075 0.09569 0.03570 0.16953 
0.01666 -0.02077 0.05106 -0.04838 0.08658 -0.03000 0.11615 -0.07141 0.08869 -0.09469 0.05971 -0.07284 0.17787 -0.03568 -0.00494 0.02753 0.01398 -0.04492 0.00830 0.08884 -0.05891 0.05935 0.10646 -0.08255 0.06349 0.27658 0.00211 -0.01892 0.00487 -0.03638 -0.04083 -0.00435 -0.05533 -0.01606 0.02826 -0.04284 -0.01174 0.01519 0.06445 
-0.02171 -0.03360 0.10962 -0.04128 0.01109 -0.01543 0.19337 -0.18394 0.16405 0.02063 -0.09737 -0.05534 0.48048 0.00227 -0.00629 -0.00570 -0.01676 -0.01859 -0.00144 -0.00336 -0.00019 -0.00395 0.01300 0.03115 0.01920 -0.00828 0.07528 -0.00423 -0.05338 -0.07322 0.26106 -0.05532 -0.03441 0.14773 -0.09309 -0.20861 0.20553 -0.08716 -0.47081 
0.01894 -0.02706 0.04536 -0.06514 0.06799 -0.03144 0.11278 -0.07160 0.08474 -0.08169 0.09086 -0.05364 0.16959 0.03960 -0.00917 -0.02585 -0.05924 0.21614 -0.04702 0.05443 0.08882 -0.03374 -0.10216 0.12298 -0.02367 -0.19423 0.01086 -0.00071 0.06551 -0.00304 0.09100 -0.00947 0.09138 -0.05288 0.05146 -0.09324 -0.03947 -0.09320 0.08387 
0.01790 -0.04276 0.08376 -0.10052 0.22722 -0.06244 0.24780 -0.09512 0.13031 -0.08153 0.02561 -0.07901 0.28625 0.01314 -0.00700 0.05981 -0.01980 0.07241 -0.01091 0.08802 -0.05307 0.04751 -0.08024 -0.00831 -0.07400 0.07558 -0.05113 0.03685 0.00462 0.08067 -0.30411 0.06003 -0.11309 -0.06902 -0.04990 0.14938 -0.12418 0.07253 -0.00042 
0.03208 -0.03405 0.10517 -0.08494 0.14040 -0.04235 0.20080 -0.12467 0.13225 -0.16194 0.08255 -0.12764 0.24517 -0.01152 0.02768 -0.02123 0.02143 -0.08798 0.01302 -0.05866 0.01980 -0.08364 0.04722 -0.00120 0.04886 -0.19466 -0.03590 0.01544 -0.11714 0.04404 -0.11386 0.02969 -0.15826 0.09430 -0.09275 0.13308 -0.01452 0.13482 -0.12023 
0.00637 -0.01508 0.06253 -0.07909 0.13924 -0.04943 0.18914 -0.07532 0.04668 -0.03431 0.02440 -0.03015 0.09159 -0.02276 0.00844 -0.05733 0.02424 -0.04145 0.01878 -0.07025 0.04123 -0.04524 0.05284 -0.02283 0.06082 -0.04465 0.01399 -0.03860 0.03799 -0.00408 0.02419 0.01250 -0.02465 -0.01475 0.11989 -0.09796 0.03644 -0.10013 0.29732 
