-0.00375 -0.01243 0.04053 -0.05786 0.07298 -0.06801 0.10635 -0.09417 0.04435 -0.01030 -0.00478 -0.02984 0.10575 -0.00570 0.01177 0.01142 -0.00879 -0.00053 -0.01365 0.02008 -0.06918 -0.05915 -0.03112 -0.04956 -0.04893 -0.06020 0.04481 -0.41365 -0.04285 -0.25324 -0.04597 0.04872 -0.18487 -0.32391 0.59756 0.62634 0.58187 -0.40137 0.76142 
0.00636 -0.01095 0.04218 -0.04479 0.05253 -0.06243 0.08307 -0.13585 0.00689 -0.12622 0.01332 -0.12908 0.05091 -0.04883 -0.18282 -0.11041 -0.16356 -0.04106 0.04606 -0.16865 -0.38163 0.48223 0.62454 0.13179 -0.62851 0.18282 0.01330 -0.02518 -0.02586 0.01296 -0.00878 0.04063 -0.02088 0.13432 0.10398 0.03299 0.11732 0.10125 0.12066 
-0.05257 -0.19524 -0.06989 -0.22142 0.03192 -0.02194 -0.06230 -0.47580 0.52658 0.61424 0.12700 -0.65835 0.28857 0.00760 -0.01341 -0.01444 0.00417 -0.00931 0.02699 -0.00081 0.06514 0.04483 0.00187 0.06776 0.05232 0.06046 0.11640 0.35549 0.21206 0.34932 0.05241 -0.06438 0.29607 0.78631 -0.94647 -1.33851 -0.18099 1.20300 -0.37072 
0.01395 -0.02436 0.02773 -0.04062 0.04322 -0.03545 0.08226 -0.07071 0.05172 -0.12436 0.08108 -0.07676 0.11136 0.06757 0.17267 0.10165 0.18576 0.01135 -0.01832 0.12742 0.40467 -0.46425 -0.71397 -0.04921 0.57449 -0.18790 0.00222 -0.00474 0.04080 -0.01289 0.03702 -0.06537 0.00465 -0.11839 0.03177 -0.03123 -0.04792 -0.12494 0.02201 
0.01500 -0.02257 0.03176 -0.03566 0.04327 -0.04026 0.06511 -0.07113 0.06234 -0.09973 0.07780 -0.08386 0.10067 0.00981 -0.01815 0.02636 -0.00872 0.02771 -0.03838 0.00384 -0.05325 0.07660 -0.02936 0.01984 -0.07262 0.08247 -0.06865 -0.17493 -0.10198 -0.19093 -0.02167 0.01004 -0.13855 -0.41686 0.47846 0.75077 0.07880 -0.56233 0.18498 
0.02377 -0.04251 0.05409 -0.04934 0.07093 -0.07383 0.08610 -0.12396 0.12833 -0.15372 0.10092 -0.14938 0.19383 -0.00108 -0.00226 -0.00033 -0.00517 -0.01032 -0.00828 -0.01113 -0.01219 0.01422 0.03679 0.02960 0.01215 -0.00292 -0.00787 0.02328 -0.02823 -0.00354 -0.03111 0.04610 0.02114 0.05456 -0.10999 0.02009 0.01098 0.07999 -0.12034 
0.01392 -0.02483 0.03143 -0.04082 0.03295 -0.04854 0.05398 -0.08332 0.07656 -0.06293 0.10739 -0.07171 0.09774 0.00194 0.00513 -0.00187 -0.01226 -0.00340 0.00772 0.02498 0.00131 -0.03339 -0.00927 0.03083 0.00737 -0.03787 0.00171 0.00485 0.00083 0.00948 0.02216 0.01517 0.02377 0.02410 -0.02948 -0.07038 -0.06210 -0.02175 0.00449 
0.02571 -0.03738 0.05222 -0.06160 0.06753 -0.06611 0.11107 -0.12265 0.09493 -0.16299 0.13175 -0.14200 0.15595 0.00063 0.00259 0.00051 0.00431 0.01184 0.00689 0.01264 0.01191 -0.01526 -0.03359 -0.03251 -0.00960 0.00157 -0.01266 0.00968 -0.01859 0.03821 -0.02086 0.01813 -0.07094 0.05020 0.00079 0.07254 -0.08477 0.05077 -0.01741 
0.01455 -0.02224 0.03194 -0.03652 0.04478 -0.04166 0.06662 -0.07141 0.06129 -0.09652 0.07489 -0.08131 0.09932 -0.01071 0.01481 -0.02046 0.02594 -0.02426 0.02585 -0.04596 0.05152 -0.03260 0.06326 -0.05395 0.05814 -0.05529 -0.00103 -0.00364 0.00151 -0.00445 -0.01445 -0.00479 -0.01138 -0.01671 0.01740 0.03761 0.02731 0.01067 0.00417 
0.01500 -0.02257 0.03176 -0.03566 0.04327 -0.04026 0.06511 -0.07113 0.06234 -0.09973 0.07780 -0.08386 0.10067 -0.00040 -0.00105 0.00202 -0.00014 -0.00262 0.00209 0.00126 -0.00480 0.00214 0.00403 -0.00520 0.00107 0.00574 0.01026 -0.01448 0.02063 -0.02680 0.02577 -0.02724 0.04746 -0.05180 0.03156 -0.06006 0.05104 -0.05558 0.05393 
0.01415 -0.02329 0.03396 -0.03666 0.04217 -0.03956 0.06787 -0.07621 0.06344 -0.09249 0.06969 -0.08024 0.10505 -0.00045 0.00033 0.00018 -0.00086 0.00151 -0.00139 0.00150 -0.00028 -0.00104 0.00321 -0.00291 0.00256 -0.00135 0.00004 0.00155 -0.00263 0.00070 0.00213 -0.00184 -0.00132 0.00448 -0.00154 -0.00546 0.00663 -0.00289 -0.00332 
0.01455 -0.02224 0.03194 -0.03652 0.04478 -0.04166 0.06662 -0.07141 0.06129 -0.09652 0.07489 -0.08131 0.09932 -0.00036 0.00050 -0.00062 0.00056 -0.00049 0.00025 -0.00006 -0.00032 0.00060 -0.00143 0.00144 -0.00182 0.00242 -0.00162 0.00009 0.00173 -0.00121 -0.00023 -0.00030 0.00406 -0.00567 0.00079 0.00866 -0.00928 0.00412 0.00555 
0.01379 -0.02278 0.03334 -0.03610 0.04168 -0.03931 0.06781 -0.07653 0.06404 -0.09393 0.07113 -0.08206 0.10747 -0.00207 0.00042 0.00191 -0.00207 0.00128 -0.00169 0.00556 -0.00595 -0.00026 0.01187 -0.01219 0.00667 0.00420 0.00112 0.00004 -0.00078 -0.00098 0.00359 -0.00259 -0.00114 0.00544 -0.00335 -0.00116 0.00232 0.00257 -0.01057 
0.01248 -0.02182 0.03385 -0.03858 0.04606 -0.04335 0.07217 -0.07735 0.06104 -0.08465 0.06270 -0.07463 0.10351 0.00076 0.00054 -0.00140 -0.00042 0.00310 -0.00234 -0.00120 0.00512 -0.00274 -0.00259 0.00376 0.00075 -0.00815 0.01400 -0.01682 0.01594 -0.01972 0.02313 -0.02307 0.02836 -0.03705 0.04077 -0.09580 0.07642 -0.07394 0.05579 
0.01455 -0.02224 0.03194 -0.03652 0.04478 -0.04166 0.06662 -0.07141 0.06129 -0.09652 0.07489 -0.08131 0.09932 0.01193 -0.01640 0.01785 -0.02178 0.02441 -0.02476 0.03392 -0.04299 0.04051 -0.08393 0.06423 -0.06727 0.05999 -0.00031 -0.00088 0.00122 0.00128 -0.00461 0.00374 -0.00030 -0.00484 0.00379 -0.00062 -0.00085 -0.00331 0.00951 
0.02441 -0.03822 0.05169 -0.06037 0.07047 -0.06811 0.10609 -0.12035 0.10155 -0.16858 0.12693 -0.14190 0.16350 0.00045 -0.00033 -0.00018 0.00086 -0.00151 0.00139 -0.00150 0.00028 0.00104 -0.00321 0.00291 -0.00256 0.00135 -0.02606 0.03129 -0.03176 0.04483 -0.05771 0.05620 -0.06437 0.07136 -0.07320 0.17519 -0.13900 0.13211 -0.09646 
0.01500 -0.02257 0.03176 -0.03566 0.04327 -0.04026 0.06511 -0.07113 0.06234 -0.09973 0.07780 -0.08386 0.10067 -0.01413 0.01489 -0.01391 0.02304 -0.03330 0.03144 -0.03046 0.02837 -0.03268 0.09126 -0.07477 0.06484 -0.03647 -0.00074 -0.00151 -0.00229 0.00375 0.00384 -0.00413 -0.00547 0.00404 0.00630 -0.00055 -0.01131 0.00057 0.01348 
0.01028 -0.02333 0.03778 -0.03732 0.03717 -0.03667 0.07563 -0.09198 0.06886 -0.07732 0.05217 -0.07706 0.12703 -0.00029 -0.00185 -0.00246 0.00461 0.00233 -0.00274 -0.00697 0.00432 0.00734 -0.00376 -0.00840 -0.00199 0.01483 0.01885 -0.01413 0.00790 -0.02138 0.03941 -0.03504 0.01994 -0.00752 0.02616 -0.11366 0.10040 -0.07164 0.01010 
0.01471 -0.02442 0.02930 -0.03105 0.04560 -0.04300 0.05815 -0.06681 0.06968 -0.10349 0.06939 -0.08585 0.11549 0.00472 0.00076 -0.00602 0.00167 0.00610 -0.00359 -0.01052 0.02085 -0.00653 -0.02241 0.02563 -0.00680 -0.02637 -0.01290 -0.00128 0.02055 -0.02008 -0.05284 0.02851 0.03012 -0.05942 0.01265 0.04806 -0.00733 0.01622 0.10409 
0.01500 -0.02257 0.03176 -0.03566 0.04327 -0.04026 0.06511 -0.07113 0.06234 -0.09973 0.07780 -0.08386 0.10067 -0.01319 -0.00313 0.01809 -0.01547 -0.05051 0.02577 0.02315 -0.05510 0.01999 0.04430 -0.01573 0.01423 0.11892 -0.04450 -0.98164 0.54503 0.74862 0.56323 -0.31181 -1.03714 -1.11848 1.81824 0.24718 -1.27463 -1.26618 2.32785 
0.00151 -0.02754 0.04739 -0.04652 -0.00490 -0.01723 0.08130 -0.12191 0.08967 -0.05919 0.05366 -0.07163 0.23441 -0.03978 -0.98087 0.53902 0.75029 0.56934 -0.31540 -1.04766 -1.09763 1.81171 0.22477 -1.24900 -1.27298 2.30148 -0.21270 -2.27065 1.24255 0.63188 1.23928 -0.52773 -1.38040 -0.41775 1.99186 -0.67699 -1.29899 -1.18756 2.39587 
-0.02478 -1.00344 0.57078 0.71463 0.61261 -0.35567 -0.98255 -1.16876 1.87405 0.12505 -1.17120 -1.35685 2.40215 -0.22590 -2.27378 1.26063 0.61641 1.18877 -0.50196 -1.35725 -0.47286 2.01185 -0.63269 -1.31472 -1.17333 2.51479 -0.77950 -0.69895 1.13458 -1.97672 0.58457 0.72956 0.51098 1.85477 -1.58783 1.09270 1.53082 0.33115 -1.81209 
-0.22439 -2.30132 1.30802 0.56989 1.18387 -0.51919 -1.27596 -0.59477 2.10152 -0.69187 -1.26106 -1.24496 2.74920 -0.81927 -1.67983 1.67360 -1.22643 1.15391 0.41416 -0.53668 0.75714 0.22388 1.31747 0.28183 -0.94183 0.48939 -0.73065 2.33181 0.06756 -2.72426 -0.67236 0.43859 1.19169 0.69253 -2.22694 2.15410 1.32280 2.39247 -1.99320 
-0.84405 -2.68327 2.24438 -0.51180 1.76652 0.05849 -1.51922 -0.41162 2.09793 1.44252 -0.88937 -2.29868 2.89153 -0.95655 0.05803 1.32819 -2.10785 0.51641 -0.06336 -0.16556 0.21967 -0.21508 1.52141 0.00808 1.21914 0.52158 0.25672 2.62052 -1.23818 -0.58237 -0.34328 -1.71798 1.93309 -1.47533 -0.78139 -2.15630 -1.08166 2.69744 -1.53515 
-1.18093 -2.24330 2.63621 -1.53796 1.70028 -0.58255 -1.44152 -0.37510 1.88644 0.82954 -1.25298 -0.02583 3.27078 -0.56256 0.94069 0.43541 -1.80880 0.81063 -1.30382 1.39641 -0.71819 -0.55751 -0.83883 -0.79984 1.75561 -1.04576 0.54691 0.55188 -0.94028 1.11619 0.21633 -0.64522 1.99812 -0.97859 -0.21121 -2.68609 -0.75512 -1.65192 -2.18857 
-1.40661 -1.74258 2.67979 -2.32061 2.57715 -1.24533 -0.12281 -1.12982 1.54042 0.60369 -1.68921 -0.54307 1.84578 -0.40964 0.60991 0.38792 -0.99166 0.73274 -0.70858 1.83256 -0.75892 -0.42629 -1.16468 -0.74704 -0.43279 -1.66699 -0.03664 -0.86014 0.14491 1.91139 -0.94249 0.71963 0.10612 1.45830 0.39450 -2.11360 1.38657 -1.73831 -0.07292 
-1.59058 -1.63339 3.02413 -2.52962 2.43301 -1.29114 0.39104 -1.13402 1.46015 -0.33514 -2.00002 -0.45861 1.60380 -0.59920 0.08055 0.58032 0.10259 -0.13186 -0.58419 1.50254 0.74011 -0.16301 -2.95243 0.58673 0.01730 -1.11868 0.26468 -0.38796 -0.00984 1.10813 -1.14866 0.33632 -0.49948 0.12827 0.77684 0.17996 2.43524 0.35959 1.57915 
-2.00581 -1.66202 3.26011 -2.21802 2.44529 -1.82952 1.37973 -0.38970 1.37741 -2.34874 -1.10248 -0.52577 0.72710 -0.14496 0.22195 0.37808 0.11646 -0.41593 -0.37227 1.33308 -0.63065 0.35055 -0.98472 1.68820 -0.07320 -0.08783 0.10908 -0.35715 -0.55271 0.15763 0.06594 0.63646 -0.69890 -2.23058 1.37075 3.18058 -0.06895 -0.81956 2.37233 
-1.73553 -1.41144 3.40221 -2.41316 2.01709 -1.66341 1.72412 -1.76467 1.81070 -1.31986 -0.31182 -0.53181 1.51596 -0.49012 -0.27660 0.02761 0.26021 -0.06592 0.05227 0.80363 -1.49046 1.20773 0.22816 0.51778 -0.80226 1.25365 -0.49173 -0.57672 -0.97342 0.12456 0.74198 0.33331 -0.86164 0.22907 0.33992 -0.03961 -1.11334 -0.86636 0.67902 
-2.49593 -1.93862 3.28772 -1.95780 2.37937 -1.77725 2.18336 -1.88017 2.58514 -2.12058 -0.58470 -1.32803 1.98074 -0.63669 -0.35477 -0.59534 0.24102 0.32605 -0.03896 0.47144 -0.40158 0.69047 -1.02433 0.57486 -0.93955 0.59119 0.73116 0.47967 -1.10376 -0.39813 -0.18672 0.18482 -0.33624 1.43236 -1.61845 -1.58053 0.61380 0.20923 -0.03867 
-2.37222 -1.76621 2.80687 -2.17214 2.34314 -1.70237 2.19556 -2.16625 2.50117 -2.34419 0.26303 -1.47136 2.10715 0.24104 0.20307 -1.07616 -0.13791 -0.25265 0.23709 0.46740 -0.05810 -0.41072 -1.35237 1.13158 -0.59303 1.21497 1.06274 -0.05747 -0.92937 -0.22535 0.61838 1.27237 -0.33295 -1.38183 -2.23994 0.55104 1.47382 1.97954 -1.53523 
-2.25490 -1.73555 2.21156 -2.09572 2.12672 -1.54016 2.65076 -1.93827 2.17443 -3.47295 0.54688 -1.92107 3.19572 0.42605 -0.41224 -1.52472 0.01567 0.94443 1.23341 0.13848 -1.78341 -1.54948 -0.47329 2.04868 1.03998 -0.94404 0.52913 0.32848 1.20276 -0.29571 -0.66750 -1.16784 -1.65336 -0.32678 0.81071 3.43648 0.32373 2.59584 -0.61538 
-1.94617 -2.17845 1.28215 -2.15647 3.28757 -0.46896 2.33404 -3.94967 0.95169 -2.81748 2.31171 -0.43138 1.16311 0.77017 0.53156 0.12660 -0.43362 -0.92015 -0.93075 -1.18596 -0.38488 0.39999 2.08411 1.45531 2.00281 0.59959 -0.61163 0.63220 2.50294 0.02871 -2.12858 -2.83804 -0.56356 3.66009 2.61481 0.08060 -4.99981 -2.66386 1.48672 
-1.48473 -1.20399 2.33817 -2.52933 1.20658 -2.47091 1.46480 -2.32315 2.57442 -1.38883 2.00219 0.08174 3.79531 -0.18558 0.21996 0.97822 0.04438 -1.18415 -1.60463 -0.42508 1.87668 1.06533 -0.39269 -2.95113 -1.62388 0.54268 -0.64114 -0.85434 -0.17523 1.06875 2.04221 1.79264 1.22969 0.95029 -1.50821 -2.35568 -2.96933 -3.13693 -2.59275 
-2.13174 -1.95849 2.26037 -2.11209 2.10343 -2.07359 1.90896 -2.07299 2.01703 -3.21017 -0.63942 -2.05526 1.70579 0.12903 -0.32279 -0.04863 0.63513 1.12206 0.86189 0.04373 0.56541 -1.10822 -0.27156 -1.51403 -1.13412 -1.99316 1.31787 0.03728 -0.36532 0.67002 0.96980 1.97247 -0.81452 -1.57654 -2.21079 1.82907 2.59735 2.88173 -0.91665 
-1.35570 -1.52678 2.28954 -1.89420 2.32864 -1.60901 1.50853 -1.75774 1.46620 -1.66039 0.48816 -1.05238 1.80214 1.13229 0.25724 0.61291 0.71440 -0.21434 0.36784 -1.23960 0.30013 -1.14546 1.43638 -0.35378 1.25785 -0.37397 1.90426 0.70774 -0.10958 -0.10641 -1.90436 -1.12985 -2.61740 -2.46885 -1.50219 -0.42403 -1.06329 0.99947 1.11829 
-0.99945 -1.70125 2.87328 -1.39769 1.88909 -1.70574 0.66936 -1.77286 0.87157 -1.77379 -0.99320 -0.79740 1.33182 2.03329 0.38495 -0.15821 0.52872 -0.78230 -0.26796 -2.57368 -1.90344 -2.61040 -0.69559 -2.57732 -0.13465 -0.87487 0.73581 -0.56326 -1.99873 -0.43582 -0.35790 -0.61965 -0.63634 -1.25984 -0.72245 -2.40720 -0.45664 -3.00453 -0.83697 
0.67759 -1.14183 2.13133 -1.36548 1.54634 -1.87698 -1.06514 -3.66118 -1.14420 -2.35598 -2.08916 -1.18704 0.92727 1.86810 -0.30603 -1.38582 0.27858 -0.57224 -0.25180 -1.87594 -0.95971 -1.86791 -0.97081 -0.81042 -1.74667 -1.21094 -1.64089 -1.39862 -0.38370 0.09963 0.50940 0.50549 3.04194 3.09179 2.95887 1.33151 3.51577 -1.23406 0.87843 
0.86865 -2.00728 1.48746 -1.11911 1.31684 -1.95755 -1.20658 -2.73257 -0.99635 -2.74460 -1.80363 -2.54408 0.12089 0.39240 -1.01367 -0.54191 0.62835 -0.27290 0.23752 0.46827 1.18835 0.34847 0.63593 0.93845 -1.36871 0.00356 -1.60005 -0.14937 1.11848 0.04316 -0.03018 0.21306 2.14215 1.10621 1.42340 1.90988 1.39284 1.16606 1.50697 
1.06999 -2.15550 1.58942 -0.73712 1.27344 -1.63945 -0.59688 -2.47282 -0.79573 -1.72005 -1.15070 -2.55575 0.93083 0.26805 -0.45540 -0.26734 0.32174 -0.60242 -0.03874 0.26620 0.14651 -0.44451 0.93907 0.58241 -0.58061 0.29603 -0.31946 0.92993 0.36101 -0.52851 0.08859 -0.54142 0.00977 -1.00083 -0.40617 -0.13018 -0.96157 1.58171 -0.09826 
1.13670 -2.46268 1.22012 -0.79737 0.71442 -1.99629 -0.94038 -2.58606 -1.44086 -1.80553 -1.22121 -3.12469 0.41692 0.07294 -0.08375 -0.18090 0.09984 -0.18431 -0.30390 0.47804 0.18752 -0.05771 0.50574 -0.02312 0.21300 -0.09470 -0.31710 0.47633 0.13292 -0.12130 0.78497 -0.38129 -0.40312 -0.30758 0.82818 -0.69192 -1.59144 1.05417 0.75670 
1.14294 -2.23925 1.40852 -0.63729 1.08913 -1.94335 -0.11884 -2.28530 -0.85344 -1.21431 -1.17383 -2.34274 0.83613 -0.04904 0.02094 -0.13442 0.20043 0.18256 -0.42004 -0.13692 -0.16108 0.38367 0.24715 -1.00903 0.47355 1.05274 -0.12416 -0.08882 0.12326 0.07819 -0.41093 -0.23607 -0.76613 0.11090 0.20046 -0.05825 -0.95345 -0.69672 0.09047 
1.08766 -2.44174 1.08569 -0.59694 0.89698 -2.41633 -1.07730 -2.74714 -1.05719 -1.55838 -2.23024 -2.65114 1.46966 -0.05122 -0.17256 -0.05764 0.17803 -0.59524 -0.53997 -0.28809 0.29843 0.14275 0.44749 -0.97657 -0.48371 -0.00423 -0.05572 -0.11276 0.13047 -0.34764 -1.15664 -0.13064 0.87051 0.43047 -0.30745 0.49505 0.16689 -0.91648 -1.96654 
1.09172 -2.41181 1.35088 -0.45926 0.49388 -2.48332 -0.40694 -1.98687 -0.71069 -0.76681 -2.15039 -2.82645 0.83190 -0.10476 -0.09183 -0.00395 -0.14721 -0.97409 -0.55067 0.73359 0.26939 0.07622 0.74220 -0.84213 -0.44293 -0.91380 0.14581 0.22964 -0.11332 -0.38708 0.57582 0.48785 0.62441 -0.13087 -0.24030 -0.27544 0.68868 1.26078 0.32301 
0.98290 -2.53357 1.08174 -0.74415 -0.07711 -2.96700 -0.34371 -2.47774 -0.98097 -0.81619 -3.07237 -3.09407 0.55586 0.09459 0.05707 -0.17096 -0.20905 -0.01943 -0.05212 0.33631 0.16756 -0.09754 0.17206 -0.28788 0.77707 0.31877 0.22871 -0.09868 -0.53154 -0.14466 0.95263 0.57645 -1.22351 -0.52810 -0.52505 -1.44900 1.35941 0.36199 0.65884 
1.18631 -2.35474 1.17992 -0.66831 0.47445 -2.53544 -0.07062 -1.81931 -0.80823 -0.59476 -2.43828 -2.04938 1.15067 0.12395 -0.19050 -0.53549 -0.29187 -0.02146 0.02578 -0.48992 -0.25870 -0.44883 -0.70681 0.51727 -0.08094 -0.25496 0.11741 -0.05232 -0.02700 0.14135 0.02245 -0.02512 -0.48838 -0.41376 0.05653 0.40795 0.95236 -0.70285 -0.04020 
1.10685 -2.72407 0.54625 -1.03602 -0.09857 -2.94122 -0.83363 -2.73645 -1.42980 -1.52300 -2.55510 -3.17501 0.30090 0.21200 0.00476 -0.19796 -0.06770 0.00302 -0.07724 -0.15206 -0.24620 -0.04102 0.58000 0.66447 0.07422 0.27857 -0.01243 0.55213 0.75371 0.18938 -0.06964 0.02136 0.56411 0.50788 0.32964 1.31663 0.35931 0.60941 1.39900 
1.39831 -2.34998 0.98196 -0.73601 0.47748 -2.61268 -0.22268 -2.06551 -0.84925 -0.01475 -1.77380 -1.97516 1.42924 0.11151 0.36163 0.21821 -0.10249 -0.09110 0.04714 0.07419 0.24917 -0.11918 0.60982 0.87659 0.52847 1.14404 -0.20371 -0.10369 0.15862 0.26052 -0.31292 -0.17442 -0.09220 0.28715 -0.37754 -0.86228 -0.64471 -0.47251 0.44581 
1.21836 -2.36244 0.76446 -1.13851 -0.18967 -2.89407 -0.75944 -2.48727 -1.54898 -0.91318 -1.67851 -2.64653 1.44494 0.00829 -0.09893 -0.03935 0.19283 -0.30990 -0.25166 -0.24426 0.04095 -0.41856 -0.28228 0.01977 -0.39828 0.72438 0.04480 -0.55123 -0.15947 0.88939 0.30492 -0.03691 -0.22725 0.12917 0.32777 -0.55958 -1.28196 -0.49458 -0.23653 
1.40660 -2.44891 0.94261 -0.54318 0.16758 -2.86434 -0.46695 -2.02456 -1.26780 -0.29703 -1.75404 -2.37344 2.15363 0.15632 -0.18960 0.05874 0.78690 0.21381 0.01023 -0.15306 0.37834 0.20859 0.05023 -0.40537 0.03389 0.90750 -0.10578 0.00020 -0.20284 0.07069 0.01217 0.07452 -0.19497 -0.42432 0.03598 -0.25372 -0.82385 -0.23668 -0.22663 
1.37467 -2.55204 0.82320 -0.35161 0.02414 -2.88384 -0.91249 -2.10893 -1.34039 -0.86295 -2.08388 -2.61264 2.35244 -0.09749 -0.09873 -0.24218 0.26352 -0.29773 -0.17714 -0.43923 -0.38337 -0.38258 -0.53600 -0.80408 -0.63496 0.49775 -0.40275 0.17775 -0.02659 -0.21749 -0.01786 -0.27657 1.04604 -0.47351 -0.74164 0.68894 -0.07635 -0.11519 -0.31115 
1.30911 -2.54764 0.70043 -0.27966 -0.13015 -3.04148 -0.90618 -2.40793 -1.65038 -0.83303 -2.55812 -3.00840 2.65138 -0.24643 -0.01185 0.03215 0.56941 0.19595 -0.26634 0.89298 -0.09517 -0.53305 0.73917 -0.48172 -0.08130 0.59635 -0.07970 0.03217 0.05475 0.87293 1.08072 0.59007 1.55648 0.28105 0.52459 1.09084 0.35748 0.90565 0.22374 
1.12824 -2.56389 0.85536 0.21780 0.22009 -3.15018 -0.01951 -2.20410 -1.87344 -0.12378 -2.56560 -2.69394 2.94880 -0.17719 -0.06656 -0.18743 1.13645 0.78299 0.41293 1.11725 -0.10232 0.14201 0.55484 -0.44660 0.27069 0.72150 0.39703 0.17394 -0.26243 0.25540 0.37578 1.04698 -0.39585 -0.06030 1.11970 -0.46764 0.11352 -0.19158 0.05060 
1.13193 -2.61420 0.51300 0.85679 0.65284 -2.62855 0.21107 -2.51025 -1.50837 -0.27819 -3.00472 -2.73772 3.37288 0.15060 0.16208 -0.23027 0.82481 0.57173 0.78064 0.49713 -0.15547 0.58665 0.27153 -0.36819 -0.27288 0.64696 0.24202 1.03239 0.38505 -1.13211 -1.23575 -0.19465 -1.59191 0.97058 1.27850 -0.39876 0.97574 -0.72454 -1.73623 
1.27884 -2.40181 0.62509 1.04261 0.79182 -2.36954 0.47762 -2.35957 -1.28679 0.14775 -2.93380 -2.96682 3.59575 0.06484 0.96583 0.19762 0.00434 -0.45276 0.21828 -0.47466 0.86826 1.42052 0.15608 0.52913 -0.45385 -1.01473 -0.22577 1.29635 0.37789 -0.74109 -0.88968 -0.02013 -1.17491 0.86268 0.67164 -1.41256 1.19408 0.13879 -2.30725 
1.19676 -1.64837 0.71062 0.86113 0.20009 -2.41026 -0.26359 -1.64199 -0.08785 -0.12211 -2.47559 -3.19157 2.35814 -0.07518 1.45843 0.14762 0.08372 -0.31795 0.76051 -0.67778 0.70721 1.25829 -1.14103 0.82588 -0.13409 -1.66029 -0.54789 -0.11261 -0.28413 0.00342 0.66176 0.56488 0.02873 -0.47554 -1.38021 -1.49641 0.84181 2.10963 1.13769 
1.20366 -0.94338 0.77271 1.12634 0.47387 -1.60902 -0.20016 -1.65236 -0.02850 -0.99328 -2.10791 -3.10091 1.93546 -0.48305 0.85322 -0.08650 0.00776 0.20900 0.78316 -0.44593 0.39272 0.04031 -1.34033 1.37095 1.65578 0.12295 -0.88297 -1.41008 -0.74917 -0.72299 0.34638 -0.54863 0.42292 0.37838 -0.69207 1.12152 1.00064 1.82120 1.19231 
0.71371 -0.79515 0.62412 0.86889 0.40908 -1.62710 -0.70953 -1.24927 -0.04754 -1.46244 -1.10464 -1.53579 2.48110 -0.95815 0.04836 -0.60155 -0.63927 0.02843 0.21189 -0.25486 1.08558 0.56622 -0.01951 1.82652 1.68712 -0.46798 0.01985 -0.55029 -0.25694 -0.72456 -0.20115 -0.34540 0.17885 0.55093 0.20415 1.41083 -0.49826 -0.56082 -0.17208 
0.24551 -0.89502 0.17116 0.48706 0.50230 -1.39714 -0.45502 -0.56678 0.53772 -1.01280 -0.28139 -1.41379 1.46748 -0.46320 0.30293 -0.34344 -0.71680 0.00785 0.43776 -0.26708 0.94365 0.24446 0.07050 0.87269 1.09496 -0.04913 2.23147 -0.26153 -0.84075 -0.45447 0.34822 0.39597 0.41383 -2.25917 -0.63803 -0.73596 -2.00600 -1.59386 0.26106 
0.25051 -0.49223 0.28068 0.15209 0.41693 -1.18934 -0.97661 -0.30561 0.19693 -1.39194 -0.23195 -0.44083 2.43197 1.27332 -0.21317 -1.44230 -1.09374 0.37665 0.60785 0.15897 -1.17359 -0.07181 -0.75547 -0.17948 0.09326 -0.20692 1.29945 -1.38164 -0.67020 -0.99811 0.58457 -0.40600 0.97382 -2.65005 -0.44590 -0.97001 -1.54398 -3.01159 0.18232 
1.51883 -1.10819 -1.27113 -0.60668 0.87894 -0.78928 -0.29605 -1.74037 0.46592 -1.76826 -0.46087 -1.32053 1.26056 0.83625 -1.07871 -1.01364 -1.71491 0.59242 0.03177 0.70674 -1.70640 -0.20144 -0.89952 -0.67129 -1.91663 0.13319 -2.88496 -0.96249 4.01954 -0.70179 0.40780 -1.48560 -0.13874 0.97901 -0.80820 1.44597 0.10861 -0.03181 -0.21682 
1.08677 -1.57094 -0.73296 -1.56282 1.00935 -1.15757 -0.26986 -2.01201 -0.00451 -2.29146 -0.90324 -2.35746 2.56516 -1.61164 -1.17565 2.57724 -1.79553 0.78445 -0.87775 0.02023 -0.19458 -0.88000 0.69050 -0.07087 0.06144 -0.42374 -2.92483 -0.21425 3.13559 1.09103 0.35478 -0.70270 -0.07851 1.28111 0.41952 2.34929 1.41728 3.15006 -2.34145 
-0.09280 -2.28384 1.30611 -2.40221 1.66339 -1.66703 -0.27582 -1.93495 -0.41409 -1.07776 -0.53173 -1.25909 0.83682 -2.08857 -1.29297 2.12195 -0.62388 0.94720 -0.67093 0.62823 -0.42529 0.21808 1.44977 0.74600 1.23343 -2.20825 0.47774 1.27992 -2.05722 1.87813 -0.23550 1.06309 1.71714 0.10386 2.13585 -0.52349 0.71126 0.35298 0.76233 
-1.00181 -2.86390 1.38900 -2.18670 1.95655 -1.82850 0.35837 -2.43730 0.21357 -0.84169 -0.15724 -1.12403 0.35691 -1.13390 0.10426 0.52002 0.08259 0.54895 0.18534 1.73737 -0.09072 1.25585 0.16701 0.64039 0.41442 0.33860 1.45634 2.14916 -1.59048 0.38377 -0.40412 0.70760 0.81977 0.74828 1.03097 -1.98770 0.03284 -1.00368 3.55079 
-1.22670 -2.17958 1.82613 -2.31962 2.21234 -1.48170 1.46155 -2.02567 0.84177 -0.91075 0.10866 -0.84467 1.17541 -0.63223 0.85620 0.53147 -0.24011 0.54308 0.03667 1.44800 0.32299 1.24905 -0.53793 0.77883 0.22975 1.34254 0.83209 0.17791 -1.06772 -0.79015 -0.21351 0.30771 0.90288 1.80588 -0.72017 -4.03937 -1.83916 -1.13461 1.22635 
-1.63404 -2.00771 1.92047 -2.42681 2.49964 -1.79184 1.80637 -2.11430 1.46262 -1.37962 0.62159 -0.89428 1.69945 -0.30181 0.28218 -0.54770 -0.70755 0.33544 0.49304 2.64025 1.71516 0.53568 -3.87236 -1.19877 -0.72019 1.56495 0.88172 -0.57526 -1.16260 -0.82252 -1.69670 -0.22791 -0.49830 1.44762 0.20168 0.61963 -0.99578 -0.91772 -1.06702 
-1.52851 -1.89740 1.27843 -3.02717 2.54777 -0.98865 4.10180 -0.31051 1.37745 -4.78311 -1.09011 -1.56486 2.74036 0.24949 0.28093 -0.63113 -1.06263 -1.15362 -0.19124 0.94970 1.77061 1.45073 0.08170 -0.21695 -0.68797 0.27552 -0.03318 -0.28753 1.09926 1.39003 -0.34398 -1.10004 -4.36658 -3.31103 -0.33817 6.29789 1.97508 0.50693 -1.52037 
-1.38455 -1.72677 1.28933 -3.48944 1.34602 -1.98308 2.75607 -0.34369 2.91334 -1.29792 0.40464 -1.58225 1.97497 -0.33499 -0.00536 0.55156 0.68247 -0.00854 -0.60699 -1.72633 -1.59587 0.19752 2.42554 0.77631 -0.21326 0.04458 -0.49700 -0.40838 1.15423 2.34123 2.36731 0.60434 -1.16477 -3.22815 -2.86195 -0.66156 -0.08244 0.61882 -0.50252 
-1.86349 -1.90276 1.82999 -2.34470 2.53923 -1.59565 2.37547 -1.90638 1.57496 -2.35757 -0.31380 -1.77812 2.78494 -0.24751 -0.12744 0.52310 1.27859 1.21370 0.41310 -0.21507 -1.45754 -1.41122 -0.57987 -0.29939 -0.06915 -0.22700 0.44977 0.04428 -0.58311 -0.50611 -0.04461 0.39511 1.63292 1.35522 -0.18646 -2.18568 -0.57755 0.26719 -0.68208 
-1.63206 -1.85422 1.81243 -2.21085 2.55971 -1.56998 2.54100 -1.80123 1.50212 -1.87779 0.10525 -1.65140 1.74796 0.11478 0.03892 -0.03155 0.17636 -0.05315 -0.21189 -0.09341 -0.24064 0.01105 0.23985 0.19876 0.05394 -0.63750 0.39903 0.26518 -0.67696 -1.57262 -2.07904 -1.87148 -1.45625 0.40721 1.60157 2.77365 2.47318 2.77924 1.58698 
-1.74871 -1.86383 1.79844 -2.16834 2.48608 -1.80753 2.28206 -2.14702 1.58601 -2.11772 -0.11504 -1.72418 2.14745 0.15152 0.13773 -0.15386 -0.29402 -0.86535 -1.45838 -1.67132 -1.05032 0.19035 2.19378 2.17379 2.71009 1.35998 -0.30880 -0.08487 0.28620 -0.06591 0.08776 0.20345 -0.16045 0.25265 0.07998 0.76729 -0.34157 0.31614 0.08674 
-1.48053 -1.71648 1.65857 -2.50487 1.69436 -3.02836 0.86969 -2.85156 1.69247 0.31600 2.27904 1.05869 3.10794 -0.19402 -0.04595 0.25465 0.11045 0.03461 -0.00843 -0.25386 0.01200 0.09103 1.00715 -0.14281 0.37008 -0.55075 -0.38857 -0.10250 1.02566 0.98799 1.73044 2.40753 2.91521 2.32790 -0.03428 -3.15298 -5.08523 -4.95293 -2.75470 
-1.94273 -1.90978 2.05309 -2.05789 2.52069 -1.81597 2.02820 -2.13502 1.67705 -1.11057 -0.25785 -1.35410 1.59670 -0.23704 0.03524 0.87179 0.69397 0.86509 0.94915 1.24389 1.27757 0.15607 -0.95919 -2.91144 -2.24284 -1.39473 0.38875 0.04088 0.14395 0.41122 0.00292 -0.44005 -0.00554 0.18898 -0.11068 -0.95121 -0.03822 -0.13748 -0.24597 
-1.71758 -1.68125 2.53036 -1.81090 2.55946 -2.07921 2.11358 -1.57398 1.84854 -0.64319 -0.63240 -1.18414 1.71321 0.19473 -0.00507 0.39860 0.52167 0.03753 -0.44848 -0.25940 0.20098 -0.01965 0.05593 -0.18103 0.23260 -0.79672 0.20280 -0.34099 -1.15421 -0.51804 -0.68899 -0.86692 -1.57720 -2.49146 -0.62131 1.69006 3.93026 2.36786 1.13246 
-1.74800 -1.91485 2.45169 -1.53623 2.55821 -2.26445 1.76880 -1.93404 1.65739 -1.05463 -0.43887 -1.12150 0.79997 -0.03424 -0.30575 -0.28241 0.17593 0.17610 0.08223 -0.33330 -1.21388 -0.46525 0.73087 1.01882 0.12502 -0.26227 -0.32227 -0.55365 -0.99102 -0.84075 0.11025 0.59775 -0.02167 -0.34518 -0.35224 0.70929 0.26699 -0.63527 0.68900 
-1.75182 -1.98700 2.24795 -1.63497 2.73556 -1.99698 1.78027 -2.78787 1.38329 0.08767 0.38641 -1.05912 1.45095 -0.12753 -0.55872 -0.59242 -0.31908 0.14778 0.14926 -0.28107 -0.14420 -0.37190 0.76523 0.08596 -0.40267 -0.10772 0.21761 -0.03167 0.06314 -0.01837 0.15612 -0.00358 0.08868 2.33151 0.23332 -0.25042 -0.97041 -0.21639 -0.40170 
-1.87553 -2.47357 1.85927 -1.85531 2.70599 -2.11519 1.48773 -2.07823 1.28550 -0.28941 -0.35291 -1.52417 0.69225 0.18337 -0.33742 -0.21928 0.15756 0.33223 0.07866 -0.24463 1.11763 -0.23193 0.48045 0.04841 -0.09137 -0.66396 0.51964 0.77640 0.74487 0.51598 -0.03966 0.27373 -0.09493 1.08106 0.42486 -0.23318 0.33169 1.21158 0.78636 
-1.56845 -2.32441 2.02867 -1.47741 3.06779 -1.91832 1.53565 -1.67024 1.15136 0.56812 0.43482 -1.15049 0.78698 0.39211 0.21769 0.15245 0.19690 0.10812 0.42299 -0.37601 0.93687 0.05297 0.53205 0.41765 0.80891 0.67864 0.03159 0.49984 0.48488 -0.46858 -1.03750 0.59571 -1.03087 -0.87615 -0.07398 -0.85753 -0.74674 0.37433 0.47941 
-1.48342 -2.25588 2.01171 -1.65841 2.81412 -1.69220 1.11172 -1.14137 1.33846 0.24265 0.06473 -0.71526 1.37089 0.21496 0.16242 0.26561 -0.31102 -0.70527 0.67436 -1.27550 0.24148 -0.30591 -0.37708 -0.69833 0.28297 -0.18455 -0.03170 -0.39312 -0.30077 -0.07516 -0.58369 0.37366 -0.58081 -1.18258 -0.93690 -0.58992 -0.91098 -0.39021 -1.55377 
-1.35349 -2.16199 2.29427 -1.78844 2.36252 -1.24396 0.26015 -1.42876 0.84545 0.19103 -0.26351 -0.86752 0.60243 0.36041 -0.17543 -0.14832 0.12174 -0.47556 0.79664 -0.95682 -0.24571 -0.88393 -0.05787 -0.49334 0.41870 -0.87513 0.29701 -0.17289 -0.79191 0.89899 0.25646 -0.04266 0.65300 0.11739 0.07918 0.58603 0.62922 0.62068 1.29720 
-1.12300 -2.43131 1.86339 -1.53667 2.33855 -0.89555 0.15490 -1.38708 0.45453 0.18477 -0.42860 -0.29656 0.49576 0.51197 -0.01047 -0.52630 0.58797 -0.44882 0.63170 -0.62250 0.35887 -0.22673 0.20894 -0.06912 0.90364 1.11265 0.25863 0.93780 -0.03191 0.40316 -0.53097 -0.47472 0.04300 0.39337 0.52530 -0.11267 0.42585 -1.02472 1.45932 
-0.84153 -2.17246 1.76797 -1.20047 1.91370 -0.61225 -0.36235 -1.06990 0.61873 0.39998 -0.33263 0.03612 1.71508 0.61904 0.76237 -0.18023 0.52490 -1.00653 0.32192 -0.91382 0.14766 -0.35863 -0.17054 -0.06749 -0.60602 0.58419 0.05857 0.59028 -0.42112 0.15429 0.00495 -0.17200 0.38416 -0.74831 -0.20372 0.14090 0.43127 -1.92084 -1.35538 
-0.50396 -1.66894 1.68317 -1.01177 1.33202 -0.57363 -0.75892 -1.23942 0.09590 0.01423 -0.49609 -0.90258 1.07995 0.57054 0.57981 -0.94742 0.74226 -0.44386 0.45970 -0.23834 -0.38944 -0.43044 0.34985 0.36215 -1.01719 -0.24273 -0.15853 -0.29542 -1.33502 0.24761 0.38769 -0.07243 1.29616 -0.57579 1.21728 1.65612 0.96193 0.71737 -0.44538 
-0.27099 -1.59265 0.82056 -0.45821 1.46984 -0.15255 -0.60069 -1.45934 0.18828 0.74983 0.02952 -0.98107 1.47235 0.46051 0.46695 -1.51524 0.77251 -0.61884 0.24950 0.38234 -0.42813 0.85865 1.48558 0.89444 0.11135 0.13880 -0.17072 0.44871 0.43108 -0.70012 -0.63099 -0.83409 0.70245 0.92238 0.54952 -1.80880 -1.24407 1.31197 0.31366 
-0.04345 -1.20199 0.16793 -0.23926 0.71318 -0.32413 -0.37657 -1.66755 0.95455 1.49981 0.39835 -0.79123 1.21875 0.39982 1.02852 -0.51634 0.04213 -1.07485 -0.37439 0.46411 0.53294 0.11908 -1.45895 -0.88192 0.29477 0.07093 -0.43966 0.31477 1.22096 -0.99022 0.27086 -0.12614 -0.20789 1.56296 -1.14286 -2.82061 -1.29870 -0.11847 -1.45691 
0.12883 -0.56413 0.30422 -0.41608 0.39499 -0.52695 -0.13658 -0.92640 0.30736 -0.70913 -0.85240 -0.68630 1.54328 0.02085 0.78172 -0.29429 -0.21771 -0.34798 0.12336 0.17445 1.13483 -0.28421 -1.33503 -0.40425 -0.00712 -1.31811 -0.46147 -2.01147 0.75752 0.54901 1.37972 0.73585 -0.09215 -0.71386 -0.35806 0.51238 2.24010 -0.06768 -0.00310 
-0.02260 -0.42027 -0.12636 -0.45698 0.36520 -0.20077 -0.20212 -0.53272 0.67033 0.16477 -0.00590 -0.79835 -0.09936 -0.06165 -0.98295 0.24118 0.59114 0.30487 0.36145 0.37196 -0.18092 -0.23898 -0.94657 1.35818 0.22709 0.06783 0.23092 -1.79821 0.50595 1.13071 0.92718 -0.56883 -0.04532 -1.17655 0.71957 0.23908 0.53631 -0.13953 3.29630 
0.06718 -1.54707 0.54540 0.17505 0.69986 -0.16549 0.23539 -1.10733 0.06838 -1.65569 0.50578 -0.45921 1.61111 0.25177 -1.01650 0.21167 0.91300 0.57920 -0.44547 0.12913 -0.04171 0.43536 -1.09595 0.13206 -0.14665 1.97820 -0.05724 2.25208 -0.61102 -0.60152 -0.40037 -0.70886 -0.92577 1.50890 0.54208 1.55844 -2.69517 0.34231 -0.94400 
0.22917 -1.43677 0.08531 0.45602 0.94439 -0.64624 -0.07299 -0.57443 1.10569 -0.93118 0.12616 -0.94500 1.87883 -0.11889 1.26913 -0.36983 -0.01038 -0.09549 -0.34740 -0.55381 1.32797 0.30310 0.61187 -1.33699 0.56940 -0.87617 -0.52762 2.31402 -0.24094 -1.35939 -1.34994 0.79678 -0.12980 0.17791 -1.15897 2.19008 -0.55457 0.77928 -3.48476 
-0.05171 -0.27794 0.17557 0.16467 0.60437 -0.51290 -0.31842 0.22065 0.37148 -1.04382 -0.83121 0.11019 0.73494 -0.27585 1.29753 -0.02927 -0.44639 -0.77075 0.35131 -0.00067 0.13620 -0.72361 1.09413 -0.42251 0.63263 -1.50657 0.12519 -1.19203 0.22513 -0.20377 -0.14151 0.61536 0.95819 -2.00287 -0.71393 -0.29314 1.80902 -0.64346 0.44600 
-0.04668 -0.13924 0.05604 0.00963 0.17364 -0.29493 -0.07366 -0.43823 0.38208 0.16295 -0.29635 -0.31237 0.37227 0.00630 0.07710 -0.14471 -0.21415 -0.23701 0.26795 0.40438 -0.67490 -0.41083 0.31873 0.47203 -0.07406 -0.43017 0.21336 -1.55128 0.14072 0.46495 0.90045 -0.44676 -0.17048 -0.66041 0.42455 -1.81424 -0.16539 -1.14694 1.92702 
-0.04541 -0.20084 0.03087 -0.04948 0.36736 -0.24494 0.08596 -0.45425 -0.03935 -0.72509 -0.35918 0.03613 0.30477 -0.06249 -0.25376 0.11145 0.01856 0.12970 -0.09545 -0.17114 -0.52421 -0.29907 -0.72011 -0.58790 -0.51431 0.42045 -0.13971 -0.34396 0.87274 -0.05159 -0.13687 0.05671 -0.11122 0.38655 1.09835 -0.58361 0.27999 -0.59478 0.20932 
-0.10917 -0.39300 0.16749 0.02819 0.30335 -0.39038 -0.24480 -0.96244 0.08301 -0.55716 -0.88425 -0.82668 0.79272 -0.13341 -0.26686 0.72803 -0.26574 -0.37388 0.32467 0.29317 -0.28835 0.68752 -0.26488 0.75202 -0.66885 -0.22086 0.14382 0.55519 -0.23182 -0.24850 -0.52858 0.35976 0.55225 1.04008 0.28111 1.44154 1.32983 0.91151 -0.42002 
-0.17882 -0.46770 0.75890 -0.31522 -0.00652 0.07972 0.37913 -0.74260 0.64818 -0.98997 0.39284 -0.63272 0.08391 0.08133 0.30143 -0.12037 -0.22995 -0.39887 0.26431 0.38110 0.51587 -0.01796 0.72143 0.74193 0.39720 0.00043 0.28728 0.74316 -1.30098 0.25748 0.22739 -0.44130 -0.41101 0.87753 -1.28402 1.52619 -0.79567 1.21422 0.92023 
-0.02784 -0.09157 0.04712 -0.20176 -0.09552 -0.12607 0.13630 -0.44657 0.06505 0.16427 -0.14232 -0.42947 0.79315 0.15387 0.47630 -0.57294 -0.00826 -0.14650 -0.11664 -0.11784 0.58918 -0.59650 1.26131 -0.04365 0.54537 0.69937 -0.07518 -0.19889 0.18857 0.33291 0.50296 -0.34597 -0.46813 -0.27566 -0.00978 -1.58828 -0.75208 0.07366 -0.60948 
-0.02495 0.00860 0.18595 -0.32348 -0.15301 -0.03691 0.26129 -0.15342 0.05168 0.27134 0.34919 -0.08735 0.78329 0.00614 0.10254 0.06820 0.10297 0.10409 -0.08165 -0.08703 0.24021 -0.02774 -0.86685 -0.01015 0.47086 -0.60905 -0.17230 -0.54929 0.32415 0.22448 0.34768 0.08862 0.05834 -0.46091 0.72795 -1.73557 -0.20711 -0.66744 -1.35700 
-0.02170 0.01097 0.11532 -0.09879 0.00857 -0.20772 0.04927 -0.20635 0.03731 -0.70258 -0.15247 0.04139 0.18409 -0.01843 -0.07299 -0.24880 0.21622 0.20118 -0.02801 -0.05950 0.12827 0.13146 -0.47426 -0.25076 -0.12207 -0.65763 0.02512 -0.14445 -0.15190 -0.14840 -0.05756 0.13174 0.18106 -0.21588 0.15208 1.47829 0.15294 -0.54711 0.62878 
-0.04338 -0.06439 -0.06284 -0.10726 0.04817 -0.06493 0.20179 -0.02515 0.18314 -0.20292 0.09843 -0.20942 0.12566 0.03126 -0.04192 -0.08370 -0.04543 0.04654 0.05008 0.09403 0.02434 0.12434 0.61143 0.14278 -0.07625 0.01973 0.04186 0.14107 0.43707 -0.10841 -0.22239 -0.07633 0.09706 -0.35227 -0.32232 0.72320 0.32923 0.23313 0.75864 
0.00957 -0.03095 0.03162 -0.14423 0.05511 -0.15764 0.14331 -0.18202 0.16165 -0.09115 -0.00969 -0.03486 0.20382 0.02343 0.06808 0.18827 0.10781 -0.02121 -0.10435 0.03756 -0.22399 -0.19086 0.24893 0.07847 0.11106 0.10102 -0.04638 0.01401 0.11918 0.11789 -0.12249 0.08204 -0.06965 0.01774 -0.20440 -0.68792 -0.17502 0.00309 0.03180 
-0.01996 0.00368 0.12543 0.00055 0.02697 -0.16927 0.23934 -0.24914 -0.00772 0.04601 0.17690 -0.09835 0.22668 -0.01511 -0.02790 0.03548 0.07246 -0.07595 0.13213 0.02438 0.04208 -0.08006 -0.07649 -0.03224 -0.07316 0.05153 -0.01585 -0.09070 -0.28143 -0.16767 0.09636 0.17046 -0.18212 0.34228 0.20425 -0.27915 -0.23338 -0.10444 -0.23482 
-0.00555 -0.05885 0.06710 -0.07177 -0.02085 -0.02551 0.16768 -0.13994 0.08159 -0.16764 -0.04193 -0.10802 0.25535 0.00758 -0.02263 -0.09316 -0.05986 0.07515 0.06612 -0.14456 0.11829 0.01340 -0.03022 -0.15491 0.00662 -0.13380 0.06624 0.09416 0.03642 -0.11551 0.12059 -0.17848 0.07884 -0.16977 0.14843 0.23755 0.23657 -0.09964 -0.18282 
-0.01238 -0.01895 0.03227 -0.05931 0.10212 -0.10315 0.09478 -0.13085 0.00568 0.01579 0.02199 -0.09173 0.09287 0.05113 0.06625 0.07189 -0.04305 0.04463 -0.04636 0.10321 -0.12769 0.06837 0.16106 0.20434 -0.17280 -0.13129 0.00697 0.01546 0.11755 0.05929 -0.11448 -0.03227 0.18641 -0.10346 0.07868 -0.02668 0.19701 -0.01838 0.20056 
0.04558 0.00740 0.13899 -0.11482 0.02379 -0.07187 0.27090 -0.26762 0.14996 -0.00657 0.16241 -0.28082 0.12406 0.01455 -0.00717 0.02439 -0.00057 -0.03933 0.03385 0.04184 0.01483 0.09208 -0.05690 0.04210 -0.01176 0.06676 -0.09977 -0.14718 -0.16565 0.07747 0.00689 0.09096 -0.29443 0.25403 -0.10332 -0.32486 -0.49663 0.38630 0.36589 
0.00216 -0.02611 0.05666 -0.05987 0.06278 -0.06931 0.13662 -0.11602 0.09776 -0.04111 0.06409 -0.10350 0.15963 -0.04865 -0.08093 -0.09375 0.03442 0.05152 0.04460 -0.19121 0.12634 -0.03495 -0.16380 -0.29229 0.21350 0.23460 -0.06830 0.04450 -0.00281 -0.04178 0.08028 -0.03087 -0.13296 0.00498 0.00659 -0.14611 -0.02868 0.00995 -0.08444 
-0.00306 -0.07352 0.04524 -0.08040 0.07530 -0.02727 0.07968 -0.14128 0.11500 -0.17037 -0.12988 -0.06732 0.35867 -0.05375 0.03734 0.02158 -0.04234 0.04095 0.00297 -0.09112 0.01980 0.09866 -0.20301 0.01342 -0.00182 -0.01768 0.05324 0.13006 0.09806 -0.01217 -0.09425 -0.05688 0.16862 -0.08731 -0.00294 0.30644 0.51162 -0.24128 -0.43907 
-0.05159 0.01123 0.07824 -0.10222 0.10373 -0.06633 0.04551 -0.09622 0.19642 -0.24411 0.07751 -0.10531 0.14195 0.00459 0.04913 0.00430 0.02225 -0.04273 -0.01228 -0.02259 0.03903 -0.03789 0.14264 0.21933 -0.02778 -0.20447 0.10602 -0.07249 -0.06828 0.10621 -0.06025 -0.02459 0.14332 -0.01369 -0.21296 0.39202 -0.10093 0.06689 -0.00339 
0.00153 -0.02439 0.04954 -0.05815 0.03257 -0.03956 0.05709 -0.10225 0.07711 -0.02773 0.08945 -0.09510 0.15420 0.05227 -0.03516 -0.04670 0.06387 -0.01930 -0.02162 0.05221 0.00612 -0.11429 0.18901 -0.08751 0.06508 -0.02108 -0.00588 -0.06480 -0.02960 0.00903 0.10324 -0.00190 -0.01459 -0.04003 0.01463 -0.29732 -0.19672 -0.02819 0.13074 
0.00068 -0.02393 0.03154 -0.03835 0.08443 -0.08795 0.09771 -0.09010 0.08213 -0.05510 -0.01001 -0.04024 0.12087 -0.00129 -0.01567 -0.02530 0.03128 0.06050 -0.01419 -0.03719 -0.00099 -0.02326 -0.15468 0.02261 -0.05597 -0.07373 -0.03803 0.02502 0.06594 -0.08922 -0.00378 0.03662 -0.03646 -0.05104 0.15172 -0.21472 0.22924 -0.10167 0.11797 
0.00024 -0.04006 0.02424 -0.02686 0.09308 -0.05374 0.01990 -0.10324 0.05385 -0.18241 0.11206 -0.15107 0.08047 0.01424 -0.01014 0.01924 -0.02535 -0.02308 0.01500 0.01575 -0.04492 0.03743 -0.02571 0.14173 -0.03659 0.09690 -0.03429 0.03087 0.05005 -0.08049 -0.00390 -0.09104 0.16731 0.05970 -0.00387 0.45622 -0.30224 0.20782 0.13786 
0.01492 -0.03407 0.05079 -0.06369 0.06134 -0.07295 0.11346 -0.13502 0.11955 -0.08080 0.13172 -0.07683 0.21777 -0.03558 0.01521 0.02475 -0.04921 0.05660 -0.10523 0.13012 0.05870 -0.02713 0.30154 -0.27963 0.15185 0.06413 -0.01912 0.03106 -0.04555 0.00957 -0.03017 -0.02994 -0.05069 0.14841 -0.08585 0.08531 -0.13618 0.09012 -0.22157 
-0.03534 -0.02486 0.04900 -0.07607 0.14968 -0.15897 0.15003 -0.04453 0.02671 0.11913 -0.16756 0.00077 0.14460 -0.00489 0.02092 -0.02631 -0.01577 -0.05325 -0.01494 -0.03494 0.10349 -0.04843 0.05961 0.00554 0.05352 -0.12467 0.08782 -0.03009 -0.04671 0.02777 -0.11525 0.20428 -0.10047 -0.12493 0.04169 -0.59799 0.54455 -0.20853 0.02347 
