0.01725 -0.02209 0.06509 -0.04158 0.12276 -0.05342 0.07147 -0.10113 0.11723 -0.07759 0.11623 -0.11323 0.09064 0.02666 -0.02104 0.17033 -0.08201 0.16899 -0.03572 0.17227 -0.25420 0.06623 -0.09996 0.29155 -0.17850 0.05103 -0.88241 -1.54215 4.57766 0.36718 -1.04356 -1.69124 3.04562 -3.56571 1.46859 0.84269 0.18450 1.14091 0.65496 
0.04143 -0.05891 0.20965 -0.09271 0.36582 -0.12283 0.19113 -0.31533 0.29028 -0.19618 0.30251 -0.29600 0.22424 -0.94493 -1.28874 4.28957 0.51317 -1.25281 -1.56446 2.91848 -3.81492 1.04614 0.40929 -0.79215 0.33391 -0.06528 -0.52328 -1.08033 2.75667 0.61189 -2.12078 -0.45098 1.99370 -2.45494 -0.01550 0.86848 0.08507 0.53373 0.26328 
-0.92768 -1.31084 4.35466 0.47159 -1.13004 -1.61788 2.98994 -3.91605 1.16338 0.33170 -0.67592 0.22067 0.02535 -0.49661 -1.10137 2.92700 0.52987 -1.95180 -0.48670 2.16597 -2.70914 0.05073 0.76852 0.37662 0.35523 0.31431 1.87732 2.57769 -8.56668 -1.04048 2.58358 3.10696 -5.85209 7.66343 -2.10233 -0.80111 1.53746 -0.66393 0.15166 
-0.45518 -1.16028 3.13665 0.43716 -1.58597 -0.60954 2.35710 -3.02447 0.34101 0.57234 0.67912 0.05924 0.53855 0.93239 1.28894 -4.27711 -0.52732 1.33077 1.54250 -2.93361 3.84851 -1.05619 -0.39182 0.74531 -0.33003 0.08638 0.96372 2.24039 -5.99774 -1.01419 3.70908 1.02280 -4.44636 5.63733 -0.27736 -1.40252 -0.98359 -0.50453 -0.76068 
0.00471 -0.02189 0.07756 -0.05573 0.20073 -0.07538 0.05633 -0.06754 0.10719 -0.06012 0.06939 -0.10935 0.11173 0.46711 1.13902 -3.07074 -0.48431 1.75729 0.53610 -2.28039 2.92819 -0.22663 -0.63400 -0.60697 -0.14930 -0.44637 -0.92088 -1.28850 4.26535 0.53948 -1.40024 -1.52421 2.95202 -3.88289 1.06236 0.37929 -0.70709 0.33299 -0.10989 
0.01193 -0.02126 0.06591 -0.04715 0.17132 -0.07344 0.07672 -0.09628 0.11438 -0.06166 0.07216 -0.09006 0.09219 0.01151 0.00044 -0.01175 0.01216 -0.06947 0.01829 0.01841 -0.03438 0.00617 -0.01252 0.03822 0.00297 -0.02351 -0.46432 -1.13944 3.06920 0.49291 -1.80995 -0.52149 2.28570 -2.93743 0.22395 0.61765 0.66187 0.11963 0.44089 
0.01622 -0.02145 0.06581 -0.04357 0.13126 -0.05708 0.07473 -0.10192 0.11335 -0.07264 0.10761 -0.10639 0.08822 0.00279 -0.00042 -0.00154 0.00860 -0.05266 0.01461 0.00531 -0.00924 -0.00268 -0.01636 0.05490 -0.02966 -0.00547 -0.01048 -0.00109 0.01103 -0.01018 0.06096 -0.01463 -0.02167 0.03517 -0.00229 0.00758 -0.02960 -0.00981 0.02593 
0.01472 -0.02168 0.06436 -0.03855 0.11866 -0.05883 0.08203 -0.10552 0.11170 -0.07802 0.12706 -0.11972 0.08671 0.00103 -0.00064 -0.00072 0.00198 -0.00850 0.00366 -0.00327 0.00079 0.00388 -0.00495 0.00862 -0.00685 0.00242 -0.00228 0.00128 0.00368 -0.01553 0.07348 -0.01640 -0.00945 0.01206 0.00061 0.02650 -0.08267 0.04963 0.00462 
0.01725 -0.02209 0.06509 -0.04158 0.12276 -0.05342 0.07147 -0.10113 0.11723 -0.07759 0.11623 -0.11323 0.09064 0.00051 0.00086 0.00213 -0.00693 0.02082 -0.00179 -0.00413 0.00282 -0.00207 0.01014 -0.02777 0.01997 -0.00085 -0.00144 0.00113 -0.00055 -0.00133 0.00712 -0.00333 0.00320 -0.00124 -0.00275 0.00383 -0.00647 0.00439 -0.00024 
0.01522 -0.02083 0.06650 -0.04548 0.13947 -0.06063 0.07790 -0.10271 0.10963 -0.06788 0.09929 -0.09976 0.08586 -0.00041 0.00049 -0.00126 0.00065 -0.00138 0.00033 -0.00007 -0.00045 0.00113 -0.00112 0.00215 -0.00246 0.00218 -0.00081 -0.00424 -0.00250 0.01316 -0.02958 0.00583 -0.00804 -0.00057 0.02631 -0.02035 0.02726 -0.03702 0.02376 
0.01684 -0.02160 0.06383 -0.04093 0.12138 -0.05309 0.07140 -0.10158 0.11836 -0.07871 0.11837 -0.11569 0.09281 -0.00031 -0.00338 -0.00037 0.00623 -0.00877 0.00403 -0.01217 0.00225 0.02425 -0.01021 -0.00051 -0.01705 0.02291 -0.00790 0.00213 0.01445 -0.01514 0.04762 -0.02118 0.02644 -0.01915 -0.02042 0.04251 -0.07915 0.05470 -0.00990 
0.01492 -0.02421 0.06613 -0.03925 0.13071 -0.05659 0.06573 -0.10045 0.13388 -0.07808 0.09877 -0.11681 0.10876 -0.00832 0.00262 0.01319 -0.01449 0.04624 -0.02085 0.02638 -0.01960 -0.01929 0.04139 -0.07700 0.05224 -0.00772 -0.03372 -0.00057 0.16009 -0.08127 -0.19648 0.01205 0.07205 -0.17268 0.11681 0.13229 0.00115 -0.09338 0.26081 
0.00852 -0.01899 0.07701 -0.05542 0.16762 -0.07394 0.09778 -0.12119 0.09907 -0.03732 0.04137 -0.06345 0.08509 -0.03402 -0.00395 0.15972 -0.07504 -0.20525 0.01609 0.05988 -0.17042 0.14105 0.12208 0.00064 -0.11043 0.28372 -0.02005 -0.45761 -0.83090 -0.26141 0.74744 -0.89766 -1.16487 -1.06407 0.99865 0.74664 1.40036 -0.27328 -0.65911 
-0.01910 -0.02816 0.22585 -0.11429 -0.07454 -0.04051 0.12561 -0.27088 0.27493 0.04400 0.09941 -0.22724 0.39248 -0.02836 -0.45499 -0.81772 -0.27590 0.79368 -0.91851 -1.13849 -1.08368 0.97936 0.78803 1.32336 -0.22103 -0.66683 0.06894 0.01115 -0.32102 0.14642 0.40968 -0.03233 -0.11083 0.33893 -0.30150 -0.23985 0.00971 0.22882 -0.58581 
-0.01984 -0.47398 -0.74070 -0.33131 0.96131 -0.99245 -1.04071 -1.20487 1.07843 0.75071 1.36473 -0.28449 -0.58174 0.03491 0.00720 -0.16130 0.07138 0.20443 -0.01625 -0.05094 0.16850 -0.16045 -0.11776 0.01035 0.11839 -0.30209 0.06545 0.90688 1.62351 0.56563 -1.63223 1.85753 2.25066 2.18741 -1.94056 -1.61634 -2.57187 0.39229 1.33920 
0.01581 -0.02096 0.06454 -0.04291 0.12988 -0.05675 0.07467 -0.10237 0.11448 -0.07376 0.10976 -0.10885 0.09039 0.03709 0.45189 0.80580 0.28973 -0.83855 0.93903 1.11218 1.10373 -0.96120 -0.82830 -1.24851 0.17125 0.67237 -0.03347 -0.00833 0.16185 -0.07005 -0.21155 0.01958 0.04774 -0.16726 0.16319 0.11393 -0.00387 -0.12278 0.30233 
0.01725 -0.02209 0.06509 -0.04158 0.12276 -0.05342 0.07147 -0.10113 0.11723 -0.07759 0.11623 -0.11323 0.09064 0.00144 -0.00113 0.00055 0.00133 -0.00712 0.00333 -0.00320 0.00124 0.00275 -0.00383 0.00647 -0.00439 0.00024 -0.03270 -0.46758 -0.77103 -0.31612 0.86773 -0.96684 -1.07798 -1.19146 1.02174 0.78372 1.27622 -0.24268 -0.62038 
0.01725 -0.02209 0.06509 -0.04158 0.12276 -0.05342 0.07147 -0.10113 0.11723 -0.07759 0.11623 -0.11323 0.09064 0.00439 -0.01570 0.03476 -0.02639 0.02919 -0.02782 0.03420 -0.08772 0.06053 -0.04458 0.02771 -0.07143 0.05200 -0.00215 -0.00062 -0.00404 0.00201 0.02179 -0.01066 -0.00028 0.00127 0.01198 0.00235 -0.02338 0.00687 0.00917 
0.02164 -0.03779 0.09985 -0.06797 0.15195 -0.08124 0.10566 -0.18886 0.17777 -0.12217 0.14394 -0.18466 0.14263 -0.00071 -0.00176 -0.00350 0.00334 0.01467 -0.00733 -0.00349 0.00251 0.01473 -0.00149 -0.01691 0.00248 0.00941 -0.01005 0.03189 -0.06750 0.05028 -0.05201 0.05484 -0.07031 0.18050 -0.12628 0.09064 -0.05470 0.14126 -0.10383 
0.01654 -0.02385 0.06160 -0.03824 0.13743 -0.06075 0.06798 -0.09862 0.13197 -0.07908 0.09932 -0.11075 0.10004 -0.00566 0.01620 -0.03274 0.02389 -0.02282 0.02702 -0.03611 0.09277 -0.06574 0.04606 -0.02699 0.06984 -0.05183 0.00003 0.00331 0.01022 -0.00720 -0.03385 0.01592 0.00993 -0.01270 -0.02627 0.00749 0.02386 -0.00253 -0.01269 
0.01598 -0.02159 0.06712 -0.04408 0.12913 -0.05422 0.06955 -0.09608 0.11202 -0.07612 0.11695 -0.11483 0.09080 -0.00068 0.00155 0.00673 -0.00386 -0.01918 0.00859 0.00645 -0.01019 -0.01153 0.00600 0.00695 -0.00005 -0.00328 0.00693 -0.01670 0.03071 -0.02139 0.01645 -0.02622 0.03803 -0.09782 0.07095 -0.04754 0.02627 -0.06824 0.05167 
0.01586 -0.02230 0.06832 -0.04209 0.11825 -0.05216 0.07443 -0.10881 0.12043 -0.07308 0.10626 -0.11079 0.09676 0.00127 -0.00050 -0.00202 0.00250 -0.00637 0.00080 0.00192 -0.00505 0.00521 -0.00148 -0.00072 0.00159 -0.00016 0.00156 -0.00102 -0.00959 0.00337 0.02798 -0.01170 -0.00776 0.01746 0.00637 -0.00802 -0.00133 0.00106 -0.00406 
0.01725 -0.02209 0.06509 -0.04158 0.12276 -0.05342 0.07147 -0.10113 0.11723 -0.07759 0.11623 -0.11323 0.09064 0.00087 0.00053 -0.00287 -0.00049 0.00880 -0.00311 -0.00131 0.00728 -0.00516 -0.00202 0.00561 0.00101 -0.00734 -0.00127 0.00050 0.00202 -0.00250 0.00637 -0.00080 -0.00192 0.00505 -0.00521 0.00148 0.00072 -0.00159 0.00016 
0.01673 -0.02177 0.06545 -0.04258 0.12705 -0.05527 0.07311 -0.10153 0.11527 -0.07510 0.11188 -0.10978 0.08942 0.00000 0.00000 0.00000 0.00000 0.00000 0.00000 0.00000 0.00000 0.00000 0.00000 0.00000 0.00000 0.00000 -0.00035 -0.00086 0.00251 0.00149 -0.01309 0.00496 -0.00033 -0.00688 0.00712 -0.00048 -0.00127 -0.00447 0.00856 
0.01725 -0.02209 0.06509 -0.04158 0.12276 -0.05342 0.07147 -0.10113 0.11723 -0.07759 0.11623 -0.11323 0.09064 0.00052 -0.00032 -0.00036 0.00100 -0.00429 0.00185 -0.00165 0.00040 0.00196 -0.00250 0.00435 -0.00345 0.00122 -0.00052 0.00032 0.00036 -0.00100 0.00429 -0.00185 0.00165 -0.00040 -0.00196 0.00250 -0.00435 0.00345 -0.00122 
0.01725 -0.02209 0.06509 -0.04158 0.12276 -0.05342 0.07147 -0.10113 0.11723 -0.07759 0.11623 -0.11323 0.09064 -0.00052 0.00032 0.00036 -0.00100 0.00429 -0.00185 0.00165 -0.00040 -0.00196 0.00250 -0.00435 0.00345 -0.00122 -0.00390 0.00017 -0.00169 -0.00140 0.03208 -0.01316 -0.00068 0.00593 0.00501 0.00609 -0.02663 0.00845 0.00818 
0.01673 -0.02177 0.06545 -0.04258 0.12705 -0.05527 0.07311 -0.10153 0.11527 -0.07510 0.11188 -0.10978 0.08942 -0.00338 -0.00015 -0.00205 -0.00040 0.02779 -0.01131 -0.00233 0.00633 0.00697 0.00360 -0.02228 0.00500 0.00940 -0.00087 -0.00495 -0.00349 -0.00533 -0.01600 -0.02119 -0.03017 -0.02978 0.01598 -0.01803 0.00291 -0.04301 -0.02074 
0.01387 -0.02224 0.06304 -0.04198 0.15055 -0.06473 0.06914 -0.09480 0.12421 -0.07400 0.09394 -0.10823 0.10004 -0.00139 -0.00463 -0.00312 -0.00634 -0.01171 -0.02304 -0.02852 -0.03017 0.01402 -0.01553 -0.00144 -0.03956 -0.02196 0.00007 -0.00228 0.01602 -0.00128 -0.04627 0.01578 0.01505 -0.03626 0.00071 0.02120 -0.03220 0.02150 0.00223 
0.01534 -0.02640 0.06233 -0.04892 0.11534 -0.07831 0.04459 -0.13170 0.12930 -0.09063 0.11044 -0.14934 0.06746 -0.00330 -0.00243 0.01396 -0.00168 -0.01848 0.00447 0.01271 -0.02993 0.00769 0.02480 -0.05449 0.02650 0.01163 0.00202 -0.00622 0.00569 -0.03842 0.10194 0.06252 0.17163 -0.02769 -0.08640 -0.11782 -0.01670 0.11245 0.14774 
0.01057 -0.02467 0.07700 -0.04366 0.13207 -0.06026 0.08185 -0.12474 0.13189 -0.04920 0.03945 -0.08173 0.11167 0.00063 -0.01085 0.00257 -0.04475 0.09023 0.03949 0.14311 -0.05786 -0.07238 -0.13335 -0.01814 0.07289 0.12578 0.00788 -0.00866 0.01954 -0.02290 0.05641 -0.02316 -0.01202 -0.11643 -0.15625 -0.26033 -0.16598 -0.41381 -0.17771 
0.01597 -0.03725 0.06490 -0.09367 0.20557 -0.03882 0.18770 -0.18957 0.05692 -0.22398 0.09230 -0.07645 0.19324 0.00458 -0.01109 0.03350 -0.02457 0.03793 -0.01869 0.00070 -0.14637 -0.14857 -0.23554 -0.22047 -0.38731 -0.16608 -0.00314 0.02324 -0.00720 0.08749 -0.15526 -0.04509 -0.25967 0.15289 0.14457 0.24609 0.04592 -0.11826 -0.19172 
0.01514 -0.03576 0.11050 -0.06823 0.17001 -0.07896 0.08255 -0.27110 -0.01668 -0.28474 -0.18102 -0.46904 -0.05441 -0.00250 0.01238 -0.00463 0.04273 -0.06503 -0.00561 -0.11656 0.09503 0.07219 0.11274 0.02779 -0.04537 -0.06594 0.49903 0.34556 0.56945 0.22487 -0.26393 -0.45068 -0.51212 -1.29249 -1.79700 -1.20860 -1.90662 -1.82341 -1.65028 
0.01347 -0.02487 0.06028 -0.05094 0.14054 -0.04443 0.07114 -0.09454 0.12910 -0.11124 0.12009 -0.12182 0.12729 0.50361 0.33447 0.60295 0.20030 -0.22599 -0.46938 -0.51142 -1.43886 -1.94557 -1.44414 -2.12709 -2.21072 -1.81636 1.63336 0.95046 1.73012 0.19974 0.29898 -1.65256 -1.57451 -3.62694 -2.03358 -2.36322 -2.23364 -2.73045 -0.56121 
0.51875 0.29870 0.71345 0.13207 -0.05598 -0.54833 -0.42887 -1.70996 -1.96225 -1.72888 -2.30811 -2.67976 -1.87077 1.63086 0.96285 1.72549 0.24247 0.23395 -1.65817 -1.69107 -3.53191 -1.96139 -2.25048 -2.20586 -2.77582 -0.62716 0.81268 0.31706 0.43667 0.06541 1.44441 -0.48785 -0.31895 0.04467 2.18552 0.73595 2.60664 2.53180 4.20850 
1.64433 0.93798 1.78577 0.19153 0.37449 -1.70260 -1.61993 -3.62645 -1.83229 -2.36172 -2.08577 -2.89764 -0.49987 1.31629 0.65153 1.03963 0.26571 1.21842 -0.95723 -0.83038 -1.39419 0.23994 -0.70819 0.47956 0.32108 2.39214 -1.52261 -1.49710 -2.82148 -0.29069 0.41960 1.69987 1.67182 3.77912 2.37427 2.89997 2.34522 3.18812 1.50399 
1.83504 0.95023 1.75308 0.39778 1.16244 -1.50556 -1.25925 -3.10415 -1.72231 -2.43707 -1.82855 -2.35868 0.52137 0.10825 -0.53425 -1.09599 -0.04823 0.65355 0.04171 -0.01925 0.24721 0.41288 0.64950 0.13937 0.41230 0.87683 -1.17533 -1.41962 -3.28236 -0.80662 -0.18438 0.99914 0.07019 0.18099 -0.74886 0.76063 0.72328 0.12869 -2.82240 
1.75258 0.40372 0.68978 0.14330 1.02804 -1.66089 -1.63919 -3.37924 -1.41941 -1.71222 -1.94640 -2.48534 0.37697 0.14096 -0.76810 -2.24273 -0.54091 1.03404 0.04190 -0.76019 -1.21320 -0.50892 0.05244 1.20284 0.44977 -0.43026 0.35016 0.13887 -0.42420 -1.06981 -0.93975 0.60429 0.47121 -0.92738 -1.50842 -0.83857 0.97549 0.22003 -0.89743 
1.97600 0.18213 -0.48965 -0.14313 2.19648 -1.46366 -2.01943 -4.31735 -2.23122 -2.38463 -0.62571 -1.90891 0.09111 0.45841 -0.39538 -1.52019 -1.11804 -0.28620 0.64599 0.45196 -0.68017 -1.09554 -0.18908 1.11485 0.63233 -0.02059 0.49841 -1.02058 0.32552 -0.38233 -3.87344 -0.25807 2.90288 3.22376 1.21381 1.27414 -1.03375 -1.79080 -0.43035 
2.21099 0.00834 -0.83041 -0.97474 0.74183 -1.01490 -1.18723 -4.05941 -2.51495 -1.90130 -0.83155 -1.85301 0.35637 0.63937 -1.78868 -1.91721 -0.92324 -2.83940 -0.21617 2.14269 2.01056 0.70489 1.32658 0.16909 -1.34103 -0.86061 -0.16848 -2.00004 0.15989 0.92391 -1.13612 -1.58058 1.31996 3.47073 1.59880 0.36804 -1.57634 -2.12610 -1.60028 
2.61536 -1.60655 -2.40687 -1.06637 -0.64292 -1.67982 0.12326 -2.30679 -1.52633 -1.05805 -0.45662 -3.24994 -0.76950 0.28993 -2.39542 -1.36030 -0.19412 -1.42232 -0.93459 1.77191 2.79056 0.50326 0.17896 -0.46149 -1.49376 -1.62088 -0.64650 0.98628 2.68142 1.13031 3.69647 0.57601 -1.25164 -0.44387 -0.12035 -2.35570 -0.48846 2.40575 0.49187 
2.50092 -2.38708 -2.19071 -1.16886 -0.68049 -1.94949 0.58469 -1.26885 -2.01169 -1.72234 -1.29303 -3.34677 -1.26450 -0.00713 -0.80240 0.76420 0.20707 0.85707 0.35984 0.89105 1.56669 0.58454 -1.02912 -0.31937 1.06472 -0.36873 -0.32435 2.22289 1.39547 0.14647 1.33683 1.28054 -1.60719 -2.49306 -0.28623 -1.38333 0.63858 2.47103 1.11765 
2.60823 -2.40894 -1.64266 -0.85930 0.21415 -1.31998 1.01431 -0.74011 -0.94179 -2.08717 -0.77599 -2.18523 -1.13823 -0.03442 -0.17253 0.03517 -0.04765 -0.08549 0.34595 0.16472 0.29750 0.21703 -1.20437 0.17709 0.97726 -0.50323 -0.04390 1.01269 -0.93214 -0.28677 -0.67722 -0.34104 -0.57020 -2.09918 -0.11832 0.71280 0.07196 -0.14136 0.35873 
2.46650 -2.55962 -2.15554 -1.21651 -0.76598 -1.60353 0.74941 -0.97136 -1.79466 -2.92670 -1.11594 -2.36950 -1.76773 -0.05103 0.21029 -0.16794 -0.07970 0.17985 0.01881 0.32085 -0.53249 0.46622 -0.31632 -0.24741 0.92336 -0.01000 0.08504 0.62238 0.90511 0.23541 0.32091 -0.13624 1.00552 -0.94143 1.09789 2.38305 -0.83989 -0.01204 1.59935 
2.55720 -2.19865 -1.81060 -0.93900 0.39400 -1.30117 1.33516 -1.27260 -0.47557 -2.40349 -1.02339 -1.26187 -1.14823 0.05062 0.44984 0.94028 0.18776 0.23542 0.20971 1.17024 -0.64394 1.31492 1.17868 -0.66280 0.96523 1.09612 -0.16110 -0.02155 0.36505 -0.63577 -1.65809 -0.31968 -0.17261 -0.46334 -1.48805 0.43686 -1.09280 -0.71872 0.33413 
2.51712 -2.10977 -1.21526 -1.02875 -0.53056 -1.39382 1.91965 -1.61530 -0.47974 -1.74802 -1.77874 -1.40428 -0.67162 -0.21214 0.18874 0.19712 -0.71547 -1.47824 -0.30088 0.14824 -0.99583 -1.02183 0.12054 -1.34021 0.20463 0.32413 -0.16159 -0.18887 -1.40868 -0.96459 0.24208 -0.35154 -1.52022 0.40977 -1.96701 -1.91257 0.03708 0.36895 -1.46058 
2.34507 -2.00991 -1.61349 -1.65446 -1.08424 -1.60205 1.48339 -2.26842 -1.49740 -2.28295 -2.36360 -1.05724 -0.82410 -0.11097 0.26097 -0.46839 -0.77683 0.47750 -0.14183 -0.34998 -0.23416 -0.65209 -0.73389 -0.62572 1.33417 -0.36446 0.26947 0.03677 -0.39180 0.43978 2.30750 0.32486 -0.01865 1.61144 1.12162 -0.15567 1.33404 0.12763 -1.10837 
2.40615 -1.84881 -1.68365 -1.80558 -0.05306 -1.53566 1.56967 -1.84946 -1.13182 -2.48191 -2.40446 -0.07010 -1.03607 0.05733 0.22551 -0.19468 -0.27569 0.82926 0.02398 0.12959 0.61562 0.09980 -0.03513 -0.00617 0.33227 -0.78425 -0.09466 -0.36399 -0.25304 0.21123 -1.54235 -0.63223 -0.30685 -0.02699 -0.97142 0.33478 0.69737 -3.15661 -1.03903 
2.40240 -1.78440 -1.80817 -1.93015 -0.25497 -1.57807 1.61298 -1.65281 -1.39760 -2.31808 -2.36976 -0.72497 -1.60835 -0.20563 -0.10302 -0.72143 -0.56560 -1.06485 -0.77406 -0.65683 -0.26116 -1.62350 -0.39910 0.07165 -1.82243 -1.40349 -0.17599 -0.02526 0.38569 0.10230 0.47199 -0.37964 0.05604 -0.14001 -0.47294 -0.00105 0.78519 0.02338 0.06175 
2.20052 -1.95183 -2.40508 -2.37117 -1.11791 -2.30972 0.91283 -2.11062 -2.75533 -2.88101 -2.33281 -1.89254 -2.43956 -0.11866 0.20024 0.19101 -0.17339 1.30126 -0.35567 0.18563 0.47561 -0.37314 -0.03619 0.77903 0.35564 -0.72250 0.20558 0.35953 1.48899 0.51327 2.09373 1.36535 1.15848 0.20639 2.46244 0.67021 0.25581 3.36174 1.31901 
2.28374 -1.58416 -1.61716 -2.10354 1.04628 -1.93374 1.79861 -1.17720 -1.77075 -2.35427 -1.59074 -0.36933 -2.33084 -0.00005 0.25651 0.76756 -0.05232 1.02888 0.59129 0.50165 -0.05477 0.83894 0.27110 0.32747 1.53931 -0.08448 0.05015 -0.17837 0.25762 -0.04530 -1.88583 0.74856 -0.15794 -1.13243 1.18796 0.17277 -1.01987 -0.07055 0.75248 
2.20048 -1.69532 -1.63752 -2.42350 -0.08903 -1.71843 1.41448 -2.16539 -1.91639 -2.60991 -2.00534 -0.35323 -2.52404 -0.06851 0.02188 0.44863 -0.21869 -0.58457 0.39289 0.02769 -0.65682 0.81481 0.13659 -0.24085 0.28510 0.02999 0.03721 -0.05069 -0.11989 0.15042 0.33123 -0.13503 0.47424 -0.06383 -0.09600 0.23813 -0.11446 -0.77854 0.53559 
2.21523 -1.56229 -1.16853 -2.32222 0.46171 -1.54085 1.82631 -1.83402 -0.95593 -2.21768 -1.83158 -0.08423 -2.30086 0.03716 0.20582 0.64767 0.09809 1.36011 0.45626 0.97590 -0.11860 0.74293 0.50924 0.21300 0.76077 0.45111 0.13098 -0.16434 0.12259 0.34431 0.45153 0.08176 -0.25968 0.54295 -0.09787 -0.22421 0.28671 -0.02124 0.50968 
2.23764 -1.48950 -0.98985 -2.32540 1.27109 -1.26217 2.39038 -2.28399 -1.17345 -2.10068 -1.79234 0.40754 -2.07293 0.06246 -0.14247 0.57122 0.12563 -0.13305 0.47465 -0.23199 -0.11387 0.71694 -0.08763 0.04586 0.26386 0.53967 0.01232 -0.23068 -0.57135 0.07147 -1.00265 -0.57013 -1.14821 0.91641 -0.07950 -0.54671 0.04049 -0.39663 -1.04371 
2.27769 -1.70475 -0.59731 -2.19659 0.32866 -1.06620 1.59432 -1.94789 -0.23899 -2.30531 -1.78572 0.17963 -1.76119 0.04948 -0.02486 0.07632 0.16956 0.35746 -0.11387 -0.17231 0.79780 0.66344 -0.03747 0.25349 0.36414 -0.59260 -0.09574 0.14646 -1.16972 0.15125 0.57391 -0.88004 -0.26827 -0.08320 -1.24925 -0.61760 1.33503 -0.41737 -1.45260 
2.28712 -1.51437 -0.91352 -2.15584 1.62855 -1.37604 2.21807 -1.48619 -0.51001 -2.13814 -1.53885 0.77168 -2.66553 -0.03328 0.00399 -0.59850 0.27688 0.44086 -0.40540 -0.50026 -0.19707 -0.53231 -0.70523 1.38089 -0.15351 -0.91294 0.06148 -0.22320 -0.60976 0.24233 -1.42350 0.05313 -0.63765 -1.02863 -1.04779 -0.70182 0.22276 -1.22582 1.50548 
2.24441 -1.70076 -1.19581 -1.91972 0.76951 -1.47159 1.09406 -2.14496 -0.77130 -3.01054 -0.40484 0.02612 -2.67412 0.11097 -0.24807 -0.53343 0.41189 -1.06604 -0.06074 -0.80996 -0.23083 -0.38435 -0.73929 0.47625 -0.86168 0.91287 0.12631 0.00530 0.61582 -0.16847 -0.45770 0.17102 1.22933 1.26885 1.05364 0.85319 -2.40565 0.28455 1.29374 
2.39809 -1.76243 -1.44695 -1.74395 0.56251 -1.43678 1.40811 -1.71702 -0.89437 -2.87743 -1.06260 -0.09000 -1.75266 0.09304 0.00930 0.01732 0.10841 -0.01684 -0.23438 0.72907 1.07178 0.52134 0.14797 -1.02476 0.13104 0.38080 -0.32484 -0.04079 0.50556 -0.86040 0.18913 -0.82794 0.66994 0.33227 -0.01234 0.50123 -1.63534 0.13782 -2.22558 
2.33745 -1.69146 -1.17849 -1.81131 0.75267 -1.70597 1.82313 -1.07318 -0.24996 -2.86257 -1.42960 0.15716 -2.29332 -0.21388 -0.28886 -0.02787 -0.44851 -0.87691 -0.88868 -0.14002 0.10144 -0.39669 -0.23806 -1.15910 -0.72386 -1.31270 -0.23621 -0.27683 -0.38052 -0.36546 -0.48592 0.02397 -1.28522 -1.30433 -1.59771 -0.56704 1.27628 0.00715 -0.39785 
2.18421 -2.05129 -1.47482 -2.19246 -0.31440 -2.32547 1.26809 -1.61557 -1.29105 -3.11549 -2.22170 -0.81386 -3.06536 -0.14318 -0.26754 -0.36320 -0.25705 -0.50276 -0.21041 -0.55616 -0.23256 -1.07638 -0.41908 0.25151 0.13819 -0.01705 0.44304 0.67123 0.17109 0.98081 2.46420 0.97394 0.53351 1.39968 1.54214 0.69311 2.98507 1.63345 2.21112 
2.19428 -1.95900 -1.54169 -2.06836 0.24991 -1.91638 1.26697 -1.30574 -1.32634 -3.28165 -1.17809 0.29535 -2.31037 0.22916 0.38237 0.14322 0.53230 1.58729 0.08526 0.39350 1.50112 1.14545 0.45505 1.82597 0.90959 0.89842 0.15049 0.52057 0.14181 0.22659 1.54730 -0.33466 0.69773 0.60833 1.47575 1.71945 -0.31044 -0.65222 0.66798 
2.41338 -1.66892 -1.33160 -1.66016 1.27289 -2.24021 1.66159 -0.11445 -0.14561 -2.66045 -0.39573 0.09573 -2.16694 0.00731 0.25303 -0.22140 -0.03046 1.04453 -0.54506 0.14158 0.37577 0.39937 1.30037 -0.05893 -0.51403 0.65094 -0.28732 -0.44483 -0.51607 -0.80894 -1.81597 0.18614 -0.50359 -2.00623 -0.63894 0.07216 -2.48355 -1.26099 -0.52041 
2.20159 -1.70597 -1.76309 -2.09882 1.29444 -2.46144 1.40855 -0.92997 -0.92697 -1.98127 -1.23702 -0.21868 -1.65943 -0.05816 -0.06246 -0.37286 -0.27665 -0.22868 0.27140 -0.11009 -0.50511 0.50651 0.52721 -0.65758 -0.35140 0.37801 -0.02001 -0.35777 0.62872 0.36001 -1.28870 0.93088 0.26738 -1.12164 0.37922 -1.28341 0.21278 1.27107 -0.46587 
2.35522 -1.73138 -1.70446 -1.93681 1.04422 -1.96881 1.55150 -0.61956 0.36090 -2.13324 -1.05330 -0.25567 -1.78894 -0.01270 -0.10474 0.40733 0.32955 -0.24417 0.38582 0.40895 -0.74587 0.77859 0.01696 0.15385 0.75704 0.18506 -0.27980 -0.18913 0.22055 0.36692 -1.03587 -0.94585 0.22894 -1.04615 -2.27314 -0.88184 -0.01316 0.23584 -0.04589 
2.18888 -1.81071 -1.35577 -1.76927 1.05027 -2.07562 1.81750 -1.67583 -0.14837 -1.96431 -1.08318 0.53836 -1.47437 -0.33796 -0.25159 -0.15231 0.09027 -1.26454 -0.67445 0.11886 -1.55126 -1.76664 -0.35463 -0.67074 -0.11556 0.33212 -0.08234 -0.09214 -0.60460 -0.26230 -0.74933 -0.43767 -0.21719 0.50814 -1.07338 -0.21368 -0.98647 -1.93863 0.38916 
2.01726 -1.98297 -1.85677 -1.84653 -0.22033 -2.64326 1.67035 -2.17082 -1.40574 -2.48787 -1.72404 -0.37123 -1.45682 -0.09504 -0.19688 -0.19727 0.06725 -0.99350 -0.05185 0.19176 -0.23773 -0.29478 -0.19672 -0.83263 -1.18159 0.57423 0.30961 -0.08154 0.24243 0.00838 0.93963 1.30075 -0.02108 2.15253 3.41789 0.60975 0.14345 -0.39142 -0.39710 
2.09385 -2.00759 -1.55304 -1.70202 0.05677 -2.12747 2.00926 -1.91356 -0.44316 -2.16103 -1.91580 -0.64322 -0.90014 -0.02835 -0.33313 0.09012 0.09865 -0.32491 0.62630 0.09777 0.60127 1.65125 0.25511 -0.52729 -0.50698 -0.06498 0.12721 -0.07687 0.33083 -0.12979 1.48569 1.11109 -0.32849 0.90584 2.00256 0.60164 1.21133 1.39013 -1.03907 
1.98891 -2.31610 -1.76664 -1.74788 -0.54524 -2.01697 1.76813 -1.56955 0.24551 -2.23276 -2.25133 -0.87820 -1.52180 0.03218 -0.27375 0.13355 -0.06254 0.49219 1.05924 -0.13673 0.66811 1.70777 0.40492 0.37871 0.20854 -0.46484 0.04595 0.39701 0.35406 -0.13959 1.81297 0.21494 0.52949 -0.78321 -0.34059 0.72448 1.52544 1.00448 0.29986 
2.12602 -2.28134 -1.41949 -1.76456 0.54896 -1.06823 1.87253 -1.24545 1.26462 -1.75611 -1.53710 -0.43468 -1.36498 0.01760 0.06388 0.44419 -0.04094 1.48806 0.84124 0.62726 -0.18194 1.31066 0.97959 0.99816 0.49751 0.23488 -0.28231 0.02936 0.10445 -0.37800 -1.52957 -1.02844 -0.11265 -1.11448 -1.36627 -0.87379 0.26859 -0.80940 -0.04037 
2.00650 -2.25222 -1.32246 -1.78882 0.94282 -1.17573 2.39539 -1.75149 1.55617 -1.25316 -1.25317 -0.38070 -1.28693 -0.25014 -0.24438 0.23800 -0.44054 -1.03738 0.03080 -0.24938 -0.44637 0.34150 -0.46886 0.64730 -0.60085 -0.50521 -0.32485 -0.24191 0.41269 -0.20757 -0.95821 -0.50056 -1.34569 0.77437 -0.50265 -1.85873 0.35611 -0.41124 -0.66588 
1.87589 -2.52572 -1.18148 -2.20511 -0.48841 -1.03743 1.62315 -1.69181 1.60612 -2.22497 -0.88979 -1.03553 -1.87019 -0.30725 -0.17803 0.85688 -0.24851 0.52985 0.34068 -0.71842 0.59243 0.80801 -0.87914 1.35427 0.08627 -0.43100 -0.02578 0.21813 0.49812 0.16593 3.82434 -0.21582 -0.14335 0.50302 0.01812 0.67696 0.09197 1.18217 1.05943 
1.69925 -2.43025 -0.46558 -2.03732 1.47266 -0.83505 1.67697 -1.15906 2.36419 -2.13230 0.10110 -0.29443 -1.71793 -0.27591 -0.02626 0.73613 -0.27462 2.78697 -0.18502 -0.39272 0.05665 0.35962 0.20810 0.73927 0.58132 0.55423 0.01888 0.15260 -0.72716 -0.60450 0.47905 -0.94964 0.16396 -0.91047 -1.51822 1.78950 -1.70691 -0.62124 0.74066 
1.59997 -2.55198 -0.44536 -2.47973 2.29855 -1.22245 1.23043 -1.63516 1.96574 -2.01687 -0.15052 -0.45422 -1.31596 -0.28837 -0.02543 0.12972 -0.85300 1.00889 -0.60896 -0.55447 -0.31804 -0.71021 0.91036 -0.35264 -0.53497 0.30966 0.09214 -0.01585 -0.62473 -0.22892 -2.57904 -0.57871 -0.30370 0.14544 -1.31318 0.52063 -1.35777 -0.91457 -1.11763 
1.41088 -2.45568 -0.33586 -2.89033 2.48156 -1.44402 1.12250 -1.47710 1.65398 -1.22194 -0.25154 -0.82941 -1.40827 -0.18378 -0.04210 0.11139 -0.50353 0.20792 -0.76373 -0.69642 0.20209 -0.95356 0.72873 -0.61850 -0.33325 -0.56340 0.36919 -0.09588 0.27446 1.04763 -1.41736 0.25361 -0.17496 0.80568 0.98349 -0.89515 0.24213 0.02690 -0.54726 
1.41620 -2.59408 -0.33396 -2.98326 2.50648 -1.98618 0.53400 -1.43307 1.01218 -1.28814 -0.76902 -0.78747 -1.87937 0.08082 -0.12131 0.40418 0.19463 -0.40847 -0.35535 -0.72943 0.48764 0.27328 0.01521 -0.11051 -0.50808 -0.23759 0.28178 -0.06883 0.24228 0.77831 -1.70503 0.96427 0.29151 -0.07123 1.81071 -0.27871 1.29163 -1.06324 0.87427 
1.49170 -2.57699 0.06831 -2.69569 2.07309 -1.79936 0.39307 -0.98947 1.92726 -1.20673 -0.36205 -1.33748 -1.64586 0.09800 -0.11093 0.35367 0.27478 -1.49711 0.20054 -0.40492 0.13086 0.85715 0.45002 0.67314 -1.39649 0.31086 -0.14367 0.05511 -0.62963 0.00940 -0.34649 0.20370 0.48489 -0.97458 -0.67120 0.43830 0.92207 -0.23189 0.35031 
1.51420 -2.70501 0.01971 -2.70848 1.00937 -1.78564 0.12909 -1.30221 1.86934 -0.83812 -0.09588 -2.18396 -1.56851 -0.06286 -0.06620 -0.22546 0.20404 -0.75495 -0.15165 -0.24454 -0.48694 -0.39792 0.45351 0.81156 -0.73997 0.11272 -0.19597 0.13044 -0.09433 0.10609 2.91955 -0.55052 0.31291 -0.01666 -1.30615 -0.07024 -0.66383 2.42471 0.43570 
1.42884 -2.64319 -0.15714 -2.49166 1.31814 -1.95101 0.14853 -1.47641 1.52934 -0.75323 0.44952 -2.07745 -1.53314 -0.09796 0.01951 0.25934 0.38087 1.42245 -0.34998 -0.09200 0.11420 -0.44900 0.37978 0.00931 1.02822 0.74656 0.02900 0.09743 0.67828 0.05437 2.17180 -0.14689 0.07151 0.33557 -0.05710 -0.06912 -2.14489 1.09021 0.54532 
1.41624 -2.68551 0.27905 -2.32761 2.43182 -2.13563 0.03708 -1.18801 1.42034 -0.45834 -0.08657 -1.15574 -0.82195 -0.03385 0.03123 0.45282 0.25841 1.41685 -0.29854 -0.17303 -0.15138 -0.45502 0.38439 -1.33333 0.35024 0.65804 0.02643 0.07450 -0.41341 -0.35288 -1.70218 -0.03156 -0.26673 -0.76993 -0.31251 -0.24671 -1.37735 -1.89823 -1.18766 
1.39499 -2.61196 0.29568 -2.23325 2.73498 -2.24956 -0.02450 -1.62779 1.07431 -0.36884 -0.88381 -1.72721 -0.87511 -0.07153 0.09401 -0.15407 0.02799 -0.27973 -0.38154 -0.35874 -0.65573 -0.76150 0.13307 -1.36804 -0.87001 -0.44110 0.03932 0.07636 -0.51075 -0.02568 -1.78152 -0.15755 -0.20283 -0.16967 0.27557 -0.03725 0.97321 -0.43163 -0.99755 
1.34471 -2.59150 0.12498 -2.29962 2.15208 -2.51717 -0.32166 -1.84374 0.65884 -0.32528 -1.45461 -2.02575 -1.26305 0.00547 0.10759 -0.05792 0.23273 -0.36467 -0.45610 -0.37586 -0.32105 -0.17945 0.34714 -0.36013 -0.08139 -0.33951 0.18166 0.11705 0.25857 0.62554 0.75034 0.46212 0.50866 0.05141 1.30417 0.37678 1.25249 1.41569 1.57753 
1.40046 -2.50437 0.23776 -2.00052 2.37031 -2.70565 -0.40035 -1.94883 0.89486 -0.02169 -1.24394 -1.80860 -1.21462 0.11013 0.21106 0.10450 0.65353 0.47060 0.08058 0.14992 -0.60432 0.54267 0.50985 -0.11555 0.54569 1.13643 0.03092 0.15549 0.33306 0.28320 0.72224 0.53530 0.31575 -0.25520 0.44989 -0.67997 -0.50932 0.40484 1.24158 
1.45485 -2.38044 0.22947 -1.64609 2.62269 -2.43659 -0.17173 -2.44806 1.20151 0.18458 -1.57016 -1.48006 -0.12662 0.03639 0.26308 0.27513 0.51593 0.35756 0.07920 -0.06011 -0.57624 0.27044 -0.33283 -0.86945 0.32345 0.90207 -0.16008 0.06088 0.53964 -0.60719 -0.67199 -0.25792 -0.86762 0.31860 -1.68315 -0.79093 -0.92019 -1.09055 -1.06363 
1.43685 -2.24129 0.51289 -1.48459 2.72787 -2.62645 -0.46047 -2.52508 1.16531 -0.35452 -2.11339 -1.48514 -0.31254 -0.04995 0.27194 0.64414 0.04634 -0.20139 -0.17734 -0.71769 -0.28572 -1.14048 -0.28107 -1.03574 -0.54487 0.07280 -0.09561 0.03682 0.52816 -0.50137 -1.00707 -0.07117 -0.40416 0.95211 -2.09232 0.22892 0.44716 -1.39803 0.10342 
1.40490 -2.10849 0.87361 -1.59974 2.42130 -2.61393 -0.88942 -2.73378 0.06103 -0.09649 -2.60590 -2.02492 -0.05382 -0.05922 0.29990 0.80329 0.01456 -0.64951 0.00804 -0.46427 0.37587 -1.82187 -0.10391 -0.42228 -1.07457 1.00549 0.16274 0.05793 -0.41988 0.52674 -0.53390 0.18123 0.74077 0.83484 1.41589 -0.38298 1.31385 0.05888 0.43711 
1.37763 -1.94140 1.31618 -1.47003 2.07837 -2.61841 -0.92474 -2.14921 -0.65657 -0.45843 -2.53567 -2.55972 0.69295 0.11279 0.32988 0.22426 0.57308 -0.73529 0.00389 0.02308 0.54911 0.27541 -0.66405 0.27811 -0.48599 0.50991 0.20433 -0.04800 -0.88096 0.65092 0.43533 -0.49950 0.37055 -0.15523 2.26938 -0.12165 0.56017 1.15205 -1.57980 
1.51768 -1.77861 1.09787 -1.02666 1.68601 -2.61004 -0.86635 -2.18467 0.33644 -0.76054 -2.32779 -2.51091 0.45609 0.14511 0.25190 -0.07767 0.66547 -0.21418 -0.49146 -0.09372 0.22064 0.44751 -0.22555 0.13789 0.07748 -0.57431 0.01316 0.05457 -0.41583 0.11698 0.95256 -0.52551 0.11178 -0.03990 -0.44074 0.41742 -0.17201 0.64521 0.08871 
1.52274 -1.68950 1.23851 -0.80456 1.86419 -3.10987 -1.01846 -1.92856 -0.20905 -0.68398 -2.39778 -2.48224 0.11865 0.12595 0.38445 -0.19157 0.69006 0.21727 -0.52162 0.13486 0.50921 -0.16533 -0.24663 0.10609 0.15923 0.59861 0.00947 0.21761 -0.25076 0.06164 -0.61448 0.46655 0.01376 0.27986 0.35148 -0.51243 0.13070 0.16480 1.52827 
1.64363 -1.39416 0.90630 -0.33661 1.90328 -3.13166 -0.73148 -1.67545 0.17111 -1.00717 -2.22170 -2.35168 1.05471 0.15458 0.46951 -0.32843 0.72711 -0.82866 -0.02491 -0.07996 0.50050 0.79899 -0.73798 0.26859 0.24228 0.95396 -0.09659 -0.01101 0.33381 -0.20648 -1.24370 0.36850 -1.12023 -0.10835 1.49216 -0.45976 0.34901 -0.24935 -0.86425 
1.67731 -1.21999 0.91008 -0.07745 1.03554 -3.13477 -1.09842 -1.42806 0.58994 -1.42197 -2.12919 -2.23996 1.07261 0.02935 0.37344 0.14224 0.48358 -1.02643 -0.15312 -0.98537 0.40087 1.32683 -0.70639 0.45510 -0.09012 -0.26564 -0.21461 -0.24772 0.44904 -0.11745 1.34693 -0.36099 -0.84304 -0.41150 0.18636 0.79819 -0.52726 -1.33955 -1.12356 
1.67299 -1.02072 1.04854 0.14698 0.87685 -3.28478 -1.71685 -1.27459 1.49794 -1.71356 -1.76660 -2.44180 0.78907 -0.06003 0.22178 0.12061 0.60966 0.51828 -0.38590 -0.92300 0.08900 0.98535 0.06021 -0.25867 -1.09727 -0.16960 -0.31352 -0.11153 0.08946 -0.18426 2.21676 0.36963 0.27220 -0.39554 -0.95606 0.84173 -0.89616 -0.57415 0.23343 
1.61728 -0.99821 1.03069 0.53221 1.55381 -3.52067 -2.02142 -1.33906 1.57529 -1.36176 -2.38787 -3.33723 0.90301 -0.28417 0.26192 0.23170 0.29932 1.19033 0.21651 -0.71317 0.00533 0.37076 0.13535 -0.44106 -0.66426 -0.03221 -0.24223 0.30511 0.54549 -0.01158 1.28691 1.21866 0.98905 0.21856 -0.16056 0.30241 0.03571 2.03951 0.80720 
1.38882 -0.75880 1.28024 0.44630 2.06718 -3.06828 -2.43003 -1.26926 1.86871 -1.57821 -2.20765 -3.10606 0.75685 -0.30226 0.52690 0.66610 0.59808 1.80518 0.83276 0.06605 0.30756 0.82479 0.36261 -0.22296 0.94224 0.63761 -0.15697 -0.43433 -0.55902 0.48663 0.48209 0.73974 1.45634 0.46330 0.78590 0.49189 0.04520 0.58741 -0.16604 
1.31502 -0.47131 1.69680 1.13030 3.35900 -2.68791 -1.95537 -1.03150 2.40008 -0.99915 -2.61083 -2.39500 1.54062 -0.44114 -0.17241 -0.32732 0.78595 1.67242 0.95625 0.74317 0.46863 1.15666 0.62724 -0.39586 -0.07685 -0.19825 -0.27525 -0.79074 -1.03436 -0.66846 -1.84165 -0.30285 0.28371 -0.64436 -1.22961 0.04904 0.73866 -1.70387 -1.09394 
0.94768 -0.93121 0.95293 1.23225 3.73960 -2.11203 -1.68686 -0.80062 3.02537 -0.95098 -2.60351 -3.18292 0.55860 -0.57751 -0.26384 -0.36826 -0.07038 -0.03647 0.52991 0.34976 -0.33680 -0.40482 0.41165 0.51570 -0.76163 -0.45633 -0.16376 0.25268 0.26670 -1.21749 -3.27717 -0.34214 -0.06479 -1.33958 -3.20604 -0.95579 1.47212 1.42643 1.14579 
0.73751 -0.73515 1.32854 1.05992 3.32253 -2.15800 -1.60561 -1.36830 1.99526 -0.58750 -2.09512 -3.15663 1.08429 -0.60490 0.08027 -0.06062 -0.43154 -1.60474 0.61411 0.67838 -0.87094 -2.04938 -0.32856 1.07626 1.34958 0.94754 -0.00981 0.40385 -0.23213 -0.35179 -0.27498 0.52490 0.54585 1.04441 -0.89274 -1.13555 -0.75758 1.82204 0.87334 
0.34278 -0.85094 0.89231 0.80071 2.13486 -1.49792 -1.00848 -1.67157 0.97599 -1.27953 -1.52726 -1.83334 1.50614 -0.58731 0.14001 -0.60038 -0.42217 -0.31145 1.05481 0.89561 0.70761 -1.29756 -0.72389 -0.24188 1.06041 0.41701 0.26829 0.43366 -0.24639 -0.08059 0.80399 0.29633 0.20323 1.89518 1.23965 0.65991 -0.75786 -0.72110 -1.61555 
0.15020 -0.59514 0.72815 0.63775 3.01108 -1.10319 -0.71000 -0.66069 0.69771 -1.31139 -2.33700 -2.09621 1.50130 -0.33660 0.51392 -0.30701 -0.51214 -0.80075 0.91044 0.88161 1.02424 -0.80973 0.33135 0.31840 0.62847 -0.66801 0.48986 0.20068 -0.28882 -0.24206 -2.25059 -0.74257 -0.51370 -1.25159 0.31103 1.03181 1.62797 -0.10678 -1.77256 
0.00618 -0.33702 0.58530 0.28858 1.33410 -0.58748 -0.12688 -0.64733 0.16626 -0.94818 -1.20886 -1.20487 0.83814 -0.09745 0.34070 -0.88920 -0.66423 -2.56204 0.31224 0.38191 -0.54398 -0.98652 0.30791 1.38609 0.95364 -1.35555 0.23252 -0.50792 -0.35010 0.04344 0.42783 -0.57169 -0.58878 -0.51870 1.05985 0.64267 0.04151 -0.71517 0.35066 
0.05275 -0.25445 -0.16105 -0.02648 0.44903 -0.79096 -0.32809 -1.20467 -0.28882 -1.00348 -0.95091 -1.14258 0.14576 -0.10408 0.00600 -0.65711 -0.46869 -0.37292 0.33875 0.29282 0.50555 0.25012 0.97403 0.35991 -0.08670 -0.31735 0.03563 -0.21032 1.54642 0.83025 3.29976 -0.02929 -0.23900 1.33365 1.21289 0.23592 -1.29519 -0.76622 1.65174 
-0.09790 -0.33102 -0.07181 -0.18012 0.96118 -0.24873 0.16594 -0.14178 0.41638 0.02585 -0.84895 -1.29157 0.52079 -0.06182 0.13038 0.65721 0.16603 0.73771 0.28295 0.14291 0.78967 0.22636 0.54384 0.09090 0.18742 0.29619 0.12000 0.11618 0.75988 0.64769 -0.49956 -0.38452 -0.55420 -0.25752 0.12564 -1.36551 0.45567 1.19336 0.11883 
-0.00908 -0.12407 0.49616 0.13955 1.18675 -0.50800 -0.18518 -0.41500 -0.06246 -0.45964 -0.86001 -0.95516 0.44195 0.01591 0.12218 0.10277 0.17899 -0.87248 -0.04577 -0.26138 0.24803 0.37577 -0.39149 0.81558 1.10666 -0.19851 0.01898 -0.08201 -0.98181 -0.37737 -1.81503 0.23735 0.29947 -0.59622 -0.04492 -0.18381 0.53057 0.73032 -0.35811 
-0.08199 -0.20884 0.03096 -0.00112 0.08870 -0.29450 -0.09543 0.10625 0.79215 -0.36564 -0.03338 -0.18491 0.32228 -0.04285 0.04837 -0.32459 -0.21134 -1.07731 0.52030 0.44239 0.19345 0.18144 0.36003 0.62147 0.91773 -0.06192 0.07547 0.04702 -0.07121 -0.19104 1.26897 0.21532 0.26275 -0.73418 -1.20083 0.59342 -1.17670 -1.38186 0.13303 
-0.05192 -0.07570 0.17157 -0.07180 0.10943 0.01229 0.25721 -0.22155 0.11899 -0.09961 -0.23855 -0.03742 0.38003 0.09138 0.16920 0.03156 -0.01205 0.39649 0.16955 0.00137 -0.48615 -0.82506 0.20193 -0.36112 -0.27520 -0.06548 0.07276 -0.08251 0.01648 0.27658 1.48642 -0.65818 -0.83694 -0.04528 0.17375 -0.58706 -0.58711 -1.25035 0.36664 
0.00939 -0.03965 0.06252 -0.01317 0.48519 -0.12496 -0.09407 -0.37990 -0.03291 -0.16371 -0.39450 -0.46011 0.25680 0.02991 -0.03414 -0.30812 0.06524 0.40911 -0.13788 -0.39456 0.14817 0.35519 -0.22703 0.03435 -0.33262 0.30472 -0.15783 -0.16319 -0.03397 0.02227 -0.17716 -0.36115 0.37854 0.74441 1.30496 -0.03397 0.20576 0.92941 -0.06418 
-0.02202 -0.10984 -0.13655 -0.00656 0.51854 -0.12558 -0.13735 -0.07338 0.47418 -0.32664 -0.20419 -0.37004 0.68475 -0.06645 0.00601 -0.00241 0.01022 0.21933 -0.19160 0.37990 0.25826 0.47990 0.16796 -0.15536 0.65421 -0.12967 -0.01157 0.10730 0.59070 -0.09168 -0.66036 0.18668 0.62542 -0.19270 -0.63875 0.37419 0.24003 0.55218 -0.83395 
-0.05706 -0.03364 0.06011 -0.00295 0.70452 -0.31656 0.28584 -0.12164 0.44700 0.00425 -0.54986 0.19410 0.12713 0.01834 0.07315 0.28258 -0.02644 -0.25125 0.04880 0.23086 -0.04453 -0.28355 0.14716 0.27438 0.21956 -0.52922 0.12082 -0.03110 0.09846 -0.11923 -0.63418 0.41934 -0.49456 -0.24531 -0.84083 -0.30001 0.80701 -1.11155 0.21829 
-0.00368 -0.03668 0.14604 -0.03300 0.26729 -0.07679 0.09351 -0.11791 0.19063 -0.17948 0.07019 -0.15047 0.15553 0.05437 -0.02509 0.09605 -0.10901 -0.41485 0.22773 -0.11466 0.01295 -0.36092 -0.13205 0.65165 -0.45734 0.08862 -0.02208 -0.06913 -0.41146 -0.00403 0.30135 -0.10578 -0.24112 0.06961 0.29444 -0.06254 -0.27771 -0.13143 0.48070 
-0.00268 -0.05873 0.15616 -0.11195 0.28967 -0.08883 0.17118 -0.10869 0.08607 -0.12780 0.10178 -0.26323 0.21575 -0.00374 0.00403 -0.12888 -0.03047 0.05009 -0.05699 -0.01025 0.02508 0.01088 0.08462 -0.00333 0.08813 -0.04853 -0.05122 0.04547 -0.07759 0.11558 0.23901 -0.20336 0.09771 -0.21585 0.59992 0.16059 -0.70513 0.59476 -0.03230 
-0.00742 -0.03266 0.01715 -0.06348 0.31738 -0.13377 0.08326 -0.09284 0.20151 -0.09486 0.06686 -0.06234 0.10700 0.00316 0.02038 0.01846 0.00658 -0.17584 0.02438 -0.01695 -0.20290 0.23900 0.02855 -0.05349 0.13742 0.05632 0.05435 0.01627 0.02488 -0.09218 -0.27525 0.01703 0.02817 -0.03574 -0.10348 -0.06324 0.04506 -0.12291 0.10197 
0.00047 -0.03835 0.17462 -0.10538 0.11383 -0.06445 0.15423 -0.31159 0.32507 -0.09925 0.04829 -0.12581 0.27206 0.05061 0.02030 -0.10400 -0.12265 -0.22515 -0.03996 0.01791 -0.01066 -0.09260 0.02137 0.04173 -0.03478 0.05344 -0.00117 -0.00543 -0.13017 0.06949 0.18210 -0.02096 -0.06134 0.38988 -0.40928 -0.00712 0.11250 -0.15405 -0.20700 
0.04319 -0.01236 -0.08685 -0.18613 0.09223 -0.17373 0.10117 -0.10350 0.10890 -0.07349 0.10859 -0.09712 0.16044 0.00198 0.01494 -0.11171 0.07607 0.00626 0.00341 -0.07829 0.18698 -0.17029 0.02143 0.05901 -0.01663 -0.15068 -0.22319 -1.31402 1.05359 0.39632 1.93436 -0.50094 0.18927 -1.84041 -0.05830 -0.50005 0.58876 -1.82690 -0.10248 
0.00246 -0.02341 0.06291 -0.02931 0.12009 -0.06104 0.07595 -0.12461 0.15479 -0.07782 0.10730 -0.14245 0.12138 -0.17257 -1.29372 0.94959 0.27366 1.70920 -0.54090 0.20719 -1.85107 -0.15091 -0.47868 0.63049 -1.86168 -0.04904 0.10218 -1.53861 0.08078 0.29834 3.00834 -0.68029 0.94243 -0.75615 -0.07601 -0.61275 0.98074 -0.03429 0.73189 
-0.12938 -1.30608 0.86274 0.08753 1.80143 -0.71463 0.30836 -1.95456 -0.04200 -0.55217 0.73908 -1.95881 0.11140 0.10416 -1.52367 -0.03093 0.37441 3.01460 -0.67687 0.86414 -0.56917 -0.24629 -0.59133 1.03975 -0.05093 0.58121 0.18282 1.84616 -1.95134 -0.33736 -2.81019 0.53049 0.15063 4.33672 0.39631 0.85165 -0.15934 3.77287 0.29219 
0.10662 -1.54708 0.03197 0.34510 3.13470 -0.73791 0.94009 -0.69378 -0.09151 -0.66915 1.14705 -0.19338 0.70259 0.01025 0.55244 -1.00176 -0.06370 -1.10099 -0.01041 0.35782 2.48565 0.24540 0.37297 0.47115 1.91119 0.24315 -0.27344 2.95645 -0.21813 -1.03541 -5.83259 1.50844 -1.59142 0.82340 0.64320 1.03844 -1.77616 0.18254 -0.61848 
-0.11913 -0.75364 -0.13902 0.02384 0.70045 -0.72504 0.66618 0.53108 0.20340 -0.17920 1.21023 -0.04762 0.35456 -0.16927 1.43278 -0.24906 -0.66100 -2.81798 0.83157 -0.72728 0.25423 0.39691 0.44712 -0.73641 0.13161 -0.03727 0.16203 0.20632 1.34987 -0.12711 0.45470 0.58149 -0.69139 -3.35447 -0.16314 -0.34762 -1.88552 -2.47918 -0.34505 
-0.06265 -0.11430 -0.21709 -0.31590 0.31672 0.09366 0.21280 -0.43955 0.30540 -0.22204 0.41064 -0.06177 0.66533 0.17228 0.75876 0.34812 -0.19081 -0.64628 0.57108 -0.33357 -0.86883 0.08227 0.02536 -1.41437 -0.56799 -0.10189 0.22439 -1.30017 0.71386 0.86140 2.51946 -1.17198 0.43360 0.00393 -0.80668 -0.38009 0.45285 -0.25215 -0.58187 
0.05315 0.00512 0.20910 -0.16697 0.05416 -0.15396 0.33261 -0.33774 0.28567 -0.15384 -0.20414 -0.61561 0.25266 0.05512 0.13261 0.46480 0.20040 -0.29853 -0.34041 -0.29368 0.25816 -0.40977 0.06703 -0.28356 -0.12054 -0.61914 -0.22245 -0.80205 -0.46059 0.27617 0.72293 -0.50137 0.19952 1.08372 -0.34743 0.06734 1.79655 1.03630 0.05318 
-0.00754 0.01832 0.24771 -0.11550 0.01819 -0.24675 -0.08088 -0.18138 -0.10437 -0.15501 0.12709 -0.18231 0.04619 -0.05017 -0.04328 -0.11247 0.08536 0.07665 0.06971 -0.13406 0.21490 -0.26516 0.09270 0.38219 0.46831 -0.04871 -0.03948 -0.21087 -0.57327 -0.19030 0.71156 0.57221 0.44528 -0.44564 0.49182 -0.30962 0.35541 0.18933 0.64754 
0.00297 -0.03817 0.09663 -0.08162 0.13081 -0.08425 0.19855 -0.12284 0.02051 -0.06114 0.17805 -0.14731 0.20395 0.01563 -0.07826 -0.10848 0.01010 0.41303 0.23180 0.15160 -0.18747 0.08205 -0.24259 0.07185 0.06878 0.02841 0.02757 0.01740 0.08546 0.03564 -0.09768 -0.06887 -0.05586 -0.23603 0.62828 -0.08303 -0.75229 -0.50516 0.24555 
0.00810 -0.05994 0.13924 -0.10540 0.43122 -0.01495 0.07072 -0.36885 -0.02232 -0.39760 0.19894 -0.11353 0.07460 -0.02260 -0.02588 -0.02701 0.12100 -0.02103 0.00085 -0.18992 -0.02113 0.36311 0.00967 -0.37011 -0.03685 0.19684 -0.12729 0.09739 0.09929 -0.25793 -0.43191 -0.41124 0.01400 0.17728 0.02475 0.53137 -0.22884 -0.34708 0.05068 
-0.01963 -0.06405 0.06962 0.03938 0.10978 -0.08340 0.00864 -0.14398 0.38362 -0.05148 -0.19206 -0.18416 0.40079 -0.11166 0.01913 -0.00919 -0.24783 -0.01888 -0.17943 0.16560 -0.01019 0.10679 0.28878 -0.15699 -0.27830 0.07909 -0.00182 0.05833 0.09743 -0.30613 -0.18433 -0.10340 0.39984 0.32254 -0.49311 -0.11371 0.84267 0.03438 -0.40396 
-0.10356 -0.04081 0.13005 -0.35322 0.41235 -0.19438 0.23633 -0.37904 0.08447 -0.10882 0.04196 -0.39183 0.15369 -0.02442 0.03245 0.07042 -0.18513 -0.20536 -0.10255 0.20992 0.30141 -0.13000 -0.10405 0.47257 -0.00247 -0.20712 0.16079 -0.02137 0.07159 0.48453 -0.34331 0.31805 -0.22383 0.09844 0.02455 -0.23833 0.24146 0.64977 -0.07406 
-0.04404 -0.03160 0.14003 -0.14575 -0.09558 -0.18595 0.21856 0.15743 0.25362 -0.15553 0.28051 -0.18663 0.19367 0.04914 -0.00224 0.06240 0.23670 -0.36219 0.13861 -0.05823 0.08826 0.13134 0.05045 0.08447 0.37147 0.00503 0.07738 -0.05182 -0.11812 0.25010 0.56506 0.22667 -0.27855 -0.71097 -0.01201 0.10837 -0.46999 0.05909 0.14547 
-0.05442 -0.04305 0.19245 -0.11652 0.05016 -0.05577 0.17810 -0.29078 0.21582 -0.05837 0.12643 -0.02036 0.15872 0.05296 -0.01938 -0.04770 0.06497 0.35969 0.12412 -0.06863 -0.40956 -0.14200 0.00432 0.00258 0.05662 -0.06165 0.01529 0.01817 -0.16292 -0.16983 0.47362 -0.15716 -0.01372 0.06837 -0.21870 -0.03325 -0.17026 -0.43850 -0.05397 
0.00892 -0.05098 0.09234 -0.08078 0.26411 -0.06183 0.14993 -0.25213 0.11162 -0.15121 0.28309 -0.13001 0.13203 0.06442 0.01593 -0.10053 0.06686 0.11143 -0.01855 -0.07195 0.15662 -0.08736 0.01721 -0.08579 -0.06704 -0.04894 -0.05625 0.04478 0.01454 -0.04829 -0.46765 -0.14296 -0.02268 0.52364 0.17845 0.01699 -0.15770 -0.09260 0.02678 
0.01000 -0.02711 0.09192 -0.04966 0.16158 -0.07432 0.10615 -0.13416 0.12846 -0.04116 0.04064 -0.08740 0.10978 -0.00329 0.02541 -0.03315 0.01668 -0.10795 -0.01885 -0.09131 0.11408 0.03644 0.02131 -0.15512 -0.03598 -0.03487 -0.06490 -0.01550 0.10547 -0.06681 -0.17392 0.04612 0.06004 -0.17732 0.09179 -0.01271 0.07396 0.07485 0.06080 
0.00562 -0.02557 0.05918 -0.06410 0.15616 -0.08068 0.05863 -0.13805 0.14806 -0.12990 0.12797 -0.16599 0.09716 -0.00047 0.00043 0.00494 0.00006 -0.06249 0.02757 -0.01191 -0.02070 0.00444 0.00450 -0.01183 0.00781 0.01186 0.01214 -0.02560 0.04231 0.01126 0.07348 0.04091 0.10403 -0.07491 -0.06080 0.03159 0.13604 0.07919 0.04119 
0.00953 -0.02668 0.09686 -0.04960 0.09909 -0.04674 0.09423 -0.15486 0.13290 -0.03666 0.02880 -0.07959 0.12164 0.00885 -0.00020 0.00916 0.02794 -0.03447 0.02207 0.01273 0.03917 -0.02436 0.05290 -0.01908 0.04321 0.00632 0.00726 0.00498 -0.03761 0.00762 0.08907 -0.03576 -0.00927 0.07357 -0.02093 -0.04405 0.09706 -0.04047 -0.04190 
0.01447 -0.02577 0.06834 -0.03616 0.12169 -0.05861 0.07136 -0.09888 0.12370 -0.07700 0.10889 -0.12279 0.10348 0.00679 0.00541 -0.03267 0.00767 0.02658 -0.00819 -0.02118 0.05288 -0.01649 -0.03955 0.08522 -0.03266 -0.03004 -0.00659 0.00420 -0.01205 -0.03436 0.03983 -0.01873 -0.01097 -0.04181 0.01593 -0.05099 0.02207 -0.03020 -0.02037 
0.01632 -0.02128 0.06419 -0.04193 0.12567 -0.05494 0.07305 -0.10198 0.11640 -0.07621 0.11403 -0.11224 0.09159 0.00226 0.00400 -0.00289 -0.00642 0.00536 0.00334 0.00176 -0.00265 -0.00843 0.00191 0.00299 0.01300 -0.01406 -0.00586 -0.00622 0.03357 -0.00733 -0.02949 0.00971 0.01960 -0.05203 0.01732 0.03817 -0.08302 0.03167 0.02908 
0.01673 -0.02177 0.06545 -0.04258 0.12705 -0.05527 0.07311 -0.10153 0.11527 -0.07510 0.11188 -0.10978 0.08942 0.00093 -0.00081 0.00090 0.00035 -0.00291 0.00151 -0.00158 0.00085 0.00083 -0.00138 0.00220 -0.00099 -0.00096 -0.00226 -0.00400 0.00289 0.00642 -0.00536 -0.00334 -0.00176 0.00265 0.00843 -0.00191 -0.00299 -0.01300 0.01406 
0.01725 -0.02209 0.06509 -0.04158 0.12276 -0.05342 0.07147 -0.10113 0.11723 -0.07759 0.11623 -0.11323 0.09064 0.00000 0.00000 0.00000 0.00000 0.00000 0.00000 0.00000 0.00000 0.00000 0.00000 0.00000 0.00000 0.00000 -0.00093 0.00081 -0.00090 -0.00035 0.00291 -0.00151 0.00158 -0.00085 -0.00083 0.00138 -0.00220 0.00099 0.00096 
