0.00652 -0.02650 0.06821 -0.04993 0.02740 -0.02899 0.09606 -0.12686 0.18249 -0.11154 0.10345 -0.08686 0.17573 -0.55874 -2.18323 2.39287 -0.84209 -0.03178 -0.31068 3.45459 -2.55969 -1.92082 -2.01621 -0.10253 0.39759 0.42195 -0.51884 -2.21392 3.16258 -0.56169 0.27589 -0.15903 3.82806 -1.63031 -1.40431 -0.99515 1.02496 0.54309 0.14039 
-0.54559 -2.20876 2.45511 -0.89793 0.00107 -0.34454 3.55463 -2.66113 -1.78934 -2.11858 0.01813 0.32233 0.53980 -0.54157 -2.13050 3.06406 -0.53771 0.29300 -0.19191 3.71588 -1.51925 -1.38652 -1.02702 0.83431 0.58464 0.31427 0.92058 4.00252 -4.07946 1.43737 -0.24046 0.55672 -6.06412 4.45322 2.90016 4.54753 0.09440 -1.06254 -0.61136 
-0.53505 -2.15700 3.13227 -0.58764 0.32040 -0.22089 3.81194 -1.64611 -1.20403 -1.13856 0.93776 0.49777 0.49000 0.36184 1.81929 -1.68659 0.59528 -0.27224 0.24605 -2.60953 1.89354 0.97933 2.53132 -0.00813 -0.66495 -0.18941 1.09009 4.26139 -6.13286 1.06863 -0.58017 0.37872 -7.42770 3.06437 2.72079 2.06466 -1.65360 -1.15607 -0.68918 
-0.18375 -0.38946 0.76851 -0.30265 -0.27117 -0.09850 0.94510 -0.76760 -0.81000 0.41273 0.01000 -0.34262 0.35039 0.54853 2.13089 -3.06880 0.53092 -0.28717 0.18681 -3.71181 1.54512 1.33426 1.03764 -0.81929 -0.57143 -0.37491 -0.16663 -1.45453 0.98524 -0.35731 0.58205 -0.18587 1.76941 -1.22380 -0.05036 -3.03414 0.10492 0.93924 -0.05014 
0.01348 -0.02611 0.06347 -0.05672 0.03322 -0.03408 0.10013 -0.10100 0.13023 -0.10092 0.11847 -0.07366 0.11509 0.19521 0.36476 -0.70135 0.23797 0.30981 0.06018 -0.84012 0.66974 0.92897 -0.50283 0.09679 0.27429 -0.23955 -0.53947 -2.14756 3.10965 -0.57208 0.30533 -0.20810 3.78258 -1.62143 -1.25976 -1.10537 0.90160 0.52242 0.43533 
0.01147 -0.02470 0.06716 -0.06468 0.03864 -0.03832 0.10498 -0.09786 0.11897 -0.09009 0.10678 -0.06833 0.11083 0.00906 -0.01667 0.04085 -0.04116 0.01815 -0.02129 0.07077 -0.07631 0.07451 -0.06773 0.08231 -0.04901 0.06042 -0.19320 -0.36617 0.69766 -0.23000 -0.31522 -0.05593 0.83527 -0.67288 -0.91771 0.49200 -0.08510 -0.27962 0.24381 
0.02254 -0.04278 0.10432 -0.09788 0.05137 -0.05537 0.17090 -0.17730 0.20474 -0.16864 0.20078 -0.12267 0.17551 0.00201 -0.00141 -0.00369 0.00796 -0.00541 0.00424 -0.00485 -0.00314 0.01126 -0.01082 0.01169 -0.00533 0.00426 -0.01811 0.03334 -0.08170 0.08232 -0.03630 0.04258 -0.14154 0.15262 -0.14902 0.13545 -0.16462 0.09803 -0.12085 
0.01348 -0.02611 0.06347 -0.05672 0.03322 -0.03408 0.10013 -0.10100 0.13023 -0.10092 0.11847 -0.07366 0.11509 -0.00906 0.01667 -0.04085 0.04116 -0.01815 0.02129 -0.07077 0.07631 -0.07451 0.06773 -0.08231 0.04901 -0.06042 -0.00242 0.00179 0.00404 -0.00933 0.00658 -0.00542 0.00716 0.00274 -0.01344 0.01407 -0.01612 0.00758 -0.00580 
0.01348 -0.02611 0.06347 -0.05672 0.03322 -0.03408 0.10013 -0.10100 0.13023 -0.10092 0.11847 -0.07366 0.11509 -0.00041 0.00038 0.00035 -0.00137 0.00116 -0.00118 0.00231 -0.00040 -0.00218 0.00325 -0.00443 0.00225 -0.00155 0.00906 -0.01667 0.04085 -0.04116 0.01815 -0.02129 0.07077 -0.07631 0.07451 -0.06773 0.08231 -0.04901 0.06042 
0.01307 -0.02573 0.06383 -0.05809 0.03438 -0.03526 0.10244 -0.10139 0.12805 -0.09767 0.11404 -0.07142 0.11354 0.00000 0.00000 0.00000 0.00000 0.00000 0.00000 0.00000 0.00000 0.00000 0.00000 0.00000 0.00000 0.00000 0.00081 -0.00077 -0.00071 0.00273 -0.00232 0.00236 -0.00462 0.00079 0.00435 -0.00650 0.00886 -0.00449 0.00309 
0.01348 -0.02611 0.06347 -0.05672 0.03322 -0.03408 0.10013 -0.10100 0.13023 -0.10092 0.11847 -0.07366 0.11509 0.00041 -0.00038 -0.00035 0.00137 -0.00116 0.00118 -0.00231 0.00040 0.00218 -0.00325 0.00443 -0.00225 0.00155 -0.00109 -0.00025 0.00315 -0.00070 -0.00122 0.00081 0.00415 -0.00766 0.00356 0.00587 -0.01016 0.00159 0.00778 
0.01348 -0.02611 0.06347 -0.05672 0.03322 -0.03408 0.10013 -0.10100 0.13023 -0.10092 0.11847 -0.07366 0.11509 -0.00109 -0.00025 0.00315 -0.00070 -0.00122 0.00081 0.00415 -0.00766 0.00356 0.00587 -0.01016 0.00159 0.00778 -0.00041 0.00038 0.00035 -0.00137 0.00116 -0.00118 0.00231 -0.00040 -0.00218 0.00325 -0.00443 0.00225 -0.00155 
0.01239 -0.02636 0.06662 -0.05742 0.03200 -0.03327 0.10428 -0.10866 0.13379 -0.09504 0.10832 -0.07207 0.12287 0.00000 0.00000 0.00000 0.00000 0.00000 0.00000 0.00000 0.00000 0.00000 0.00000 0.00000 0.00000 0.00000 0.00177 0.00088 -0.00595 0.00003 0.00360 -0.00279 -0.00599 0.01493 -0.00929 -0.00850 0.01588 -0.00093 -0.01710 
0.01348 -0.02611 0.06347 -0.05672 0.03322 -0.03408 0.10013 -0.10100 0.13023 -0.10092 0.11847 -0.07366 0.11509 0.00068 0.00063 -0.00280 -0.00067 0.00238 -0.00198 -0.00184 0.00727 -0.00573 -0.00262 0.00572 0.00066 -0.00932 -0.00263 -0.00716 -0.00969 -0.01363 -0.00380 -0.00625 -0.00332 -0.00580 0.01663 0.01139 0.03621 0.01561 0.02330 
0.01307 -0.02573 0.06383 -0.05809 0.03438 -0.03526 0.10244 -0.10139 0.12805 -0.09767 0.11404 -0.07142 0.11354 -0.00263 -0.00716 -0.00969 -0.01363 -0.00380 -0.00625 -0.00332 -0.00580 0.01663 0.01139 0.03621 0.01561 0.02330 -0.00060 -0.00043 0.00121 0.00292 -0.00392 0.00338 -0.00056 -0.00732 0.00917 -0.00208 0.00090 -0.00451 0.01363 
0.01085 -0.03327 0.05378 -0.07036 0.02942 -0.04032 0.09681 -0.10680 0.14686 -0.08953 0.15468 -0.05805 0.13839 0.00008 0.00020 -0.00159 0.00226 -0.00153 0.00139 -0.00240 -0.00006 0.00343 -0.00470 0.00662 -0.00385 0.00431 0.00490 0.01312 0.02341 0.02704 0.00559 0.01426 0.00857 0.00479 -0.02879 -0.01870 -0.08033 -0.03027 -0.04004 
0.01316 -0.02553 0.06224 -0.05583 0.03285 -0.03387 0.10004 -0.10145 0.13149 -0.10237 0.12066 -0.07526 0.11785 0.00227 0.00595 0.01372 0.01341 0.00179 0.00802 0.00525 -0.00101 -0.01216 -0.00731 -0.04412 -0.01467 -0.01674 0.00024 -0.00078 0.00282 -0.00315 0.00191 -0.00160 0.00249 0.00051 -0.00469 0.00615 -0.00881 0.00545 -0.00707 
0.01312 -0.02732 0.06750 -0.05695 0.03121 -0.03231 0.10206 -0.10781 0.13471 -0.09684 0.11056 -0.07272 0.12165 0.00032 -0.00058 0.00123 -0.00089 0.00037 -0.00021 0.00009 0.00045 -0.00126 0.00145 -0.00219 0.00160 -0.00276 -0.00223 -0.00416 -0.01898 -0.01229 -0.00015 -0.00958 -0.00728 0.00738 0.00893 0.00179 0.05422 0.01212 0.01295 
0.01348 -0.02611 0.06347 -0.05672 0.03322 -0.03408 0.10013 -0.10100 0.13023 -0.10092 0.11847 -0.07366 0.11509 0.00004 0.00179 -0.00526 0.00112 0.00164 -0.00156 -0.00202 0.00637 -0.00322 -0.00553 0.01010 -0.00254 -0.00379 -0.00429 0.00294 0.00621 -0.01128 0.00484 0.00043 -0.01664 0.02164 -0.01661 -0.00350 0.01947 -0.01295 0.00724 
0.01316 -0.02553 0.06224 -0.05583 0.03285 -0.03387 0.10004 -0.10145 0.13149 -0.10237 0.12066 -0.07526 0.11785 -0.00396 0.00236 0.00744 -0.01217 0.00521 0.00022 -0.01655 0.02209 -0.01787 -0.00204 0.01728 -0.01135 0.00447 -0.00375 0.00099 0.01727 -0.02300 -0.00648 -0.01688 0.02525 -0.02372 0.00123 0.07516 -0.01769 0.03057 0.00748 
0.00952 -0.02375 0.07092 -0.06889 0.03844 -0.03386 0.08358 -0.07890 0.11236 -0.10296 0.13575 -0.08501 0.11956 -0.00371 0.00278 0.01201 -0.02189 -0.00484 -0.01844 0.02322 -0.01736 -0.00199 0.06963 -0.00759 0.02803 0.00369 0.00752 -0.00433 -0.01454 0.02298 -0.00927 -0.00161 0.03541 -0.04458 0.03356 0.00734 -0.03899 0.02495 -0.01049 
0.00945 -0.02275 0.07425 -0.07772 0.02801 -0.05231 0.12326 -0.11880 0.12949 -0.03274 0.11307 -0.04723 0.12154 0.00356 -0.00197 -0.00709 0.01080 -0.00405 -0.00140 0.01886 -0.02249 0.01569 0.00529 -0.02171 0.01360 -0.00602 0.00733 -0.00576 -0.02243 0.04151 0.01122 0.03549 -0.04404 0.03477 0.00056 -0.13456 0.00856 -0.05222 -0.01169 
0.01307 -0.02573 0.06383 -0.05809 0.03438 -0.03526 0.10244 -0.10139 0.12805 -0.09767 0.11404 -0.07142 0.11354 0.00362 -0.00298 -0.01042 0.01963 0.00637 0.01705 -0.02082 0.01741 -0.00144 -0.06493 0.00097 -0.02419 -0.00800 -0.00315 0.00159 0.00674 -0.00944 0.00289 0.00257 -0.02117 0.02288 -0.01352 -0.00854 0.02614 -0.01584 0.00756 
0.01307 -0.02573 0.06383 -0.05809 0.03438 -0.03526 0.10244 -0.10139 0.12805 -0.09767 0.11404 -0.07142 0.11354 0.00041 -0.00038 -0.00035 0.00137 -0.00116 0.00118 -0.00231 0.00040 0.00218 -0.00325 0.00443 -0.00225 0.00155 -0.00362 0.00298 0.01042 -0.01963 -0.00637 -0.01705 0.02082 -0.01741 0.00144 0.06493 -0.00097 0.02419 0.00800 
0.01348 -0.02611 0.06347 -0.05672 0.03322 -0.03408 0.10013 -0.10100 0.13023 -0.10092 0.11847 -0.07366 0.11509 0.00000 0.00000 0.00000 0.00000 0.00000 0.00000 0.00000 0.00000 0.00000 0.00000 0.00000 0.00000 0.00000 -0.00267 0.00125 0.00452 -0.00602 0.00330 -0.00379 0.01316 -0.00923 -0.00489 0.01851 -0.02742 0.01035 0.00171 
0.01307 -0.02573 0.06383 -0.05809 0.03438 -0.03526 0.10244 -0.10139 0.12805 -0.09767 0.11404 -0.07142 0.11354 -0.00227 0.00087 0.00417 -0.00465 0.00214 -0.00261 0.01085 -0.00884 -0.00271 0.01526 -0.02299 0.00811 0.00325 0.00041 -0.00038 -0.00035 0.00137 -0.00116 0.00118 -0.00231 0.00040 0.00218 -0.00325 0.00443 -0.00225 0.00155 
0.01121 -0.02524 0.06764 -0.06138 0.03536 -0.03669 0.11099 -0.10983 0.12752 -0.08565 0.09548 -0.06555 0.11834 0.00041 -0.00038 -0.00035 0.00137 -0.00116 0.00118 -0.00231 0.00040 0.00218 -0.00325 0.00443 -0.00225 0.00155 0.00020 -0.00251 0.00417 0.00252 -0.00400 0.00576 -0.02648 0.03244 -0.01803 -0.02695 0.06583 -0.03219 0.00388 
0.01348 -0.02611 0.06347 -0.05672 0.03322 -0.03408 0.10013 -0.10100 0.13023 -0.10092 0.11847 -0.07366 0.11509 -0.00207 -0.00164 0.00834 -0.00214 -0.00185 0.00315 -0.01562 0.02360 -0.02074 -0.01168 0.04284 -0.02409 0.00714 -0.00041 0.00038 0.00035 -0.00137 0.00116 -0.00118 0.00231 -0.00040 -0.00218 0.00325 -0.00443 0.00225 -0.00155 
0.00914 -0.02689 0.07598 -0.06351 0.03351 -0.03354 0.09536 -0.08623 0.10678 -0.09734 0.13832 -0.08964 0.12548 0.00000 0.00000 0.00000 0.00000 0.00000 0.00000 0.00000 0.00000 0.00000 0.00000 0.00000 0.00000 0.00000 0.00600 0.00280 -0.02049 0.00756 0.00273 -0.00486 0.02270 -0.03876 0.04201 0.01135 -0.06713 0.04231 -0.01908 
0.01348 -0.02611 0.06347 -0.05672 0.03322 -0.03408 0.10013 -0.10100 0.13023 -0.10092 0.11847 -0.07366 0.11509 0.00393 0.00116 -0.01215 0.00542 0.00087 -0.00172 0.00708 -0.01516 0.02127 -0.00033 -0.02428 0.01823 -0.01194 0.00000 0.00000 0.00000 0.00000 0.00000 0.00000 0.00000 0.00000 0.00000 0.00000 0.00000 0.00000 0.00000 
0.01307 -0.02573 0.06383 -0.05809 0.03438 -0.03526 0.10244 -0.10139 0.12805 -0.09767 0.11404 -0.07142 0.11354 0.00000 0.00000 0.00000 0.00000 0.00000 0.00000 0.00000 0.00000 0.00000 0.00000 0.00000 0.00000 0.00000 -0.00751 -0.00378 0.01692 -0.00527 0.00379 -0.00324 -0.01675 0.03111 -0.01505 -0.01901 0.05371 -0.04158 0.03069 
0.01348 -0.02611 0.06347 -0.05672 0.03322 -0.03408 0.10013 -0.10100 0.13023 -0.10092 0.11847 -0.07366 0.11509 -0.00357 -0.00262 0.00477 0.00015 0.00466 -0.00495 -0.00967 0.01596 0.00623 -0.01934 0.02943 -0.02335 0.01876 -0.00106 -0.00167 -0.00337 0.00477 0.00300 -0.00262 -0.01228 0.00789 0.01619 -0.00796 -0.00545 -0.00551 0.01800 
0.00950 -0.02834 0.06859 -0.05794 0.03905 -0.04021 0.09277 -0.08543 0.13428 -0.11701 0.14347 -0.09477 0.13230 -0.00106 -0.00167 -0.00337 0.00477 0.00300 -0.00262 -0.01228 0.00789 0.01619 -0.00796 -0.00545 -0.00551 0.01800 0.00815 -0.00522 -0.00895 -0.01877 -0.01089 -0.00058 0.01667 -0.06921 -0.00656 -0.00566 -0.04879 0.01503 -0.03342 
0.01242 -0.02778 0.06010 -0.05195 0.03622 -0.03670 0.08785 -0.09311 0.14642 -0.10888 0.11303 -0.07917 0.13309 0.00457 -0.00784 -0.00418 -0.01862 -0.00623 -0.00554 0.00700 -0.05326 -0.00033 -0.02500 -0.01936 -0.00832 -0.01467 0.00211 0.00334 0.00675 -0.00954 -0.00600 0.00523 0.02456 -0.01578 -0.03238 0.01592 0.01089 0.01103 -0.03601 
0.01407 -0.03618 0.06442 -0.07656 0.03282 -0.04575 0.09977 -0.13869 0.13395 -0.14200 0.12410 -0.10309 0.11763 0.00106 0.00167 0.00337 -0.00477 -0.00300 0.00262 0.01228 -0.00789 -0.01619 0.00796 0.00545 0.00551 -0.01800 -0.00626 0.01766 0.00638 0.03775 0.00541 0.01801 -0.00249 0.08329 0.00017 0.07196 0.00358 0.03934 0.01990 
0.01348 -0.02611 0.06347 -0.05672 0.03322 -0.03408 0.10013 -0.10100 0.13023 -0.10092 0.11847 -0.07366 0.11509 -0.00168 0.00982 0.00221 0.01913 -0.00082 0.01247 0.00451 0.03003 -0.00016 0.04696 -0.01578 0.03101 0.00524 -0.00106 -0.00167 -0.00337 0.00477 0.00300 -0.00262 -0.01228 0.00789 0.01619 -0.00796 -0.00545 -0.00551 0.01800 
0.01239 -0.02636 0.06662 -0.05742 0.03200 -0.03327 0.10428 -0.10866 0.13379 -0.09504 0.10832 -0.07207 0.12287 0.00000 0.00000 0.00000 0.00000 0.00000 0.00000 0.00000 0.00000 0.00000 0.00000 0.00000 0.00000 0.00000 0.00119 -0.00808 -0.00399 -0.02375 0.00656 -0.01788 0.00035 -0.02394 -0.01184 -0.04019 0.00867 -0.02383 -0.01908 
0.01348 -0.02611 0.06347 -0.05672 0.03322 -0.03408 0.10013 -0.10100 0.13023 -0.10092 0.11847 -0.07366 0.11509 -0.00049 0.00174 -0.00178 -0.00462 0.00574 -0.00540 0.00486 0.00609 -0.01200 0.00677 -0.00711 0.00718 -0.01384 -0.03638 -0.08629 -0.06774 -0.10381 -0.00493 0.00197 0.12722 -0.05579 0.52319 0.03783 -0.28463 -0.22030 0.10549 
0.01190 -0.02461 0.06484 -0.06204 0.03774 -0.03868 0.10914 -0.10257 0.12179 -0.08828 0.10120 -0.06489 0.10902 -0.03638 -0.08629 -0.06774 -0.10381 -0.00493 0.00197 0.12722 -0.05579 0.52319 0.03783 -0.28463 -0.22030 0.10549 0.04398 -0.90906 -0.60773 0.35078 0.63622 -0.34098 0.29845 -0.41191 0.17076 -0.67660 0.00093 -0.41555 0.35737 
-0.02290 -0.11240 -0.00427 -0.16053 0.02829 -0.03211 0.22736 -0.15678 0.65342 -0.06309 -0.16616 -0.29396 0.22058 0.04349 -0.90732 -0.60951 0.34616 0.64196 -0.34638 0.30332 -0.40582 0.15876 -0.66983 -0.00618 -0.40837 0.34352 -0.10452 -1.07851 0.14536 -0.07446 1.40810 -0.59896 -0.59555 0.19009 -0.38410 -1.45321 -0.57986 0.46742 2.04211 
0.05538 -0.93194 -0.54467 0.28412 0.67971 -0.38506 0.41246 -0.50839 0.28055 -0.75811 0.09502 -0.47327 0.45254 -0.14090 -1.16480 0.07762 -0.17827 1.40318 -0.59699 -0.46833 0.13430 0.13909 -1.41539 -0.86450 0.24712 2.14760 -0.62836 0.23735 1.27954 -2.29621 0.60919 -0.55696 -0.21338 1.11288 -0.60210 0.33541 -0.87661 1.37774 2.47015 
-0.16379 -1.27720 0.07334 -0.33879 1.43147 -0.62910 -0.24097 -0.02249 0.79251 -1.47848 -1.03066 -0.04684 2.36818 -0.58488 -0.66997 0.67003 -1.95005 1.25116 -0.90334 0.08994 0.70706 -0.44334 -0.33443 -0.88279 0.96937 2.81367 -0.61284 0.28580 0.46916 -1.20965 -0.51669 -0.03655 1.93609 -1.38308 0.60954 1.31201 1.26707 -0.07066 -2.74559 
-0.52949 -1.60191 0.12536 -1.66593 1.93086 -1.28841 0.50240 0.19868 -0.16279 -1.09254 -0.78777 0.49611 3.26622 -0.75374 -0.87900 0.54678 -1.38792 0.88648 -0.63354 1.46776 -1.24879 0.74863 -0.10338 0.40257 0.17646 -0.59799 -0.00374 0.43688 -0.64093 1.84420 -0.46817 0.83693 1.98777 -3.66756 3.42346 -0.83388 2.69576 -2.03683 -4.26844 
-0.91753 -2.15619 0.62012 -1.72671 2.31795 -1.26264 1.22679 -1.27127 1.54114 -1.58185 -0.62809 0.12962 1.77019 -0.58862 -0.23309 0.02909 -0.10585 0.78299 -0.06642 2.07771 -2.96050 2.98013 -1.16830 1.81297 -1.06746 -1.45477 0.56843 1.09395 -0.44637 1.16786 -0.31754 0.53215 0.17681 -0.75696 -0.12890 -0.32102 2.00513 -0.42989 -0.01966 
-1.11811 -1.83500 0.15445 -1.77179 2.71385 -1.35482 2.58011 -2.76182 2.81734 -2.26084 1.02519 -0.57135 1.81145 -0.18530 0.21496 0.10040 -0.22006 0.56894 -0.10139 1.64458 -2.00575 0.61973 -0.42440 2.40770 -0.25343 -0.61765 0.19881 0.02351 0.48685 -0.36612 -0.03976 0.49637 -1.75339 2.51176 -4.92599 0.95143 -0.48653 1.05660 1.38324 
-1.10283 -1.94123 0.72053 -1.94677 2.88689 -1.36404 2.87137 -3.27702 2.16086 -2.00625 1.77961 -0.12381 1.15254 -0.38981 -0.20959 0.51594 -0.47198 0.74323 0.42995 0.32432 -0.44874 -1.94586 -0.21688 1.32644 -0.01086 -0.07153 -0.09434 -0.68509 -0.72816 -0.33534 -0.52570 0.41397 -1.79876 3.13424 -1.31617 -0.58934 -2.14550 0.70878 2.69754 
-1.50792 -2.04459 0.67039 -2.24376 3.45708 -0.92487 2.90443 -3.21055 0.87148 -2.47772 2.35163 -0.58221 1.73992 -0.27964 -0.47013 -0.62776 -0.55540 0.04324 0.31258 -0.15419 1.12849 -0.69645 -1.01374 0.26220 0.45535 2.07989 0.33852 0.18222 -1.20756 0.58813 -1.12632 -0.59760 0.02757 0.98611 4.04752 -1.33704 -2.00612 0.37603 2.07605 
-1.38247 -2.41137 0.09277 -2.50218 2.93013 -1.05146 2.71718 -2.14853 1.46441 -3.01999 2.04182 0.33153 3.23243 -0.05128 -0.02737 -0.69162 0.11615 -0.38309 -0.16765 0.35189 0.53737 2.10166 -1.55391 -0.67968 0.36517 2.00452 0.19493 0.80959 -0.06736 0.50032 -0.52035 -0.51864 0.42105 -1.84584 0.87071 0.08533 0.22818 -1.43897 -2.80925 
-1.55920 -2.07196 -0.02122 -2.12761 3.07398 -1.09252 3.25632 -2.67318 2.97314 -4.03163 1.67195 -0.21704 3.74444 -0.08471 0.33946 -0.69511 -0.05509 -0.47711 -0.20606 0.26687 -0.71734 0.17427 -0.92841 0.49038 -0.98362 -0.72936 0.13577 0.08875 -0.05988 0.33121 -0.41009 -0.30912 -0.47444 -0.66123 -3.57170 2.82638 1.98600 -1.62793 -3.81529 
-1.46718 -2.07191 -0.60234 -2.55726 2.45301 -1.25752 2.98405 -2.86588 1.63868 -3.94840 2.53219 -0.65209 2.50307 0.08449 0.06139 -0.75149 0.44736 -0.79319 -0.47677 -0.12255 -0.12385 -1.47004 1.27247 1.30632 -1.26276 -1.81077 0.13163 -0.56193 0.40803 0.62556 0.72264 0.00155 -0.16852 1.13972 -1.04372 1.45551 -1.40225 0.56804 0.64389 
-1.47471 -2.01057 -0.77271 -1.68026 2.28079 -1.56929 3.13377 -2.79703 1.50310 -2.75917 2.97827 -1.47980 1.93367 0.04691 -0.22248 -0.28708 0.57048 0.24553 -0.20451 0.09835 0.42237 -0.86945 0.52710 -0.91187 -0.41559 -0.08547 0.12775 -0.05088 1.29945 -0.79775 1.18957 0.46728 0.46875 0.55692 2.41243 -1.02964 -1.98541 2.94959 2.17318 
-1.42027 -2.29439 -0.88942 -1.98678 2.69854 -1.46202 3.08239 -2.44350 0.76923 -3.42131 1.62032 -1.06767 2.41759 0.21224 0.01051 0.54795 -0.35040 0.39638 -0.00949 0.34620 0.43307 0.94239 0.24283 -0.67909 1.68683 0.36241 0.43502 0.56089 0.73688 0.31990 -0.24498 -0.05336 -0.00752 -0.72467 -0.28904 0.54445 -0.42246 0.53885 -1.44251 
-1.26247 -2.00006 -0.22476 -2.03065 2.67718 -1.57878 3.47997 -2.36396 2.44549 -2.51634 2.29917 0.20703 2.29609 0.48194 0.33841 0.44980 0.89038 0.00055 -0.25787 0.09083 -0.30230 -1.15849 1.07154 -1.33434 0.12326 -1.52798 2.03761 2.04312 0.15680 0.34742 -2.13144 -1.06492 -2.67895 -0.35868 -4.59528 0.23351 -3.54209 -2.91421 -2.85763 
-0.93833 -1.95597 -0.43963 -1.09640 2.69909 -1.71989 3.17322 -2.74580 -0.38926 -2.34976 0.28598 -0.94441 0.88961 2.24985 2.05363 0.70475 -0.00297 -1.73506 -1.07441 -2.33275 0.07439 -3.65289 0.47634 -4.22118 -1.22738 -2.49522 2.22801 0.72056 0.74964 -1.36979 -3.08525 -0.96532 -2.08068 3.15591 -1.05364 -0.53284 -1.13371 -0.62681 1.50676 
0.98738 0.05357 0.47999 -2.03362 0.94212 -2.65319 1.14722 -2.28956 -1.20739 -2.04000 -1.92201 -1.02034 -0.19913 2.70995 1.05897 1.19944 -0.47941 -3.08470 -1.22318 -1.98985 2.85361 -2.21212 0.53871 -2.46805 -0.50355 -0.02122 -1.28822 -3.46389 -0.85546 0.90573 0.01027 1.22583 1.56122 2.56073 1.95400 -1.21719 5.99638 1.05740 4.42658 
1.77162 -0.89700 0.75981 -1.57582 -0.38561 -2.94308 1.18337 0.10781 -2.60138 -1.81106 -2.18207 -1.44796 0.86840 0.96163 -1.41026 -0.15070 0.90276 -1.72479 0.15143 -0.77153 2.63512 -1.69889 -0.74085 1.77520 -0.16998 1.93136 -2.48419 -1.61712 -1.57984 0.04777 2.19445 1.69942 0.45193 -2.19281 1.54570 -1.37420 4.77479 -0.33667 1.05654 
1.94901 -1.35669 0.32929 -1.13087 -0.78266 -2.50176 0.37569 0.34555 -2.90628 -2.78085 -0.14681 -1.19032 1.73223 0.22576 -0.55815 -0.38040 -0.43164 -0.89025 0.47624 -1.53792 0.66080 -0.66643 -0.83550 2.30674 -0.84022 1.03532 -0.95104 1.32470 0.87318 -1.12854 1.03415 0.04786 0.93516 -2.44748 2.75972 1.38035 -1.95170 -0.77919 -2.25295 
1.99738 -1.45514 0.37941 -2.00746 -1.27586 -2.46684 -0.35455 0.76861 -3.26781 -2.64655 0.12467 -2.28818 1.90372 0.01059 -0.08556 0.72248 -0.22579 -0.69064 0.19929 0.16363 0.18764 1.06083 0.63950 -0.17650 -0.94917 -0.32158 -0.30342 0.42256 0.80531 0.58490 0.69921 -0.55611 2.20621 -0.84243 2.16017 1.10528 -4.01298 0.76469 -0.96144 
1.95960 -1.44224 1.05177 -1.35666 -1.47330 -2.30247 0.53932 0.53319 -1.84545 -2.14135 -0.32331 -2.13949 1.41065 -0.07766 -0.13558 0.42491 0.15326 -0.19104 -0.07988 0.66828 -0.18163 1.49375 0.26978 -1.70625 -0.07553 0.07388 -0.07594 -0.07791 -0.52445 -0.18608 0.92146 -0.19676 -0.33570 0.37827 -0.81573 -0.72845 -0.35493 0.54155 1.41969 
1.91972 -1.59073 0.80432 -1.85420 -1.46691 -2.54672 0.31373 0.58698 -1.77406 -2.37677 -1.58158 -2.36371 1.97760 -0.06535 -0.16347 0.19803 -0.41187 0.23082 0.00253 -0.17207 0.56590 0.24510 -0.08895 -0.53142 -0.40762 1.09810 0.10193 0.16748 0.15329 0.23585 0.71558 0.38132 -0.04441 0.64946 -1.95107 0.31836 1.68100 0.50157 0.97477 
1.89426 -1.60571 1.24980 -1.76852 -1.24248 -2.29994 0.36724 1.09909 -1.60035 -2.23030 -0.85473 -2.54711 2.50875 0.02428 0.03189 0.57819 0.38911 0.52454 0.30144 0.62388 0.46783 -0.45732 0.58814 -0.02525 0.42604 1.04866 0.12057 0.11034 -0.78765 1.08875 -0.24742 0.01139 1.00914 -1.03929 0.19512 -0.11578 -0.43035 1.25302 -1.95751 
1.94400 -1.55883 1.38251 -1.46509 -0.94237 -2.24528 0.93761 1.05481 -2.23138 -1.78862 -1.60683 -1.93767 3.02625 0.05522 -0.05313 -0.58963 0.67688 -0.01660 0.01392 0.83707 -0.47339 0.44022 -0.20473 -0.96177 0.84540 -0.85941 0.14292 -0.32222 -1.60655 0.66232 -0.91672 -0.39296 0.27637 -0.72858 1.93935 -1.17635 -0.39853 -0.02072 -2.69510 
1.94948 -1.65884 0.66018 -1.09164 -1.25908 -2.28603 1.20431 0.62570 -1.16013 -2.43503 -1.81650 -1.70171 1.64935 0.16720 -0.29033 -1.02836 1.05143 -0.39218 -0.09152 0.90024 -0.26075 1.48203 -0.58821 -0.42378 0.40532 -1.64644 0.02783 -0.12778 0.30681 -0.07071 0.04493 -0.06374 -0.29731 0.65131 -0.77436 -0.01067 0.66463 -0.84123 1.12849 
2.11120 -1.84916 0.35415 -0.41366 -1.33454 -2.33679 1.83785 0.79406 -0.74935 -2.37683 -2.03061 -1.53235 1.37981 0.08306 -0.18091 -0.28281 0.60618 0.02833 -0.04983 0.53976 0.17792 -0.33414 -0.21540 -0.29714 0.00417 0.26908 -0.23085 0.28430 1.05374 -1.44783 0.55403 0.04241 -0.79282 0.46713 -2.04648 0.83478 0.64614 -0.76235 1.86924 
2.03253 -1.83974 0.37736 -0.48546 -1.23075 -2.33585 1.74407 0.80362 -1.49426 -2.65043 -2.11364 -1.69754 1.91843 -0.06365 -0.00603 0.02538 -0.39640 0.16185 -0.04910 0.10742 0.20638 -0.56445 0.24657 0.22236 -0.35702 0.22279 -0.00353 0.06114 0.27910 -0.90212 -0.18345 0.27545 -0.66760 -0.11911 1.50988 1.02280 0.70221 -0.45645 -0.66210 
2.04754 -1.85519 0.37953 -0.81006 -1.17269 -2.38589 1.94527 1.00045 -1.31380 -2.13025 -1.80825 -1.88937 1.60261 0.07952 -0.11977 -0.00371 -0.29595 -0.15512 0.22563 -0.12784 0.05882 1.17575 0.80740 0.40507 -0.45228 -0.39302 0.09858 -0.08650 -0.41580 0.34525 -0.06924 0.23031 -0.94760 -0.28266 0.54430 -0.29758 0.22968 -0.09777 -0.43646 
2.11206 -1.95952 0.37365 -0.78141 -1.38587 -2.11023 1.61623 0.86244 -0.31852 -1.84303 -1.70857 -2.14982 1.52541 0.03493 -0.09253 -0.39042 -0.05115 0.09261 0.18121 -0.84018 -0.07628 -0.02015 -0.05100 0.45204 -0.45480 -0.21367 -0.15709 0.04531 -0.84937 -0.40937 0.32387 -0.48200 -0.76354 -0.59779 -2.12743 -0.49851 -1.00775 0.02182 -0.20830 
2.08247 -1.94772 -0.01089 -0.86121 -1.08008 -2.20469 1.10509 0.92417 -1.33395 -2.18126 -1.35621 -2.34417 1.38894 -0.07756 -0.07446 -0.85308 -0.70531 0.16875 -0.25638 -0.89138 -0.53898 -0.95169 0.30888 -0.60268 -0.43046 -0.60132 -0.02355 0.14425 0.49220 -0.24713 0.00154 0.06179 0.86188 -0.16884 1.13622 1.34720 -0.62617 0.17993 1.24707 
2.03449 -2.03398 -0.47943 -1.48672 -1.21712 -2.36660 0.72486 0.32346 -1.27020 -1.53415 -2.31125 -2.58028 0.92409 0.01138 0.05171 0.10178 -0.29828 0.09416 0.24300 0.02169 -0.24512 1.11607 1.29620 -0.17413 -0.27486 1.03340 -0.10821 -0.12044 0.68447 0.23383 -0.19701 0.30008 -0.08257 -0.54362 0.65137 -0.51973 0.35010 0.00291 1.40058 
2.09385 -1.89601 0.09089 -1.15949 -0.98592 -1.96169 1.12678 0.67905 -0.21788 -0.88506 -1.53035 -2.61903 2.42234 -0.18578 -0.19490 -0.16861 -0.47148 -0.02826 0.04370 -0.97395 -1.08259 -0.30032 -0.21084 -0.25258 -0.42756 0.79926 -0.09991 -0.19069 -0.02955 0.22220 0.06706 -0.23275 -0.17103 -0.38141 -2.03232 -0.46152 0.41060 0.34007 -0.76571 
1.84872 -2.22888 -0.64804 -1.95820 -1.24538 -2.32290 -0.24909 -0.75913 -1.57053 -1.74499 -2.56383 -3.00783 1.72335 -0.08853 -0.13898 0.07223 -0.07607 0.16122 0.01025 -0.14934 -0.62653 -0.91625 0.83468 0.23647 0.06521 0.26769 0.31554 0.35363 0.53381 1.36012 0.36522 0.35428 2.46876 1.71392 0.38059 1.53815 2.03424 0.61204 -0.59058 
2.00532 -2.03499 0.16313 -1.23556 -0.82470 -1.95144 0.97745 0.05252 -1.13412 -0.05038 -1.29388 -2.55382 2.69003 0.12976 0.15873 0.36520 0.88864 0.33696 0.39798 1.49481 0.63132 0.08027 1.32731 1.78166 0.18449 0.20868 -0.17882 -0.17212 -0.65688 -0.23485 -0.36502 -0.17872 0.31368 0.47818 -0.43121 -2.03053 -0.05927 -0.64154 -1.27849 
1.97848 -2.07015 -0.28285 -1.06956 -0.90842 -1.92492 1.24572 -0.12781 -1.49025 -0.41768 -0.78218 -2.82334 1.93203 -0.26735 -0.31110 -0.58465 -0.31092 -0.20380 -0.16847 0.16434 -0.14835 -1.34745 -1.19585 0.17720 -0.57633 -1.01080 -0.40196 -0.49328 -0.55029 -1.28977 -0.55535 -0.77402 -1.17757 0.36770 -0.42184 -2.46691 -2.30684 -0.13962 -0.61914 
1.73796 -2.34609 -0.42152 -1.54648 -1.02850 -2.11991 1.14178 -0.09584 -2.48158 -1.24623 -1.11667 -3.13015 1.67923 -0.27220 -0.33456 -0.18509 -0.40113 -0.21839 -0.37603 0.31724 0.99902 -0.34157 -1.13961 -0.52519 0.04487 -0.41046 0.26611 0.17065 0.56560 0.40422 0.32781 0.01567 0.96784 1.55008 2.78199 1.50265 -0.21276 1.10295 0.86064 
1.70628 -2.40470 -0.46794 -1.47069 -1.12681 -2.30095 1.56296 0.87121 -1.83182 -1.55729 -1.30736 -2.77847 1.52157 -0.00124 -0.14045 -0.01905 0.09330 0.12401 -0.15280 1.13217 1.40173 1.43454 0.30680 -0.03556 0.52662 -0.15016 0.23351 0.33209 0.31121 0.40234 0.43771 0.59618 0.50549 -0.97360 1.74831 2.35441 1.35461 -0.08619 0.84984 
1.73672 -2.48654 -0.44057 -1.45319 -0.90449 -2.27271 2.27396 1.30589 -1.04704 -0.93944 -1.15223 -2.60353 1.52907 -0.03869 -0.00247 0.12612 0.00121 0.21932 0.22014 0.82274 0.02542 1.40674 1.21481 0.82942 -0.04132 0.43938 -0.05896 -0.04001 0.44461 -0.33953 -0.16374 0.17465 -0.81103 -1.91890 -0.98798 0.76742 0.13519 -0.66238 0.85471 
1.66760 -2.40717 -0.34182 -1.46948 -0.90748 -2.08081 2.38570 0.89663 -0.42508 -0.34248 -0.47794 -2.81979 1.96095 -0.06020 -0.18046 0.42556 -0.24623 -0.03973 0.02185 0.32114 -0.51717 0.44656 1.07422 0.09963 -0.13576 0.70455 -0.20352 -0.27751 0.60394 -0.56038 -0.03457 -0.42162 -1.28999 0.06443 -2.09583 -1.12534 -0.84655 0.03085 -0.53062 
1.67652 -2.66701 -0.01502 -1.69942 -0.94422 -2.25086 2.59510 0.78872 -0.60047 0.13478 -1.05260 -2.73929 2.23362 -0.24221 -0.27997 0.73006 -0.55917 0.18476 -0.20148 -0.46725 0.08985 -0.68909 0.08947 -0.01713 -0.01047 -0.09125 -0.14819 0.24604 0.41287 -0.26591 0.54811 0.03515 -0.14957 0.49882 -1.13996 -0.72173 0.91516 0.72379 -0.26905 
1.42539 -2.68714 0.38824 -2.02865 -0.72273 -2.28229 1.91845 0.98648 -1.11417 -0.25302 -0.49507 -2.83025 1.86970 -0.20839 0.06557 0.83842 -0.51214 0.50838 0.05700 0.17158 -0.01836 -0.69339 0.35249 1.01479 0.58804 0.43550 0.15757 0.39294 -0.87882 -0.42995 0.02096 0.11892 0.90545 -1.20820 0.81749 0.03896 -0.77819 1.05328 0.03186 
1.46813 -2.60144 0.82341 -2.21156 -0.43584 -2.19386 2.76667 0.77036 -1.29386 0.48728 -0.03780 -2.15126 2.66912 -0.08464 0.11296 -0.14876 -0.98913 0.20571 -0.08256 0.43820 -1.11835 0.12840 0.12842 -0.79531 1.04281 -0.05938 0.14256 -0.07052 -1.16496 -0.23841 -0.77973 -0.40808 -0.92935 -0.08950 1.82478 -1.16802 -1.59803 -0.23788 -1.11543 
1.34075 -2.57418 0.23947 -3.01778 -0.51701 -2.36485 2.35665 -0.13187 -0.98578 -0.12459 -1.29039 -1.78744 1.81032 -0.06582 -0.00495 -0.32654 -0.75056 -0.27135 -0.35108 -0.75777 -0.10786 1.13139 -0.81553 -0.58324 0.35016 -0.67993 0.18367 0.16040 0.37124 1.84498 -0.14870 0.22025 -0.74034 2.37562 1.27442 -0.09138 2.45337 -1.34144 1.01812 
1.40230 -2.60639 0.49687 -2.96212 -0.70719 -2.54494 2.00890 0.66250 -0.16247 -0.32825 -0.62104 -1.80110 1.98919 0.09903 0.27336 0.22248 0.85585 0.05701 0.13769 -0.30214 1.25728 1.40281 0.03705 1.65805 -0.29864 0.95874 0.21476 -0.19326 -0.33932 0.90377 0.27027 0.65973 0.05936 0.55808 -1.54859 0.31323 1.24416 -0.68666 0.34740 
1.43978 -2.30082 0.46195 -2.16193 -0.46000 -2.22716 2.05450 1.12541 0.41704 -0.08755 0.36767 -2.08608 2.76906 0.14894 -0.19820 -0.66586 0.15321 -0.00108 0.30865 -0.69841 0.45022 -0.41720 -0.50230 0.66093 -0.33650 -0.33253 -0.02228 -0.63864 -1.25350 -1.01613 -0.22942 -0.09805 -1.01795 -1.76116 -1.87277 -0.36235 -1.44462 0.82142 -1.98153 
1.55124 -2.80459 -0.16899 -2.80891 -0.70828 -2.23629 1.31050 1.11272 -0.57967 -0.83055 0.03989 -2.13760 1.65666 0.07675 -0.36527 -1.03102 -0.16027 -0.17240 0.03964 -1.32009 -0.50388 -0.46995 -0.32530 0.21343 0.52278 -1.02278 -0.08045 0.34316 0.18815 0.41597 -0.00039 -0.17216 0.15692 -1.16625 0.97181 0.75524 -0.62596 0.74689 -0.05560 
1.51653 -2.66609 -0.56906 -2.32220 -0.63240 -2.18752 0.73441 0.62153 -0.05291 -0.41285 0.58110 -1.56330 1.74628 0.06849 0.14496 -0.47771 0.56918 -0.00148 0.13649 -0.54148 -0.71602 0.55461 0.25294 0.03497 0.41039 -0.38813 -0.05358 0.44644 0.81834 0.42654 0.22368 -0.17942 1.44159 -0.48542 0.44633 -0.61778 -2.73470 -0.11642 0.77600 
1.61972 -2.65963 -0.64670 -2.23973 -0.70975 -2.09980 0.76901 0.39670 -0.02506 -0.57761 0.07486 -1.72721 1.26853 0.02318 0.08116 -0.21268 0.26627 0.05128 -0.13978 0.12150 -0.98930 -0.02362 -0.94308 -2.52127 0.40636 -0.24679 -0.05788 0.02235 0.37208 -0.36741 0.15815 -0.29471 0.61915 0.29006 -0.59498 -0.50065 -2.56905 -0.52857 0.83949 
1.53971 -2.58493 -0.78174 -2.05593 -0.58112 -2.32729 0.85592 -0.36777 -0.07654 -1.35593 -1.94017 -1.15694 1.49949 0.01061 0.16731 -0.10563 0.20177 0.15668 -0.15822 0.07767 -0.42596 -0.04037 -0.24771 -2.53408 -0.11818 0.45135 0.10904 0.16050 0.00379 -0.18069 0.41017 0.30664 0.12133 1.80236 0.20067 1.78798 3.16842 -0.80859 0.85866 
1.63033 -2.49232 -0.75234 -2.03796 -0.55307 -2.25803 0.84668 -0.02926 -0.06544 -0.82531 -2.45922 -1.84539 1.71988 0.13222 0.24166 -0.20889 0.08558 0.46145 0.16686 0.24283 0.81306 0.17704 0.84490 0.64715 -0.40222 0.61187 0.02468 0.24142 -0.51060 -0.83152 0.62118 0.39481 0.08634 1.47974 0.46617 1.24941 3.92273 0.15366 -0.00315 
1.67193 -2.34327 -0.99063 -1.97035 -0.11967 -2.16044 1.09875 0.44529 0.10051 -0.51104 -1.29301 -1.55917 2.11137 0.03529 0.40873 -0.61623 -0.62975 0.77785 0.23658 0.16401 1.05378 0.42580 1.00170 1.38865 0.03548 0.44820 -0.13832 0.03341 -0.90801 -1.25285 -0.21572 -0.20343 -0.86941 -0.12122 -0.50426 -0.88156 -1.11013 -0.35988 -2.50333 
1.66562 -2.08359 -1.36857 -2.66772 0.22478 -2.02144 1.01069 1.02453 0.36037 0.17639 -1.07057 -1.80991 2.16808 -0.00610 0.27507 -1.11690 -1.16727 0.24573 -0.03657 -0.62658 0.69185 -0.32722 -0.03666 -0.46298 -0.76211 -1.89145 0.09152 -0.24557 -0.11884 0.64612 -0.68344 -0.10897 -0.85574 -0.81183 -0.51866 -2.57020 -1.49594 0.02310 -2.28502 
1.66582 -2.06820 -2.10753 -3.13762 0.12606 -2.19701 0.47217 1.13714 -0.22671 -0.54770 -1.75599 -2.32127 0.21991 0.12681 0.16316 -0.73507 0.01637 0.09442 0.12761 -0.69173 0.24196 -0.09286 -1.56849 -0.10729 0.05858 -1.83682 0.12806 -0.19435 0.89899 1.48650 -0.14188 0.44997 0.48526 -0.65154 0.83948 -1.50858 1.08866 1.29995 1.10726 
1.79243 -1.92042 -2.10364 -2.65135 0.31920 -1.89383 0.31896 1.26648 0.26751 -1.39210 -1.17787 -1.75133 0.33126 0.12196 0.08072 -0.21791 0.31923 0.10385 0.41340 -0.14132 0.04031 0.51226 -1.54524 0.62568 0.53784 -0.78419 -0.21695 -0.13055 0.18269 -0.52825 -0.14079 0.18887 0.09730 -1.00694 -0.17782 0.64897 -0.03811 -0.48481 0.73206 
1.78778 -1.98749 -2.32545 -2.81839 0.22991 -1.78360 0.33084 1.17745 0.28555 -2.09293 -1.13032 -1.78343 -0.56428 -0.09015 0.03261 -0.55238 -0.51189 -0.04637 0.31648 -0.59443 -0.76498 -0.27068 -0.91952 -0.14540 -0.42624 -1.10476 -0.15506 0.27150 -0.23643 -0.72819 0.12661 0.01508 -0.09838 -0.79525 -1.12227 1.58677 -1.06531 -0.71966 0.87016 
1.70228 -1.88781 -2.65602 -3.16324 0.27283 -1.57736 -0.27547 0.50150 -0.00317 -2.31162 -1.32326 -2.17757 -0.77350 -0.03310 0.35222 -0.45435 -0.40896 0.23046 0.42848 -0.23971 -0.75494 -0.61001 0.04153 -0.43963 -0.18182 0.08597 0.17299 0.42997 0.38427 0.93650 0.33597 0.22714 0.71310 0.24538 0.45257 1.61512 0.55647 0.87393 1.24737 
1.75468 -1.63527 -2.77979 -3.22735 0.46037 -1.35512 0.09114 0.42252 -0.32445 -2.05140 -1.56995 -1.96525 -0.47830 0.08284 0.46258 -0.16812 0.42461 0.28960 0.54362 0.11867 -0.51960 0.18189 0.69560 0.41108 0.44769 0.14261 0.06795 0.08774 0.23077 1.13341 -0.16250 0.00314 -0.16791 -0.11666 0.74441 0.64161 0.90761 0.19356 -0.15379 
1.78513 -1.42523 -2.82413 -2.73863 0.56243 -1.03374 -0.15680 -0.01810 0.17872 -1.61603 -0.91219 -1.72988 -0.63088 0.03485 0.43996 -0.22358 0.72445 0.06795 0.43162 -0.40762 -0.87160 0.13440 0.68314 0.46798 0.01174 -0.06781 -0.23495 -0.08217 -0.09001 -0.18001 -0.08719 -0.00037 0.66374 -0.72243 -1.01786 -0.64465 0.08759 -0.37159 -0.17916 
1.78953 -1.19531 -3.00337 -2.50290 0.52832 -0.92351 -0.31648 -0.44908 -0.19005 -1.36826 -1.10197 -1.95351 -0.54611 -0.15211 0.38041 -0.25812 0.24460 0.20241 0.54325 0.78241 -1.24203 -0.83596 0.05094 0.49867 0.07610 -0.03655 -0.58598 -0.41982 0.11156 -0.25275 0.15724 0.15860 1.22752 -0.46525 0.13230 -0.45416 0.27829 0.22490 -0.61382 
1.63302 -1.04482 -3.08226 -2.49402 0.76484 -0.49049 0.62561 -1.26014 -0.65725 -1.56508 -0.41352 -1.65377 -0.66743 -0.55114 0.02014 -0.11201 0.47169 0.22519 0.59022 0.81991 -1.33685 0.26670 0.22899 0.74627 0.23664 -0.68164 -0.30211 -0.30480 0.64801 0.36507 0.05275 -0.02864 -0.68909 0.07974 1.47360 0.36048 -0.72957 -0.61331 -0.16450 
1.23839 -1.17517 -3.11538 -2.03121 0.75352 -0.33329 0.50343 -1.78594 0.07665 -1.13927 -0.35570 -1.71687 -1.22775 -0.45421 0.07561 0.38989 0.60967 0.25516 0.51461 0.09332 -1.16229 0.63763 0.41142 -0.23090 -0.53720 -0.20104 0.22085 -0.14655 0.61054 -0.15438 -0.06515 -0.14819 -0.08793 1.97217 0.12694 -0.43752 -1.85192 -0.36923 2.50425 
1.17881 -0.96920 -2.69237 -1.88435 1.02001 0.02411 0.71893 -2.42243 -0.01961 -1.15367 -0.64442 -2.19097 -0.86847 -0.33028 -0.12641 0.49853 0.31732 0.16005 0.44203 0.73198 0.63531 0.39364 -0.20853 -1.10565 -0.13259 1.82262 -0.13357 -0.63380 0.01516 0.01150 -0.49940 -0.69387 -0.18273 2.77514 0.88775 0.44669 0.74641 1.30237 1.96445 
0.90810 -1.30158 -2.61685 -1.71389 0.91357 0.10875 1.23541 -1.15062 0.47030 -1.34780 -1.46135 -1.84945 0.59486 -0.58778 -0.55819 0.40505 0.62118 -0.24424 -0.17927 -0.08941 1.61284 1.52539 0.85811 0.51551 0.76516 1.76341 -0.15496 -0.05057 -0.06811 -0.15192 -0.31952 -0.34246 -0.76416 -0.90706 -0.11709 1.38437 3.05650 0.70019 -0.77964 
0.59103 -1.52739 -2.28731 -1.26318 0.77577 -0.15515 0.62952 -0.80958 1.50577 -0.29556 -0.12891 -1.42581 0.89493 -0.48524 -0.17698 0.43042 0.16540 -0.15948 0.09957 -0.03218 -0.27174 0.27655 1.17584 1.95085 0.56761 1.04297 0.48932 0.82583 -0.20025 -0.89235 0.04064 0.44040 0.86195 -1.65129 -2.13070 -0.93500 0.07683 -0.42902 -1.58471 
0.42286 -1.47856 -2.18644 -1.54850 0.75409 0.20832 1.20322 -1.42237 0.74685 -0.17196 0.48950 -1.28185 1.63784 -0.09846 0.26764 0.20480 -0.27117 -0.20359 0.26114 0.77254 -0.03844 -0.60531 -0.07689 0.59234 0.33614 0.17869 0.48056 0.91717 0.29635 0.10070 -0.39068 -0.47740 0.16433 1.51000 -0.10992 -1.40495 -2.07613 -0.14088 -2.61035 
0.49257 -1.25975 -2.08251 -1.53435 0.57218 0.10598 1.40205 -0.84803 0.90046 -0.37245 0.46343 -1.08967 1.07362 -0.00468 0.74019 0.72676 0.26610 -0.55016 -0.37783 0.13215 1.23826 0.16663 -0.22911 -0.12527 0.42673 -1.56737 -0.26336 0.34533 0.45420 0.33779 -0.34237 -0.44133 -0.64425 1.22735 1.12859 -0.40127 -2.98485 -0.47945 -0.19445 
0.41819 -0.73837 -1.45967 -1.28240 0.20393 -0.16951 1.33537 -0.18411 0.91348 -0.40108 0.36423 -0.85512 0.07047 -0.36182 0.61297 0.65901 0.06662 -0.54596 -0.18020 0.12829 1.18890 0.52328 -0.47816 -2.39251 -0.14331 -0.01576 -0.36552 -0.30565 0.22116 -0.03351 0.54505 0.38176 -0.67041 -0.63097 -0.12395 0.16602 -1.29617 -0.62666 1.78974 
0.13075 -0.64678 -1.42351 -1.46773 0.02622 -0.07421 1.53034 0.34088 1.42374 -0.85061 -1.92908 -1.23298 1.05786 -0.37019 0.43454 0.94792 0.23259 -0.00511 0.00394 -0.53826 0.60729 0.04269 -0.06309 -1.42144 -0.19993 0.22236 0.19943 -0.15171 0.64384 1.23108 0.59124 0.17548 -1.27323 -1.48999 -1.19592 0.82434 3.75091 1.28872 -0.34481 
0.04799 -0.30383 -0.51175 -1.04981 0.19882 -0.16557 0.79711 0.42318 0.95616 -0.46416 -1.05721 -1.05504 0.29283 -0.16239 0.46126 1.30284 1.29770 0.04528 -0.00472 -1.14494 -0.30109 -0.67264 0.34618 1.35840 1.14541 -0.36056 0.31318 -0.16794 -0.33541 0.73253 -0.20407 0.09244 -0.09363 -1.23445 -0.81598 0.35942 2.53165 1.22643 -0.19680 
-0.03164 -0.18552 -0.12066 -0.17004 0.07150 -0.07893 0.38540 0.03979 0.75110 -0.50443 -0.57068 -0.08757 0.69730 -0.05701 0.26661 0.61251 0.96512 -0.20917 0.09638 -0.63189 -0.62716 -0.77329 0.29633 1.11020 1.02650 0.02557 0.16579 -0.37642 -1.05840 -1.11292 -0.03164 0.01105 0.59555 0.19009 0.37598 0.05388 -1.16510 -1.25968 0.43061 
-0.00902 -0.03722 0.10076 -0.08469 -0.01035 -0.06919 0.16523 -0.20398 0.18287 -0.16784 0.05299 -0.02854 0.31840 0.00340 0.08484 0.24445 0.18478 0.01365 0.00633 -0.54939 -0.11100 -0.29666 0.40006 0.19330 -0.11427 0.07004 0.02948 -0.23154 -0.69317 -0.94308 0.25345 -0.13286 0.57600 0.70264 0.77156 -0.13817 -0.76488 -1.09565 -0.35783 
-0.02825 -0.10068 0.12378 0.01474 0.08515 -0.07260 -0.16399 -0.07121 0.45444 -0.10437 -0.37738 -0.20184 0.76735 -0.02754 0.03507 -0.08065 0.02204 0.04428 -0.03648 -0.05589 0.07548 -0.00173 0.15816 0.34532 -0.06915 -0.33226 0.03645 -0.07210 -0.46925 -0.27353 0.01350 0.01023 0.79817 0.09321 0.06643 -0.49343 0.10069 0.24257 -0.74543 
-0.03656 -0.00215 0.02011 -0.06265 0.03392 -0.10567 0.10934 -0.12850 0.18114 -0.00968 0.39831 -0.09769 -0.01387 0.03985 0.01275 -0.22480 -0.08875 0.02715 0.01656 0.24878 -0.01779 -0.23023 -0.09337 0.29399 0.12830 -0.67539 0.02723 -0.06404 0.17145 -0.03835 0.04008 0.01197 0.12485 -0.13128 0.13617 -0.36230 -0.79102 -0.09888 0.41366 
0.01160 -0.08793 -0.10102 -0.07401 0.11229 -0.05604 0.08478 -0.08900 0.22421 -0.19774 -0.08339 -0.07354 0.09196 -0.00031 -0.02897 0.09080 -0.01631 0.08436 -0.02451 0.06896 -0.05580 0.13444 -0.20414 -0.44569 -0.16803 0.08139 -0.07905 0.05199 0.45496 0.05422 -0.11756 0.04274 0.09716 -0.30755 0.31640 0.16541 -0.38208 -0.07138 0.95213 
-0.03687 -0.03112 0.11091 -0.07896 0.11828 -0.13019 0.17830 -0.18431 0.31558 -0.21382 -0.04738 -0.26572 0.06752 -0.03920 0.06474 0.23016 -0.03454 -0.09041 0.05930 0.34594 -0.32534 0.08617 0.07204 -0.08809 0.05693 0.27674 0.00742 -0.01533 -0.10578 0.11105 -0.09027 0.01459 -0.25410 0.18532 -0.07782 0.13563 0.50118 0.27596 0.08597 
-0.02760 -0.02319 0.12914 -0.10855 0.02188 0.00326 0.43072 -0.41434 0.31038 -0.12570 -0.17148 -0.01661 0.36870 0.00711 -0.04430 -0.01498 0.09474 -0.00591 -0.00992 -0.18514 0.12951 0.05662 -0.06851 0.05549 0.10793 0.16737 0.06678 -0.05277 -0.25041 0.06004 0.14240 -0.15062 -0.63296 0.55320 -0.42446 -0.03642 0.19152 -0.09231 -0.56091 
-0.02976 -0.07543 0.09593 0.01578 0.11237 -0.14011 -0.00684 -0.05479 0.37220 -0.28233 0.00811 -0.15779 0.23489 0.02758 0.01197 -0.02025 0.02550 0.05199 -0.09132 -0.28702 0.22786 -0.33829 0.03562 0.10343 -0.03538 -0.28417 0.00629 0.08246 -0.05848 -0.32159 -0.07552 0.14429 0.46172 -0.26340 -0.23657 0.05299 0.00748 0.11067 0.11188 
-0.00002 -0.01121 0.10888 -0.08304 0.07388 -0.08806 0.14371 -0.18648 -0.02790 -0.09008 -0.06805 -0.05199 0.08453 0.01340 0.03816 -0.07345 -0.22685 -0.08144 0.13436 0.27659 -0.13388 -0.17994 -0.01552 0.06297 0.21860 0.27925 -0.01340 0.00466 0.09286 -0.02678 -0.07538 0.11175 0.25192 -0.34861 0.39739 -0.09466 -0.08416 0.02745 0.33094 
-0.01636 -0.03727 0.02248 -0.21107 0.03093 -0.00575 0.26975 -0.18868 0.19226 -0.29786 0.07108 0.06081 0.51414 0.01418 0.01664 0.07260 -0.00128 -0.02339 0.02043 -0.03509 -0.12075 0.05911 -0.05904 0.01927 -0.00794 0.04677 -0.01132 -0.05582 -0.00846 0.35538 0.15206 -0.15770 -0.42707 0.09812 0.13805 -0.02598 -0.04762 -0.39089 -0.52954 
0.01416 0.00542 0.18149 -0.08432 0.05049 -0.06763 0.10861 -0.30723 0.03120 -0.14912 -0.04878 -0.05993 0.13131 0.00208 -0.01767 -0.08191 0.12853 0.07062 -0.02333 -0.15048 -0.03577 -0.04189 -0.04150 0.01535 -0.17229 -0.25029 0.00461 -0.08189 -0.07268 -0.08931 0.04295 -0.06667 0.20191 0.09815 0.30104 0.02736 0.36300 -0.11175 0.13118 
-0.01428 -0.05493 -0.05943 -0.08254 0.10155 -0.02908 0.11927 -0.22445 0.15037 -0.33935 0.08643 -0.11148 0.26385 0.01878 -0.06525 -0.00008 -0.09059 0.01956 -0.04624 0.16681 -0.02259 0.36014 -0.03168 0.38227 -0.11969 0.17796 0.01894 0.02798 0.16259 -0.08457 -0.10843 -0.00759 0.12998 0.20605 0.05672 0.25151 -0.12392 0.23176 0.23328 
0.03294 -0.05983 0.18141 -0.17491 0.07005 -0.11387 0.27542 -0.32982 0.39134 -0.18079 0.33348 -0.17962 0.30926 0.02102 0.01032 0.08068 0.04395 -0.03781 -0.03092 -0.02050 0.17028 0.01483 0.21001 -0.10857 0.05947 -0.01701 -0.03024 0.07627 -0.08832 0.19402 -0.02407 0.09994 -0.29289 0.21277 -0.51856 -0.00856 -0.56821 0.15436 -0.24939 
0.00674 -0.04462 0.02126 -0.03859 0.06375 -0.06001 0.09877 -0.05416 0.16521 -0.12934 -0.02214 -0.05201 0.24683 -0.01146 0.01102 -0.08840 0.10343 -0.00450 0.05370 -0.12608 0.19018 -0.15842 -0.04023 -0.18595 0.03467 -0.07143 -0.01867 -0.00038 -0.04209 -0.05303 0.00172 0.05580 0.06180 -0.21215 -0.08242 -0.20660 0.27003 -0.09121 -0.09325 
0.02148 -0.04881 0.09301 -0.07149 0.06555 -0.06017 0.14935 -0.13965 0.23292 -0.22103 0.14754 -0.14494 0.23783 0.00236 0.00994 0.03859 -0.00908 -0.03608 0.02487 0.04130 -0.04186 -0.06759 0.00341 0.16147 -0.03174 -0.11027 -0.01777 -0.00353 0.06372 -0.06554 0.00465 -0.07723 0.09369 -0.13148 0.10211 0.18875 0.05579 0.00655 0.08748 
0.00910 -0.03467 0.05985 -0.04767 0.02766 -0.03513 0.14007 -0.09603 0.09762 -0.12593 0.13933 -0.08375 0.13657 -0.02923 0.00749 -0.02468 0.03788 0.00014 -0.02352 -0.03239 0.05870 -0.05631 0.14852 -0.13016 0.04123 0.01605 -0.02463 -0.06861 0.18896 -0.10512 -0.00209 -0.01484 0.20558 -0.22815 0.52654 0.23580 -0.44846 0.03325 0.81550 
-0.00775 -0.04132 0.06834 -0.03360 0.06569 -0.08369 0.11696 -0.08095 0.17661 -0.07251 0.01738 -0.10372 0.25388 -0.02227 -0.05867 0.22755 -0.11420 -0.03817 0.01004 0.24688 -0.27002 0.45895 0.23921 -0.28700 0.00151 0.70524 0.00050 -0.03354 0.19279 -0.23228 -0.03839 0.09234 0.33972 -0.27426 0.01083 0.10230 -0.05875 0.24170 0.20085 
