0.00671 -0.02106 0.02941 -0.02463 0.02977 -0.02760 0.09800 -0.10985 0.08707 -0.08181 0.10837 -0.08433 0.16814 0.02750 -0.03830 0.04581 -0.05197 0.06674 -0.05430 0.12489 -0.13092 0.11990 -0.17302 0.18468 -0.14757 0.15065 -0.01174 -1.09956 0.60354 -0.65808 0.91770 -0.04898 1.69820 -2.58030 -0.49180 0.21202 2.28235 0.61040 1.47008 
0.03621 -0.06258 0.07276 -0.08981 0.15418 -0.10177 0.20676 -0.21828 0.18736 -0.22259 0.26361 -0.21264 0.25215 -0.19375 -0.74998 0.37421 -0.45338 0.59289 0.04304 1.28907 -2.70185 -0.88035 -0.12349 1.25913 0.28550 0.72356 -0.30466 -0.95738 0.36368 -0.42223 0.25998 -0.14510 1.81217 -1.72854 -0.72036 -0.37217 0.68527 0.46995 0.82922 
-0.18704 -0.77105 0.40362 -0.47802 0.62266 0.01544 1.38707 -2.81170 -0.79328 -0.20530 1.36750 0.20117 0.89170 -0.27716 -0.99568 0.40949 -0.47420 0.32672 -0.19940 1.93707 -1.85946 -0.60046 -0.54520 0.86995 0.32238 0.97987 0.40505 1.46807 -0.73634 0.76935 -1.05078 -0.15105 -2.43021 5.23442 1.77609 0.00886 -2.48401 -0.56131 -1.10251 
-0.24095 -1.05825 0.48225 -0.56402 0.48090 -0.30117 2.14383 -2.07774 -0.41310 -0.76779 1.13356 0.10974 1.23202 0.21130 0.71809 -0.36212 0.31596 -0.45788 -0.10800 -1.14114 2.53257 0.89575 -0.11463 -1.22489 -0.27581 -0.37895 0.53217 2.03225 -0.86395 1.00422 -0.74819 0.46289 -3.99850 3.85923 1.08284 1.23332 -1.89887 -0.49851 -2.09770 
0.02425 -0.05296 0.04150 -0.16205 0.16478 -0.09256 0.24593 -0.27913 0.10247 -0.31994 0.14262 -0.07464 0.51274 0.25501 1.03658 -0.45446 0.53002 -0.42148 0.26349 -2.06143 1.99976 0.48238 0.68813 -1.02892 -0.17614 -1.11783 -0.22113 -0.68731 0.34896 -0.18844 0.35318 0.16265 0.97767 -2.33108 -0.92960 0.35608 1.18493 0.28551 -0.02232 
0.01407 -0.02168 0.02779 -0.03400 0.05942 -0.03768 0.08240 -0.07798 0.06929 -0.07966 0.10464 -0.06640 0.11419 -0.00983 0.03078 -0.01316 0.12753 -0.10470 0.05465 -0.16346 0.20150 -0.03386 0.24144 -0.03995 0.00970 -0.40127 -0.25421 -1.03741 0.45485 -0.52974 0.42010 -0.26245 2.05965 -1.99912 -0.48189 -0.68957 1.03094 0.17555 1.11663 
0.01442 -0.02218 0.02834 -0.03453 0.06007 -0.03791 0.08247 -0.07763 0.06861 -0.07850 0.10266 -0.06494 0.11148 0.00080 -0.00083 0.00039 0.00028 -0.00138 0.00104 -0.00178 0.00065 0.00049 -0.00144 0.00202 -0.00059 -0.00120 0.01028 -0.03111 0.01300 -0.12671 0.10268 -0.05338 0.16160 -0.20119 0.03502 -0.24405 0.04394 -0.01174 0.40278 
0.01487 -0.02251 0.02818 -0.03372 0.05805 -0.03664 0.08061 -0.07733 0.06978 -0.08111 0.10665 -0.06698 0.11299 0.00045 -0.00033 -0.00016 0.00081 -0.00203 0.00127 -0.00186 0.00030 0.00117 -0.00261 0.00399 -0.00204 0.00152 -0.00125 0.00116 -0.00023 -0.00109 0.00340 -0.00231 0.00364 -0.00095 -0.00166 0.00405 -0.00601 0.00263 -0.00032 
0.01487 -0.02251 0.02818 -0.03372 0.05805 -0.03664 0.08061 -0.07733 0.06978 -0.08111 0.10665 -0.06698 0.11299 -0.00045 0.00033 0.00016 -0.00081 0.00203 -0.00127 0.00186 -0.00030 -0.00117 0.00261 -0.00399 0.00204 -0.00152 -0.00045 0.00033 0.00016 -0.00081 0.00203 -0.00127 0.00186 -0.00030 -0.00117 0.00261 -0.00399 0.00204 -0.00152 
0.01442 -0.02218 0.02834 -0.03453 0.06007 -0.03791 0.08247 -0.07763 0.06861 -0.07850 0.10266 -0.06494 0.11148 0.00000 0.00000 0.00000 0.00000 0.00000 0.00000 0.00000 0.00000 0.00000 0.00000 0.00000 0.00000 0.00000 -0.00269 -0.00816 0.00065 0.00073 -0.01107 0.00894 0.01141 -0.00017 -0.00025 -0.02714 0.00293 -0.00233 0.03280 
0.01487 -0.02251 0.02818 -0.03372 0.05805 -0.03664 0.08061 -0.07733 0.06978 -0.08111 0.10665 -0.06698 0.11299 -0.00314 -0.00783 0.00081 -0.00008 -0.00904 0.00767 0.01327 -0.00048 -0.00142 -0.02453 -0.00106 -0.00028 0.03128 -0.00235 -0.00358 0.00730 -0.00136 -0.01311 0.00837 0.00137 -0.01538 0.00682 0.01200 -0.02309 0.00035 0.02652 
0.01128 -0.03000 0.02915 -0.03461 0.05104 -0.03023 0.09574 -0.07811 0.06720 -0.10302 0.10161 -0.06523 0.14276 -0.00235 -0.00358 0.00730 -0.00136 -0.01311 0.00837 0.00137 -0.01538 0.00682 0.01200 -0.02309 0.00035 0.02652 0.00628 0.01566 -0.00161 0.00016 0.01808 -0.01534 -0.02654 0.00095 0.00283 0.04905 0.00211 0.00057 -0.06257 
0.01253 -0.02609 0.03548 -0.03508 0.04494 -0.02827 0.08198 -0.09271 0.07660 -0.06911 0.08356 -0.06663 0.13951 0.00314 0.00783 -0.00081 0.00008 0.00904 -0.00767 -0.01327 0.00048 0.00142 0.02453 0.00106 0.00028 -0.03128 0.00424 0.00750 -0.01444 0.00192 0.02825 -0.01800 -0.00087 0.03046 -0.01480 -0.02139 0.04219 0.00133 -0.05456 
0.01442 -0.02218 0.02834 -0.03453 0.06007 -0.03791 0.08247 -0.07763 0.06861 -0.07850 0.10266 -0.06494 0.11148 0.00190 0.00391 -0.00714 0.00055 0.01514 -0.00963 0.00049 0.01508 -0.00798 -0.00939 0.01910 0.00169 -0.02804 -0.00269 -0.00816 0.00065 0.00073 -0.01107 0.00894 0.01141 -0.00017 -0.00025 -0.02714 0.00293 -0.00233 0.03280 
0.01442 -0.02218 0.02834 -0.03453 0.06007 -0.03791 0.08247 -0.07763 0.06861 -0.07850 0.10266 -0.06494 0.11148 0.00045 -0.00033 -0.00016 0.00081 -0.00203 0.00127 -0.00186 0.00030 0.00117 -0.00261 0.00399 -0.00204 0.00152 -0.00261 -0.00569 0.00549 0.00310 -0.01193 0.00809 -0.01223 -0.00873 0.01783 0.00038 -0.02002 -0.00874 0.04723 
0.01487 -0.02251 0.02818 -0.03372 0.05805 -0.03664 0.08061 -0.07733 0.06978 -0.08111 0.10665 -0.06698 0.11299 -0.00072 -0.00177 -0.00165 0.00365 0.00321 -0.00155 -0.01174 0.00634 0.00984 -0.00901 -0.00091 -0.00706 0.01919 0.00888 -0.01528 0.01784 -0.02418 0.03851 -0.02661 0.05259 -0.05381 0.04273 -0.05338 0.06337 -0.04432 0.06901 
0.01371 -0.02395 0.02669 -0.03088 0.06328 -0.03945 0.07073 -0.07129 0.07846 -0.08750 0.10175 -0.07200 0.13067 0.00933 -0.01561 0.01768 -0.02337 0.03649 -0.02534 0.05073 -0.05351 0.04389 -0.05599 0.06736 -0.04636 0.07053 0.00188 0.00321 0.00315 -0.00648 -0.00845 0.00436 0.02163 -0.01239 -0.01852 0.01541 0.00582 0.01207 -0.03687 
0.02420 -0.03811 0.04587 -0.05708 0.09453 -0.06198 0.13134 -0.13084 0.11367 -0.13710 0.17401 -0.11334 0.18353 0.00116 0.00144 0.00150 -0.00284 -0.00524 0.00281 0.00988 -0.00604 -0.00868 0.00640 0.00490 0.00501 -0.01768 -0.01866 0.03122 -0.03537 0.04673 -0.07297 0.05068 -0.10145 0.10702 -0.08779 0.11198 -0.13472 0.09272 -0.14106 
0.01487 -0.02251 0.02818 -0.03372 0.05805 -0.03664 0.08061 -0.07733 0.06978 -0.08111 0.10665 -0.06698 0.11299 -0.00933 0.01561 -0.01768 0.02337 -0.03649 0.02534 -0.05073 0.05351 -0.04389 0.05599 -0.06736 0.04636 -0.07053 0.00817 -0.01705 0.01619 -0.02053 0.04172 -0.02815 0.04084 -0.04747 0.05257 -0.06239 0.06245 -0.05137 0.08821 
0.01487 -0.02251 0.02818 -0.03372 0.05805 -0.03664 0.08061 -0.07733 0.06978 -0.08111 0.10665 -0.06698 0.11299 0.00933 -0.01561 0.01768 -0.02337 0.03649 -0.02534 0.05073 -0.05351 0.04389 -0.05599 0.06736 -0.04636 0.07053 0.00933 -0.01561 0.01768 -0.02337 0.03649 -0.02534 0.05073 -0.05351 0.04389 -0.05599 0.06736 -0.04636 0.07053 
0.02420 -0.03811 0.04587 -0.05708 0.09453 -0.06198 0.13134 -0.13084 0.11367 -0.13710 0.17401 -0.11334 0.18353 0.00000 0.00000 0.00000 0.00000 0.00000 0.00000 0.00000 0.00000 0.00000 0.00000 0.00000 0.00000 0.00000 -0.01989 0.03211 -0.03522 0.04574 -0.07151 0.05059 -0.10279 0.10802 -0.08666 0.10747 -0.12613 0.08784 -0.13732 
0.01487 -0.02251 0.02818 -0.03372 0.05805 -0.03664 0.08061 -0.07733 0.06978 -0.08111 0.10665 -0.06698 0.11299 -0.01056 0.01651 -0.01754 0.02237 -0.03503 0.02525 -0.05206 0.05451 -0.04276 0.05148 -0.05877 0.04148 -0.06679 -0.00129 0.00113 -0.00003 -0.00156 0.00457 -0.00321 0.00578 -0.00286 -0.00034 0.00329 -0.00632 0.00375 -0.00376 
0.01364 -0.02161 0.02833 -0.03471 0.05951 -0.03673 0.07928 -0.07633 0.07091 -0.08562 0.11524 -0.07186 0.11674 -0.00129 0.00113 -0.00003 -0.00156 0.00457 -0.00321 0.00578 -0.00286 -0.00034 0.00329 -0.00632 0.00375 -0.00376 0.00978 -0.01956 0.01785 -0.01949 0.03733 -0.02734 0.04692 -0.05499 0.05154 -0.04748 0.03416 -0.03871 0.08564 
0.01358 -0.02138 0.02815 -0.03528 0.06262 -0.03985 0.08639 -0.08019 0.06944 -0.07782 0.10034 -0.06323 0.10923 -0.00078 -0.00305 0.00031 0.00289 0.00230 -0.00209 -0.00514 -0.00048 0.00878 0.00400 -0.02461 0.00276 0.01885 -0.00693 -0.01230 0.00380 -0.00217 -0.03585 0.02985 0.02597 -0.02445 0.00406 -0.02805 -0.02888 -0.00661 0.12266 
0.01286 -0.02466 0.02863 -0.03183 0.06180 -0.03881 0.07414 -0.07681 0.07969 -0.08162 0.09064 -0.06910 0.13559 -0.00823 -0.01117 0.00377 -0.00373 -0.03128 0.02664 0.03175 -0.02731 0.00372 -0.02476 -0.03520 -0.00286 0.11890 0.00034 0.00205 -0.00223 -0.00852 -0.01001 0.00869 0.03533 0.00279 -0.03515 -0.02405 0.05253 0.00503 -0.04089 
0.00535 -0.03255 0.03192 -0.03901 0.03134 -0.01321 0.11814 -0.10749 0.07316 -0.10258 0.06514 -0.06610 0.22814 -0.00044 -0.00100 -0.00192 -0.00563 -0.00771 0.00660 0.03019 0.00231 -0.02637 -0.02005 0.02792 0.00779 -0.02203 -0.01960 -0.11242 -0.07065 0.02490 0.22000 -0.31911 -0.00678 0.21922 0.06348 0.03101 -0.31204 0.14314 -0.17759 
0.01242 -0.02566 0.02671 -0.03746 0.05409 -0.03221 0.10433 -0.07450 0.05331 -0.10167 0.11856 -0.06131 0.11356 -0.02782 -0.12359 -0.06688 0.02117 0.18872 -0.29247 0.02497 0.19192 0.06720 0.00625 -0.34724 0.14028 -0.05869 -0.05175 -0.65447 0.18786 -0.31684 -0.00613 -0.42933 -0.52690 -0.97394 0.51555 -0.51702 -0.92811 -0.56191 1.39629 
-0.02247 -0.15614 -0.03495 -0.01784 0.22006 -0.30568 0.14311 0.08442 0.14036 -0.09632 -0.28210 0.07418 0.16945 -0.05219 -0.65547 0.18594 -0.32247 -0.01384 -0.42273 -0.49671 -0.97163 0.48918 -0.53708 -0.90018 -0.55412 1.37426 -0.45205 -1.28297 1.70883 -0.09639 0.36972 0.21081 1.20682 -1.29993 0.76077 0.32690 -2.11733 -0.85657 3.36712 
-0.03976 -0.68113 0.21266 -0.35993 0.04026 -0.45495 -0.39238 -1.04613 0.54249 -0.63875 -0.78163 -0.61542 1.48782 -0.47987 -1.40656 1.64195 -0.07522 0.55843 -0.08166 1.23179 -1.10801 0.82797 0.33315 -2.46457 -0.71629 3.30843 -0.83949 -0.39219 1.87254 -0.06985 1.55888 -0.08608 2.52041 1.16789 -1.13124 2.09295 -0.48568 1.92269 -0.23685 
-0.50234 -1.56270 1.60700 -0.09306 0.77849 -0.38734 1.37490 -1.02359 0.96833 0.23683 -2.74667 -0.64211 3.47788 -0.89168 -1.04766 2.05849 -0.39232 1.54504 -0.50881 2.02369 0.19626 -0.64206 1.55588 -1.38587 1.36858 1.13741 -0.23898 1.07840 -0.99052 -1.18590 0.26610 -0.68066 -1.38950 1.58824 -1.91047 0.69303 3.34076 1.30341 -4.40851 
-0.93144 -1.72879 2.27114 -0.75225 1.58530 -0.96375 1.63131 -0.84988 -0.09957 0.91713 -2.16749 0.75315 2.62523 -0.71886 -0.32816 0.65143 -1.26112 0.82453 -0.76232 -0.15771 0.48023 -1.08250 1.02618 0.87619 0.58712 -1.10008 0.17221 1.06800 -1.96773 -0.45732 -0.61702 0.23156 -1.95317 -0.53998 0.38609 -1.29731 2.34382 -2.32497 -1.23348 
-1.22120 -1.89086 2.25843 -1.35418 1.60302 -1.14965 1.21719 -0.54336 -0.11417 1.26301 -1.87048 -0.05498 2.37780 -0.71947 0.02034 0.09076 -0.84964 0.92802 -0.27725 0.07052 -0.34373 -0.25597 0.25857 0.95795 -0.95639 -0.09608 0.30607 0.52916 -0.71152 1.04832 0.12116 0.78618 1.20951 -1.45397 1.41698 -1.14754 -0.56884 -0.92401 0.12541 
-1.65091 -1.70845 2.36191 -1.60190 2.51332 -1.24100 1.70183 -1.19361 -0.35554 1.17570 -1.20954 -0.20324 2.52915 -0.41279 0.20100 -0.06009 -0.21280 0.94569 0.02386 1.05180 -0.97374 0.33448 -0.12136 0.30735 -0.33688 -0.97467 0.71208 0.07870 -0.00837 0.49555 -1.14137 0.62312 -0.24363 -0.15184 0.62176 0.00195 -2.16850 0.47815 -1.33386 
-1.63398 -1.68986 2.19834 -1.56698 2.54872 -1.12579 2.26899 -1.51711 0.22031 1.14166 -1.56313 -0.39187 1.40313 -0.00738 0.09904 0.08239 -0.35409 -0.21335 0.34587 -0.17311 -0.49557 0.36579 0.26052 -1.21055 -0.47824 -1.42994 0.36477 0.36526 0.54782 -0.09873 -1.45923 -0.02307 -1.07683 0.44158 -0.60525 1.14348 -0.46548 -0.09920 2.24198 
-1.65830 -1.60941 2.44429 -1.95599 2.29997 -0.89513 1.52872 -1.68918 0.01025 1.43622 -2.42009 -0.68147 1.09921 -0.04802 0.56626 0.48773 -0.31154 -0.51354 0.00079 -0.02503 -0.53216 -0.27077 1.02212 -0.15813 -0.43608 1.26731 0.02189 0.41448 0.02716 0.29897 0.01382 -0.56630 1.26579 0.39117 -0.24576 -0.20972 2.35365 0.45052 3.01090 
-1.68200 -1.12360 2.68608 -1.87852 2.03518 -1.12500 2.24396 -2.04927 -0.05046 2.16378 -1.72125 -0.82795 2.67044 0.01450 0.51353 0.10954 -0.05513 -0.19952 -0.22043 1.09268 -0.10440 0.12002 0.05080 1.14310 -0.02771 1.58096 -0.10390 -0.81466 -0.92566 0.30185 0.88245 -0.09772 0.32807 0.85341 0.72164 -1.98050 0.21332 0.70314 -1.90428 
-1.64379 -1.09588 2.55384 -2.01111 2.10045 -1.11556 2.62139 -1.79358 0.13027 1.48701 -1.27698 -0.70918 2.68018 -0.15192 -0.24841 -0.43793 -0.00968 0.36891 -0.09693 0.30304 0.32125 0.45088 -0.95838 0.05519 0.26705 -0.63697 -0.04137 -0.88853 -0.30266 0.55569 0.41044 -0.43164 -0.69436 0.09849 -0.70909 -0.06439 -1.33069 0.04274 -2.05708 
-1.83392 -1.37201 2.24815 -1.88820 2.40409 -1.22193 2.54700 -1.72802 0.40042 1.20540 -1.66606 -0.56089 2.03347 -0.02686 -0.37500 -0.19312 0.50056 0.21091 -0.65207 0.39831 -0.00591 -0.58906 -0.01360 -0.18758 0.01503 -0.47612 0.28303 -0.13725 0.45927 0.35928 -0.21069 -0.41630 -0.43661 -0.42768 -1.21616 1.97932 0.54722 -0.83940 1.46268 
-1.67065 -1.47088 2.36072 -1.51055 2.31136 -1.76763 3.01971 -1.79949 -0.45879 1.47341 -1.46457 -0.69416 2.20406 0.13111 -0.38566 0.02134 0.34959 0.15822 -0.51323 -0.13356 -0.10643 -0.76528 1.02094 0.60241 -0.57234 0.82572 0.06953 -0.22168 0.09008 -0.20204 0.08404 0.58352 -1.45202 0.71517 1.47068 -0.54878 1.43008 -0.03574 0.36443 
-1.70280 -1.75767 2.26948 -1.53861 2.56231 -1.73516 2.41344 -1.83445 -0.36486 2.22634 -1.06365 -1.13324 2.85919 0.04267 -0.59668 -0.10303 0.29853 0.29495 -0.06855 -1.05371 0.70925 0.88162 -0.56238 1.24250 -0.02071 -0.11168 0.20612 -0.33721 -0.18088 0.22825 0.05114 0.37655 0.20462 1.24587 0.23059 -2.21128 0.99003 0.93635 -3.04449 
-1.62798 -2.06757 2.25768 -1.21202 2.60631 -1.83618 1.96600 -1.09024 0.42283 0.91104 -0.22207 -0.71487 2.09238 0.33724 -0.72287 -0.15955 0.57784 0.20936 -0.13668 0.07105 1.13944 -0.53469 -1.19034 1.59244 0.36401 -2.21878 1.32952 0.94221 -0.26653 0.56665 -0.38558 -0.00818 -0.17177 -1.02212 -3.84066 -0.92299 -0.57991 -0.80171 -2.19562 
-1.36557 -2.48054 2.10994 -0.96077 2.77167 -1.87184 2.48449 -0.69501 -0.89955 1.03600 0.52879 -0.76923 0.64041 1.37219 0.34553 -0.36957 0.86518 -0.09063 -0.07673 -1.22548 -0.31286 -2.95904 -1.48537 0.66259 -0.82242 -2.30730 2.36756 1.46979 -1.59336 0.50865 0.18603 -0.07956 -3.15839 -3.00939 -1.97619 -1.58176 -3.33673 -0.94928 3.59130 
-0.25579 -1.72203 1.88812 -0.34684 2.51568 -1.91291 0.74052 -1.40310 -2.53621 -0.57433 0.44052 -1.53729 -0.21492 2.70479 0.74692 -1.75291 1.08649 0.39539 -0.21624 -3.08734 -1.86995 -2.51088 -2.77211 -1.74429 -0.58528 1.37252 0.37560 -0.83266 -1.61891 -0.44730 -0.00117 -0.13109 -0.10171 -0.79379 1.46797 0.97736 -1.29714 0.58021 4.52294 
1.33923 -1.73362 0.35703 0.12572 3.16707 -2.08808 -0.60285 -2.56496 -3.41043 -1.73611 -1.21550 -1.35451 2.01293 1.74778 -0.48713 -1.98847 0.41788 -0.09180 -0.20782 -1.32718 -1.10665 -1.49107 -0.50801 -0.63456 -0.24221 2.21564 -2.22860 -0.91420 0.96616 -0.89586 -1.28045 0.58724 2.78356 2.02143 3.09715 3.69083 3.23201 -0.45218 -1.25801 
1.49199 -2.20916 -0.10036 0.07104 2.42388 -2.12072 -0.58666 -2.50975 -4.02728 -1.08234 -0.19403 -1.77950 2.00072 0.47620 -0.16728 -0.78674 0.19063 -0.88506 0.37100 -0.30378 0.15148 0.58627 0.91872 1.48773 -1.03746 0.11451 -1.27874 1.13910 1.21656 -0.52376 0.18304 0.92996 0.63484 1.06225 3.22275 0.60268 0.32734 0.16333 -2.78077 
1.81542 -1.90091 -0.42971 0.31635 2.28201 -1.71708 -0.90664 -2.41348 -2.82416 -0.81738 0.27223 -2.39197 2.12744 0.46904 0.65197 -0.77191 -0.10588 0.09124 0.72215 -0.69234 -0.04440 1.73168 0.09467 -0.30722 -0.07887 -0.56512 -0.29089 0.77981 0.19905 -0.82296 0.98206 -0.17580 -0.53732 -0.11516 0.51230 -1.64350 -2.41284 1.20328 -1.68136 
1.96103 -1.55719 -0.87227 -0.03484 2.51512 -1.39858 -1.27900 -2.55416 -2.29560 -0.98767 -0.50125 -1.85837 1.43560 0.18531 0.61253 -0.58769 -0.63233 0.09700 0.19520 -0.84110 0.03632 1.09856 -0.72478 -0.92511 0.16582 -1.56685 -0.42873 -0.16857 0.74229 -0.58681 -0.15925 -0.45056 0.09152 0.54038 -0.66668 -0.87594 -0.00355 -0.09436 0.35009 
2.00073 -1.28838 -1.01740 -0.31598 2.37901 -1.52188 -1.74774 -2.37716 -1.72560 -1.54216 -0.65288 -2.22614 0.56059 0.04031 0.48339 -0.02962 -0.69269 -0.06801 0.27159 -0.60082 0.49598 1.06500 -0.78127 -0.31076 -0.17323 -0.21504 -0.08120 -0.42790 0.43415 0.19407 -0.16952 0.06000 0.44866 0.47740 -0.64915 0.15961 0.43607 0.00823 2.25713 
2.00134 -1.07380 -0.90189 -0.72753 2.44712 -1.12699 -1.87982 -2.05818 -1.23059 -1.76894 -0.81201 -2.03160 1.22056 0.10411 0.18462 -0.15354 -0.43826 -0.07252 0.25520 -0.39244 0.51372 0.44941 -0.56517 -0.48905 0.17405 0.69029 0.08960 -0.57116 -0.26380 0.77533 -0.14628 -0.45363 0.71573 -0.31002 -0.94893 0.28356 -0.26807 0.46754 0.72602 
2.10483 -1.10376 -1.17094 -0.75424 2.30649 -1.26668 -2.14018 -1.86344 -1.27619 -2.10733 -1.14193 -2.05209 1.25088 0.12991 -0.08776 -0.29342 0.08264 -0.21429 -0.18205 0.11491 0.18596 0.11607 -0.49772 -0.57884 0.29431 0.51098 -0.05375 -0.31519 0.05999 0.49960 0.15259 -0.31650 0.92764 -0.26158 -0.52419 0.33505 0.19570 0.17175 0.31902 
2.13126 -1.16156 -1.19531 -0.64488 2.23283 -1.30904 -1.76491 -1.87221 -1.11452 -2.26665 -1.39085 -1.73729 1.73154 0.05035 -0.13056 -0.09355 0.06134 0.08007 -0.06130 0.53520 0.25214 -0.07478 -0.23012 -0.29334 0.34580 1.00930 -0.16265 -0.10050 0.26617 -0.27501 0.53641 0.07786 0.30877 0.15072 -0.43499 0.51864 0.25787 0.08768 0.54571 
2.15519 -1.23432 -1.26450 -0.69290 2.38657 -1.32797 -1.60498 -1.61130 -1.35097 -2.33745 -1.43527 -1.70629 2.26018 -0.03273 -0.18826 -0.02726 -0.19237 0.32212 -0.10419 0.42368 0.33668 -0.31892 0.02092 -0.32096 0.38200 1.05669 -0.19017 -0.14028 -0.05862 -0.36686 -0.23286 -0.48126 0.09768 -0.26917 -0.61631 0.78197 0.64211 -0.17106 -1.36434 
2.09852 -1.34982 -1.22257 -0.83725 2.55494 -1.41322 -1.34122 -1.53553 -1.43344 -2.24573 -1.71181 -1.35529 2.78823 -0.13982 -0.27084 -0.15217 -0.30552 -0.15279 -0.54255 0.63288 -0.01703 -0.69109 0.55185 0.34876 0.17475 -0.35504 -0.08742 -0.01784 0.08039 -0.30241 -0.14676 -0.43457 0.32920 0.31189 -0.44966 1.61367 1.44426 -0.66772 -1.46855 
2.01537 -1.50516 -1.41667 -0.99842 2.23378 -1.87053 -0.97210 -1.62833 -2.04206 -1.78559 -1.08651 -1.53155 1.90514 -0.12016 -0.20611 0.05313 -0.49477 0.17536 -0.53875 0.75288 0.64856 -0.76858 1.63460 1.12330 -0.28573 -0.41186 0.13401 0.23048 0.47907 0.07018 0.96044 0.48323 -0.03668 1.14755 0.72419 0.90492 0.68811 -0.16267 0.77654 
1.97837 -1.55593 -1.16944 -1.33202 2.73030 -1.95198 -0.58834 -0.88697 -2.20201 -0.61114 -0.58851 -1.64102 2.37637 -0.00581 -0.04037 0.32689 -0.23534 0.80765 -0.05933 0.59620 1.13052 0.03310 1.45677 1.03688 0.01208 0.42151 -0.05145 -0.01491 -0.29476 0.20805 -0.24699 0.25758 -1.12086 -0.98056 0.51241 -2.00922 -1.61529 0.40800 0.03205 
2.00956 -1.54553 -1.08978 -1.23375 3.04143 -1.92985 -0.37590 -0.49781 -2.00896 -0.32882 -0.04964 -1.51947 2.32665 -0.17160 -0.22102 -0.24163 -0.28673 -0.07164 -0.28118 -0.36798 -0.33200 -0.25616 -0.37463 -0.49199 0.12227 -0.37980 -0.00510 0.00460 -0.41367 0.46051 -0.55053 -0.00596 -0.72181 -0.76329 0.47668 -1.84832 -1.18638 0.34302 -0.77728 
1.80677 -1.77694 -1.41107 -1.61875 2.65866 -2.23315 -0.95632 -1.21897 -2.45818 -0.98577 -1.08050 -1.51875 1.99657 -0.01091 -0.03577 -0.08678 0.22517 0.25713 -0.06529 -0.12562 0.36723 0.50978 -0.39155 -0.14950 0.35510 -0.35578 0.29213 0.06827 0.49978 0.90033 0.49771 0.42477 0.99698 1.40016 0.79466 0.64775 1.61329 -0.39069 0.13282 
1.99865 -1.58129 -1.17656 -1.00858 3.29856 -1.99514 -0.50152 -0.13058 -1.49919 -0.72037 -0.19914 -1.16437 1.97087 0.12052 -0.15274 0.25815 0.61360 0.42607 0.14359 0.62900 1.06816 0.53849 0.27312 1.12130 -0.26842 -0.24698 -0.44891 -0.63028 0.05869 -0.39738 -1.61283 -0.13543 -0.28810 -1.40652 -0.97999 -0.51742 0.13656 -1.46389 -0.74764 
1.92729 -1.92969 -1.15292 -1.00515 3.08473 -2.08956 -0.32732 -0.15080 -1.91968 -0.71264 0.04080 -1.78717 1.74959 -0.45982 -0.66605 -0.02809 -0.17221 -1.35570 -0.20072 -0.41371 -1.03930 -0.47021 -0.90897 -0.01294 -1.10879 -1.10342 -0.46598 -0.00552 -0.51228 -0.04707 -1.94308 0.20461 -1.06016 -1.34087 -0.95888 -0.27902 -1.06079 0.09618 -0.49742 
1.53882 -2.24734 -1.20465 -1.18079 1.94285 -2.19586 -0.91523 -1.16988 -1.96940 -1.62934 -0.21207 -2.27317 0.86745 -0.34545 -0.15826 -0.25413 0.56653 -1.51701 0.34821 -0.43116 -0.27271 -0.42039 -0.00590 0.06051 -0.17224 -0.74439 0.64819 0.84160 -0.29811 1.32927 0.73372 0.84464 0.82779 1.68956 -0.18159 2.44714 -0.05263 1.42717 1.12558 
1.58184 -2.08795 -1.40704 -0.43862 1.56772 -1.74135 -0.75848 -0.42351 -2.34007 -0.71854 0.10131 -1.95941 1.00520 0.18837 0.17555 -0.32619 1.15706 -0.62198 0.64391 0.41407 0.65027 -0.65180 1.53817 -0.06557 0.31838 0.02216 0.11974 0.01946 0.16218 -0.25985 0.03678 0.04930 0.28838 -1.13476 1.21837 -1.29687 -0.93898 0.12006 0.43563 
1.72719 -2.07179 -1.53084 -0.02373 1.32087 -1.55195 -0.50116 -0.51961 -2.62120 -0.09117 -0.27764 -1.95479 0.88960 -0.22572 -0.13880 -0.09194 0.30668 -1.48023 0.39750 -0.14278 -1.40747 0.79799 -1.30277 -0.87847 -0.05218 -0.30876 -0.27662 -0.10203 0.73971 -0.69719 0.13867 -0.14514 -0.00163 -0.84044 2.23710 -2.01804 0.45039 -0.12725 0.30188 
1.35612 -2.22674 -1.49899 -0.13194 0.08748 -1.34385 -0.90126 -1.83098 -1.54208 -2.02131 -0.77716 -2.01159 0.69644 -0.08825 0.07352 0.41352 0.45987 -0.48331 0.49878 0.41244 -0.19018 1.58530 -0.47987 0.38483 0.19113 0.32404 0.55383 0.28197 0.43236 0.24804 2.27140 -0.54458 1.16247 3.03737 -1.10170 3.36762 1.60656 -0.27332 1.08253 
1.63894 -1.99827 -1.11733 0.43614 0.83757 -1.05317 -0.08871 -0.70979 -1.03590 -0.57104 0.10719 -1.76366 1.21364 0.32811 0.14317 0.34042 0.55473 0.79117 -0.14708 1.01970 1.62991 -0.30372 2.06485 0.72808 -0.32551 0.77377 0.12886 -0.30868 -0.56657 -0.44644 0.87505 -1.29435 0.38056 0.72814 -2.92817 1.37798 -0.00080 -0.69254 -0.36769 
1.68423 -2.08357 -1.15857 0.42279 0.87865 -1.49093 0.11844 -0.20107 -1.84579 0.04354 -0.04908 -2.33710 1.47020 0.04061 -0.23516 -0.15306 0.01343 0.39175 -0.79557 0.79301 0.53796 -1.34286 0.89810 0.38402 -0.50141 -0.04365 -0.67993 -0.18788 -0.05885 -0.81040 -0.94511 0.10011 -0.36330 -2.50970 1.56788 -3.17552 0.49020 1.24612 -1.88547 
1.67955 -2.23343 -1.27039 0.44957 1.22931 -1.84874 0.70430 -0.17183 -2.37876 0.32706 0.49121 -2.26507 1.17000 -0.35181 -0.04470 0.28157 -0.25567 -0.15394 -0.04697 0.65640 -0.87979 1.26416 -1.11067 1.21828 0.92061 -1.11171 -0.26376 0.10965 0.00269 -0.18672 -1.26599 0.39135 -0.77503 -2.19369 2.10689 -1.21814 -0.96821 1.05237 -2.08417 
1.33242 -2.12827 -0.87700 0.16712 0.72471 -1.53791 0.77484 -1.08086 -0.58163 -1.06713 1.16920 -1.41648 0.35850 -0.22315 -0.12551 -0.15037 -0.17329 -0.87425 -0.40422 0.01798 -1.65573 0.76402 -0.32003 -0.58418 0.55096 -2.12782 0.27809 -0.29256 -0.53152 0.40672 -0.89990 -0.40618 -0.84975 -0.34244 -1.76582 1.91946 -1.92697 -1.33730 0.58712 
1.45640 -2.35894 -1.42075 0.27628 0.35507 -2.25297 0.72228 -1.82756 -1.61474 0.00703 -0.09297 -1.71410 -0.95782 -0.07373 -0.33726 -0.24995 0.15105 -1.05384 -0.45316 -0.19336 -1.22224 -0.50165 0.80880 -0.70869 -0.41669 -0.52458 -0.31924 0.19684 0.61506 -0.26039 1.60178 -0.13302 0.30398 1.48707 -0.70814 0.15650 3.03476 -2.24490 4.28975 
1.25869 -2.46553 -1.12696 0.31817 -0.32913 -1.99106 0.58148 -2.30310 -1.08328 -0.25833 0.46052 -1.83317 -0.16609 -0.54238 0.07133 0.46469 -0.43368 0.72754 -0.53724 0.32196 -0.16866 0.05588 -0.16353 2.45058 -1.69394 2.16193 -0.15740 0.52086 0.58719 -0.28846 2.61041 -0.29418 0.83053 1.60393 -0.04223 -0.03111 2.08263 -0.39783 1.81502 
0.91402 -2.28762 -0.95606 -0.15740 1.08261 -2.79021 1.04424 -1.99622 -1.55886 -0.15650 2.35760 -3.40804 1.20411 -0.23113 0.18361 0.33723 -0.13741 1.55657 -0.74733 0.63717 0.38169 -0.54389 0.77769 1.37394 -0.81452 1.29044 0.73139 -0.32506 -0.06817 1.15957 -1.72805 1.33581 -1.16929 -0.20295 -0.58232 0.83213 -3.50422 3.41372 -2.32814 
1.02757 -2.28192 -0.78972 0.18076 1.22744 -2.73839 1.21865 -1.92141 -1.62717 0.51936 1.83445 -2.64768 1.12435 0.18901 -0.25373 0.39653 0.72590 -1.00051 0.79858 -0.84733 -0.37160 -0.52644 0.66860 -1.05364 1.71978 -0.16621 0.43404 -0.57482 -0.21321 0.41017 -2.42374 1.11514 -1.74264 -0.31792 -0.49682 -0.09798 -3.24282 1.42751 -0.93976 
1.10303 -2.54135 -0.55953 0.56850 0.08210 -1.99163 0.19690 -2.36782 -2.08531 0.51210 1.30396 -1.68826 1.03790 0.20292 -0.39122 0.12402 0.27276 -0.86717 0.36781 -1.10547 0.06377 -1.04070 0.67971 -1.86888 0.61299 0.35068 -0.60286 0.48391 -0.16013 -1.24724 1.48349 -1.38225 0.99358 0.50586 1.57194 -1.58858 1.67389 -2.94090 1.32093 
1.23048 -2.67314 -0.66570 0.45352 0.36027 -2.37059 0.11319 -1.85764 -2.66787 1.19907 -0.03443 -2.03469 1.47503 -0.41385 0.23017 0.23640 -0.52135 0.48298 -0.58367 0.14625 0.13425 1.04550 -0.91998 0.62025 -1.22112 1.15472 -0.19664 0.21442 0.21464 0.01587 0.26646 -0.29672 0.19507 0.08855 1.65785 -0.76371 1.77055 -0.88737 0.92420 
0.68918 -2.31117 -0.32313 0.04715 0.56508 -2.57530 0.34315 -2.23357 -1.03981 -0.40789 1.92421 -2.90937 2.19262 0.00627 -0.17680 0.33866 0.28863 -0.60071 0.07109 -0.91040 0.15232 0.61714 -0.08400 -0.09833 -0.27438 1.27488 1.10987 -0.80373 0.25911 1.28472 -0.49588 0.70309 -0.64455 -0.63510 -1.38497 1.71996 -1.07012 2.33325 -0.03566 
1.23676 -2.84994 -0.32704 0.74215 -0.24044 -2.29949 -0.79721 -1.70532 -2.05073 1.11507 -0.13276 -2.30907 2.74991 0.69602 -0.57355 0.49551 0.76337 -0.01290 0.11942 -0.49830 -0.50084 -0.33948 0.79998 -0.44987 1.11214 1.11906 -0.00532 0.33130 -0.21150 0.50805 0.45177 -0.07744 0.20283 -1.17753 -0.99707 -0.46382 -0.16080 0.95591 -1.13282 
1.38520 -2.88473 0.17239 0.81052 0.55217 -2.45588 -0.15515 -2.73441 -1.37929 0.39209 1.47434 -1.79724 3.31168 0.00095 0.15450 0.12716 0.79669 -0.14894 -0.00635 -0.70757 -1.02522 -0.37993 -0.54782 -0.25913 0.68153 0.14205 -0.73914 0.80315 -0.31946 -0.06174 -0.39906 -0.18325 -0.18014 -0.08393 0.72525 -1.51806 -0.05782 -1.09854 -1.60562 
1.23771 -2.69544 -0.19988 1.53884 -0.38938 -2.30584 -1.50478 -2.73054 -2.43066 0.56725 -0.39189 -1.62754 2.89196 -0.04312 0.22960 0.17605 0.70163 -0.41197 -0.06382 -0.67844 -0.58477 0.38578 -0.71808 -0.50770 0.01359 -0.48656 0.21955 -0.33602 0.33211 -0.81253 0.56558 -0.38870 1.29038 0.74238 1.40461 -0.30485 0.68087 -1.48909 -1.20842 
1.34207 -2.65513 0.34844 1.51215 0.14020 -2.51970 -0.83359 -3.31918 -0.99351 -0.32599 0.96664 -1.78364 2.82512 0.22050 -0.18152 0.45927 -0.01584 0.41664 -0.39505 0.58282 -0.28284 1.02468 -0.85268 0.42174 -0.80756 -1.06637 0.16831 -0.21855 -0.20719 -0.49979 0.73206 0.06276 0.72957 1.20397 -0.42186 0.33358 -0.56388 -0.51247 -0.35645 
1.45821 -2.87696 0.25940 1.52300 0.02726 -2.70089 -0.92196 -3.01338 -1.40598 -0.28543 0.02985 -2.43511 1.82560 0.12519 0.01105 -0.03114 0.20184 0.32009 -0.00107 0.05113 0.61920 -0.03609 -0.38450 -1.07158 -0.49888 -0.84301 -0.18952 0.52708 -0.27366 0.43749 0.58726 0.55088 -0.33730 0.56305 -1.07395 0.14478 -0.81598 1.03735 1.75202 
1.46726 -2.64408 0.31730 1.71399 0.46030 -2.52077 -0.78247 -2.69998 -1.02960 -0.71048 -0.10494 -2.28252 1.98211 0.03097 0.34556 0.18561 0.42165 1.00390 0.15583 0.24552 0.28021 -0.04927 -0.70790 -0.39424 0.22979 0.68566 -0.24622 0.18381 0.30255 0.03145 0.19891 -0.09398 -0.34982 -1.13231 -0.67318 -0.08498 0.54093 0.53304 1.00922 
1.48918 -2.53141 0.44501 1.94465 1.03117 -2.54506 -0.67644 -2.73317 -1.45525 -0.99332 -0.36439 -2.20532 2.51125 -0.12103 0.19486 0.27141 0.23329 0.51900 -0.09505 -0.29869 -0.51310 -0.70927 -0.46948 -0.53065 0.03416 0.16621 -0.08820 -0.18588 0.03461 -0.27232 -0.79947 -0.21044 0.09996 -0.18428 -0.25478 0.61932 0.46306 0.00654 -1.07678 
1.34623 -2.44922 0.58871 1.94727 0.97930 -2.61581 -1.08116 -3.21308 -1.73886 -1.17996 -0.63559 -2.24835 2.14832 -0.05723 0.15967 0.22023 0.14933 0.20443 -0.05461 0.34548 0.09593 -0.30405 -0.08858 0.06882 0.23632 -0.39113 -0.03474 -0.11693 -0.02187 0.12471 -0.25167 -0.08024 0.06721 0.42223 0.69469 0.62837 0.06203 -0.10399 -0.22748 
1.43195 -2.37173 0.66524 2.09398 1.23560 -2.59967 -0.33096 -2.63724 -1.75930 -1.08190 -0.29557 -1.96900 2.12013 -0.15577 0.07792 0.24954 0.35799 0.26733 -0.17529 -0.23148 -0.09087 -0.01457 0.15889 -0.46862 -0.06983 -0.06126 -0.15867 -0.14999 0.08444 0.06820 -0.62045 0.35753 -0.61192 0.10199 1.09012 0.20045 -0.63006 -0.46280 0.20780 
1.19045 -2.37130 0.83826 2.30527 1.24663 -2.79110 -1.31264 -3.30395 -1.75343 -1.02108 -1.10421 -2.31818 2.08706 -0.21590 0.00968 0.30466 0.21753 -0.41601 0.30292 -0.26644 0.19792 0.78606 0.11188 -0.56124 -0.22647 -0.18333 -0.00493 0.03967 -0.17713 -0.12868 -0.71163 0.28210 -0.10535 0.48213 0.10233 -0.86691 0.40351 -0.19077 -0.58786 
1.21606 -2.36205 0.96990 2.31151 0.81959 -2.29675 -0.59740 -2.43931 -0.97324 -0.97003 -0.85681 -2.19547 1.93680 -0.16070 0.11759 0.07242 0.22932 -0.44430 0.10682 -0.33684 0.39126 0.08775 -0.70802 -0.06511 -0.26060 -0.64913 0.04069 0.29439 -0.16442 -0.42812 0.22570 -0.44871 0.20378 0.28113 -1.25100 -0.93026 0.16599 0.04323 -0.59620 
1.02975 -2.25371 0.91067 2.53458 0.80232 -2.68429 -1.64948 -2.91270 -1.66568 -1.72910 -1.16933 -2.57878 1.43793 -0.17520 0.30407 0.14024 -0.21059 -0.19032 -0.14580 -0.06266 0.47906 -0.46493 -0.81838 -0.39524 -0.18324 -0.77953 -0.12590 0.07789 0.21182 -0.24169 0.41528 -0.19671 0.04632 0.27213 0.14092 0.48711 -0.70452 -0.18655 -0.18361 
1.04086 -2.05798 1.11014 2.10092 0.62927 -2.44255 -0.66006 -1.96025 -1.43817 -1.78841 -1.25205 -2.37871 1.15726 -0.28660 0.19548 0.28424 -0.01237 -0.02903 -0.08989 -0.29052 0.66338 0.22867 -0.22091 -0.76963 -0.44715 -0.83274 -0.07162 -0.09088 -0.11440 0.54359 0.24815 -0.13501 -0.24267 -0.33431 0.66513 0.85337 -0.86226 -0.39160 1.00929 
0.74315 -2.05823 1.19491 2.52221 0.77330 -2.77418 -1.93999 -2.24932 -1.43701 -1.95002 -1.93896 -3.02593 0.60519 -0.24682 0.21319 0.02584 0.33300 0.05783 -0.28080 -0.30533 0.14474 0.20020 0.03499 -1.25750 -0.57483 0.22976 0.35268 0.09084 -0.49806 -0.15120 -0.31534 0.28374 1.28882 -0.19616 0.04486 -0.12016 0.55528 1.24217 1.79991 
0.79403 -1.84479 1.13598 2.43393 0.68710 -2.72335 -0.96539 -1.81551 -1.23798 -1.75342 -2.50955 -2.95355 1.38702 0.06607 0.28632 -0.21383 -0.16358 -0.34437 0.19385 0.99831 0.46722 0.27353 -0.34108 -0.21435 0.79502 0.96717 0.18997 0.04832 -0.05774 -0.62556 -0.46713 0.35416 0.30011 0.06715 -0.31670 -0.55641 1.97892 1.06325 -0.62288 
0.80922 -1.77191 0.98108 2.35863 0.42893 -2.58034 -0.94169 -1.78210 -1.16348 -2.29110 -2.15331 -2.23092 1.57236 -0.05685 0.26151 -0.03190 -0.29256 -0.40930 0.07336 -0.00522 0.21189 -0.11650 -0.52142 0.72142 0.48841 -0.39312 -0.17388 0.17437 0.13941 -0.36999 0.84063 0.20268 -0.75329 0.34194 0.13034 -0.09669 0.69890 -0.42898 -2.96545 
0.73718 -1.58329 1.10408 2.14137 0.27780 -2.64999 -0.97061 -1.60362 -1.35448 -2.27484 -1.78814 -2.46514 0.99390 -0.10781 0.46069 -0.07442 -0.53357 0.49626 0.39653 0.24502 0.80916 0.40387 -0.43777 0.48455 0.36603 -1.99828 -0.11858 0.19191 -0.14306 -0.32950 0.76476 0.73702 0.79674 0.66407 0.74949 -0.09851 -1.07321 -0.04639 -0.93797 
0.70141 -1.31122 0.90666 1.82506 0.92518 -2.18381 -0.69667 -0.97293 -0.75961 -2.72886 -1.66876 -1.86488 -0.42592 -0.17543 0.45341 -0.17496 -0.62206 0.35547 0.81038 0.79152 0.87595 0.63299 -0.61993 -0.35179 0.44202 -1.33110 -0.13919 0.14822 -0.03037 0.01128 -0.26584 0.46905 0.31446 -1.50075 -0.47592 1.22106 -0.67962 -0.11609 2.93350 
0.56176 -1.12988 0.92912 1.51931 0.63327 -1.83961 -0.17909 -0.72767 -0.72149 -2.89477 -2.13993 -2.02312 -0.33720 -0.24700 0.60891 -0.10479 -0.52229 0.23042 0.86558 0.55948 -0.69159 -0.07205 0.78329 -0.19508 0.24994 0.93522 0.43141 0.43138 -0.24015 -0.29167 -0.20790 0.03344 -0.29834 -1.55323 -0.53884 1.86948 0.32193 -0.38964 0.85160 
0.45441 -0.70230 0.80187 1.30277 1.15561 -1.31823 -0.13719 -1.66452 -0.83166 -1.94557 -1.86384 -1.61494 0.50930 0.25598 0.88479 -0.41511 -0.91372 0.14757 0.84382 0.49319 -0.67727 0.09415 1.24955 -0.02986 0.05238 -0.47950 0.43035 0.08265 0.04687 -0.39113 -0.61092 -0.55205 -0.76163 0.83844 -0.31350 -1.35006 -0.87047 -1.11989 -1.72859 
0.81774 -0.24509 0.51401 0.60559 0.78084 -0.99579 0.31410 -1.40494 -0.62734 -1.64522 -2.16979 -1.97074 -0.81670 0.18335 0.69156 -0.05791 -0.91342 -0.38050 0.31353 -0.20216 0.14684 -0.38555 -0.56677 -1.06555 -0.86994 -0.79337 -0.79372 -0.50890 0.33962 0.53627 -0.32757 -0.24352 -0.38562 1.36440 0.13694 -0.96843 0.52155 0.04504 0.78653 
0.63776 -0.01074 0.74396 0.38936 0.77511 -1.00470 -0.33935 -1.51768 -1.21721 -2.51234 -2.92938 -2.48488 -0.28407 -0.53774 0.37589 -0.07549 -0.37745 -0.18000 0.60030 0.10756 0.68712 0.23109 0.28113 0.49169 0.09742 0.30702 -0.71937 -0.70445 -0.37752 0.78897 0.24536 0.37628 0.21705 0.09187 1.81996 2.84802 3.17850 2.77988 1.55270 
0.27999 0.13081 0.43852 0.22814 0.60083 -0.39549 0.42166 -0.71782 -0.39624 -1.36409 -1.67810 -1.87331 -0.50968 -0.53602 -0.01288 -0.43544 -0.12445 -0.13514 0.68981 0.01490 0.23871 1.43441 2.28124 2.11296 1.90994 0.75933 0.58136 -0.63683 0.16283 0.60464 0.32963 -0.76983 -1.33689 -0.54559 0.68761 -0.04832 -1.66560 0.52120 1.55186 
0.10174 -0.02362 0.30852 0.26491 0.63997 -0.31489 -0.32445 -1.27897 0.21720 -0.23110 -0.81643 -0.57495 0.47526 0.04361 -0.26093 0.08734 0.22718 0.14963 -0.16953 -1.22932 0.14153 0.91870 0.23281 -1.17391 0.61862 1.85888 0.36661 -0.03762 0.23903 -0.22614 -0.61158 -0.29381 0.63139 0.66680 -1.52030 -2.04660 -1.56150 -1.46675 -0.30471 
0.32361 -0.13013 0.52587 0.45532 0.75046 -0.56502 -0.80766 -0.57629 0.52246 -1.13128 -2.85201 -1.25469 1.34920 -0.16941 -0.05051 -0.19641 -0.35058 -0.74672 0.39600 0.64629 0.90551 -0.08588 0.23464 0.55146 0.44318 0.45462 -0.35294 0.33779 -0.62338 -0.77063 -0.85478 0.71378 2.32024 0.42281 -1.36321 0.68680 4.02150 0.50354 -3.19996 
-0.06766 -0.07413 0.11211 -0.08567 -0.10676 0.08111 0.32184 -0.37346 0.13132 0.00354 -0.26497 -0.13176 0.92988 -0.30932 0.07685 -0.53604 -0.54344 -0.70515 0.54425 1.09092 0.56434 -0.44451 0.91961 2.84760 1.12216 -1.34108 0.18034 0.06499 0.13910 0.33431 0.97231 -0.57446 -0.65397 -0.72926 0.05226 -0.34762 -0.29273 -0.29329 -1.13356 
0.01429 -0.05328 -0.01017 -0.08812 0.04531 -0.02077 0.28326 -0.01194 0.07795 -0.21167 -0.00442 -0.13253 0.00812 0.01093 0.01448 -0.05731 -0.01627 0.22559 -0.17846 -0.00768 0.17625 -0.03362 -0.11298 0.25872 0.14990 -0.67893 0.26467 -0.13120 0.62942 0.58563 0.60388 -0.55700 -1.24363 -0.84724 0.46247 -0.50505 -2.48357 -1.14854 1.35557 
-0.05673 -0.05965 0.05480 -0.10195 0.11883 -0.09735 0.31415 -0.19721 0.09770 -0.10943 -0.00625 0.01813 0.25095 -0.04466 -0.05434 0.09338 0.04219 -0.10127 -0.01275 -0.15271 -0.28290 0.01796 0.41456 0.36402 -0.02637 0.01449 0.01959 0.02731 0.02571 0.05123 -0.17669 0.19122 -0.12976 -0.12393 0.01853 0.18706 -0.32191 -0.15091 0.52293 
-0.03037 -0.10762 0.08320 -0.04593 -0.05596 -0.03352 0.13055 -0.29484 0.09591 0.20289 0.35961 -0.15890 0.02261 0.03052 0.04179 -0.03160 0.03496 0.04890 0.01276 -0.13745 0.05232 -0.01509 0.07408 -0.06319 -0.00102 -0.15601 0.11188 0.08281 -0.11589 -0.09126 0.28010 -0.07999 0.13281 0.40388 0.06879 -0.83043 -0.49379 -0.05325 0.29530 
-0.02621 -0.01786 0.02321 -0.06699 0.16773 -0.08459 0.17671 -0.14489 0.08261 -0.03535 -0.06944 0.01711 0.09494 0.06722 0.02847 -0.02251 -0.04907 0.17882 -0.09274 -0.01990 0.12098 0.08675 -0.41586 -0.12977 -0.07962 0.30979 -0.00706 -0.06014 0.05562 -0.00095 -0.17681 0.04599 0.06504 -0.06869 0.04848 -0.07036 0.15644 -0.10317 0.29019 
0.03685 -0.07915 0.06070 -0.09500 0.12286 -0.12626 0.11065 -0.17386 0.18265 -0.21297 0.22984 -0.23852 0.33240 0.02346 -0.01835 0.02403 0.03401 -0.12791 0.05875 -0.07240 -0.01638 0.03339 0.00372 0.09325 -0.10419 0.13419 -0.09923 0.02647 -0.01172 0.14155 -0.19456 0.16062 -0.00856 0.03910 -0.16097 0.50929 -0.08178 0.21148 -0.39127 
-0.00275 -0.03621 0.04723 -0.03298 0.03982 -0.02584 0.10430 -0.16127 0.11601 -0.03163 0.02381 -0.08708 0.22913 -0.03200 0.05494 -0.03422 0.09249 -0.01573 0.06788 -0.02846 0.16008 -0.07423 0.09343 -0.21155 0.13186 -0.08148 -0.01150 0.03294 -0.05198 -0.04348 0.12771 -0.07908 0.03605 0.11672 -0.04483 -0.04081 0.01496 0.11715 -0.26356 
0.00485 -0.02421 0.02647 -0.00251 0.10713 -0.05838 0.08219 -0.01378 0.10843 -0.11954 0.01829 -0.10666 0.25092 0.01196 0.01459 -0.02796 -0.00947 -0.00020 -0.02033 -0.03635 0.10034 -0.01144 -0.03709 0.10821 0.01296 -0.12938 0.03358 -0.05171 0.02617 -0.12459 -0.03090 -0.05353 0.03384 -0.20665 0.06089 -0.05832 0.27631 -0.12778 -0.03228 
0.00921 -0.02162 0.01927 -0.04245 0.03962 -0.04617 0.06795 -0.06093 0.10457 -0.06872 0.13202 -0.07412 0.09975 0.00157 0.00323 -0.00805 -0.03211 -0.04664 0.01435 0.00538 -0.04657 -0.01334 0.03511 0.06476 0.00408 -0.11376 -0.03993 -0.02842 0.03457 0.00929 0.06859 0.00955 0.13783 -0.18416 -0.03561 0.03146 -0.12080 -0.00926 0.18061 
0.00642 -0.02098 0.01842 -0.03462 0.06050 -0.04403 0.08757 -0.06035 0.09508 -0.08444 0.08306 -0.10259 0.13716 -0.02797 -0.01383 0.00661 -0.00018 0.06838 -0.01078 0.10148 -0.08382 -0.04705 -0.00563 -0.01259 0.00370 0.05123 0.00615 -0.00575 0.01864 0.01738 0.02417 -0.00799 -0.00275 0.02183 -0.00703 -0.02098 -0.02455 0.05467 0.12243 
-0.01876 -0.03545 0.02588 -0.04263 0.10800 -0.05696 0.16943 -0.14475 0.05752 -0.07435 0.11943 -0.07042 0.15099 0.00772 -0.00251 0.01059 -0.01473 -0.02247 0.00636 0.00263 -0.02475 -0.02037 0.01412 0.04022 0.05874 0.00867 0.03821 0.02969 0.00929 -0.01046 -0.07514 0.01311 -0.14276 0.10310 0.05175 0.10998 -0.16315 0.04917 -0.08441 
0.01415 -0.02349 0.02901 -0.04935 0.03803 -0.03767 0.09020 -0.08509 0.07471 -0.07032 0.12327 -0.04384 0.14583 0.01024 0.01586 0.01590 -0.01064 -0.00676 0.00233 -0.04128 0.01928 0.00471 0.10435 -0.17574 0.05287 -0.03317 -0.01885 -0.02483 -0.05580 0.02902 0.16275 -0.03494 0.03284 -0.03994 0.04072 -0.25422 -0.33271 -0.05090 0.26211 
-0.00852 -0.01959 0.04179 -0.05327 0.10125 -0.05462 0.12815 -0.12546 0.06223 0.03000 -0.05631 -0.01755 0.11781 -0.01112 -0.02735 -0.04522 0.01429 0.14028 -0.02857 0.03547 -0.06469 0.02035 -0.24010 -0.29250 0.00784 0.27078 0.01174 -0.03908 -0.01685 -0.00190 -0.04244 0.00936 0.08390 -0.01886 0.05162 -0.26436 0.35697 -0.12373 0.18833 
0.00302 -0.05084 -0.01621 -0.03505 0.17831 -0.06624 0.12567 -0.14978 0.09506 -0.31042 -0.16923 -0.03600 0.41661 0.02198 -0.02322 -0.00095 -0.01254 -0.04919 0.01170 0.04262 0.00043 0.05633 -0.16001 0.18123 -0.07086 0.15515 -0.00441 0.05413 0.10191 -0.02176 -0.25956 0.04293 0.01425 0.08706 -0.06365 0.51292 0.47849 -0.00651 -0.54714 
0.01346 -0.04281 0.04084 -0.06582 0.05206 -0.04293 0.17077 -0.12504 0.11856 -0.13001 0.12491 -0.08841 0.27296 -0.01553 0.02678 0.05670 -0.00747 -0.11928 0.01436 0.04971 0.02237 -0.04330 0.27281 0.18599 0.00133 -0.27636 -0.00872 0.02651 -0.00434 0.00919 0.10361 -0.02435 -0.05124 -0.00186 -0.08414 0.13422 -0.16926 0.07589 -0.21606 
-0.01251 -0.02406 0.04048 -0.04252 0.05903 -0.05188 0.17538 -0.12741 0.05177 -0.03760 0.01677 -0.03467 0.14025 0.01327 0.00329 -0.00529 -0.00335 0.05442 -0.01266 -0.00863 -0.00144 -0.02780 -0.02579 0.01197 0.00503 -0.06091 0.05580 -0.04181 -0.07239 -0.04440 0.13020 -0.02740 -0.02063 0.01606 0.10100 -0.37967 0.02240 -0.00994 0.38760 
0.02673 -0.03952 0.03555 -0.06917 0.10647 -0.05558 0.16214 -0.12648 0.09076 -0.15579 0.13688 -0.08338 0.21205 0.04027 -0.01503 -0.01569 -0.05187 0.01092 -0.01304 0.02908 0.03843 0.05770 -0.10686 0.20839 -0.00861 0.11124 -0.02953 0.00833 -0.00647 0.04521 -0.07091 0.01156 -0.09261 0.06978 0.02423 0.11314 -0.11886 0.02328 0.00473 
