0.00893 -0.02069 0.03105 -0.07522 0.05310 -0.04130 0.11589 -0.06116 0.05729 -0.09677 0.06778 -0.05136 0.15242 0.02558 -0.49112 -0.12644 -0.28004 0.12556 0.57187 1.04134 -0.95539 -0.68056 -0.07547 0.47067 0.19290 0.39118 -0.28291 -0.99847 0.77638 -0.80052 0.77083 -0.01333 3.54597 -2.30591 0.08064 0.84757 2.16968 0.35526 2.83469 
0.03637 -0.50859 -0.08977 -0.35185 0.17542 0.52838 1.14727 -1.02355 -0.61814 -0.14316 0.54050 0.14055 0.51036 -0.34347 -0.80795 0.59808 -0.52301 0.62232 0.06744 3.11180 -2.28888 -0.46029 0.48752 0.90958 0.03483 1.71271 -0.36155 0.40267 0.65225 0.41325 -0.26887 -0.83124 -0.31399 0.55044 0.80922 0.54492 -0.84069 -0.46174 0.64640 
-0.33454 -0.82864 0.62913 -0.59823 0.67543 0.02614 3.22769 -2.35004 -0.40300 0.39075 0.97737 -0.01653 1.86513 -0.33597 -0.08845 0.52581 0.13321 -0.14332 -0.25937 0.72736 -0.40495 0.12866 0.46945 -0.37002 -0.26884 1.03758 0.69275 1.61671 -1.19208 1.06164 -1.25988 -0.12678 -6.25060 4.57289 0.93531 -0.97189 -1.78262 -0.08861 -3.44444 
-0.29961 -0.59704 0.43604 -0.21864 0.03211 0.26901 1.87463 -1.42850 -0.48947 0.32629 0.17048 -0.12829 1.54794 0.34927 0.80876 -0.59401 0.53863 -0.63756 -0.05935 -3.13880 2.28401 0.47502 -0.48437 -0.87304 -0.05378 -1.73172 0.64284 0.67118 -0.93994 0.02426 0.15104 -0.04416 -2.47551 1.76195 0.42123 -0.90940 0.30894 0.32536 -2.41290 
0.01473 -0.01988 0.03512 -0.05961 0.03787 -0.03321 0.08889 -0.06603 0.07201 -0.09362 0.10433 -0.07031 0.13341 0.30687 0.58273 -0.41413 0.15747 0.00772 -0.30353 -1.74815 1.35700 0.54989 -0.43995 -0.06107 0.05652 -1.37532 -0.34849 -0.80829 0.59252 -0.53933 0.64048 0.05729 3.13720 -2.27958 -0.47805 0.48187 0.87833 0.05441 1.72173 
0.00726 -0.01431 0.02191 -0.06118 0.03983 -0.03452 0.12648 -0.07150 0.06042 -0.11366 0.10940 -0.07176 0.17262 0.00079 0.00047 -0.00148 -0.00071 0.00292 -0.00205 -0.00160 0.00443 -0.00304 -0.00250 0.00530 0.00062 -0.01000 -0.28942 -0.60467 0.43629 -0.22206 0.02061 0.30336 1.84865 -1.38538 -0.54611 0.29671 0.07035 -0.07203 1.51014 
0.01552 -0.01942 0.03364 -0.06032 0.04080 -0.03526 0.08729 -0.06160 0.06897 -0.09612 0.10963 -0.06969 0.12341 0.01745 -0.02194 0.02215 -0.06459 0.02833 -0.00017 0.10050 -0.02838 0.00378 -0.14324 0.00928 -0.01551 0.13483 -0.00473 -0.00225 0.00928 -0.00270 -0.01000 0.00744 0.01025 -0.02122 0.01357 0.01353 -0.02747 -0.00041 0.03871 
0.02472 -0.03625 0.04406 -0.12577 0.06816 -0.03469 0.22698 -0.09988 0.06420 -0.25689 0.11868 -0.08727 0.30745 -0.00394 -0.00178 0.00780 -0.00341 -0.00707 0.00539 0.00864 -0.01678 0.01054 0.01103 -0.02218 0.00022 0.02871 -0.05292 0.03758 -0.03889 0.00083 -0.08764 -0.08639 -0.10012 0.08721 -0.00478 0.34233 0.12265 0.15640 -0.23938 
0.01157 -0.02120 0.04144 -0.06372 0.03373 -0.02987 0.09593 -0.07839 0.07951 -0.08509 0.08745 -0.06947 0.15212 -0.03546 0.01564 -0.01674 -0.06376 -0.05931 -0.08655 0.00038 0.05884 -0.00100 0.19910 0.13193 0.14089 -0.10455 0.42403 0.45911 0.68614 1.06583 0.67311 -0.04137 0.50802 -0.43898 -0.27594 0.31250 -0.24914 -0.47685 0.51812 
-0.01074 -0.02061 0.02732 -0.18953 0.00885 -0.12124 0.22736 -0.04104 0.06320 -0.05780 0.25061 0.05362 0.20290 0.42008 0.45733 0.69394 1.06242 0.66604 -0.03598 0.51666 -0.45576 -0.26540 0.32353 -0.27131 -0.47664 0.54683 0.95833 0.81282 1.29648 1.56960 1.10656 0.22040 0.25442 -0.70974 -0.01782 -1.20960 -0.80504 -0.91615 0.34419 
0.43165 0.43613 0.73538 0.99870 0.69976 -0.06585 0.61259 -0.53415 -0.18589 0.23844 -0.18387 -0.54610 0.69896 0.92287 0.82846 1.27974 1.50584 1.04725 0.13385 0.25480 -0.65090 -0.01882 -1.01051 -0.67311 -0.77525 0.23964 0.24442 0.13702 0.01264 -1.13378 -0.67226 -0.00969 -0.55216 0.59570 0.93383 -1.75384 -1.03560 -0.33641 -0.56502 
0.91213 0.80785 1.30707 1.31630 1.05611 0.01261 0.48215 -0.69194 0.04438 -1.06831 -0.42250 -0.72163 0.44254 0.66450 0.59435 0.70658 -0.07136 -0.00622 -0.04568 -0.03550 0.13994 0.66842 -1.43031 -1.30692 -0.81304 -0.01819 -0.63416 -0.54666 -1.23692 -1.99191 -0.99084 -0.07769 0.53700 0.80260 -0.01051 0.80560 0.41639 0.30636 0.04474 
1.09616 1.03048 1.44196 0.92733 0.69354 -0.11153 0.57709 -0.39421 0.48253 -1.19187 -1.49078 -1.35915 0.68077 0.28871 0.28180 0.04283 -0.48607 0.05641 0.05616 0.79180 0.15171 -0.02933 -0.20491 -0.25672 -0.46890 0.28438 -0.55437 -0.54645 -0.74812 0.34958 0.36728 0.19683 0.71130 -0.07206 -1.12597 0.83919 1.98566 0.63986 -0.55560 
1.20084 1.08965 1.34989 0.83023 1.11252 0.06877 1.27395 -0.54023 0.01505 -1.27322 -0.67923 -1.19053 0.72691 0.11014 0.04789 -0.04154 0.27822 0.36106 0.15115 0.67580 0.06788 -0.45755 -0.59111 0.67875 -0.17319 -0.57379 -0.23981 -0.27624 0.02793 0.88190 -0.23475 -0.11561 -0.98630 -0.00179 0.38749 0.35572 -0.71603 0.19280 -0.47771 
1.20630 1.07837 1.40042 1.20555 1.05460 0.03962 1.25289 -0.32633 0.02499 -1.78298 -0.81204 -1.53234 0.10698 0.04890 0.00556 0.07075 0.39582 -0.17834 -0.05945 -0.19450 0.14991 0.35816 0.15081 -0.97276 -0.27609 -0.19334 -0.00160 -0.09859 0.06652 -0.35279 -0.47390 -0.22665 -0.81818 -0.12657 0.48111 1.13658 -0.65032 0.54157 0.43885 
1.24973 1.09521 1.42065 1.22606 0.93417 0.00932 1.07945 -0.39032 0.37322 -1.12241 -1.65198 -1.46662 0.53358 0.10854 -0.05070 0.02498 -0.07457 -0.11284 -0.07550 -0.14238 -0.05869 0.02356 0.54546 0.02842 0.36838 -0.13494 -0.12275 -0.00329 0.07870 -0.33128 0.30420 -0.00199 0.11778 -0.43361 -0.80562 -0.66102 1.88025 0.44483 0.42140 
1.31484 1.02766 1.42540 1.13099 0.94176 -0.03588 1.11050 -0.38503 0.04855 -1.23752 -0.78362 -1.16396 -0.02796 -0.07385 0.00227 0.14945 0.06454 0.12586 -0.06144 -0.07671 -0.28369 -0.44745 -0.51021 0.90749 0.16874 0.22806 -0.17850 0.14468 -0.03620 0.12592 0.12817 0.14040 0.18953 0.03534 0.10606 -0.79178 0.23326 -0.60275 0.22542 
1.17588 1.09748 1.57010 1.29060 1.06003 -0.05212 1.00274 -0.67401 -0.07424 -1.63261 -0.74449 -1.29788 0.76164 -0.06996 0.09397 -0.01123 0.05135 0.01533 0.06490 0.04715 -0.02336 0.12963 -0.24632 0.26169 -0.23437 0.09048 -0.00652 -0.11614 -0.12704 0.01938 -0.14269 0.06518 0.14660 0.67470 0.81708 0.96766 -1.46131 -0.57183 -1.36695 
1.24488 1.12163 1.41417 1.18234 0.95709 0.02902 1.15765 -0.40838 0.17818 -1.48384 -0.52193 -1.39832 0.06253 -0.08037 -0.11387 0.02241 0.08392 -0.01683 0.00374 0.06989 0.39101 0.36963 0.45745 -0.55382 -0.40308 -1.13889 -0.15190 -0.28505 0.08811 -0.34881 -0.20905 -0.15889 0.18661 0.20955 0.10469 0.68298 -0.72153 1.20493 0.14000 
1.09551 0.98361 1.59251 1.37452 1.04320 -0.04838 1.07263 -0.28300 0.29539 -1.17516 -1.29832 -1.70096 -0.37725 -0.22186 -0.19108 0.07688 -0.29746 -0.19371 -0.09399 0.23376 0.18619 0.23432 0.43667 -0.45984 0.97056 0.23048 -0.08244 -0.03382 -0.33178 -0.41262 -0.16048 0.08040 0.04006 -0.52471 -0.62774 -0.55915 1.52604 1.49978 1.76419 
1.02302 0.93055 1.49105 0.88488 0.76338 -0.06497 1.39141 -0.22219 0.41250 -1.04717 -0.98177 -0.42776 0.29301 -0.16281 -0.14769 -0.30936 -0.32869 -0.17732 0.08414 0.10995 -0.13370 -0.25811 -0.10170 0.97222 1.09669 0.62530 0.20567 0.16774 -0.28686 0.23568 0.18054 -0.11615 -0.36404 0.02899 -0.55178 -0.60034 0.49626 -1.53280 0.06701 
0.93270 0.83592 1.28315 1.04583 0.86588 0.03576 1.18257 -0.41670 0.03728 -1.27686 -0.32610 -0.60427 0.24805 -0.01618 -0.02334 -0.20998 -0.06177 -0.01317 -0.21014 -0.13028 0.21518 -0.31746 -0.16367 0.03642 -0.56224 0.29749 0.19172 0.28821 0.50257 0.07822 -0.08130 -0.26678 -0.80119 0.09603 0.10833 -0.61445 -1.84990 -2.14072 -0.62232 
1.00684 0.90722 1.28107 0.82311 0.75020 -0.27511 1.26112 -0.00702 0.09504 -1.21084 -0.94535 -0.99000 0.59050 0.02890 0.14052 0.19321 -0.25047 -0.25861 -0.18264 -0.69124 -0.03767 -0.14978 -0.71616 -0.87768 -1.04402 0.00298 -0.12910 -0.03908 0.19629 0.20096 0.01917 0.36771 -0.93906 -0.64987 0.16311 -0.36891 -0.41790 0.84731 -0.35344 
0.96160 0.97643 1.47636 0.79536 0.60726 -0.14687 0.49134 -0.45437 -0.11250 -1.99302 -1.20378 -1.64829 0.25104 -0.14528 -0.06242 -0.01369 0.13919 0.00600 0.15757 -1.06934 -0.43469 -0.15435 -0.53258 -0.38148 0.28507 -0.05595 -0.60391 -0.65891 -1.07688 -0.25057 -0.06559 0.02466 -0.05359 0.19999 0.27349 1.51993 0.81304 2.36784 -0.77755 
0.86156 0.84480 1.26738 0.96230 0.75620 -0.11754 0.19179 -0.44171 -0.05931 -1.74342 -1.32684 -0.70493 0.53455 -0.57501 -0.51839 -0.88367 -0.50103 -0.32421 -0.15798 -0.74483 0.16232 0.12371 0.80377 -0.06464 1.32382 -0.77457 -0.59911 -0.65795 -1.16468 -0.90272 -0.43935 0.00219 1.41267 0.98862 0.62888 1.90947 1.27862 0.27120 -0.03924 
0.38660 0.45804 0.59270 0.29432 0.28306 -0.30485 -0.25350 -0.29205 0.01121 -1.18925 -1.26842 -0.32448 -0.52353 -0.74439 -0.72037 -1.17837 -0.76353 -0.43335 0.15977 0.34333 0.55392 0.47453 1.37689 0.89714 0.55627 -0.09519 0.19805 0.01567 0.30656 0.21542 0.10452 0.39428 1.05926 0.09772 -0.01552 0.25005 1.34143 -1.08630 1.58447 
0.11717 0.12443 0.08902 0.19876 0.32285 0.04223 0.53512 0.11221 0.41522 -0.36653 -0.42970 -0.14866 0.43936 -0.37695 -0.50272 -0.57711 -0.28562 -0.21969 0.23631 0.31443 0.26004 0.10819 1.05382 1.27679 0.23752 0.80990 0.71549 0.63165 1.16647 0.43617 0.05680 -0.31273 -0.80190 -0.79115 -0.54982 -0.98686 0.17616 -0.50682 0.11590 
0.00964 -0.04468 0.01559 0.00871 0.06337 -0.06854 0.06093 -0.03201 0.11941 -0.13542 0.00837 -0.08696 0.28637 -0.02890 -0.08872 -0.01189 -0.32737 -0.37656 -0.15296 -0.45857 -0.23723 -0.07529 0.39003 1.07330 0.04946 0.02071 0.38050 0.50934 0.60602 0.27648 0.15396 -0.18297 -0.27017 -0.35226 -0.07675 -1.00406 -1.25958 -0.25583 -0.76728 
0.08827 0.03571 0.07712 -0.12861 -0.05371 -0.11073 0.07655 -0.12501 0.33993 0.02349 0.64360 -0.09920 0.46007 0.00354 0.00662 0.02891 -0.00914 -0.06572 0.05334 0.04426 -0.09222 0.03144 0.04976 0.01721 -0.01830 0.04263 -0.04575 0.02661 -0.02753 0.40790 0.46746 0.22929 0.46138 0.28948 -0.16864 -0.50343 -1.65801 -0.01904 -0.29836 
0.01319 -0.03807 0.04450 -0.00043 -0.00235 -0.01520 0.10519 -0.12423 0.15085 -0.08566 0.02558 -0.10526 0.32900 -0.07465 -0.06211 -0.03942 0.08053 0.09091 0.07633 0.00281 0.05225 -0.24393 -0.11340 -0.58471 0.03041 -0.27764 -0.00121 0.01203 -0.03977 -0.05075 0.10888 -0.07340 -0.06215 0.15485 -0.11332 -0.06022 0.06684 0.05388 -0.24821 
0.01362 -0.02640 0.03770 -0.04808 0.03720 -0.03440 0.07936 -0.07276 0.09600 -0.08991 0.05889 -0.06879 0.18243 0.00233 0.01865 -0.01086 -0.05988 0.04315 -0.02006 -0.01790 0.06263 -0.08187 -0.01046 0.08405 0.03557 -0.20559 0.07433 0.06879 0.03945 -0.09905 -0.08664 -0.07564 0.00157 -0.04010 0.21584 0.10938 0.63622 -0.03621 0.23081 
0.01552 -0.01942 0.03364 -0.06032 0.04080 -0.03526 0.08729 -0.06160 0.06897 -0.09612 0.10963 -0.06969 0.12341 -0.00032 0.00667 0.00003 -0.01852 0.00426 0.00069 0.00438 0.01215 -0.02809 -0.00402 0.05151 -0.00580 -0.04684 -0.01093 -0.01700 0.01563 0.03917 -0.01814 -0.00047 0.03972 -0.06426 0.07287 0.05685 -0.16058 -0.00764 0.20785 
0.01329 -0.01973 0.03773 -0.06660 0.04146 -0.03371 0.08375 -0.06062 0.06792 -0.09393 0.11041 -0.07459 0.13559 -0.00859 0.00165 0.00477 -0.02071 0.02501 -0.02053 0.02182 -0.00163 -0.00901 0.04640 -0.07653 0.02793 0.00227 -0.00473 -0.00599 0.00142 0.02854 -0.01956 0.00896 0.00370 -0.03466 0.04771 0.00532 -0.06870 0.00340 0.09069 
0.00692 -0.01776 0.03841 -0.08103 0.06581 -0.05579 0.10911 -0.06323 0.05997 -0.04972 0.03309 -0.04175 0.12568 -0.00505 0.00068 0.00145 0.01002 -0.01530 0.00965 0.00809 -0.02252 0.01963 0.00130 -0.01718 -0.00240 0.04385 0.01055 -0.00405 -0.00620 0.03688 -0.03863 0.02811 -0.02992 0.00503 0.01014 -0.06556 0.11422 -0.04698 0.00494 
0.00824 -0.01905 0.03919 -0.05658 0.02616 -0.02405 0.09183 -0.08314 0.08754 -0.09263 0.09322 -0.07698 0.17944 0.00195 -0.00240 -0.00143 0.01617 -0.01362 0.00758 -0.00810 0.00340 0.00113 -0.01916 0.03769 -0.01905 0.00721 0.01186 -0.00076 -0.00682 -0.01520 0.03136 -0.02209 -0.01062 0.04381 -0.03935 -0.00169 0.02949 0.01182 -0.10154 
0.00888 -0.02016 0.03698 -0.06486 0.05219 -0.04821 0.10101 -0.05984 0.06110 -0.06888 0.07078 -0.06080 0.13289 0.00681 -0.00008 -0.00536 -0.00519 0.01606 -0.01243 -0.00253 0.02129 -0.01972 -0.00039 0.01230 0.00942 -0.05769 0.00111 0.00216 0.00044 -0.03920 0.00888 -0.02122 -0.00279 -0.03211 -0.01209 0.03064 -0.05775 0.01926 -0.08392 
0.01505 -0.01913 0.03383 -0.06177 0.04222 -0.03648 0.08930 -0.06184 0.06782 -0.09302 0.10553 -0.06756 0.12176 0.00307 -0.00024 -0.00099 -0.02303 -0.00473 -0.01363 -0.01089 -0.02872 -0.01096 0.01148 -0.02007 0.00021 -0.07671 -0.00744 -0.00147 0.00355 0.01006 -0.01121 0.00761 -0.00176 -0.01976 0.02841 -0.00151 -0.02818 -0.00793 0.07052 
0.01195 -0.02040 0.03599 -0.08789 0.04746 -0.06184 0.09012 -0.08855 0.05014 -0.05740 0.05071 -0.06059 0.05618 -0.00063 -0.00155 -0.00181 0.00487 0.00485 -0.00482 -0.00429 0.00153 0.00869 -0.00190 -0.01588 0.00149 0.01283 0.00908 -0.01453 0.02028 0.02421 0.03181 0.00483 0.03207 0.02506 0.09127 -0.11558 0.14658 -0.07392 0.23520 
0.01442 -0.02068 0.03202 -0.05689 0.04707 -0.04130 0.08501 -0.06031 0.07651 -0.09492 0.08965 -0.06607 0.13459 0.01215 -0.01476 0.01929 0.00118 0.02708 -0.00880 0.02118 -0.00365 0.08031 -0.10410 0.12652 -0.07370 0.15849 -0.00148 -0.00072 0.00030 -0.01483 -0.00752 0.01245 0.02225 -0.00048 -0.02126 -0.01837 0.01835 0.00099 0.01297 
0.02410 -0.03516 0.05528 -0.08671 0.07454 -0.07064 0.11130 -0.09220 0.13045 -0.16150 0.17723 -0.13429 0.21467 -0.00211 -0.00227 -0.00151 -0.00995 -0.00267 0.00763 0.01796 0.00105 -0.01257 -0.02027 0.00247 0.00249 0.02580 -0.05052 0.00611 -0.01954 0.08619 -0.13079 0.06723 0.08011 -0.01584 -0.19427 -0.02876 -0.07121 0.10745 -0.25689 
0.01231 -0.02295 0.03051 -0.06685 0.04440 -0.03366 0.10297 -0.05926 0.06395 -0.11519 0.09212 -0.06358 0.16038 -0.03836 -0.00865 -0.00025 0.08737 -0.10371 0.05844 0.10129 -0.01949 -0.11395 -0.13286 0.05530 0.03375 -0.09840 -0.11833 -0.07529 0.68258 -0.70743 0.72860 -0.35571 1.20851 -0.89467 -0.30320 0.55720 -0.76352 -0.07338 0.23191 
-0.01426 -0.04381 0.05503 0.00066 -0.02917 -0.01220 0.21259 -0.11170 0.01650 -0.29437 0.23254 -0.10054 0.11627 -0.12044 -0.07756 0.68107 -0.71738 0.72593 -0.34807 1.22647 -0.89363 -0.31576 0.53693 -0.76105 -0.07089 0.25771 -0.37500 -0.45342 1.31278 -1.12322 0.18681 -0.56821 1.64414 -1.35734 0.05961 1.61527 -1.38300 -0.54455 2.15677 
-0.10814 -0.10051 0.71157 -0.78423 0.77033 -0.38174 1.32943 -0.95289 -0.25182 0.42174 -0.66892 -0.13447 0.41809 -0.41337 -0.46208 1.31253 -1.03585 0.08310 -0.50978 1.74542 -1.37684 -0.05434 1.48240 -1.32770 -0.51080 2.05838 -0.16455 -0.02185 1.36840 0.34990 -0.22495 -0.00363 -1.09392 -0.17430 -1.22041 -0.12042 -2.53968 -1.71093 0.80393 
-0.42763 -0.50589 1.36755 -1.03519 0.05393 -0.52198 1.95802 -1.48853 -0.03785 1.18804 -1.09516 -0.61135 2.17465 -0.28499 -0.09941 2.04946 -0.36748 0.50098 -0.35170 0.13255 -1.06793 -1.53617 0.41652 -3.30073 -1.78182 1.06164 0.71068 0.80192 0.27801 0.45051 0.96507 -0.13044 -3.41418 0.15327 -1.85367 -2.51588 -2.97883 -1.22511 -4.59350 
-0.39313 -0.19992 2.76103 -1.15171 1.27131 -0.73344 1.46199 -2.02082 -1.78799 0.83826 -3.96965 -1.91628 1.47973 0.29731 0.33984 1.59054 -0.58534 1.04817 -0.64022 -1.66875 -1.22357 -1.90801 -1.03348 -4.30653 -1.73592 -2.53513 0.71454 -0.52344 -2.14444 1.39403 0.39067 -0.06285 -3.20095 -0.33862 1.66125 -1.71025 3.27243 2.32901 -3.14928 
-0.13032 -0.16605 2.95809 -1.62052 1.10211 -1.16219 0.28926 -2.71210 -1.94586 0.15456 -5.40169 -2.34726 -0.36048 0.42954 -0.62285 -0.09497 1.02655 0.89164 -0.41455 -3.06840 -1.40654 0.12508 -1.29374 -0.02829 0.54719 -2.08765 -0.05681 -1.54229 -1.93486 2.44831 0.24318 0.71835 0.47652 1.25767 1.71145 0.70583 6.58728 3.12475 3.01521 
0.03641 -0.82276 2.66606 -0.12516 2.16296 -1.14798 -1.60642 -3.42736 -1.66291 -0.45548 -3.99795 -1.36909 -0.60792 0.24050 -1.20246 -0.34432 1.86297 1.29136 0.07813 -1.19223 0.03410 -0.19656 -0.32765 2.28075 1.38884 0.48008 0.12706 -0.25536 -0.90420 -0.68521 -1.08355 0.43974 3.21054 1.81014 -0.49847 1.56676 1.54041 -0.07300 4.39712 
0.11018 -1.36851 2.61377 0.24245 2.39346 -1.08406 -0.90297 -2.67800 -2.14242 -0.17309 -3.12093 -0.95843 0.11961 0.55660 -0.87821 -0.99917 0.34134 -0.19191 0.02519 0.14214 0.40360 -0.37339 0.27302 1.51211 0.47419 2.30947 0.72175 0.75850 -1.31107 -0.75039 -1.99668 -0.31285 1.08387 -0.19384 -0.59421 0.33154 0.33776 -1.70693 1.60748 
0.59301 -1.70097 1.66689 0.21617 1.97105 -1.12280 -1.46427 -3.02376 -2.03630 -0.18245 -2.48583 -0.89490 1.70155 0.96226 -0.44395 -1.65539 1.11258 -0.70532 -0.23471 -0.10836 -0.15974 -0.79078 0.00390 2.61851 -0.31810 2.08756 0.05101 0.59183 -0.12440 0.57154 -0.37972 -0.59785 0.59321 0.37047 -1.03010 0.31922 0.14965 -2.72799 -1.36844 
1.07244 -1.81246 0.95839 1.35503 1.68814 -1.31877 -1.01133 -2.83774 -2.93320 -0.16919 -0.50242 -1.27652 2.20717 0.60761 -0.28638 -1.12357 0.91288 -0.57163 -0.57266 0.73535 0.77407 -1.40349 0.59224 1.66177 -2.25380 0.94103 -0.72448 0.07878 1.27170 -1.27081 0.16450 -0.38054 0.70909 0.94347 0.37529 0.47900 -3.50743 -1.84091 -1.99042 
1.20062 -1.98735 0.54332 1.12905 1.39942 -1.69545 -0.72892 -2.24968 -3.43979 0.40979 -0.82407 -3.14869 2.64258 0.23778 -0.36517 -0.38368 -0.15823 -0.54083 -0.61525 0.60073 0.78373 -0.41549 0.48290 -0.88891 -2.15901 0.09714 -0.40084 0.05236 1.15436 -0.86448 0.39775 0.05326 0.17256 -0.35217 1.04985 -0.35339 -3.61326 1.81540 -1.21732 
1.31022 -2.17764 0.57471 1.19680 1.14731 -1.93403 -0.41060 -2.05400 -3.34869 0.31371 -1.39133 -3.43553 2.30431 0.20677 -0.23402 0.03079 0.04840 -0.17388 -0.51939 0.90791 0.42190 -0.35365 0.23885 -1.95150 -0.43839 -0.27629 -0.48072 0.81656 -0.63245 1.18395 -0.71045 1.00363 -1.71525 -0.64090 0.36177 -0.35753 0.18947 1.88073 0.64204 
1.40739 -2.22137 0.57410 1.17745 1.22554 -2.21485 0.17899 -1.82778 -3.79344 0.64863 -2.77556 -3.58708 2.36628 -0.24294 0.45138 -1.01613 1.02572 -1.25128 0.38838 -1.11453 0.14283 -0.05372 0.12536 -0.69945 -0.27828 0.73919 -0.38115 0.81389 -0.92631 1.23005 -0.91106 1.28941 -2.06828 -0.65912 1.25426 0.20066 3.47777 0.62614 1.51217 
1.06728 -1.72626 -0.44142 2.22253 -0.10396 -1.54565 -1.52512 -1.91117 -3.40241 0.43907 -2.09078 -3.71381 3.04350 -0.17438 0.57988 -0.89552 1.27845 -1.08494 0.77002 -1.16037 -0.23722 0.90061 0.43951 1.52628 0.18775 1.23588 0.55034 -0.25335 0.96599 -0.88464 1.35506 -0.54976 1.59781 -0.19135 0.39361 0.49501 2.05847 0.87794 -0.35599 
1.23301 -1.64149 -0.32142 2.45591 0.14060 -1.44483 -0.98138 -2.06500 -2.89283 1.08814 -1.24929 -3.39933 3.60216 0.30740 0.19803 -0.05014 0.14109 0.10378 -0.16138 0.48328 -0.04852 0.33989 0.62038 1.35903 0.59966 0.38319 0.82925 -1.00464 1.44997 -2.53477 1.46027 -1.83862 2.48973 -0.52461 -1.06155 -0.03278 -1.73684 1.06779 -3.00766 
1.37468 -1.52823 -0.49156 2.36361 -0.00018 -1.70703 -1.04184 -1.95969 -3.06252 1.05945 -0.73175 -3.11415 3.42670 0.65487 -0.42476 0.55445 -1.25632 0.37534 -1.06861 1.32936 -0.76183 -0.16093 0.40673 -0.21057 1.25554 -1.77178 0.07436 -0.44360 0.55598 -0.81152 0.01286 -0.23806 0.03261 -0.23467 -0.62578 0.02951 -1.95549 0.87662 -1.49307 
1.88787 -2.06625 0.23303 1.19959 0.51594 -2.51344 0.34798 -2.82683 -3.05376 1.49487 -1.45985 -2.14379 1.83038 0.38176 -0.24558 0.50584 -0.67044 0.11664 -0.39944 0.51589 -0.28319 -0.28589 0.64989 -0.59646 1.47628 -1.10988 -0.56565 0.49561 -0.52873 1.27203 -0.60613 1.23713 -1.13278 0.59494 0.32325 -1.24658 1.10835 -0.51246 2.19536 
1.75644 -1.77381 0.01428 1.69318 0.11646 -2.10646 -0.52595 -2.24288 -3.34841 1.70933 -1.32820 -1.63787 2.31682 0.08922 0.07085 0.02571 0.01571 -0.23079 0.16853 0.19658 -0.16689 0.16232 -0.83986 0.89778 0.74308 0.42358 -0.21259 -0.01286 -0.32525 0.05555 0.27965 0.31883 0.01152 -0.60531 1.20074 -1.30744 2.16720 -1.50452 0.81366 
1.97709 -1.99539 0.25874 1.21530 0.28515 -2.34491 0.54456 -2.99372 -2.89144 0.65502 -0.56207 -1.40071 2.25396 0.16917 -0.25844 0.18059 -0.61488 0.39629 -0.08060 0.52741 -0.88850 0.91485 -0.65755 1.57074 -0.02824 -0.29621 -0.07245 -0.01449 -0.27047 -0.39312 0.46239 -0.14557 -0.13233 0.24469 0.45187 1.84698 -0.27231 -1.03395 -0.70120 
1.92561 -2.03225 0.19487 1.07829 0.51275 -2.18707 0.00146 -3.13139 -2.43355 1.05178 0.24254 -1.66611 2.02061 0.01677 0.05636 -0.24476 -0.37741 0.23160 0.02296 0.06425 0.07780 0.61419 1.00712 0.62547 -0.29087 -0.27762 -0.29999 0.41513 -0.42453 -0.69564 -0.21807 -0.06671 0.13682 1.14662 -0.81216 1.60259 -2.41884 -0.37501 -0.28841 
1.99386 -1.93904 0.01398 0.83789 0.51675 -2.32195 0.60881 -2.91592 -2.27726 1.66214 0.06340 -1.69157 1.97634 -0.13083 0.15668 -0.24393 -1.31053 0.17822 -0.14731 0.66424 0.25812 0.10269 0.94504 -0.84810 -0.40325 -0.58462 -0.13341 0.09058 0.16950 -1.08374 0.24611 -0.17238 -0.00538 0.27589 -0.33129 -0.11716 -1.60037 -0.08237 0.27618 
1.79478 -1.87556 -0.04906 -0.23224 0.69097 -2.33438 0.66570 -2.87326 -2.33086 1.99682 -0.60556 -2.06936 1.43599 -0.11664 0.14694 -0.07526 -1.46115 0.47771 -0.14942 0.05886 0.35368 0.28289 0.88996 -0.97490 -0.37323 -0.00144 0.08065 -0.17414 -0.11617 1.29344 -0.76417 -0.07162 -1.62991 0.36321 -0.36247 -0.63027 -0.93015 0.41942 1.41511 
1.87722 -1.79210 -0.06129 -0.62327 0.99446 -2.47137 0.66767 -2.56224 -1.99436 2.55210 -0.91151 -2.06481 1.97490 -0.05018 -0.01745 -0.36010 -0.01709 -0.58595 -0.21893 -0.96568 0.62133 -0.25978 0.31476 -1.77825 0.01617 0.83049 0.02386 -0.44816 -0.44191 1.95921 -1.91858 0.31032 -1.18398 -0.37040 -0.50689 -2.09350 -0.49614 0.25548 -0.36351 
1.74461 -1.89302 -0.40916 -0.24932 0.10502 -2.55331 -0.29998 -2.25194 -2.59064 2.31158 -2.38381 -2.05319 2.26648 -0.09278 -0.30122 -0.51717 0.49806 -1.44087 0.16090 -1.12511 -0.01671 -0.22400 -1.20354 -1.47105 -0.11776 -0.36495 0.39420 -0.18781 0.49291 0.17579 0.33313 0.73940 2.08445 -1.05193 1.86212 -1.71043 2.76293 0.34456 -1.72635 
1.78444 -2.09331 -0.57846 -0.12520 -0.44642 -2.31047 -0.45744 -2.57896 -2.21836 1.34856 -2.38256 -2.18257 1.60995 0.34402 -0.20526 0.13282 0.15870 -0.25282 0.52047 1.11877 -0.43060 1.60234 -1.39566 0.98468 0.36073 -0.89586 0.38112 0.58808 0.37262 0.14742 1.19371 0.51463 2.07373 0.75484 1.36773 0.43312 2.53846 0.67939 0.25602 
2.08863 -2.09828 -0.27634 -0.09062 -0.14780 -2.03284 0.81879 -2.68254 -0.98830 0.91592 -1.39913 -1.69246 1.37061 0.28834 0.28686 -0.14455 0.64548 -0.24716 0.67553 0.94861 0.73813 1.14373 -0.77042 1.06741 0.56163 -0.10893 -0.24026 0.14322 -0.70920 -0.15368 -0.08421 -0.50576 -1.21508 0.67370 -1.82420 0.41252 -0.34642 -1.10331 0.15934 
2.07277 -1.80645 -0.72301 0.52028 -0.69358 -1.63494 0.49117 -1.84083 -1.07462 0.57814 -1.31515 -1.62094 1.50102 0.10376 -0.06204 -0.57638 0.00502 -0.33703 0.01470 -0.09631 0.24310 -0.22185 -0.98314 0.63826 -0.74258 -0.73653 -0.11541 -0.65344 0.38938 -1.48783 0.42338 -0.69991 -0.63664 -1.26337 -0.91578 0.70665 -0.72557 -1.22860 -0.47213 
2.19239 -2.16032 -0.85272 -0.08560 -0.48483 -2.01814 0.72249 -2.43944 -1.21016 -0.06722 -0.76086 -2.43505 0.63408 0.17293 -0.36657 0.24483 -0.84235 0.17622 -0.02438 0.31197 -0.52524 0.22795 -0.06377 0.34184 -0.66697 -0.58105 -0.11603 0.04640 0.64521 -0.88210 0.32444 0.20004 -0.27779 -0.36655 0.12042 1.06578 -0.84556 0.61982 0.37467 
2.24570 -2.17302 -0.47818 -0.32206 -0.51736 -1.65932 0.80315 -2.36606 -0.84667 0.51436 -0.97330 -2.28791 0.91997 -0.01227 -0.01564 0.06883 -0.87708 -0.01258 0.21475 -0.37409 -0.12346 -0.10143 0.08264 -0.20730 -0.12276 -0.36186 -0.18361 0.46779 -0.58402 0.17615 0.03180 0.05045 -0.20708 0.61387 -1.17144 0.14553 0.49761 0.32208 0.91815 
2.18013 -2.17596 -0.78389 -0.96268 -0.49741 -1.80339 0.34839 -2.56290 -1.31159 0.01542 -0.96816 -2.55781 0.27223 -0.01068 0.10122 -0.33919 -0.66620 0.20802 0.02607 0.10490 0.08863 -0.94349 0.08175 0.83945 -0.34488 0.33710 -0.02005 0.01506 -0.35353 0.84107 0.29163 0.01385 1.06543 0.15715 -0.39470 0.24278 0.41846 0.29291 1.65084 
2.23502 -2.07181 -0.81736 -0.98826 -0.30933 -1.63325 0.90804 -2.27743 -1.79016 0.59611 -0.13385 -2.63279 1.25706 -0.03232 -0.00058 -0.28470 -0.03601 0.27905 0.22860 0.69134 0.03369 -0.49614 0.32542 0.21116 0.17015 1.28898 -0.09282 -0.20175 0.09969 0.44115 -0.27182 0.19452 0.13235 -0.28451 0.57060 -0.82115 -2.04536 0.59784 -0.13305 
2.14781 -2.17654 -1.06859 -0.99869 -0.21837 -1.57480 1.03973 -2.52921 -1.80773 0.34085 -0.75700 -2.38765 1.56121 -0.10349 -0.10054 -0.23949 -0.22505 -0.06380 0.22059 0.23725 -0.19588 -0.37288 -0.73939 -1.20590 0.25295 0.20404 0.01041 0.18971 0.44110 0.07387 -0.07760 -0.11482 -0.51988 0.65263 0.58829 -1.05339 -0.64738 -0.26965 -1.25111 
2.13153 -2.17235 -1.05685 -1.21330 -0.37313 -1.41266 1.14529 -2.47331 -2.16304 -0.14328 -1.33975 -2.37984 1.46110 -0.02190 0.18913 0.15640 0.03785 0.20144 0.11378 0.17146 0.68632 0.09215 -0.72796 -0.43621 -0.09949 0.03787 0.13470 0.16503 -0.14534 0.35007 0.15446 -0.63073 0.02780 0.94787 0.37666 -0.28735 2.03093 -0.34325 -0.72463 
2.12590 -1.98741 -0.91220 -0.96084 -0.01693 -1.46102 1.21119 -1.84289 -1.71558 -0.38712 -1.19321 -2.48715 1.59908 0.03121 0.06450 -0.38484 0.12502 0.09066 -0.41014 0.26505 0.75199 0.00378 -1.02674 0.82503 -0.09029 -0.52059 0.07806 -0.19139 -0.44769 -0.14345 -0.14743 -0.37139 -0.10836 0.32256 -0.08121 -0.04464 1.98471 0.31530 -0.37485 
2.16274 -2.10785 -1.44169 -1.08828 -0.28247 -1.82279 1.41034 -1.72132 -2.15926 -1.17002 -0.51473 -2.47013 0.94051 0.05615 -0.00226 -0.29129 -0.10559 0.05401 -0.25761 0.06310 1.00888 0.01094 -0.77260 1.54850 0.21581 -0.33698 0.13237 0.23847 0.27574 -0.49490 0.41616 0.67823 -0.85787 0.44107 1.38971 1.08885 -0.34700 1.38023 -0.26874 
2.18206 -1.98967 -1.20349 -1.06643 0.03709 -1.71863 1.27429 -0.83401 -1.70464 -1.15972 0.35529 -2.27134 1.26210 0.16358 0.30296 -0.10909 -0.36988 0.50682 0.26809 -0.59282 1.19306 1.39350 0.06211 0.47803 1.28994 -0.78932 0.07995 0.24367 -0.17881 -0.60696 -0.02555 0.26109 -1.03022 -0.85412 1.24048 0.83137 -1.72841 0.71614 -0.70427 
2.32632 -1.80489 -1.55078 -1.45817 0.22435 -1.55470 0.81752 -0.52826 -0.76576 -1.10791 -0.03670 -1.18018 0.15119 0.13610 0.24141 -0.47010 -0.71255 0.02846 0.00348 -0.96713 0.15476 1.25141 0.05877 -0.17992 0.93194 -1.04124 -0.07039 -0.19575 -0.11094 0.16263 -0.39893 -0.13209 -0.42263 -1.23244 -0.60050 -0.26617 -0.50048 -1.28266 1.57397 
2.31816 -1.74826 -1.67359 -1.77899 0.06555 -1.71515 0.30716 -0.67925 -0.45323 -1.10095 0.17537 -1.33940 0.22086 0.09319 0.10722 -0.22003 -0.20725 0.10789 0.13600 -1.01545 -0.03938 0.79300 -0.20406 -0.02246 0.00728 0.78464 -0.00278 -0.14270 0.06606 0.85355 0.47742 -0.05793 0.03393 0.34123 -1.12944 -0.92605 0.53607 -0.89136 0.72443 
2.41951 -1.69767 -1.77081 -1.66542 0.33225 -1.41870 -0.19793 -0.56764 0.02724 -1.31196 -0.05916 -1.17290 0.93583 0.13332 0.09872 -0.40403 0.14100 0.50588 -0.05445 -0.93320 0.49599 0.12197 -0.86728 0.35615 0.04059 -0.31682 -0.10738 0.01172 0.11918 0.04370 0.11828 -0.54227 0.04629 0.39481 -1.21785 -0.82848 0.80911 0.18981 -2.53526 
2.45148 -1.64954 -2.07762 -1.63799 0.57143 -1.76960 -0.62604 -0.18326 -0.33126 -1.96823 0.53152 -1.29881 -0.09596 -0.01419 0.11894 -0.10085 -0.16355 0.22618 -0.40627 -0.96916 0.35543 -0.42485 -1.03254 0.78665 0.19709 -1.75062 -0.18086 -0.10537 0.55610 -0.33062 -0.38044 0.05393 -0.54578 -1.03422 -0.71050 0.21627 -0.09129 0.01840 -0.43060 
2.40533 -1.57874 -1.87167 -1.82897 0.55842 -1.82496 -1.16709 -0.21222 -0.39762 -2.34450 0.72749 -0.97581 -0.81479 -0.04754 -0.00665 0.15207 -0.18963 0.12544 -0.00052 -1.47898 -0.53823 -0.58853 -0.65101 0.26487 0.05899 -0.74742 0.05759 0.06899 0.05401 0.28028 0.22011 0.75894 0.38657 -0.94920 -0.04965 1.13160 -0.66481 -0.43941 2.80862 
2.40394 -1.65619 -1.92555 -1.82762 0.69687 -1.77012 -2.10502 -0.72149 -0.91979 -2.61925 0.79639 -1.23982 -0.84338 0.04341 0.18793 -0.04684 0.11673 0.44629 0.35267 -0.58259 -0.59377 -0.47450 0.09906 0.12184 -0.24231 1.05800 0.26736 0.58923 -0.11910 -0.02381 0.08933 0.48312 2.35035 0.65909 0.98608 1.55232 -0.24024 -0.01365 2.41839 
2.44873 -1.39081 -1.91851 -1.71224 1.00471 -1.47229 -1.74968 -0.80598 -0.87211 -2.24544 0.84934 -1.21812 0.24321 0.21982 0.58258 0.03296 -0.21343 0.21478 0.48260 0.87137 0.12086 0.39754 0.90131 0.02463 0.04534 1.67097 0.13571 0.31248 0.14891 -0.61976 -0.89408 -0.32656 1.37692 0.88068 0.90726 -0.00935 -0.89209 0.23628 -1.40669 
2.62376 -1.07362 -1.89259 -2.04105 0.91165 -1.28752 -1.23365 -0.60063 -0.52225 -1.71794 0.82102 -1.19448 0.82759 0.17912 0.50040 0.10206 -0.50303 -0.44779 0.02612 0.79433 0.28691 0.43277 0.08971 -0.77025 -0.00603 -0.34869 -0.22884 -0.31340 0.07992 0.22332 -0.67387 -0.54021 -0.02980 0.02037 -0.19392 -1.61114 -0.96943 -0.20950 -3.06721 
2.62785 -0.89041 -1.81645 -2.21527 0.55693 -1.44617 -0.95535 -0.51907 -0.43935 -2.15573 0.07908 -1.22416 -0.10548 -0.00902 0.26918 0.11289 0.00988 -0.45909 -0.05761 0.84158 0.14123 0.20362 -0.70983 -0.94480 -0.16415 -1.39624 -0.22677 -0.32905 -0.05390 0.33279 0.11285 0.20594 -0.24320 -0.60640 -0.56747 -0.04992 -0.19969 -0.68295 0.59884 
2.61475 -0.80443 -1.77970 -2.03117 0.45256 -1.34513 -0.39207 -0.45940 -0.31863 -2.42777 -0.12379 -1.35863 -0.56865 -0.04765 0.17135 0.04816 -0.17025 -0.33494 0.23206 0.55113 -0.31949 -0.13470 0.03978 -0.96994 -0.68898 0.25015 -0.09741 -0.02006 -0.13231 -0.59914 0.09876 0.23104 -0.93411 -1.00755 -0.39308 1.07594 0.25005 -0.17876 1.07028 
2.58020 -0.71905 -1.76829 -2.38551 0.22199 -1.21411 -0.40423 -0.83856 -0.57405 -2.11594 -0.89086 -1.91314 0.14467 -0.10642 0.24912 -0.01943 -0.58926 -0.36032 0.17343 -0.09254 -0.86632 -0.18946 0.36610 -0.69475 -0.34291 -0.32595 -0.00853 0.16040 0.24255 0.14493 0.35266 0.11866 -0.00190 -0.37321 0.20838 0.52753 1.48552 1.33418 -0.92896 
2.50832 -0.55532 -1.79913 -2.62043 0.09223 -1.17170 -0.48461 -1.32572 -0.50808 -2.06167 -0.81854 -1.70154 -0.89460 -0.05618 0.33175 0.29071 -0.02532 0.01772 0.35072 0.54923 -0.69269 0.07368 0.56731 0.51558 0.64520 -0.67881 0.07238 -0.00543 0.53577 0.69330 0.53521 0.20460 0.46004 0.59653 -0.02480 0.69564 1.61329 0.69222 0.36568 
2.52401 -0.38730 -1.47759 -2.41083 0.23970 -0.86339 0.14500 -1.53125 -0.50037 -1.54863 -0.37527 -1.26794 -0.53414 -0.03404 0.24368 0.51634 0.10404 0.17489 0.37803 0.36751 -0.26979 -0.21425 1.06174 0.91853 0.34931 0.03973 -0.07863 -0.27198 -0.26990 -0.32756 -0.15284 -0.34572 -1.25002 0.03572 -0.38499 -0.23302 -0.33642 -1.20693 -0.06332 
2.47428 -0.31163 -1.28279 -2.51638 0.26712 -0.79367 -0.11710 -1.59551 -0.72234 -0.99993 0.09999 -1.35222 -0.85487 -0.13482 0.05978 0.02081 -0.35289 -0.13512 0.00500 -0.70079 -0.65697 -0.31131 0.33429 0.17916 -0.56173 -0.74213 0.09566 -0.34710 -0.68143 0.07938 -0.25056 -0.47323 -0.43603 -0.10037 0.12589 -0.95336 -1.05148 -0.52232 0.46427 
2.38920 -0.32752 -1.45678 -2.76372 0.10458 -0.85838 -0.55579 -2.18822 -0.81169 -1.21434 -0.19612 -1.82967 -1.27627 0.06162 -0.10341 -0.16509 0.18342 -0.07567 -0.09520 -0.06853 -0.37016 -0.08837 0.10838 -0.13295 -0.17301 0.50400 0.21644 -0.34700 0.06028 0.62561 0.06743 -0.31430 0.65456 1.23299 -0.01368 -0.09430 0.19027 0.32211 2.39795 
2.53589 -0.41505 -1.44788 -2.33296 0.19145 -0.88887 -0.18563 -1.96567 -0.81071 -0.89154 -0.03295 -1.52523 -0.35087 0.08163 -0.28722 0.08108 0.27273 -0.06769 -0.30930 -0.04623 0.57602 -0.32500 0.23999 0.36942 -0.23963 1.65582 -0.12677 -0.37539 0.46415 0.48899 -0.16609 -0.48708 0.08406 0.95733 -0.29325 0.06689 0.91703 -0.23927 0.46516 
2.47082 -0.61475 -1.37570 -2.49099 0.03689 -1.16768 -0.60202 -1.61220 -1.13668 -0.97434 0.17331 -2.06930 0.37955 -0.06515 -0.47881 0.29906 0.67241 -0.24176 -0.58228 0.01553 0.58717 -0.38162 0.17527 0.78409 -0.41228 0.96916 -0.08897 -0.37248 0.00822 1.30990 -0.34227 -0.51674 0.28040 -0.46159 0.08876 -0.35052 -0.45948 0.39766 -2.06329 
2.47074 -0.89385 -1.14882 -1.66055 -0.05030 -1.47115 -0.17010 -1.37850 -1.19232 -0.71627 0.75113 -1.93750 0.61829 -0.00734 -0.65970 0.08930 1.58262 -0.40996 -0.82604 0.23417 0.11442 -0.23624 -0.11052 -0.09006 0.15803 -0.40746 -0.01849 -0.08607 -0.09292 0.34829 -0.01982 -0.16856 -0.10955 -0.18952 0.01407 -1.06599 -1.29342 0.43589 -0.30125 
2.46348 -1.27444 -1.28640 -0.90837 -0.37307 -1.99372 -0.36785 -1.49778 -1.37292 -1.08487 0.08325 -1.91127 -0.02791 -0.08364 -0.56488 0.20614 1.02070 -0.26158 -0.75084 -0.09402 0.39765 -0.36755 -0.89072 -0.50933 0.02361 0.66791 -0.06758 0.23216 0.38900 -1.00883 0.13193 0.51641 -0.09482 0.74579 0.55342 -0.47030 0.52578 -0.49302 1.90818 
2.38710 -1.45873 -0.94267 -0.63986 -0.31188 -2.22199 -0.26412 -0.98085 -1.55987 -1.60700 0.24180 -1.91389 1.28620 -0.07492 -0.42754 0.47830 0.57379 -0.27802 -0.30964 0.13935 0.86022 0.31718 -0.58083 0.43572 -0.33499 1.50071 0.04034 0.28624 0.07713 -0.87675 -0.51006 0.62649 0.85834 0.18974 0.92403 0.97553 0.65702 -0.44296 -0.15223 
2.38856 -1.70198 -0.80810 -0.33458 -0.65109 -2.30336 -0.22850 -0.63757 -1.05573 -1.66569 0.51896 -2.24626 1.47280 -0.04329 -0.27864 0.28328 0.14394 -0.77164 -0.12436 0.76433 0.58739 0.55648 0.08481 0.14769 -0.41935 0.51568 0.04132 0.26604 -0.22186 -0.67053 -0.17562 0.27814 0.83344 -0.59503 -0.00233 1.31027 -0.73085 0.35160 -1.03868 
2.34381 -1.73737 -0.65940 -0.49591 -1.08352 -2.34635 0.50021 -0.39346 -1.00339 -1.52219 0.38950 -2.33324 1.80188 -0.03359 -0.16150 0.25644 -0.09673 -0.45365 -0.03149 0.97279 0.26519 0.31485 0.72945 -0.29514 0.01660 0.46203 -0.06868 -0.08446 -0.42381 -0.15392 0.60729 0.20557 -0.41570 -0.64845 -0.53982 -0.05789 -0.84311 0.42413 -0.35583 
2.35497 -1.86348 -0.55165 -0.43131 -1.10474 -2.33486 0.74429 -0.37238 -0.74088 -0.93625 0.22383 -2.22965 1.93483 -0.11198 -0.36310 -0.14053 -0.00998 -0.16435 0.08121 0.34863 -0.06106 0.01667 0.02691 -0.69541 0.00478 0.15985 -0.15796 -0.17286 -0.64775 -0.41168 0.22489 -0.06216 -1.03549 -0.60182 -1.05495 -1.28591 -0.59985 0.05850 -0.86648 
2.23183 -2.10047 -0.79993 -0.50589 -1.24787 -2.26514 0.84883 -0.45452 -0.98673 -1.49528 -0.30592 -2.32846 1.96173 -0.19155 -0.33436 -0.39131 -0.50841 -0.22876 -0.09365 -0.06270 -0.33663 -0.74010 -0.55646 -0.89498 0.07511 -0.40445 0.09312 0.43837 -0.09541 -0.45379 0.30406 -0.17973 0.02552 0.36961 -0.59730 0.38276 1.03912 0.18418 -0.01828 
2.16341 -2.19784 -0.94297 -0.93972 -1.33350 -2.42851 0.68159 -0.70901 -1.48098 -1.49271 -0.67116 -2.15455 1.53039 -0.01885 0.07527 -0.23594 -0.46377 0.13972 -0.09852 0.37414 0.30855 -0.58063 0.40968 0.34371 0.18896 0.14157 0.29283 0.63636 0.30420 0.51307 0.50337 0.20064 0.74472 1.19925 1.31842 1.10947 2.04077 -0.09328 1.27615 
2.21298 -2.02519 -1.03586 -0.96966 -1.10815 -2.36366 1.22298 -0.14597 -1.56736 -1.08560 0.03779 -2.13950 2.10331 0.10127 0.30200 -0.08711 0.00466 0.27461 0.10699 0.68202 0.86262 0.57832 0.55301 1.14579 -0.01817 0.87170 0.08410 0.07384 0.56461 0.90012 -0.36167 -0.01263 0.28176 0.13605 1.39207 -0.24455 -0.49815 -0.05534 0.21781 
2.26468 -1.89584 -1.03007 -0.93506 -1.05889 -2.32152 1.36361 0.15361 -0.90266 -0.93970 0.47463 -2.17272 2.40209 0.06524 0.14911 0.32868 0.43635 -0.22195 -0.11115 0.65590 0.44460 0.81144 0.16512 -0.15444 0.13362 0.35938 -0.18510 -0.31171 0.51224 0.32612 -1.08686 -0.30709 -0.00818 -1.00498 -0.68971 -0.57407 -1.44511 0.01422 -1.51963 
2.27823 -1.87609 -0.70719 -0.53331 -1.33010 -2.47481 1.87888 0.29863 -0.75593 -0.92048 -0.11666 -2.00588 2.46268 -0.08383 -0.00970 0.42513 0.33078 -0.81225 -0.20010 0.67384 -0.14236 -0.11139 -0.02106 -0.29932 -0.00395 -0.64793 -0.20247 -0.15127 0.13598 -0.27350 -0.53843 0.27862 0.01590 -0.60553 -0.88471 -0.09326 0.40384 -0.30918 -0.48814 
2.18086 -1.90554 -0.60494 -0.60428 -1.87115 -2.52162 2.03745 0.01125 -1.01405 -0.96077 0.17531 -2.17667 1.75416 -0.13723 -0.00216 0.46466 0.16285 -0.76038 0.16747 0.67180 -0.16093 -0.07327 0.07186 0.24940 -0.17556 -0.12876 -0.07062 -0.06975 -0.18903 -0.02038 0.43784 0.23818 -0.65410 -0.12192 0.31866 -0.48474 -0.35326 -0.34708 0.03140 
2.14099 -1.87825 -0.24253 -0.37046 -2.09048 -2.30735 2.55068 0.13770 -0.82920 -0.84862 0.13274 -2.18144 2.33392 -0.15444 -0.07945 0.23610 0.31041 -0.37442 0.03808 0.01974 -0.26428 0.20726 -0.50580 -0.65258 -0.35103 -0.61653 0.04411 -0.12724 -0.35090 0.21101 0.56414 -0.35193 -1.01519 -0.04580 0.29741 -0.17611 -1.37325 -0.09192 -0.85706 
2.02642 -1.98500 -0.36884 -0.29387 -2.24556 -2.48354 2.05719 -0.25303 -0.80678 -1.46657 -0.47727 -2.52770 1.13763 -0.09312 -0.12940 0.11376 0.37386 -0.19624 -0.18446 -0.34339 -0.20673 0.22414 -0.10425 -1.12386 -0.26749 -0.98583 0.04034 0.18819 0.14744 -0.09689 0.34409 0.00055 0.88694 0.93473 0.08037 0.72503 0.18697 0.46964 0.96204 
2.04788 -2.00764 -0.12877 0.00340 -2.28672 -2.49181 2.20729 -0.06902 -0.60506 -0.95287 -0.99112 -2.44893 1.34809 -0.11410 0.10874 0.38354 0.21351 -0.03033 0.03864 0.90668 0.67045 0.28764 0.21923 -0.46561 0.11861 0.34551 -0.15239 0.25255 0.22438 -0.50517 0.11436 0.23951 1.16916 0.69690 -0.42460 -0.80767 0.71156 0.37500 1.46536 
1.91232 -1.87626 0.01470 -0.08036 -2.27589 -2.44490 2.96387 0.41742 -0.51915 -1.24734 -0.94288 -2.40909 1.48315 -0.24551 0.12315 0.33813 -0.13131 -0.08188 0.05505 0.82578 0.49017 -0.20047 -0.91192 -0.41230 0.10751 0.47953 -0.06239 -0.06560 0.09604 -0.22556 -0.50638 -0.19933 -1.33037 -1.02454 -0.36571 -1.04310 -1.01170 -0.33834 0.04033 
1.80237 -1.88449 0.20936 -0.12791 -2.36859 -2.43676 3.03306 0.42115 -0.80553 -1.86480 -1.40342 -2.34142 1.82763 -0.17649 0.04314 0.47958 -0.01204 -0.53671 -0.16069 -0.42369 -0.35409 -0.07807 -0.82387 -1.47731 -0.21973 0.38584 0.09226 0.00563 0.24669 0.51705 -0.29197 -0.25717 -0.72032 -0.26065 0.35712 1.04560 -0.02133 -0.14115 0.37775 
1.73583 -1.83312 0.49428 -0.09240 -2.81261 -2.60559 2.54018 0.06334 -0.59722 -2.07121 -2.42019 -2.62882 1.86899 -0.15325 0.12878 0.58482 0.38574 -0.37384 -0.20212 0.10546 0.22953 0.15665 0.13368 -0.43363 -0.03364 0.85728 0.00376 0.14695 -0.19046 0.35655 0.97358 0.05290 0.55568 0.91667 0.00301 1.25944 2.56412 0.58855 0.40694 
1.64912 -1.75571 0.79418 0.25783 -2.74244 -2.63888 3.13852 0.65068 -0.64888 -1.73112 -1.83705 -2.37506 2.68491 -0.17273 0.19009 0.28912 0.34451 0.43687 -0.10779 0.13199 0.56258 -0.07506 0.43557 1.08681 0.36882 0.79278 -0.01215 0.16413 -0.59685 -0.48936 0.70677 0.11685 -0.86087 -0.46039 -0.39346 -0.46534 0.04401 0.04054 -1.39387 
1.56310 -1.64302 0.78340 0.25211 -2.37574 -2.71338 2.67216 0.62592 -0.67228 -1.63565 -1.33338 -2.26001 2.66177 -0.16539 0.29291 -0.01203 -0.10362 0.33292 -0.08527 -0.75542 -0.23086 -0.23681 -0.33166 -0.38963 0.00691 -0.53659 0.15655 0.19056 0.01232 0.14026 -0.64351 0.23735 0.18302 -0.86553 0.28988 -0.19871 -0.98473 -0.31219 -1.94136 
1.48373 -1.46280 0.78216 0.15421 -2.40951 -2.72415 2.38311 0.41982 -0.88569 -2.06278 -2.22668 -2.36816 2.14832 -0.01618 0.38065 0.30144 0.48477 -0.20664 0.12956 0.31501 -0.30295 0.21481 0.23685 0.10208 0.05662 -1.14858 0.13317 -0.11351 0.38219 0.25077 -0.70748 0.02908 0.48415 -0.21684 0.57433 0.95660 0.81918 0.47554 0.28867 
1.54692 -1.26237 1.08485 0.73689 -2.58237 -2.58382 2.98717 0.32296 -0.45747 -1.39879 -1.23130 -2.20338 1.51320 -0.03222 0.17940 0.37016 0.14716 -0.37455 -0.05618 -0.27127 -0.44770 0.33752 0.62493 0.42956 0.48245 -0.24792 -0.13992 -0.34663 -0.23668 -1.25917 0.21602 -0.30663 -1.91215 -0.23800 -0.07787 0.00602 -0.16399 0.41246 0.69190 
1.45151 -1.28340 1.15232 0.30137 -2.78407 -2.78033 2.11184 -0.02789 -0.54816 -1.43785 -1.79712 -1.88571 1.90040 -0.15609 0.03402 0.06477 -0.77439 0.00938 -0.17706 -1.59715 -0.54095 0.13694 0.24287 -0.06191 0.46908 -0.45668 -0.20848 0.14338 -0.23920 -0.22003 1.07523 0.48488 -0.38746 0.41535 0.20427 -0.88193 -0.09272 -0.12723 -1.02391 
1.39083 -1.22835 1.14961 -0.03751 -2.57299 -2.76089 1.39002 -0.21799 -0.32053 -1.15592 -1.29320 -1.73431 1.05651 -0.24069 0.32278 0.13096 -0.07288 0.70068 0.42869 -0.65873 -0.03235 0.54179 -0.25699 0.33684 0.35522 -1.27182 0.10441 0.31955 -0.35444 0.27418 0.30043 0.63196 2.13872 0.58354 -0.53910 -1.58254 -0.28628 -0.33963 -0.42456 
1.21082 -0.96062 1.28327 0.22849 -2.08339 -2.35164 1.45311 -0.06024 -0.00637 -1.69484 -1.46028 -1.53049 0.62858 -0.05168 0.35357 -0.28968 -0.50021 0.30981 0.45490 0.54157 0.04259 -0.40216 -1.33967 -0.34818 0.12945 -0.88124 0.09427 0.05748 -0.64343 -0.80774 -0.34430 0.02627 0.74481 -0.06545 -0.64714 0.50632 0.26898 -0.41800 -0.59118 
1.33914 -0.87478 0.85993 -0.53772 -2.26318 -2.30599 1.93159 -0.17540 -0.72270 -2.49559 -1.64139 -1.60486 0.17527 -0.14643 0.38026 -0.51247 -0.88061 0.35637 0.45497 0.08608 -0.09780 -0.10534 0.24933 0.60582 -0.06279 -1.86300 -0.23825 0.45410 0.04111 0.17597 0.82215 0.13035 -1.55390 0.11387 0.94116 2.31249 1.62640 0.05892 -0.23996 
1.06439 -0.58035 0.77080 -0.65213 -1.72702 -1.89667 1.53919 -0.15803 -0.11171 -1.44551 -0.85446 -1.59328 -1.23442 -0.28993 0.80767 -0.24857 -0.32424 1.13196 0.58525 -1.01233 0.15645 0.53900 0.97282 1.27822 0.18837 -1.12120 -0.21966 0.23699 0.13254 0.44562 0.96347 0.34369 -0.83552 0.05455 0.00784 0.31303 0.09917 0.19515 1.04065 
1.04921 -0.06711 0.61136 -0.86196 -1.13122 -1.72074 0.91927 -0.01894 -0.18370 -1.52276 -0.36317 -1.41649 -0.94593 -0.36608 0.61726 -0.37993 -0.43500 1.31984 0.79866 -0.74944 -0.04325 -0.09750 0.56236 0.70499 0.13237 -0.82235 -0.59979 -0.64799 -0.12474 0.39986 -0.02637 0.92947 0.93954 -0.39928 -0.37863 0.18411 -2.24514 -0.13496 1.92292 
0.69831 0.03691 0.39087 -1.08712 -0.40718 -1.09801 0.78975 -0.20128 -0.20922 -0.88316 -0.14946 -1.46091 -2.05678 -0.88972 0.15968 -0.37331 0.07562 1.10560 1.51472 -0.07279 -0.24282 0.16038 1.15694 -0.96692 0.05341 0.80172 -0.39893 -0.75453 -0.01811 0.70528 -1.09022 0.14650 0.61496 0.14557 0.71873 0.32850 -0.81496 0.94095 2.88063 
0.15949 0.09257 0.23805 -0.78634 -0.02562 -0.20601 0.84647 -0.26177 -0.02332 -0.36583 -1.33009 -1.36308 -0.14421 -0.76501 -0.13727 -0.39804 0.27029 0.22962 0.94516 -0.13448 0.10233 0.62122 0.89086 -0.10996 1.07331 2.05827 0.62653 -0.39287 0.28237 0.48913 -1.39003 -1.50804 -0.36712 0.15565 -0.12206 -0.88651 2.68017 1.13156 -0.42901 
-0.06671 -0.10036 -0.00717 -0.81683 -0.17755 -0.15285 0.65527 -0.09895 0.41201 0.00770 -0.25942 -0.38760 0.00150 -0.26320 -0.23319 -0.09094 0.56475 -0.28443 0.00669 -0.43992 -0.08718 0.03832 0.27043 1.71325 1.18497 0.37271 0.79706 0.23156 0.44780 0.43501 0.06410 -0.87818 -0.39021 -0.11232 -1.00833 -0.92040 0.28103 -0.78153 -1.74405 
-0.10371 -0.14062 0.14711 -0.22159 -0.31006 -0.19932 0.40656 -0.34895 0.01500 -0.09540 0.38316 -0.17811 0.22850 0.03204 0.09429 0.04976 0.70530 0.29372 0.06698 -0.52469 -0.01000 -0.38711 -0.02954 0.17107 0.29179 0.31423 0.37232 0.31338 -0.06530 -0.80646 0.65048 0.06802 0.49498 0.44019 -0.09837 -0.31559 -1.71262 -1.12672 -0.38769 
-0.03466 -0.00607 0.04259 -0.11154 0.11617 -0.08586 0.13058 -0.10895 0.02490 -0.02184 -0.08835 -0.09581 0.31572 0.10912 0.08018 -0.15625 -0.24172 0.36605 0.07470 0.05507 0.35301 -0.06005 -0.04516 0.00064 0.05825 -0.01498 0.00675 -0.14467 0.01136 -0.69624 -0.45356 -0.13946 0.17358 -0.16867 0.61748 -0.02557 -0.50104 -0.40101 0.09588 
0.00541 -0.06044 -0.00914 -0.46331 0.05599 -0.12462 0.46162 0.00406 -0.04505 -0.14056 0.38380 -0.11986 0.21353 0.03879 -0.05038 0.06112 0.00905 -0.15983 -0.07248 -0.35111 -0.17867 0.23037 -0.05511 -0.32997 -0.10922 0.41011 -0.12127 -0.05235 0.23270 0.65217 -0.28751 0.02099 -0.43123 -0.29816 0.18239 -0.13116 -0.41492 -0.18003 -0.01332 
0.00412 -0.05645 0.10371 -0.10248 -0.04366 -0.15834 -0.22052 -0.28762 0.25527 -0.07696 -0.41832 -0.20502 0.72583 -0.01215 0.02784 0.07645 0.41046 0.07854 0.09570 -0.37616 0.05485 0.12234 -0.17632 -0.41428 -0.12178 -0.02830 -0.06144 0.08746 -0.12284 0.01462 0.19821 0.21183 0.62661 0.42992 -0.33274 -0.07200 0.78677 0.06983 -0.86568 
-0.00674 -0.03260 0.06732 -0.05285 0.13452 -0.02892 0.08546 0.05892 0.07728 -0.31688 -0.03048 -0.24163 0.18523 -0.02265 0.03708 -0.06172 0.02367 0.03838 0.13935 0.27550 0.25126 -0.10237 -0.12711 0.45680 -0.03939 -0.45557 0.00923 -0.03315 -0.11229 -0.45483 -0.16152 -0.07404 0.39450 -0.19988 -0.04458 0.22129 0.45233 0.35447 0.12772 
-0.01853 -0.01937 0.04199 -0.07881 -0.00528 -0.01899 0.05498 -0.03636 0.15290 -0.20406 0.03847 -0.24441 0.27026 -0.00292 -0.00531 -0.03584 -0.04437 -0.08298 0.02166 0.01834 -0.14503 0.07776 0.04496 0.03805 0.23269 0.09942 0.04916 -0.06751 0.04869 -0.12630 -0.03571 -0.13269 -0.24560 -0.36299 0.02921 0.02604 -0.51273 0.27619 0.49324 
-0.00966 -0.03791 0.03148 -0.09722 0.05154 -0.00726 0.10380 -0.08611 0.15504 -0.27192 0.00757 -0.00894 0.28465 0.02651 -0.03043 -0.01303 -0.10263 0.00267 0.00666 0.02990 -0.11173 -0.07316 -0.10107 -0.05594 0.23680 0.03767 0.02770 0.00707 0.01543 -0.03333 -0.01902 -0.07580 -0.03735 0.05171 -0.03758 0.35627 0.13351 -0.21146 -0.06768 
0.00799 -0.04980 0.02895 -0.18144 -0.00261 -0.01233 0.08488 -0.14809 0.07974 -0.30514 -0.01747 -0.00761 0.30792 0.02478 0.00176 -0.02040 -0.07770 -0.10200 -0.05414 -0.01901 -0.09332 0.04018 0.40124 0.17156 0.02123 0.03175 -0.04530 0.03133 0.02868 0.16344 0.02082 -0.04211 0.05533 0.19687 0.01819 0.36304 0.16659 -0.32304 -0.14867 
0.01512 -0.03615 0.01108 -0.17492 -0.05046 -0.06141 0.08479 -0.17944 0.19522 0.12932 0.17912 0.01230 0.31640 -0.01879 0.00091 0.01565 0.06081 0.02349 -0.03544 0.08523 0.08513 -0.05497 0.26197 0.11065 -0.08624 -0.11101 -0.05205 0.03167 0.03736 0.17301 0.22091 0.05733 0.05211 0.19750 -0.15242 -0.62713 -0.24946 -0.12226 -0.14984 
-0.01080 -0.04889 0.04460 -0.12063 0.02087 -0.04777 0.17011 -0.06296 0.02477 -0.04317 0.09318 -0.09385 0.19692 -0.02727 0.03343 0.01696 0.09530 0.11891 0.00318 0.03310 0.10418 -0.11224 -0.22589 -0.07790 -0.10102 -0.11810 0.01649 0.00584 0.00889 -0.10171 0.02327 0.01512 -0.00542 -0.14964 0.10777 -0.24973 -0.11281 0.20216 0.11992 
-0.01216 -0.00272 0.02803 -0.07962 0.06845 -0.05822 0.11789 -0.07526 0.08298 -0.09657 0.10122 -0.08873 0.19831 -0.00230 0.00675 0.02454 -0.04090 0.04675 -0.02033 0.07981 -0.06451 0.05280 0.01224 -0.00216 0.11593 0.00891 0.04855 -0.06411 0.02474 -0.08811 -0.10472 -0.03229 -0.14257 -0.20274 0.14928 0.14284 -0.01383 0.05171 0.15956 
-0.01310 -0.04214 0.06914 -0.16153 0.06762 -0.06810 0.24992 -0.12746 0.07757 -0.03093 0.09103 0.02208 0.20583 0.02128 -0.03068 0.04169 0.00720 0.01419 -0.02910 -0.10947 -0.09856 0.03704 -0.08305 -0.09174 -0.04931 0.04146 0.07206 0.02656 -0.03923 0.25961 -0.13066 -0.01988 -0.39376 0.09535 0.11221 0.06795 0.20809 -0.30387 0.15419 
0.00912 -0.03340 0.06973 -0.07242 0.08265 -0.08732 0.00842 -0.17382 0.12001 -0.17962 0.00948 -0.13804 0.23977 0.06976 0.03330 -0.01469 0.21870 -0.08390 -0.04021 -0.31394 0.03084 0.16501 0.08019 0.20594 -0.18795 0.16310 -0.03891 0.06188 -0.11424 -0.02628 -0.04339 0.08597 0.30127 0.17453 -0.08572 0.06497 0.17453 0.15771 -0.10370 
0.05666 -0.00884 0.05446 0.05717 -0.01628 -0.10831 -0.06402 -0.09662 0.24259 0.04927 0.29696 -0.16587 0.36893 -0.01763 0.03120 -0.07255 -0.01909 -0.02920 0.05687 0.19180 0.07597 -0.04868 -0.01808 0.08279 0.10840 -0.06223 -0.12446 -0.05018 -0.00283 -0.34487 0.17441 0.09679 0.43915 0.00460 -0.32148 -0.17926 -0.47752 0.28010 -0.33215 
-0.00851 -0.00220 -0.00282 -0.09151 0.05345 -0.03046 0.20022 -0.09785 0.07133 -0.19771 0.09227 -0.02964 0.17754 -0.05470 -0.01688 -0.01752 -0.12616 0.09050 0.05658 0.12521 0.03544 -0.15646 -0.09906 -0.27158 0.09215 -0.16905 0.02630 -0.05945 0.12712 0.05958 -0.00146 -0.04370 -0.32014 -0.07062 0.08627 0.11699 -0.08871 -0.15596 0.09065 
0.00196 -0.02572 0.03694 -0.06899 0.07422 -0.05173 0.06119 -0.06118 0.08613 -0.04980 0.02538 -0.07372 0.19987 0.00867 -0.02825 0.05457 0.04050 -0.03065 0.01317 -0.12834 0.00536 0.03759 0.09890 -0.00591 -0.04756 0.02842 0.05869 0.02852 0.01494 0.12549 -0.11595 -0.04904 -0.07247 -0.04955 0.13644 0.08463 0.31067 -0.07431 0.11204 
0.00016 -0.03046 0.05175 -0.05101 0.02280 -0.01729 0.07188 -0.09249 0.10892 -0.09880 0.08636 -0.07721 0.20596 0.00399 0.01164 -0.00257 -0.00068 -0.02545 0.00754 0.05274 -0.01410 -0.02003 -0.01444 0.03909 0.01784 -0.05701 -0.00087 0.04172 -0.07158 -0.06390 0.06983 -0.04751 0.15197 0.03164 -0.08614 -0.06519 -0.02414 0.07490 -0.11394 
0.00595 -0.01408 0.03437 -0.06967 0.04878 -0.04419 0.11393 -0.07529 0.06610 -0.06423 0.06447 -0.05588 0.14286 0.00780 0.01346 -0.01701 -0.02341 0.03918 -0.03435 0.02363 0.03700 -0.04856 0.03371 -0.03006 0.02733 -0.08552 0.00386 -0.01688 0.00370 0.00786 0.01737 0.00101 -0.07378 0.02288 0.02366 -0.00882 -0.00736 -0.02806 0.04427 
0.00796 -0.01699 0.03474 -0.07442 0.06197 -0.05164 0.09551 -0.05549 0.06037 -0.06509 0.05630 -0.04987 0.12044 0.00785 -0.00524 0.00112 0.00718 -0.00808 0.00856 -0.02104 0.00877 0.00363 -0.02326 0.03173 -0.01022 -0.01274 0.02308 -0.01740 0.07255 -0.13520 -0.05454 -0.14803 -0.34941 -0.46926 -0.06110 -0.06808 0.60137 0.06320 0.15924 
