0.02027 -0.04745 -0.05751 -0.12313 0.19877 -0.00550 0.18772 -0.04340 -0.00309 -0.28276 -0.06835 0.00451 0.52938 0.00281 -0.00326 0.03202 -0.03945 0.13627 -0.05677 0.05719 -0.02963 0.01587 -0.04044 0.01858 -0.05735 -0.00679 -0.56576 -1.05542 2.14627 -0.00511 -1.01738 -0.74158 1.69438 -2.41635 0.12877 0.72637 -0.41407 -0.69446 0.20144 
0.01802 -0.02506 0.08757 -0.09445 0.21338 -0.08928 0.12030 -0.12829 0.13181 -0.11458 0.07649 -0.14069 0.14361 -0.54208 -1.03011 2.04148 -0.05129 -1.05134 -0.61478 1.86607 -2.40567 -0.21058 0.39080 -0.42899 -0.75684 0.08862 -0.49496 -1.10663 1.74309 0.34928 -0.87282 0.18412 1.96779 -1.76231 -0.49489 0.30228 -0.30042 -1.54041 1.46755 
-0.52181 -1.07756 1.98397 -0.17442 -0.85256 -0.62028 2.05379 -2.44907 -0.21367 0.10804 -0.49734 -0.75233 0.61801 -0.49215 -1.10989 1.77512 0.30983 -0.73655 0.12735 2.02498 -1.79194 -0.47902 0.26184 -0.28184 -1.59776 1.46076 0.98802 2.06394 -3.77772 0.06335 1.93496 1.23533 -3.72964 4.44701 0.95027 -0.75307 0.93441 1.55839 -0.49462 
-0.47412 -1.13495 1.86268 0.21538 -0.52317 0.03807 2.14528 -1.92023 -0.34721 0.14725 -0.20535 -1.73845 1.60437 0.44593 1.03383 -1.73623 0.01207 0.88362 0.62054 -1.86357 2.04134 0.73969 -0.36227 0.50542 0.80156 -0.40600 0.98731 2.21698 -3.59324 -0.57550 1.44008 -0.23321 -4.11314 3.63210 0.97948 -0.46520 0.47591 3.27891 -2.86740 
-0.07587 -0.04373 0.24774 -0.16235 0.03106 0.00026 0.19023 -0.40774 0.52602 -0.25422 0.00807 0.04923 0.21201 0.49516 1.10709 -1.81812 -0.26567 0.70353 -0.10586 -2.08815 1.84016 0.50046 -0.20337 0.19408 1.68115 -1.40664 -0.34751 -1.00813 1.59309 0.10271 -0.74731 -0.70203 1.73379 -1.77265 -1.11567 0.48599 -0.36268 -1.01760 0.35784 
0.02104 -0.02787 0.04457 -0.05029 0.18036 -0.06779 0.05713 -0.08006 0.15326 -0.05611 -0.01128 -0.05730 0.19774 0.09842 0.02570 -0.14314 0.11478 0.13631 -0.08148 -0.12978 0.26869 -0.37598 0.12372 0.14274 -0.21604 -0.04816 -0.48968 -1.11601 1.85095 0.21136 -0.73763 0.11536 2.14598 -1.87728 -0.47920 0.14768 -0.04780 -1.73334 1.41246 
0.02255 -0.01803 0.10460 -0.04758 0.16737 -0.08122 0.06044 -0.13905 0.15004 -0.13050 0.15081 -0.16682 0.16384 0.00549 -0.00892 0.03284 -0.05431 -0.03410 0.00950 0.05783 -0.03712 0.02126 -0.05569 0.14628 -0.05219 0.00582 -0.09449 -0.03752 0.11058 -0.15197 -0.13682 0.09573 0.16288 -0.25259 0.41761 -0.10867 -0.13926 0.26342 0.10025 
0.02652 -0.03679 0.07740 -0.10460 0.14626 -0.05828 0.11496 -0.11718 0.17452 -0.11180 0.13500 -0.10950 0.20356 0.00393 -0.01182 -0.03256 -0.03720 -0.00051 0.01425 0.03310 0.01610 0.04163 0.01505 0.00348 0.04737 0.05209 -0.00698 0.01301 -0.04813 0.08527 0.10810 -0.04330 -0.10364 0.03177 0.03447 0.01088 -0.17255 0.00063 0.01393 
0.02648 -0.02985 0.07203 -0.08477 0.16686 -0.06697 0.09354 -0.12296 0.19167 -0.11545 0.15429 -0.11944 0.21593 -0.00149 0.00409 -0.01529 0.03096 0.07400 -0.03380 -0.04581 -0.00534 0.05573 -0.04481 -0.02627 -0.05157 0.01975 -0.03102 0.02948 0.00374 0.06365 -0.03752 -0.00429 -0.04537 -0.00010 -0.11726 0.05101 -0.13616 0.00556 -0.08902 
0.02503 -0.03269 0.06211 -0.07365 0.22026 -0.09208 0.06915 -0.12252 0.23025 -0.15661 0.10873 -0.16107 0.22331 -0.02709 0.01766 -0.02882 0.02646 -0.03803 0.00996 -0.01228 0.01600 -0.07563 0.06606 -0.13268 0.05293 -0.03693 -0.00664 0.01003 -0.00123 -0.01368 -0.18867 0.08351 0.03676 0.04952 -0.18607 0.11780 -0.00929 0.12966 -0.12378 
-0.00061 -0.01218 0.04322 -0.05832 0.12884 -0.05701 0.08126 -0.10696 0.11604 -0.04939 0.02161 -0.06651 0.17900 -0.00814 0.01412 -0.01652 0.01727 -0.11466 0.04972 -0.00904 0.04418 -0.13034 0.07299 -0.03557 0.07809 -0.10403 0.04208 -0.02288 0.02976 -0.02049 0.00301 0.00806 -0.00800 0.00563 0.06781 -0.10292 0.18606 -0.07743 -0.00167 
0.01689 -0.01858 0.04559 -0.05637 0.10559 -0.04236 0.06011 -0.07834 0.09991 -0.08362 0.07316 -0.08297 0.11928 0.01499 -0.00521 0.00094 0.00596 -0.03502 0.01802 -0.02027 0.02163 -0.00782 -0.03686 0.05338 -0.02450 -0.03860 0.03822 -0.05044 0.09598 -0.11245 0.26552 -0.11730 0.10892 -0.19615 0.31064 -0.22431 0.15464 -0.22934 0.31588 
0.01438 -0.01740 0.04416 -0.05235 0.09381 -0.03899 0.06099 -0.08533 0.10823 -0.08624 0.07499 -0.09101 0.14040 0.03008 -0.03632 0.07947 -0.09518 0.15086 -0.06759 0.09987 -0.15197 0.18031 -0.15131 0.11907 -0.15124 0.21185 -0.01196 0.00376 0.00025 -0.00865 0.04324 -0.01998 0.01804 -0.01433 0.00120 0.03670 -0.05236 0.02993 0.01910 
0.04697 -0.05489 0.12506 -0.15155 0.25646 -0.10995 0.15998 -0.23031 0.28022 -0.23493 0.19224 -0.23422 0.33112 0.00304 -0.00146 0.00119 -0.00269 0.00822 -0.00196 -0.00224 0.00730 -0.00662 -0.00016 0.00102 0.00543 -0.01950 -0.06306 0.07324 -0.15598 0.18593 -0.29538 0.13213 -0.19346 0.29711 -0.36259 0.31550 -0.25271 0.31174 -0.42020 
0.01742 -0.01885 0.04534 -0.05504 0.10203 -0.04094 0.05875 -0.07804 0.10161 -0.08640 0.07601 -0.08558 0.12090 -0.03298 0.03693 -0.07651 0.09075 -0.14452 0.06454 -0.09359 0.14514 -0.18229 0.16418 -0.13363 0.16050 -0.20835 0.05667 -0.23768 -0.05765 0.24926 0.77847 0.20316 0.27321 0.33222 0.12189 -0.96949 -0.27775 -0.02675 1.24170 
0.01400 -0.01797 0.04855 -0.06080 0.11193 -0.04541 0.06639 -0.08516 0.09793 -0.07075 0.05860 -0.07372 0.12277 0.05971 -0.23914 -0.05646 0.24657 0.78668 0.20120 0.27097 0.33951 0.11527 -0.96965 -0.27673 -0.02132 1.22220 -0.02178 -0.38519 -0.44415 0.16009 1.53327 -0.04617 -0.04040 -0.23546 0.85720 -0.77928 -0.14539 -0.26870 0.79114 
0.07713 -0.25799 -0.01112 0.19152 0.88871 0.16026 0.32973 0.26148 0.21688 -1.05605 -0.20073 -0.10690 1.34310 -0.05476 -0.34826 -0.52066 0.25085 1.38874 0.01837 -0.13399 -0.09031 0.67491 -0.61510 -0.27902 -0.10820 0.58278 -0.06936 0.35174 0.08830 -0.56773 -1.50176 -0.33881 -0.40705 -0.80125 -0.07202 1.94781 0.65412 -0.04355 -2.52619 
-0.04076 -0.36623 -0.47210 0.19005 1.50067 -0.02703 -0.06760 -0.17548 0.77284 -0.68585 -0.22041 -0.18191 0.70556 -0.00965 0.11260 0.03184 -0.32116 -0.71507 -0.13761 -0.13607 -0.46174 0.04325 0.97816 0.37739 -0.06487 -1.30399 0.11049 0.67168 1.09032 -0.50647 -2.82790 -0.03662 0.28579 0.09337 -1.21119 1.20515 0.49357 0.18141 -0.98296 
0.06748 -0.14539 0.02072 -0.12964 0.17364 0.02265 0.19365 -0.20027 0.26013 -0.07789 0.17666 -0.17178 0.03911 0.05573 0.32342 0.56967 -0.25562 -1.43916 -0.01824 0.15180 0.00306 -0.53628 0.59005 0.21456 0.07322 -0.40017 -0.05293 0.00955 -0.00815 0.39754 0.67095 0.07739 -0.00661 0.55201 -0.18295 -0.95896 -0.47539 0.12736 1.38397 
0.01497 -0.04281 0.09756 -0.06557 0.06152 -0.04528 0.08420 -0.17242 0.23656 -0.09580 -0.00586 -0.10869 0.30538 -0.06258 0.12215 0.02369 0.07637 -0.04413 -0.06022 -0.14268 0.09027 -0.13969 0.01920 -0.09800 0.06249 0.07999 -0.05328 -0.29946 -0.62189 0.26615 1.47967 0.02258 -0.17725 0.09132 0.40132 -0.58065 -0.13269 -0.05010 0.21569 
0.00490 -0.02323 0.04440 -0.05326 0.12952 -0.03757 0.05097 -0.11000 0.12044 -0.05869 0.07866 -0.10928 0.11910 0.00245 0.02396 -0.05222 0.01052 0.04051 0.00433 -0.02545 0.09438 -0.13496 0.00940 0.08186 0.02311 -0.18448 0.07405 -0.11723 -0.02225 -0.08078 0.02370 0.05403 0.15315 -0.05892 0.11750 -0.04140 0.08971 -0.03361 -0.08142 
0.01742 -0.01885 0.04534 -0.05504 0.10203 -0.04094 0.05875 -0.07804 0.10161 -0.08640 0.07601 -0.08558 0.12090 0.01147 0.00493 0.00144 -0.00441 -0.02042 -0.00618 0.01047 0.03135 -0.02219 -0.02220 -0.00829 0.02888 -0.00143 -0.00340 -0.02558 0.05069 -0.00676 -0.03016 -0.00773 0.01830 -0.08794 0.14661 -0.01497 -0.08676 -0.02766 0.20049 
0.01638 -0.01830 0.04584 -0.05767 0.10910 -0.04375 0.06144 -0.07865 0.09825 -0.08089 0.07037 -0.08040 0.11768 -0.00095 -0.00163 -0.00153 0.00377 0.01035 -0.00340 -0.00715 0.00644 0.01165 -0.00557 -0.00490 -0.00454 0.01601 -0.01085 -0.00506 -0.00282 0.00790 0.01221 0.00925 -0.01321 -0.03109 0.02653 0.01545 0.01533 -0.03592 0.00755 
0.01647 -0.02048 0.04381 -0.05128 0.11238 -0.04434 0.05160 -0.07159 0.11326 -0.09197 0.07111 -0.09012 0.13691 0.00062 -0.00013 -0.00138 0.00349 -0.00821 0.00306 -0.00274 0.00026 0.00434 -0.00675 0.00704 -0.00704 0.00613 -0.00004 0.00103 0.00466 -0.00531 -0.01296 0.00411 0.00964 -0.01202 -0.00986 0.01184 -0.00302 0.00825 -0.01074 
0.01700 -0.01843 0.04446 -0.05418 0.10088 -0.04069 0.05870 -0.07838 0.10259 -0.08764 0.07741 -0.08744 0.12380 -0.00099 -0.00060 0.00313 -0.00154 -0.00260 0.00071 0.00249 -0.00557 0.00180 0.00627 -0.00792 0.00370 0.00527 -0.00073 -0.00001 0.00251 -0.00568 0.01292 -0.00473 0.00415 -0.00022 -0.00702 0.01078 -0.01129 0.01150 -0.01065 
0.01548 -0.02108 0.04694 -0.05282 0.10978 -0.04363 0.05409 -0.07716 0.11506 -0.08570 0.06319 -0.08642 0.14218 -0.00011 -0.00014 0.00113 -0.00219 0.00471 -0.00167 0.00141 0.00004 -0.00268 0.00402 -0.00425 0.00447 -0.00453 0.00293 0.00282 -0.00473 -0.00068 -0.00515 0.00197 0.00218 0.00470 -0.01524 -0.00697 0.02074 -0.00286 -0.02655 
0.01689 -0.01858 0.04559 -0.05637 0.10559 -0.04236 0.06011 -0.07834 0.09991 -0.08362 0.07316 -0.08297 0.11928 0.00194 0.00222 -0.00160 -0.00222 -0.00775 0.00269 0.00466 -0.00087 -0.01345 -0.00070 0.01282 0.00084 -0.02128 0.00063 -0.00013 -0.00139 0.00352 -0.00828 0.00309 -0.00276 0.00026 0.00438 -0.00681 0.00709 -0.00708 0.00615 
0.01742 -0.01885 0.04534 -0.05504 0.10203 -0.04094 0.05875 -0.07804 0.10161 -0.08640 0.07601 -0.08558 0.12090 0.00052 -0.00028 -0.00025 0.00133 -0.00356 0.00142 -0.00135 0.00031 0.00170 -0.00278 0.00284 -0.00261 0.00162 -0.00691 -0.00910 -0.00206 0.01809 0.04354 -0.01814 -0.02608 0.02659 0.04630 -0.01809 -0.02287 -0.02618 0.07947 
0.01742 -0.01885 0.04534 -0.05504 0.10203 -0.04094 0.05875 -0.07804 0.10161 -0.08640 0.07601 -0.08558 0.12090 -0.00498 -0.00687 -0.00366 0.01587 0.03579 -0.01545 -0.02142 0.02572 0.03285 -0.01879 -0.01005 -0.02534 0.05819 -0.00105 0.00055 0.00050 -0.00265 0.00713 -0.00283 0.00271 -0.00061 -0.00340 0.00556 -0.00569 0.00522 -0.00325 
0.01244 -0.02573 0.04168 -0.03917 0.13782 -0.05640 0.03734 -0.05232 0.13446 -0.10519 0.06596 -0.11092 0.17909 -0.00052 0.00028 0.00025 -0.00133 0.00356 -0.00142 0.00135 -0.00031 -0.00170 0.00278 -0.00284 0.00261 -0.00162 0.00686 0.01004 0.00285 -0.03640 -0.06606 0.03415 0.05205 -0.04818 -0.07145 0.01771 0.01075 0.05562 -0.07857 
0.01689 -0.01858 0.04559 -0.05637 0.10559 -0.04236 0.06011 -0.07834 0.09991 -0.08362 0.07316 -0.08297 0.11928 0.00188 0.00317 -0.00081 -0.02053 -0.03027 0.01870 0.03064 -0.02246 -0.03860 -0.00108 0.00070 0.03028 -0.02038 0.00105 -0.00055 -0.00050 0.00265 -0.00713 0.00283 -0.00271 0.00061 0.00340 -0.00556 0.00569 -0.00522 0.00325 
0.01433 -0.02256 0.04087 -0.05970 0.10755 -0.03770 0.06798 -0.07478 0.09587 -0.10627 0.06666 -0.08064 0.15871 0.00052 -0.00028 -0.00025 0.00133 -0.00356 0.00142 -0.00135 0.00031 0.00170 -0.00278 0.00284 -0.00261 0.00162 0.00068 0.00081 0.00553 0.02386 0.02831 -0.02336 -0.03851 0.01889 0.04264 0.02373 0.00581 -0.03261 -0.01905 
0.01742 -0.01885 0.04534 -0.05504 0.10203 -0.04094 0.05875 -0.07804 0.10161 -0.08640 0.07601 -0.08558 0.12090 0.00257 0.00398 0.00472 0.00333 -0.00196 -0.00466 -0.00787 -0.00357 0.00404 0.02265 0.00651 -0.00233 -0.03943 -0.00105 0.00055 0.00050 -0.00265 0.00713 -0.00283 0.00271 -0.00061 -0.00340 0.00556 -0.00569 0.00522 -0.00325 
0.01689 -0.01858 0.04559 -0.05637 0.10559 -0.04236 0.06011 -0.07834 0.09991 -0.08362 0.07316 -0.08297 0.11928 -0.00052 0.00028 0.00025 -0.00133 0.00356 -0.00142 0.00135 -0.00031 -0.00170 0.00278 -0.00284 0.00261 -0.00162 -0.01387 -0.00505 -0.00263 0.00332 0.01103 -0.00440 0.01856 -0.02654 0.03947 -0.00485 -0.05723 0.01258 0.10686 
0.01689 -0.01858 0.04559 -0.05637 0.10559 -0.04236 0.06011 -0.07834 0.09991 -0.08362 0.07316 -0.08297 0.11928 -0.01130 -0.00107 0.00209 0.00665 0.00908 -0.00906 0.01069 -0.03010 0.04351 0.01781 -0.05072 0.01025 0.06743 -0.01730 -0.00374 0.02430 -0.00372 -0.00549 -0.00660 0.03151 -0.05977 -0.08839 0.01294 -0.08034 0.02022 0.04500 
0.00559 -0.01965 0.04769 -0.04972 0.11467 -0.05142 0.07079 -0.10844 0.14342 -0.06581 0.02244 -0.07272 0.18670 -0.01782 -0.00347 0.02455 -0.00505 -0.00193 -0.00802 0.03287 -0.06008 -0.09008 0.01572 -0.08319 0.02283 0.04337 1.00005 0.61997 0.73811 0.04457 0.51712 -0.86895 -0.68614 -1.75121 -1.94121 -1.83744 -2.46952 -3.32900 -3.27039 
-0.00093 -0.02204 0.07014 -0.06142 0.10367 -0.05038 0.09297 -0.13842 0.00983 -0.06790 -0.01003 -0.06014 0.16265 0.98874 0.61889 0.74020 0.05122 0.52620 -0.87802 -0.67545 -1.78131 -1.89770 -1.81963 -2.52024 -3.31875 -3.20296 1.50407 0.70766 1.45379 0.70684 0.37201 -1.66532 -1.52424 -2.04055 -1.91201 -3.39147 -2.08280 -2.26648 -1.53187 
0.99433 0.59924 0.78789 0.00151 0.64087 -0.92944 -0.60466 -1.88975 -1.75428 -1.88544 -2.49781 -3.39147 -3.01626 1.48625 0.70420 1.47833 0.70179 0.37008 -1.67334 -1.49138 -2.10063 -2.00209 -3.37575 -2.16599 -2.24365 -1.48850 -0.58028 -1.08178 0.01415 1.83407 0.80095 -0.44111 -0.51389 2.29454 2.82225 -0.22041 2.66747 5.51499 7.38237 
1.48531 0.68215 1.54848 0.64037 0.47375 -1.72371 -1.39840 -2.23905 -1.99227 -3.44366 -2.17602 -2.30379 -1.32585 0.40846 -0.46288 0.75435 1.88529 1.32715 -1.31912 -1.18934 0.51322 0.92455 -2.04004 0.14722 2.19624 4.17941 -1.45281 -1.70160 -1.87220 0.95690 2.76410 1.59590 0.67692 2.06938 3.98970 5.03861 3.27859 3.42212 3.01738 
1.40279 0.13636 1.54224 1.88680 1.96802 -2.24857 -1.79400 -1.37653 -0.82972 -3.92549 -2.35058 -1.19523 1.16315 0.03343 -0.99740 -0.39387 1.65869 3.13418 -0.07744 -0.81446 -0.03125 1.98761 1.66286 1.11260 1.17847 1.52888 0.19160 -1.22932 -2.42735 -2.51931 -2.06615 2.19828 2.60766 -2.87587 -2.89300 5.46109 2.79861 -3.35980 -4.90130 
1.51875 -0.31525 1.15461 2.29906 3.60793 -1.80115 -2.21287 -2.27030 -0.00466 -1.78080 -1.06341 -1.12532 0.20303 0.60006 -1.69220 -1.67300 -0.63402 -0.73900 0.87915 1.41832 -2.36265 -1.96845 3.42104 2.94584 -1.16356 -0.72189 0.39206 -0.82278 -2.04301 -3.29707 -6.96611 0.05278 3.35836 0.52749 -5.53054 2.26071 -0.10660 -3.26543 -1.45665 
2.00285 -1.55585 -0.13076 1.25278 1.22902 -1.36941 -0.37568 -3.73918 -2.79817 -0.50444 0.59525 -2.35879 0.44127 0.42549 -1.82018 -2.43687 -1.63838 -3.83193 -0.02465 2.54390 0.49624 -3.54293 3.92357 1.00600 -2.08696 0.07223 -0.79723 0.93177 0.38833 -0.76376 -0.52597 -1.45738 -0.36280 4.64157 2.42708 -0.61570 -4.28264 0.68029 0.63884 
1.94424 -2.13544 -1.28226 0.66067 -0.22400 -1.82580 0.33103 -1.77406 -3.54759 2.14278 -0.05741 -3.21228 0.27527 -0.19717 -0.76044 -1.28467 -1.39778 -1.26497 -0.57823 1.05552 2.27892 0.45863 2.80534 -1.33681 -0.48327 -0.08304 -0.27328 1.44619 2.53689 0.34848 5.12879 -0.08271 -1.38001 -0.92851 5.62191 -3.75615 -2.39900 3.28952 -0.02191 
1.80568 -2.31628 -1.41542 -0.14500 -0.03595 -1.94764 0.67984 -1.46025 -2.33954 2.30090 -0.74156 -2.84206 0.35822 0.15221 -0.37399 0.10002 -1.28991 1.29686 -0.10737 1.16389 -0.43227 2.07898 0.16743 -1.39300 1.20255 0.05033 0.46597 0.55751 1.03828 0.69680 1.82310 0.68843 -0.26067 -3.39555 0.92252 -3.99295 0.12415 1.51795 -0.36835 
2.09644 -2.50942 -1.18225 -0.62923 1.07286 -1.93317 1.49492 -2.20633 -1.46861 2.31020 -1.45041 -2.00973 0.32559 0.26880 -0.20293 -0.24638 -0.70098 0.55813 0.11020 0.79485 -1.11663 1.38115 -1.18761 -1.21266 1.03468 -0.45140 -0.03453 0.34397 -0.91303 1.21343 -2.14564 -0.11260 -0.75529 0.66056 -2.87093 -1.92334 1.21992 -1.40356 -0.21184 
2.07448 -2.51921 -1.66181 -0.84598 0.52219 -1.83744 1.47468 -2.57688 -0.95840 1.11329 -1.95421 -1.80738 -0.09317 0.11768 -0.03002 -0.81301 -0.07647 -0.84878 -0.21996 0.40860 0.22829 -0.79194 -1.75591 -0.17308 -0.20101 -0.16151 -0.18832 0.43098 0.28084 0.82955 -0.82844 -0.26914 -0.30046 2.41233 -1.84247 -0.28736 1.79481 -1.16450 0.50348 
2.21412 -2.53944 -1.99525 -0.70571 0.22409 -2.15313 1.90352 -1.97805 -2.26056 0.55429 -1.62350 -2.21074 0.16408 0.08048 0.22805 0.03446 0.12857 -0.27031 -0.15894 0.49439 1.29570 -0.46132 -1.47497 0.58216 -0.12982 0.05208 -0.11517 0.27995 1.22497 -0.01230 0.91190 0.47780 -0.06201 0.12534 1.95771 0.61920 -0.24943 1.34298 0.11606 
2.15496 -2.29116 -1.62735 -0.71742 0.25188 -1.99638 1.96908 -1.28118 -1.41972 -0.36168 -1.37205 -1.93721 -0.04109 0.00251 0.24993 0.41196 -0.08878 0.06312 0.25784 0.34659 0.35362 1.16576 -1.13672 -0.42251 1.14197 -0.04545 -0.33211 0.14434 -0.40884 0.13070 -1.17882 0.69044 -0.61119 -1.11458 0.06798 1.81033 -1.83041 1.51051 -0.85705 
2.21663 -2.28951 -1.58329 -0.79448 0.28721 -1.89530 2.25010 -1.62442 -1.09479 -0.58242 -2.04601 -1.06876 0.11863 -0.25162 0.37239 -0.37438 0.25926 -1.44913 0.53150 -0.11680 0.18113 -0.39334 0.33537 -1.24826 1.38069 -0.80496 -0.03675 -0.18531 -0.53142 -0.32483 -0.31782 -0.29506 -0.26877 -0.53982 -1.57117 0.63724 0.29801 -1.36493 -0.58784 
1.90334 -1.91877 -2.00173 -0.45815 -1.19725 -1.46488 1.85228 -1.10006 -1.81306 -0.02631 -2.62031 -0.55652 -0.84605 -0.03425 0.06462 -0.11945 -0.41361 -0.25470 -0.03722 0.07781 -0.18620 -0.40541 -0.49948 -0.12450 -0.22295 -0.63329 0.52564 -0.55980 0.88992 -0.94717 2.63588 -0.74029 0.56096 -0.54189 1.15515 -1.82815 1.95485 -2.20030 1.73380 
2.18238 -2.22489 -1.70274 -1.20809 0.03251 -1.93252 2.32792 -1.81063 -1.50020 -1.08190 -2.17051 -1.29172 -0.51466 0.27402 -0.18741 0.51554 -0.68790 1.18675 -0.20879 0.44417 -0.36076 0.76181 -1.49278 0.70659 -0.81962 0.92884 0.18435 0.20623 0.53279 0.78879 0.61217 0.56455 0.07821 0.46968 1.24566 0.18439 0.41630 0.67097 1.71782 
2.17735 -2.10618 -1.48619 -1.14606 -0.01050 -1.67367 2.29644 -1.46082 -1.05125 -1.51910 -1.91372 -1.37614 0.08279 0.15010 0.27086 0.41334 0.37518 0.35747 0.52733 0.15602 0.28347 0.84025 -0.31508 0.29180 0.44801 1.08453 -0.38124 0.23579 -0.55474 0.53548 -1.15155 -0.06621 -0.01121 -0.83700 -1.14187 1.40231 -1.25860 1.55816 -1.77650 
2.33248 -1.95403 -1.28940 -0.83291 0.38998 -1.40519 2.48394 -1.52715 -0.65995 -1.39698 -1.87871 -0.84370 0.56987 -0.10722 0.04838 -0.03920 -0.15242 0.03520 -0.27500 0.43296 -1.19777 -0.38006 -0.09047 -0.55201 0.73854 -0.84766 -0.33697 -0.47469 -0.83537 -0.82865 -1.24369 -1.08175 -0.35664 -1.27410 -2.32466 0.07018 -0.17084 -1.12243 -1.69212 
2.07013 -2.05780 -1.52538 -1.29847 0.02470 -1.94867 2.72940 -2.65859 -1.43131 -1.60957 -2.46573 -0.63759 -0.76487 -0.18687 -0.20384 -0.42204 -0.45346 -0.88622 -0.55442 -0.20062 -0.99062 -1.48441 -0.24490 0.12096 -0.67442 -0.60759 0.34612 -0.08568 0.01011 0.38102 -0.19798 0.61327 -0.75192 1.63152 0.22551 0.30668 1.48268 -1.43368 2.10627 
2.14562 -2.15787 -1.71144 -1.28637 -0.49624 -1.95960 2.28333 -2.51778 -2.14436 -1.64189 -1.75776 -1.51812 -0.03772 0.23890 -0.03730 -0.02909 0.22861 -0.16278 0.33827 -0.31896 0.43375 -0.15455 0.21621 0.93067 -0.69513 1.25861 0.37307 0.22830 0.44549 0.64433 0.89872 0.86851 0.03089 1.14268 2.16596 0.04924 -0.04923 0.89518 0.24825 
2.30902 -2.09510 -1.55447 -1.06987 -0.13807 -1.61041 2.41044 -2.22483 -1.58586 -1.39336 -1.53507 -1.33272 0.49374 0.18620 0.02447 0.02346 0.19086 0.01250 0.31409 -0.16973 0.15206 0.68156 -0.19567 0.07172 0.22076 -0.35934 -0.12210 0.14650 0.20663 -0.11828 0.12383 -0.08519 0.08558 -0.06632 0.91597 -0.33931 -0.85788 0.79642 -1.86562 
2.33182 -2.13340 -1.68798 -1.09551 -0.48375 -1.64551 2.11359 -2.36572 -1.46280 -1.83755 -1.68603 -1.29736 -0.39706 0.11680 0.10920 0.17754 0.11033 -0.03894 0.25308 -0.23338 0.36743 0.76142 -0.12310 0.07278 0.10129 -0.60701 -0.12339 0.02738 0.01820 -0.16145 -0.38317 -0.36657 0.17646 0.18937 -0.53597 0.32497 -0.20150 -0.77773 0.68566 
2.42582 -1.98589 -1.37692 -0.95954 -0.17702 -1.35733 2.17706 -1.85740 -0.82444 -1.51645 -1.46228 -1.23144 -0.11327 0.06282 0.05185 0.04165 0.02942 -0.37067 -0.05248 0.00673 0.34142 0.14559 0.12930 -0.12978 -0.55697 0.32632 -0.19644 -0.16985 -0.14407 -0.16213 -0.18238 -0.23091 0.07782 -0.09003 -0.84098 -0.23092 0.01553 0.29460 0.35683 
2.39464 -2.08155 -1.64633 -1.06609 -0.85442 -1.69799 2.12032 -2.02430 -1.31721 -1.70825 -1.81581 -1.85433 -0.07074 -0.07965 -0.06065 0.03347 -0.05180 -0.22132 0.02217 -0.15557 0.27740 -0.07956 -0.35401 0.08831 0.39589 -0.25018 -0.03664 -0.00851 0.20157 0.03482 1.10328 0.33398 0.38293 -0.25023 0.10671 0.22402 0.24459 1.46993 -0.03144 
2.34617 -2.04654 -1.34345 -1.01134 -0.39834 -1.33516 2.02149 -1.58001 -0.90400 -1.87047 -1.37397 -0.83555 -0.36345 0.02618 0.04334 0.24323 0.06424 0.73261 0.28150 0.38966 0.09119 0.25229 0.35332 0.11481 0.91296 0.29488 0.09376 0.00185 -0.08793 -0.01761 0.05123 -0.07735 0.42512 -0.78238 -0.05663 0.60472 -0.50444 -0.73662 0.90401 
2.42082 -2.03821 -1.40310 -1.00186 -0.12181 -1.41649 2.50998 -1.93311 -1.06492 -1.35493 -1.70101 -0.94137 0.22414 0.01411 -0.05880 -0.05446 -0.06941 -0.17009 -0.05518 0.26956 -0.50498 -0.13619 0.25071 -0.41613 -0.34073 0.65383 -0.16326 -0.24191 -0.30381 -0.08038 -1.72380 -0.24397 -0.73116 -0.33836 -0.52410 -0.82992 -0.16085 -1.23387 -0.35723 
2.36028 -2.10534 -1.39791 -1.08075 -0.56843 -1.39033 2.29105 -2.08499 -1.04019 -1.61976 -1.79010 -1.17628 0.29038 -0.13708 -0.19858 -0.06058 -0.01614 -0.99120 0.03753 -0.34150 -0.24717 -0.27181 -0.47659 -0.04604 -0.32091 -0.06235 -0.05264 -0.01508 0.09295 0.39001 0.11644 -0.06295 -0.15158 0.72229 -0.35983 -0.21875 0.72093 0.23089 -0.45231 
2.28374 -2.23679 -1.46368 -1.01800 -1.11300 -1.37897 2.16848 -2.18028 -1.33673 -1.83152 -1.74705 -1.26227 0.16179 -0.03853 -0.07387 0.03850 0.32059 -0.05365 -0.11813 0.11797 0.21731 -0.49602 0.03195 0.30480 -0.10984 0.20152 0.09216 0.30796 0.43688 0.15209 1.51870 -0.18475 0.77363 0.85745 0.40767 0.66111 0.19887 0.27824 0.84284 
2.32174 -2.17922 -1.35941 -0.76016 -0.62208 -1.50846 2.40902 -1.86768 -1.53620 -1.58781 -1.48530 -1.28612 0.49190 -0.04492 0.10939 0.37630 0.13594 0.52751 -0.14722 0.43213 0.61028 0.13586 0.18452 0.15283 -0.04267 0.78049 -0.12886 0.16032 0.15244 -0.87346 0.58121 0.28628 -0.40552 0.68672 0.44163 -0.26787 -0.16538 -0.28860 0.65368 
2.23882 -2.12740 -1.08738 -0.88206 -0.58549 -1.52618 2.60060 -1.57000 -1.20087 -1.64701 -1.59422 -1.30494 0.94228 -0.16740 0.08645 0.19094 -0.55287 0.52756 0.16815 -0.28754 0.90402 -0.05439 -0.23592 0.13942 -0.39844 0.85520 -0.11134 -0.13263 -0.60696 -0.50253 0.31323 -0.29725 -0.86985 0.20141 -1.05250 0.15844 0.03539 -1.00055 -0.69685 
2.15435 -2.09277 -1.16847 -1.31302 -0.09452 -1.34032 2.12148 -0.96366 -1.59059 -1.82373 -1.34588 -1.68457 1.34709 -0.15626 -0.02324 -0.23066 -0.36659 0.84074 -0.44447 -0.43773 0.81169 -0.91664 0.34296 0.18822 -1.04321 0.08363 -0.06870 -0.29474 -0.44565 0.26914 -0.53564 -0.96313 0.16873 -0.72560 -0.45201 0.24236 -0.44163 -0.21070 -1.69759 
2.08256 -2.15064 -1.31804 -1.24865 0.25525 -1.97065 2.16288 -0.75831 -2.11751 -1.30405 -1.40600 -2.34816 1.02591 -0.23610 -0.20829 -0.25472 -0.28372 -0.00808 -0.79498 -0.11882 0.17842 -0.50640 0.00644 -0.30221 -0.60915 -0.84239 0.05691 0.06901 0.33731 -0.14233 -0.18506 0.82486 0.12161 -0.10728 1.14114 -0.62926 0.39690 1.23206 0.39143 
1.91824 -2.30105 -1.42319 -1.59675 -0.10261 -2.13530 2.00266 -0.78524 -2.09698 -1.81728 -1.64809 -2.29371 0.50471 -0.09935 0.04577 0.10665 -0.50892 0.65568 0.38039 -0.31611 0.70441 0.22450 -0.28630 0.58512 0.18885 0.47506 0.26046 0.34577 0.57091 0.16556 0.70360 0.93151 0.06378 -0.00854 0.67140 1.08490 0.46959 0.77141 2.16083 
1.98321 -2.10487 -1.21139 -1.75756 0.91093 -1.59026 1.84676 -0.05391 -1.89301 -1.59035 -0.82088 -2.15931 1.50097 0.02436 0.13748 0.31619 -0.11816 0.69551 0.13653 -0.05504 0.16988 0.16500 1.09135 0.16739 0.16226 1.31844 0.05067 -0.14324 -0.14186 0.66999 -1.41624 -0.49509 0.27749 -1.49581 -0.01776 0.92864 -0.73147 -0.72179 -0.25088 
1.94260 -2.16358 -1.10700 -1.71490 0.59291 -1.99876 1.94762 -0.61535 -1.93198 -0.72594 -1.48070 -2.13145 1.82315 -0.04868 -0.09747 -0.03522 0.16107 -0.76056 -0.11470 -0.03862 -0.79141 0.20674 0.64234 -0.14635 -0.53294 0.22419 0.02463 -0.18848 -0.50679 0.10510 -0.06923 0.08971 -0.13407 -0.21083 -0.40074 -0.79379 0.70266 -1.04669 -0.62882 
1.93453 -2.20234 -1.24661 -1.59649 0.15037 -1.70496 1.80814 -0.84532 -1.68628 -0.94801 -0.96723 -2.69225 1.72516 0.04899 -0.05100 -0.19060 -0.01306 0.62629 0.22624 -0.18911 -0.04095 -0.23574 0.29755 0.87005 -0.88443 0.68963 0.14341 0.20517 -0.07608 -0.22609 2.57003 0.20921 -0.30992 1.00051 -0.42713 0.29140 0.62706 0.67447 0.78515 
1.99159 -2.21458 -1.29760 -1.72796 1.21919 -1.77252 1.75851 -0.65630 -2.16772 -0.42839 -0.61065 -3.01587 2.51278 0.09472 0.10770 -0.11129 -0.06503 1.80948 0.09451 -0.34855 0.20911 -0.22039 0.93375 0.48072 0.14154 1.00933 -0.07172 0.10511 0.30519 0.00376 0.34273 -0.30507 -0.43919 0.19524 -0.37905 -0.12936 -0.62268 1.42721 -0.83170 
2.02926 -2.09464 -1.35790 -1.66152 1.95985 -1.61045 1.45960 -0.63621 -1.90667 -0.01426 -0.48651 -2.55071 2.73449 -0.02274 0.05410 0.11458 -0.00929 0.96902 -0.07883 -0.62830 0.15429 -0.61479 0.16819 0.24737 0.54279 -0.14207 -0.08626 -0.15067 0.45443 0.47843 -1.69245 -0.06875 0.17987 -0.08370 -0.58082 -1.41045 -0.09919 0.54961 -0.88243 
1.96885 -2.16048 -1.18302 -1.73725 2.18821 -1.85136 1.13021 -0.50201 -2.78250 -0.26019 -0.36328 -2.47309 2.37071 0.00846 -0.04297 0.34314 0.41340 0.11703 0.02577 -0.16867 0.12540 -0.80122 -0.47671 0.38152 0.69115 0.12690 0.15994 0.07529 0.34335 0.47643 0.23928 0.25993 0.83869 -0.29437 0.72718 0.24874 -0.31446 0.58196 1.59753 
2.03772 -2.13761 -1.01476 -1.24812 2.07687 -1.58468 1.29092 -0.51081 -2.70789 -0.49097 -0.10499 -1.85956 2.86139 0.13720 0.12939 0.45793 0.46714 1.20830 0.18110 0.21039 -0.14007 0.11239 0.41693 -0.06710 1.12475 1.45547 -0.33103 0.47238 -0.57730 -1.52321 2.59982 -1.32592 1.26688 -1.36116 1.38155 1.82518 -2.04609 0.37726 -1.44539 
2.10605 -2.03109 -0.72508 -1.27012 3.39651 -1.67026 1.34060 -0.64209 -2.67011 0.15673 -0.43038 -1.34834 3.82618 -0.32256 0.42941 -0.23416 -1.10980 2.71685 -1.30016 1.09821 -1.23576 0.58033 1.34847 -1.66456 1.06841 -1.31849 -0.65791 0.01303 -1.31012 -2.38849 -0.25609 -1.81653 0.23039 -0.60693 -0.38404 -0.57444 -1.16529 -1.69884 -4.76444 
1.71516 -1.70820 -1.24891 -2.35792 4.79372 -2.88484 2.38913 -1.74656 -2.12756 0.85750 -1.76955 -0.79115 1.54290 -0.52071 0.14243 -0.85219 -1.92135 0.95221 -1.63543 0.44078 -0.74700 -0.27164 -0.15751 -1.23238 -0.57409 -3.30898 0.66351 -0.79127 0.12970 1.39527 -5.50335 2.04690 -2.33679 2.34193 -0.86765 -2.11379 2.62490 -2.69939 1.61136 
1.58534 -1.88866 -1.57727 -3.19147 4.34872 -3.30569 1.78138 -1.38909 -2.94175 -0.00078 -1.66276 -1.92243 0.51720 0.34095 -0.36186 -0.10446 0.28547 -2.78650 0.74674 -1.23858 1.10617 -0.28731 -0.76532 0.96034 -1.63098 0.29287 1.14141 -0.29537 1.23558 3.28064 -2.85122 2.99294 -1.30366 1.65588 1.25995 0.67108 2.31112 0.02255 5.54995 
2.05611 -2.07006 -1.35337 -2.07245 2.00722 -2.13810 1.15055 -0.64039 -2.41487 0.09218 -0.80922 -2.42214 1.83577 0.62070 -0.15295 0.38339 1.35928 -1.89901 1.35751 -0.86288 0.90888 0.98831 0.51357 1.07874 -0.55155 2.24097 -0.37318 0.51102 -0.09123 0.12320 3.40245 -0.46572 0.58110 -1.32462 1.40472 0.61956 -0.55269 1.68033 0.44527 
2.20604 -2.04161 -1.19388 -1.83218 2.44970 -1.94818 0.91850 -0.48020 -1.95344 0.51279 -0.58403 -2.47398 2.75817 -0.03222 0.14916 -0.19568 0.40867 0.61594 0.28102 -0.65748 -0.21845 1.11741 -0.14576 0.40765 0.04935 0.73814 -0.76133 0.04459 -0.51446 -1.10660 1.57171 -1.77773 0.31748 -1.95110 -1.87949 -0.57238 -1.38313 0.31921 -2.69087 
2.02389 -1.92090 -1.54905 -1.66378 2.62316 -1.85707 0.49307 -0.85884 -1.29747 -0.05358 -0.40157 -2.37279 2.57391 -0.14063 -0.10835 -0.13106 0.25268 -0.32730 -0.42022 -0.54540 -1.04222 -0.89118 -0.05881 -0.30439 -0.23233 -0.44989 0.06957 -0.25249 0.95376 0.34589 -1.04117 -0.33345 0.97524 -0.25445 -2.06100 0.75733 -0.07093 0.42100 0.09079 
2.06541 -2.14996 -1.32494 -1.57951 2.12240 -2.36840 0.37310 -1.52242 -2.84462 0.45397 -0.88842 -2.70631 2.30828 0.03735 -0.10333 0.75808 0.75456 -0.42523 -0.05243 0.31776 -0.47290 -0.94360 0.61157 0.33672 0.47035 0.82894 0.06574 0.21374 -0.21318 1.05801 -0.82469 0.95562 0.38333 0.87804 1.37933 0.30031 0.80694 0.87641 1.49948 
2.06124 -2.02422 -0.79098 -0.90922 2.19793 -1.90950 0.81082 -1.33174 -2.24107 0.55799 -0.06485 -1.90245 3.40285 -0.07489 0.10539 -0.34425 1.31069 -1.15200 0.53540 -0.16206 -0.16418 0.48815 0.24149 0.50255 0.64408 1.04959 0.02083 -0.08965 -1.13931 -0.35224 -0.21922 -0.08297 -0.56683 -0.76544 1.47308 -0.39102 -0.56465 -0.59934 -1.23660 
1.99053 -2.04457 -1.66919 -0.26881 0.97040 -1.83300 0.21104 -1.68660 -2.35647 0.69547 -0.38587 -2.06224 3.35787 0.05818 -0.19298 -0.38124 0.40233 -0.64445 -0.13540 -0.24907 -1.23834 0.52948 0.22055 -0.22793 -0.12900 -0.40766 0.30628 -0.24126 1.18468 -0.82585 1.56781 -0.52657 0.45589 -1.11145 0.55909 -0.46196 -0.93226 0.00734 -1.94683 
2.11942 -2.21720 -1.17221 -0.50689 1.55348 -2.04490 0.56175 -2.57008 -1.71158 0.77854 -0.29278 -2.03144 2.99519 0.23139 -0.13587 0.84043 0.48484 0.41581 0.00883 0.29382 -1.27563 1.04725 -0.22046 -0.42971 0.65142 -0.89724 -0.07359 0.28436 0.74173 0.22676 0.54726 -0.01863 0.03779 0.38882 -0.79395 -1.08935 -1.06950 0.24312 -0.81022 
2.22192 -2.18044 -0.82875 0.21603 1.38622 -1.82416 0.50486 -2.96223 -1.30923 0.47500 -0.81557 -1.41081 2.46063 -0.01540 0.09138 0.36050 0.62909 -0.09719 -0.15403 -0.21128 -0.84952 -0.26447 -0.86880 -1.29743 0.11412 -1.21788 -0.46011 0.37257 -0.57636 -0.46123 -0.00222 -0.70215 -0.64654 1.30690 -1.53013 -0.14341 -1.16025 -1.08505 0.68507 
2.10402 -2.12582 -0.81172 0.12219 1.45628 -2.19892 0.35047 -3.41959 -1.97605 -0.09025 -1.59021 -1.91733 1.77731 -0.22872 0.23670 0.26407 0.02361 0.41359 -0.69332 -0.35271 0.03127 -0.48288 -0.36388 -1.58995 -0.43363 -0.21217 -0.26083 0.23945 0.53834 -0.51922 0.03652 -0.08570 -0.03877 1.35615 0.84599 0.90960 0.34955 0.22391 1.18764 
1.99321 -1.94374 -0.56468 0.23964 1.79981 -2.51749 0.15215 -2.93096 -1.79211 0.11113 -2.40552 -1.84445 2.24846 -0.27623 0.33083 0.89884 0.10986 -0.06067 -0.23973 -0.25005 0.50663 0.58152 0.04080 -0.94788 0.33802 -0.03024 -0.08170 -0.05983 0.97373 0.31123 -0.98720 0.76837 0.36261 -0.32414 1.35877 0.38310 1.07579 0.83391 0.39038 
1.82779 -1.79499 0.08712 0.23206 1.39561 -2.43865 0.10042 -2.91296 -1.39453 -0.04945 -2.53810 -1.57930 1.74707 -0.31042 0.17687 1.23780 0.33485 -0.57360 0.07505 0.00990 -0.29287 0.87589 0.01922 -0.51416 0.40028 0.17821 0.00719 -0.23328 0.00668 0.51906 0.58990 0.03653 -0.01577 -0.91330 0.19210 0.62296 0.81847 -0.47321 -0.01024 
1.68279 -1.76687 0.67312 0.57449 1.22621 -2.44244 0.16205 -3.22383 -0.91623 0.13035 -2.91969 -1.44417 2.42667 -0.26904 0.09755 0.90552 0.62892 0.52923 -0.20320 -0.26582 -0.40667 0.77362 0.66376 -0.12941 -0.13519 -0.04048 0.23179 0.04802 -1.09120 -0.08154 1.50143 -0.16964 0.11523 0.69727 -0.14893 0.32930 0.81507 -1.23371 -1.70453 
1.55875 -1.69744 0.99265 0.86098 1.92484 -2.64185 -0.16540 -3.31964 -0.62091 0.61431 -2.66751 -1.71449 1.70660 -0.07862 0.22489 0.14660 0.25330 0.92782 -0.09460 0.12513 0.40440 0.72695 0.34852 0.30091 -0.83343 -1.52632 0.30611 0.01546 -1.01271 -0.33846 -1.53473 0.05788 0.69647 1.37927 -0.17444 -1.34708 -0.74183 -1.16572 -0.53695 
1.60417 -1.54198 0.81972 0.82779 2.15403 -2.53704 0.28718 -2.81943 -0.18927 0.47887 -2.61878 -2.27760 0.90035 0.03708 0.11301 -0.10719 0.29046 -1.00550 -0.14533 0.43065 0.97260 0.59919 -0.68332 -0.87124 -1.30091 -0.57743 0.05661 -0.06535 0.36075 0.21361 -2.12530 -0.05719 -0.00113 0.28722 -1.47432 -1.42997 -1.18343 0.55848 1.74477 
1.59583 -1.58443 0.88546 1.15144 0.91934 -2.78718 0.26526 -2.34704 -0.02173 -0.06902 -3.53875 -3.01540 1.12917 -0.02202 0.15955 0.50735 0.46692 -1.19748 -0.15179 0.12399 0.69162 -0.74737 -1.08145 -0.88252 -0.27495 0.21845 -0.04983 0.13630 0.68507 0.67582 1.83870 0.35467 -0.74979 -0.60761 -1.35800 -0.31575 1.48932 1.74010 0.88713 
1.58215 -1.38243 1.32706 1.29471 0.95656 -2.68882 0.41117 -2.12781 -0.93664 -0.60258 -3.50130 -2.55255 1.11880 -0.01275 0.24931 0.57788 0.96628 0.83320 0.20935 -0.31914 0.36499 -0.75881 -0.99907 0.61808 0.43919 0.30970 -0.15903 0.01507 0.13852 0.71402 0.81834 0.12945 -0.42089 -0.77815 0.77659 0.12771 1.93357 -0.18372 -0.51716 
1.58308 -1.33512 1.46334 2.11772 1.75254 -2.57783 -0.05388 -1.98205 -0.78054 -1.06809 -2.92067 -2.57621 1.43887 -0.18104 0.17462 0.64587 1.18094 -0.37914 -0.02234 -0.29689 -0.08653 0.02923 -0.95374 1.05105 -0.45867 -0.29870 -0.27139 -0.02027 -0.02283 -0.54887 -1.75644 -0.49436 -0.01670 -0.66790 0.58777 0.05665 -0.32471 -0.26323 -1.30709 
1.40111 -1.20781 1.97294 2.47565 0.57742 -2.71116 0.11428 -2.21434 -0.90741 -1.55633 -2.45026 -3.01122 0.82010 -0.28414 0.22904 0.55505 0.41741 -0.92324 -0.28501 -0.33584 -0.30291 -0.17105 -0.94243 0.29337 0.17596 -0.99739 -0.00111 0.09153 -0.51393 -1.22865 0.62844 -0.23927 -0.36675 0.69924 -0.36890 -0.12626 -1.05578 0.70233 -0.26220 
1.29894 -1.10608 2.01839 2.53514 0.82930 -2.86284 -0.38973 -2.28495 -0.95159 -2.01052 -2.62730 -2.40025 0.44148 -0.18216 0.26615 0.13195 -0.04772 0.24930 -0.26161 -0.66364 0.61271 -0.33968 -1.08000 -0.00474 0.24366 -0.56090 0.02965 0.14260 -0.38084 -0.32790 1.29423 0.53877 0.32183 1.33764 0.48605 0.39404 0.02138 0.28202 1.94510 
1.21895 -0.94166 2.10488 2.42793 0.82672 -2.97277 -0.54937 -1.60163 -1.24709 -2.63633 -2.45499 -2.76756 0.25920 -0.25448 0.37164 0.17420 0.08951 0.37099 0.25376 -0.01401 1.03474 0.31500 -0.54839 0.31475 0.45798 0.94771 -0.23074 0.19542 -0.29290 -0.08845 0.17413 1.37872 0.93133 0.24898 0.64162 0.67482 1.43607 0.90999 1.56365 
1.04445 -0.73444 2.19259 2.62464 1.20028 -2.60908 -0.40373 -1.25021 -0.63659 -2.55891 -2.31255 -1.94228 1.38919 -0.41290 0.46158 -0.16096 -0.13616 0.42344 1.11711 0.26769 0.86169 0.30194 -0.40518 1.43133 1.15365 1.00275 -0.15201 0.09351 -1.20721 -1.63406 -0.03882 0.86154 0.00177 -1.15787 -1.09325 0.49995 0.71056 0.69035 -0.82076 
0.80605 -0.48008 1.94393 2.29177 1.25016 -1.85567 -0.28168 -0.73995 -0.94514 -3.04151 -1.02366 -1.61391 1.26196 -0.40650 0.46515 -1.03301 -1.54455 0.33216 1.11530 -0.01224 -0.12313 -0.77825 -0.04844 1.02530 1.14833 0.12695 -0.03951 -0.08262 -1.05932 -1.30142 0.47819 0.13477 -0.21149 -1.02157 0.45726 1.42004 -2.14860 -1.16159 -1.30276 
0.63796 -0.26929 1.15958 1.08010 1.53244 -1.49378 -0.41598 -1.37334 -1.41484 -2.60735 -1.28725 -0.79395 1.51614 -0.45241 0.37895 -1.22028 -1.43758 0.90162 1.25188 0.05620 -0.15989 0.75920 1.01486 -0.71726 -0.00794 -0.30001 -0.11414 -0.23241 0.14627 0.33891 -0.87069 -0.03113 0.10722 0.44213 1.13958 1.42550 -0.36728 -1.21849 -1.75428 
0.35364 -0.10113 0.72365 0.85419 2.15178 -0.60379 -0.22548 -0.89983 -0.18594 -2.02665 -1.74092 -1.62185 0.96195 -0.52064 0.23274 -0.88674 -1.20563 -0.53853 1.08417 0.09498 0.31900 0.36132 1.37706 0.65802 -0.07016 -1.62733 0.07779 -0.38941 0.64059 0.28621 -2.73569 -0.96613 0.20055 0.39374 -0.40710 0.55818 2.29084 1.45241 -0.30553 
0.11731 -0.03655 0.27284 -0.12554 0.99391 -0.40960 -0.32100 -1.05434 -1.05352 -1.23029 -0.62922 -0.86410 -0.11119 -0.37462 -0.01046 -0.57969 -1.15137 -1.83407 0.28575 0.25674 0.23385 0.35210 1.57304 1.57358 1.44447 -0.60554 0.43369 -0.24485 0.69506 1.38710 0.06592 -0.91245 0.05907 0.17394 0.72086 -0.48595 -0.65516 0.08444 1.55727 
-0.02098 -0.11159 0.14396 -0.29719 0.31771 -0.31804 0.03126 -0.66598 0.16616 -0.45361 -0.16734 -0.17738 0.35641 -0.08695 -0.01211 -0.19168 0.18147 -0.47261 0.17172 0.15405 0.49294 1.08218 0.89111 0.00287 0.01428 -0.07006 0.38870 0.06097 0.25562 1.42413 2.30015 -0.19173 -0.29700 0.37894 -0.44524 -1.34949 -2.02630 -1.28493 0.86999 
0.03036 -0.04866 0.08116 0.05593 0.52131 -0.23788 -0.16694 -0.56140 0.02867 -0.33918 -0.62636 -0.84982 -0.18126 0.01408 0.05051 -0.32407 0.27276 0.46608 0.09402 -0.04026 0.61279 -0.09313 0.22355 -0.45272 0.15954 0.26446 0.06972 0.00825 0.19210 -0.40839 -0.11206 0.02571 0.04305 -0.00848 -1.38254 -1.40938 0.26541 0.44026 0.76541 
-0.00690 -0.06108 -0.18011 -0.02443 0.78379 -0.22401 -0.00900 -0.05319 0.07303 -0.23006 -0.62006 -0.01784 0.62087 -0.01723 -0.00386 0.00042 -0.22692 -0.58467 0.19743 0.19710 0.48445 -0.30036 -0.51827 0.26827 0.45455 0.69535 -0.04723 -0.00743 0.63722 -0.42338 -0.99385 -0.11743 0.17017 -0.98679 -0.42167 -0.34813 0.91471 -0.41967 -1.14953 
0.01312 -0.05252 0.08159 -0.17099 -0.06336 -0.04045 0.03016 -0.07695 -0.27169 -0.85745 -0.35809 -0.39528 0.51409 -0.03316 0.04308 0.31314 -0.15063 -0.52777 -0.02340 0.12991 -0.37400 -0.51480 -0.12458 0.46199 -0.26013 -0.88508 0.00255 0.03094 -0.02432 0.11826 0.84633 -0.35175 -0.04497 -0.70026 0.77681 1.10470 0.11027 -0.24263 -0.87957 
-0.04006 -0.01801 0.13303 -0.17505 0.25602 -0.24742 0.12091 -0.42719 -0.44178 -0.35464 -0.15807 -0.27797 -0.26421 -0.01468 0.02708 -0.02390 -0.10866 0.26166 -0.15432 0.15213 -0.21580 0.47645 0.58642 0.37855 0.21191 -0.18423 0.02509 -0.04578 -0.46416 0.26064 0.62022 0.17619 -0.26880 0.41796 1.09932 0.23375 -0.26472 0.45725 1.30791 
-0.00156 -0.02543 0.05769 -0.27965 0.19830 -0.19477 0.18229 -0.29275 0.20476 -0.27103 0.02046 -0.18336 0.32987 -0.00806 -0.00270 -0.15102 0.11002 0.09245 0.15279 -0.13888 0.04396 0.58452 0.10917 0.19727 0.19711 0.42283 0.02298 0.01225 0.24387 0.29527 -0.33560 0.15512 -0.33125 -0.07269 -0.76598 -0.51894 -0.80952 -0.35684 -0.11384 
-0.04812 -0.02071 -0.01798 -0.06504 0.34847 -0.09463 -0.01797 -0.38322 0.14274 -0.24546 0.03920 -0.08086 0.15862 0.00830 0.03933 0.21997 0.18661 -0.07394 0.00080 -0.17912 -0.28849 -0.28953 0.06748 -0.43097 -0.14492 -0.29807 0.02829 -0.07455 0.18141 -0.33426 -0.28263 -0.13044 0.34847 0.02490 -0.54397 0.29885 -0.37902 -0.23623 -0.43612 
0.00674 0.01390 0.27766 -0.09304 0.12436 -0.19397 0.00317 -0.58124 -0.08477 -0.20356 -0.41051 -0.32828 0.03180 0.02023 -0.07725 0.03040 -0.22425 -0.19019 0.02235 0.20959 0.06887 0.04055 0.40802 -0.18174 -0.03912 -0.01329 -0.09088 -0.13529 -0.42105 -0.16903 0.44949 0.02530 0.16423 0.80546 0.61221 0.12778 0.96024 0.25358 0.27472 
-0.02789 -0.09796 0.01241 -0.28928 0.15828 -0.07228 0.19162 -0.31436 0.18329 0.16256 -0.14255 -0.11998 0.14533 -0.08258 -0.09596 -0.20108 0.01758 0.37555 0.02610 -0.01489 0.51697 0.32268 0.19525 0.52927 0.10866 -0.02335 -0.03681 0.12949 0.03286 0.33501 0.09345 -0.04187 -0.24716 0.21067 -0.09089 -0.70443 0.29160 0.27225 0.35624 
-0.07585 -0.08206 0.07659 -0.07546 0.49991 -0.16787 -0.01172 -0.06428 0.23791 -0.00830 0.11875 -0.21963 0.00845 -0.01658 0.05223 0.06325 0.11076 -0.09674 -0.01953 -0.03757 0.27954 -0.05035 -0.29641 0.10985 0.23313 0.34295 0.15043 0.14090 0.15492 -0.08450 -0.85942 0.10547 0.06988 -0.55239 -0.28605 -0.39822 -0.62065 -0.11321 0.39492 
-0.04447 -0.04573 0.07567 -0.17852 0.06154 -0.09181 0.15405 -0.03482 0.13294 -0.13385 -0.03269 0.11316 0.48828 0.06785 0.04494 -0.04616 -0.06692 -0.48387 0.13157 0.05499 -0.03543 0.03663 -0.20296 -0.09139 -0.00455 0.37158 0.05297 -0.05593 -0.12328 0.01424 0.34366 0.01823 -0.01929 -0.25314 0.14553 0.31275 -0.18138 -0.41097 -0.64615 
-0.00800 -0.03712 0.03043 -0.14239 0.01604 -0.03630 0.04327 -0.09970 0.27454 -0.21127 0.02737 -0.22418 0.38003 0.03639 -0.00370 -0.06003 0.12500 0.24692 -0.00130 -0.05686 0.02640 0.09518 0.01634 -0.07153 -0.17783 -0.30320 -0.07936 -0.04911 0.13247 0.08316 0.69117 -0.20462 0.08555 -0.06324 -0.10527 0.43770 -0.00973 0.26155 -0.53590 
-0.00809 -0.04943 0.01564 -0.05352 0.30846 -0.09311 0.09718 -0.00841 0.22813 -0.11750 -0.10422 -0.06468 0.18508 -0.01151 -0.00417 0.08631 0.01623 0.20730 -0.07305 0.14054 -0.09867 -0.06863 0.23474 -0.10112 0.25700 -0.16432 -0.02270 0.03771 0.09418 -0.14715 -0.37960 0.02307 0.04203 -0.10381 -0.24055 0.07239 0.17916 0.21115 0.22789 
-0.01951 -0.04128 0.11674 -0.12615 0.22334 -0.10935 0.18381 -0.19837 0.20591 0.02347 -0.07375 0.03282 0.21571 0.01369 0.03400 0.03416 -0.02215 -0.13268 0.02177 -0.01483 -0.07741 -0.14537 0.08873 0.10764 0.03331 -0.07531 0.06438 0.03638 -0.01026 0.03510 -0.05889 0.24713 0.09127 0.23750 0.13400 -0.55938 0.09700 -0.49017 0.47194 
0.00560 -0.01543 0.04980 -0.07567 0.17579 -0.07134 0.08235 -0.08582 0.08276 -0.02877 0.00342 -0.03136 0.10977 0.05288 0.03221 0.07605 0.05133 0.14841 0.17408 0.23181 0.13883 0.06536 -0.32464 -0.00412 -0.23317 0.30762 0.02033 -0.00237 -0.04296 -0.13904 0.00583 -0.13271 -0.04739 -0.00490 0.11841 0.05878 -0.09253 -0.13346 -0.03908 
0.03337 -0.00907 0.19279 -0.07482 0.37175 0.06473 0.41562 -0.05954 0.27127 -0.30117 -0.07787 -0.20035 0.52334 0.03402 0.03164 -0.00880 -0.16119 -0.12684 -0.11094 -0.06222 -0.08231 -0.02696 0.14751 0.01511 -0.10015 -0.11439 -0.06961 -0.05559 -0.18176 -0.04452 -0.26030 -0.32500 -0.60790 -0.29563 -0.25926 0.45669 0.22838 0.24764 -0.80001 
0.03961 0.01621 0.04099 -0.23686 0.04894 -0.18227 0.02013 -0.16813 0.05580 0.11873 0.01853 -0.13151 -0.00462 -0.01674 -0.02338 -0.10571 0.00681 -0.11189 -0.15091 -0.37609 -0.15680 -0.19390 0.13204 0.22427 0.01447 -0.49239 -0.06577 -0.07136 0.09901 0.31989 0.10738 0.23843 0.14845 0.03466 0.15579 -0.29539 -0.01275 0.11584 0.23689 
