0.00744 -0.02899 0.06098 -0.06733 0.02440 -0.01613 0.13166 -0.09831 0.09754 -0.09922 0.04538 -0.05888 0.20161 0.00953 -0.33394 -0.23455 0.03968 -0.04923 -0.26077 1.48218 -0.07866 -0.57085 0.04957 0.68019 -0.08649 -0.40531 -0.13440 -0.65116 0.99027 -0.57141 0.28942 -0.20789 2.42067 -1.30864 0.63314 0.89875 1.95774 0.18468 1.36852 
0.03402 -0.36954 -0.15063 -0.06864 0.01265 -0.31713 1.66468 -0.19337 -0.45554 -0.11350 0.86493 -0.19447 -0.24018 -0.25021 -0.39526 0.61576 -0.29988 0.11376 -0.11526 1.83147 -1.32507 0.12916 0.31891 0.88808 -0.08381 0.56982 -0.03037 0.67921 0.43985 -0.02661 0.07290 0.53859 -3.01888 0.20856 1.08465 -0.02499 -1.42578 0.21359 0.73734 
-0.24277 -0.42424 0.67674 -0.36721 0.13816 -0.13140 1.96313 -1.42338 0.22670 0.21969 0.93346 -0.14269 0.77143 -0.02084 0.34527 0.20530 0.01307 0.02367 0.27783 -1.53670 0.12990 0.51380 0.02458 -0.74559 0.12710 0.33204 0.50821 0.79722 -1.24089 0.60401 -0.21146 0.21121 -3.68471 2.68168 -0.28216 -0.63428 -1.71673 0.16471 -1.23805 
0.01318 -0.02427 0.05467 -0.05557 0.03632 -0.03930 0.12798 -0.06347 0.05825 -0.08892 0.11934 -0.06737 0.09186 0.25800 0.40196 -0.62513 0.30413 -0.09770 0.09595 -1.85324 1.35661 -0.15300 -0.31538 -0.82865 0.08091 -0.66823 0.02288 -0.34327 -0.20835 -0.02059 -0.01953 -0.27398 1.51861 -0.13320 -0.49835 -0.03134 0.73107 -0.12152 -0.32069 
0.01523 -0.02228 0.05161 -0.06308 0.04046 -0.03545 0.10988 -0.06677 0.07370 -0.09568 0.10482 -0.06179 0.10320 0.00205 0.00200 -0.00306 -0.00752 0.00414 0.00385 -0.01809 -0.00330 0.01545 -0.00676 -0.01452 0.00558 0.01134 -0.25845 -0.40164 0.62542 -0.30565 0.09911 -0.09717 1.85577 -1.35688 0.15177 0.31846 0.82472 -0.07902 0.66684 
0.01523 -0.02228 0.05161 -0.06308 0.04046 -0.03545 0.10988 -0.06677 0.07370 -0.09568 0.10482 -0.06179 0.10320 -0.00046 0.00033 0.00029 -0.00152 0.00141 -0.00123 0.00253 -0.00026 -0.00123 0.00308 -0.00392 0.00188 -0.00139 -0.00791 -0.01572 -0.01059 0.04776 0.01411 -0.01922 -0.06268 0.02656 0.04721 -0.01652 -0.06096 -0.02140 0.09788 
0.01477 -0.02195 0.05190 -0.06460 0.04187 -0.03668 0.11242 -0.06703 0.07247 -0.09260 0.10089 -0.05990 0.10181 -0.00586 -0.01372 -0.01364 0.04024 0.01826 -0.01537 -0.08077 0.02326 0.06265 -0.02327 -0.07548 -0.01582 0.10923 -0.00481 -0.00223 -0.00701 -0.03141 0.00608 -0.01093 0.00311 -0.00439 -0.00340 0.04064 0.01233 0.01227 0.01932 
0.00936 -0.03600 0.03797 -0.02284 0.05872 -0.05082 0.02911 -0.04351 0.13636 -0.11896 0.02933 -0.07761 0.21243 -0.00527 -0.00191 -0.00672 -0.03293 0.00750 -0.01216 0.00564 -0.00465 -0.00463 0.04372 0.00841 0.01416 0.01794 0.01126 0.02777 0.02757 -0.08201 -0.03510 0.02952 0.16408 -0.04678 -0.12654 0.04963 0.14705 0.03352 -0.21984 
0.00950 -0.02386 0.04518 -0.09754 0.04937 -0.04883 0.11806 -0.07168 0.06784 -0.04888 0.10930 -0.04575 0.11975 0.00540 0.01405 0.01393 -0.04176 -0.01684 0.01415 0.08330 -0.02352 -0.06389 0.02635 0.07156 0.01770 -0.11061 0.00977 0.00327 0.01571 0.06661 -0.01789 0.02638 -0.00927 0.00449 0.01251 -0.08496 -0.02188 -0.02886 -0.02752 
0.01477 -0.02195 0.05190 -0.06460 0.04187 -0.03668 0.11242 -0.06703 0.07247 -0.09260 0.10089 -0.05990 0.10181 0.00450 0.00137 0.00899 0.03367 -0.01040 0.01422 -0.00363 -0.00016 0.00788 -0.04123 -0.01347 -0.01471 -0.00958 -0.00494 -0.01437 -0.01422 0.04328 0.01543 -0.01292 -0.08584 0.02378 0.06512 -0.02943 -0.06764 -0.01959 0.11200 
0.01399 -0.02249 0.05417 -0.06386 0.03897 -0.03461 0.11444 -0.07183 0.07572 -0.09012 0.09583 -0.06046 0.11017 0.00046 -0.00033 -0.00029 0.00152 -0.00141 0.00123 -0.00253 0.00026 0.00123 -0.00308 0.00392 -0.00188 0.00139 -0.00955 -0.01354 -0.01210 -0.02747 0.01841 -0.01496 -0.01409 0.01000 0.01619 0.00786 -0.02778 0.00956 0.08856 
0.01523 -0.02228 0.05161 -0.06308 0.04046 -0.03545 0.10988 -0.06677 0.07370 -0.09568 0.10482 -0.06179 0.10320 -0.00505 -0.01218 -0.00311 0.00621 0.00801 -0.00074 -0.01772 0.00984 0.02407 -0.03337 -0.04126 -0.00514 0.07898 -0.00092 0.00065 0.00057 -0.00304 0.00283 -0.00245 0.00507 -0.00052 -0.00246 0.00616 -0.00784 0.00377 -0.00277 
0.00895 -0.03466 0.05106 -0.05766 0.04698 -0.03535 0.09672 -0.06199 0.09978 -0.12349 0.05457 -0.06560 0.18915 -0.00046 0.00033 0.00029 -0.00152 0.00141 -0.00123 0.00253 -0.00026 -0.00123 0.00308 -0.00392 0.00188 -0.00139 0.02284 0.01264 0.04244 -0.04453 0.01449 -0.01881 0.10265 -0.05787 -0.01072 -0.01340 0.13394 -0.04341 -0.11642 
0.01477 -0.02195 0.05190 -0.06460 0.04187 -0.03668 0.11242 -0.06703 0.07247 -0.09260 0.10089 -0.05990 0.10181 0.01779 0.00047 0.03933 -0.03832 0.02250 -0.01955 0.08493 -0.04803 0.01335 -0.04677 0.09269 -0.04856 -0.03744 0.00092 -0.00065 -0.00057 0.00304 -0.00283 0.00245 -0.00507 0.00052 0.00246 -0.00616 0.00784 -0.00377 0.00277 
0.02674 -0.03420 0.09039 -0.09598 0.06948 -0.05490 0.18165 -0.11002 0.11313 -0.17026 0.14726 -0.11416 0.15171 0.00046 -0.00033 -0.00029 0.00152 -0.00141 0.00123 -0.00253 0.00026 0.00123 -0.00308 0.00392 -0.00188 0.00139 -0.02977 0.01178 -0.07783 0.06970 -0.05011 0.03777 -0.15417 0.09102 -0.05401 0.12443 -0.13905 0.10281 -0.01246 
0.01523 -0.02228 0.05161 -0.06308 0.04046 -0.03545 0.10988 -0.06677 0.07370 -0.09568 0.10482 -0.06179 0.10320 -0.01197 0.01225 -0.03850 0.03137 -0.02761 0.01822 -0.06923 0.04299 -0.04066 0.07766 -0.04636 0.05425 -0.04990 -0.00046 0.00033 0.00029 -0.00152 0.00141 -0.00123 0.00253 -0.00026 -0.00123 0.00308 -0.00392 0.00188 -0.00139 
0.01477 -0.02195 0.05190 -0.06460 0.04187 -0.03668 0.11242 -0.06703 0.07247 -0.09260 0.10089 -0.05990 0.10181 0.00000 0.00000 0.00000 0.00000 0.00000 0.00000 0.00000 0.00000 0.00000 0.00000 0.00000 0.00000 0.00000 0.01243 -0.01257 0.03821 -0.02986 0.02619 -0.01700 0.06670 -0.04273 0.04189 -0.08074 0.05028 -0.05614 0.05128 
0.01523 -0.02228 0.05161 -0.06308 0.04046 -0.03545 0.10988 -0.06677 0.07370 -0.09568 0.10482 -0.06179 0.10320 0.00046 -0.00033 -0.00029 0.00152 -0.00141 0.00123 -0.00253 0.00026 0.00123 -0.00308 0.00392 -0.00188 0.00139 0.00000 0.00000 0.00000 0.00000 0.00000 0.00000 0.00000 0.00000 0.00000 0.00000 0.00000 0.00000 0.00000 
0.01523 -0.02228 0.05161 -0.06308 0.04046 -0.03545 0.10988 -0.06677 0.07370 -0.09568 0.10482 -0.06179 0.10320 0.00000 0.00000 0.00000 0.00000 0.00000 0.00000 0.00000 0.00000 0.00000 0.00000 0.00000 0.00000 0.00000 0.00782 -0.00922 0.03388 -0.03213 0.02862 -0.01814 0.07712 -0.03029 0.04286 -0.02845 0.05035 -0.01963 0.06121 
0.01523 -0.02228 0.05161 -0.06308 0.04046 -0.03545 0.10988 -0.06677 0.07370 -0.09568 0.10482 -0.06179 0.10320 0.00828 -0.00955 0.03359 -0.03061 0.02720 -0.01691 0.07459 -0.03002 0.04410 -0.03153 0.05427 -0.02152 0.06259 -0.00046 0.00033 0.00029 -0.00152 0.00141 -0.00123 0.00253 -0.00026 -0.00123 0.00308 -0.00392 0.00188 -0.00139 
0.02350 -0.03183 0.08520 -0.09370 0.06766 -0.05236 0.18447 -0.09679 0.11780 -0.12722 0.15908 -0.08330 0.16579 -0.00046 0.00033 0.00029 -0.00152 0.00141 -0.00123 0.00253 -0.00026 -0.00123 0.00308 -0.00392 0.00188 -0.00139 -0.01656 0.01910 -0.06719 0.06122 -0.05440 0.03383 -0.14918 0.06005 -0.08819 0.06307 -0.10854 0.04303 -0.12518 
0.01477 -0.02195 0.05190 -0.06460 0.04187 -0.03668 0.11242 -0.06703 0.07247 -0.09260 0.10089 -0.05990 0.10181 -0.00828 0.00955 -0.03359 0.03061 -0.02720 0.01691 -0.07459 0.03002 -0.04410 0.03153 -0.05427 0.02152 -0.06259 -0.00073 -0.00437 -0.00398 0.01140 0.00521 -0.00328 -0.03117 0.01124 0.01897 -0.01822 -0.00516 -0.01028 0.02936 
0.01523 -0.02228 0.05161 -0.06308 0.04046 -0.03545 0.10988 -0.06677 0.07370 -0.09568 0.10482 -0.06179 0.10320 -0.00119 -0.00404 -0.00369 0.00988 0.00662 -0.00450 -0.02864 0.01098 0.01773 -0.01514 -0.00908 -0.00840 0.02797 0.00251 -0.00814 0.03033 -0.05409 0.03966 -0.02240 0.12022 -0.02910 0.02041 -0.03246 0.03262 -0.00461 0.06581 
0.01358 -0.02599 0.04820 -0.05472 0.04849 -0.04118 0.08378 -0.05605 0.09021 -0.10774 0.09182 -0.06830 0.12979 -0.00577 0.00140 -0.00327 -0.02348 0.01246 -0.00549 0.04564 0.00093 -0.02369 -0.00093 -0.02165 0.01690 0.00321 0.00248 0.00826 0.00597 -0.01692 -0.01545 0.01088 0.05294 -0.02074 -0.03513 0.02812 0.02134 0.01516 -0.05467 
0.00946 -0.02087 0.04834 -0.08656 0.05292 -0.04094 0.15552 -0.06584 0.05001 -0.09661 0.08316 -0.04488 0.10641 0.00130 0.00422 0.00227 -0.00704 -0.00883 0.00638 0.02430 -0.00976 -0.01740 0.01298 0.01227 0.00677 -0.02670 0.00781 -0.00502 0.01926 0.04109 -0.02930 0.01350 -0.07324 -0.02054 0.05300 0.02741 0.00306 -0.02484 0.01331 
0.01487 -0.02177 0.05047 -0.06176 0.03966 -0.03480 0.10808 -0.06581 0.07281 -0.09476 0.10408 -0.06153 0.10309 0.00205 -0.00361 0.01599 0.01761 -0.01683 0.00801 -0.02760 -0.01961 0.02931 0.02649 -0.01859 -0.00794 0.01653 -0.00094 -0.00473 -0.00114 0.00571 0.00963 -0.00702 -0.02249 0.00880 0.01829 -0.01390 -0.01154 -0.00702 0.02681 
0.01151 -0.02449 0.06433 -0.06895 0.03609 -0.03293 0.12792 -0.08546 0.07932 -0.07012 0.06457 -0.05282 0.12294 0.00035 -0.00051 0.00114 -0.00133 0.00080 -0.00065 0.00181 -0.00096 0.00089 -0.00092 0.00073 -0.00025 0.00011 -0.00752 0.00786 -0.02292 -0.04280 0.03215 -0.03675 0.02506 0.03137 -0.04283 0.01868 0.06352 0.03158 -0.07737 
0.01523 -0.02228 0.05161 -0.06308 0.04046 -0.03545 0.10988 -0.06677 0.07370 -0.09568 0.10482 -0.06179 0.10320 -0.00548 0.00425 -0.00693 -0.02519 0.01531 -0.02875 -0.00254 0.01176 -0.01352 0.04517 0.04493 0.02364 -0.06085 -0.00251 0.00228 -0.00103 -0.00360 0.00425 -0.00391 0.00799 -0.00037 -0.00496 0.01153 -0.01407 0.00626 -0.00307 
0.00603 -0.02024 0.05740 -0.09414 0.05140 -0.06168 0.12537 -0.07370 0.06580 -0.02495 0.10950 -0.02919 0.06209 -0.00215 0.00177 0.00011 -0.00492 0.00505 -0.00456 0.00979 -0.00134 -0.00407 0.01061 -0.01334 0.00601 -0.00296 0.01467 -0.00629 0.00114 0.05624 -0.02625 0.05497 -0.01294 -0.00483 0.02143 -0.11590 -0.04961 -0.05624 0.10196 
0.01307 -0.02051 0.05172 -0.06801 0.04551 -0.04001 0.11968 -0.06810 0.06963 -0.08508 0.09147 -0.05578 0.10024 0.00920 -0.00204 -0.00579 0.03105 -0.01094 0.02623 -0.01549 0.00693 0.00791 -0.07073 -0.00468 -0.03260 0.04111 0.00161 -0.00792 -0.00531 0.00451 -0.00792 0.01193 -0.00233 0.00546 0.00397 -0.04322 0.01379 -0.00845 0.03820 
0.01523 -0.02228 0.05161 -0.06308 0.04046 -0.03545 0.10988 -0.06677 0.07370 -0.09568 0.10482 -0.06179 0.10320 -0.00055 -0.00615 -0.00520 -0.00042 -0.00286 0.00737 0.00746 0.00413 -0.00010 -0.03261 0.00045 -0.00244 0.03524 -0.01190 -0.00234 0.00070 -0.03639 0.01313 -0.02342 0.03274 -0.00414 -0.01207 0.04872 -0.00821 0.03617 -0.00883 
0.01252 -0.02665 0.04652 -0.06842 0.04265 -0.03264 0.12714 -0.06398 0.06954 -0.11769 0.09192 -0.05822 0.13547 -0.00270 -0.00438 -0.00509 -0.00534 0.00219 0.00281 0.01725 0.00279 -0.00417 -0.02201 -0.01289 0.00357 0.03227 0.00206 0.00909 0.00754 0.01106 0.00433 -0.01290 -0.03819 -0.00170 0.01342 0.04707 0.00763 -0.00575 -0.05137 
0.01252 -0.02665 0.04652 -0.06842 0.04265 -0.03264 0.12714 -0.06398 0.06954 -0.11769 0.09192 -0.05822 0.13547 0.00151 0.00295 0.00235 0.01065 0.00146 -0.00553 -0.03073 0.00243 0.01333 0.01446 0.00807 -0.00819 -0.01613 0.00335 0.00662 0.01100 0.01422 -0.00176 -0.00772 -0.04333 -0.00513 0.01879 0.04341 0.01005 -0.00909 -0.04391 
0.01403 -0.02371 0.04887 -0.05778 0.04411 -0.03817 0.09641 -0.06155 0.08287 -0.10323 0.10000 -0.06641 0.11934 0.00064 0.00224 0.00591 0.00888 0.00043 -0.00491 -0.02607 -0.00234 0.01463 0.02140 -0.00285 -0.00552 -0.01163 -0.00078 -0.00119 0.00068 -0.01747 -0.00370 0.00703 0.04673 -0.00790 -0.02372 -0.00383 -0.00718 0.01470 -0.00140 
0.01317 -0.02441 0.05243 -0.05955 0.04308 -0.03755 0.10106 -0.06632 0.08417 -0.09629 0.08908 -0.06374 0.12384 0.00073 0.00175 0.00303 -0.00683 -0.00224 0.00150 0.01601 -0.00548 -0.01040 0.01063 0.00090 0.00651 -0.01753 -0.00261 -0.00311 -0.02813 -0.06633 0.01367 0.01373 0.15206 -0.00511 -0.07760 -0.04189 -0.06439 0.05665 0.05186 
0.01477 -0.02195 0.05190 -0.06460 0.04187 -0.03668 0.11242 -0.06703 0.07247 -0.09260 0.10089 -0.05990 0.10181 -0.00196 -0.00086 -0.02222 -0.05746 0.01410 0.00881 0.12599 -0.00745 -0.06297 -0.02049 -0.06723 0.05113 0.04022 -0.34780 -0.04861 0.97477 -1.55896 0.82367 -0.49553 1.40717 -0.59882 0.01174 1.09406 -0.66400 -0.01806 0.93084 
0.01120 -0.02527 0.03021 -0.11700 0.05718 -0.02874 0.22705 -0.07377 0.02120 -0.11677 0.02184 -0.01261 0.16406 -0.34707 -0.04686 0.97780 -1.56579 0.82143 -0.49403 1.42318 -0.60430 0.00135 1.10469 -0.66310 -0.01155 0.91331 -0.99235 -0.20404 1.92695 -2.41442 1.81502 -1.48888 2.38403 -0.77736 -0.10816 1.45758 -1.54282 0.59633 -0.33883 
-0.33230 -0.06881 1.02969 -1.63039 0.86331 -0.53070 1.53560 -0.67133 0.07382 1.01209 -0.56221 -0.07145 1.01512 -0.99432 -0.20491 1.90473 -2.47188 1.82912 -1.48006 2.51001 -0.78481 -0.17113 1.43709 -1.61005 0.64746 -0.29860 -0.36567 -0.05658 -0.16301 0.53804 0.76629 -0.33019 0.38722 0.09568 0.41003 -1.89987 -0.73871 0.99167 -2.98412 
-0.98311 -0.23018 1.93494 -2.58888 1.88630 -1.50880 2.73706 -0.85857 -0.14993 1.32032 -1.58821 0.63485 -0.13454 -0.71273 -0.10344 0.81479 -1.02774 1.58772 -0.82422 1.81039 -0.50862 0.41138 -0.79518 -1.40181 0.98012 -2.07082 0.77247 0.09006 -1.79132 2.01997 -1.41558 1.74318 -1.98389 0.09989 1.54210 -2.94236 1.03051 0.02951 -0.85138 
-1.04503 -0.17225 1.84448 -2.65814 2.45103 -1.35492 3.34599 -1.17995 0.48520 0.21691 -1.96402 0.90867 -1.05570 -0.22184 -0.11485 0.11341 -0.45191 0.41353 0.26312 0.52612 -0.68491 1.37097 -1.50527 -0.57954 0.67697 -1.14998 0.52347 -0.08339 0.10753 1.28391 -1.64295 0.47317 -1.92456 0.46685 0.10218 -0.98567 2.43994 -0.90462 1.55437 
-1.20495 -0.34503 2.04835 -3.04079 2.29983 -1.24569 3.26319 -1.54349 1.22104 -0.18495 -2.16775 1.31181 -1.28452 -0.18926 -0.18683 0.92232 0.25617 -0.05522 -0.35105 -0.11417 -0.04177 0.51356 -1.78084 1.03813 0.07551 -0.51644 0.97854 0.67934 1.96015 1.20846 0.26616 -1.28707 -3.21544 -0.13347 -3.93100 -0.60626 0.38966 -2.37687 -0.59308 
-1.23429 -0.35908 2.76680 -2.40197 2.39580 -1.70597 3.23182 -1.22171 0.99875 -1.56393 -0.92589 0.98418 -1.57214 0.75669 0.56449 2.07357 0.75655 0.67969 -1.02395 -2.68931 -0.81839 -2.56003 -2.11154 -0.18988 -1.69991 -1.74306 1.45535 -0.07866 -0.46736 1.55162 0.95327 -0.03896 -3.71059 -1.68063 -3.36383 2.69295 -1.47843 -2.63082 0.17679 
-0.44826 0.21946 4.12192 -2.28424 2.97952 -2.26964 0.57387 -2.36188 -1.33899 -2.29649 -2.35763 -0.38809 -3.02758 1.26609 -0.26549 0.45496 1.80779 0.89804 -0.39001 -3.82476 -1.72240 -2.85028 0.91211 -0.44030 -2.55531 -0.33965 0.36872 -1.88423 -4.34749 1.76155 -1.00225 1.65741 1.34182 -0.11752 1.35209 5.38310 1.09763 0.99483 5.31011 
0.03179 -0.62457 3.22176 -0.59418 3.29385 -2.09598 -0.59294 -2.94411 -1.85152 -0.65183 -1.36619 -1.57114 -1.91179 1.12541 -1.31974 -2.27392 2.51810 -0.32255 0.63346 -1.34749 -0.93591 -1.20793 3.27156 0.90775 -0.70508 3.56705 -0.03192 -0.92378 -2.85188 0.00681 -2.65654 0.71359 4.28876 1.30632 1.67793 0.82414 -0.75605 1.77400 2.81130 
0.67716 -1.10028 1.84800 0.23385 2.65696 -1.63618 -0.77362 -3.29778 -2.54693 0.97507 -1.44988 -1.09317 0.53947 1.23417 -1.18927 -2.39692 1.81460 -1.75850 0.32359 0.46400 -0.41607 -1.17235 1.73625 -1.19635 -0.78131 2.47165 -0.41220 0.26191 1.03553 -1.87337 -1.20777 -0.66045 1.77982 1.06527 0.43839 -3.57835 -1.98975 -1.20098 -3.08738 
1.26596 -1.81384 0.82484 1.22042 1.53535 -1.77239 -0.12894 -3.36019 -3.02387 1.08442 -2.56253 -2.35245 0.55985 0.71321 -1.05783 -1.23839 0.64473 -1.53033 -0.02699 0.43232 0.12936 -0.76955 -0.30679 -1.08200 -1.90606 0.47967 -0.74169 0.84631 2.04350 -2.12160 1.02047 -0.26824 -0.01635 0.92289 1.63692 -1.82032 2.22049 0.54807 -2.81700 
1.39037 -2.15812 0.60960 0.87858 1.12664 -1.66317 -0.34130 -3.16842 -3.31647 0.66828 -2.53188 -2.99923 1.01914 0.49248 -0.34296 -0.35341 -0.30700 -0.73803 0.05534 0.44765 0.50681 0.46457 -0.08407 1.02414 -0.23324 -0.34535 -0.35984 0.93189 0.68856 -0.91085 0.88982 -0.30987 -0.40966 -0.34067 2.15756 0.29952 1.08921 2.78129 -0.89775 
1.75844 -2.15680 0.47143 0.91342 0.79732 -1.71704 0.31871 -2.85337 -2.55930 1.00035 -1.53839 -2.58568 0.21450 0.35337 -0.12594 -0.54984 -0.26612 -0.64051 -0.33686 0.02266 -0.21130 1.38801 -0.00727 0.00721 0.87523 -0.41808 -0.56549 0.25477 0.14878 0.63116 -0.26148 -0.06082 -1.63371 0.19004 -0.29363 0.71385 -2.74121 0.98084 1.74850 
1.74374 -2.28406 0.05976 0.61246 0.48613 -2.00003 -0.31864 -3.37972 -1.92846 0.66101 -2.52467 -2.12400 0.60106 -0.07301 -0.08818 -0.20464 0.32416 -0.99951 -0.00547 -1.18607 0.69686 0.17094 0.62978 -1.71707 0.74760 1.40315 -0.44081 0.23922 0.50530 0.74655 -0.04867 0.46313 -0.36923 1.39670 -1.91948 0.85361 0.25969 -0.90913 1.58828 
1.68543 -2.24499 0.26679 1.23758 -0.20219 -1.72252 -0.86736 -2.15652 -2.38836 1.63013 -3.25546 -1.83808 1.61765 -0.08743 0.11328 -0.04454 0.48043 -0.68918 0.12627 -0.34657 1.18540 -0.53147 0.84634 0.26690 -0.03390 1.17020 0.04926 0.35311 -0.31633 -0.68812 0.96319 -0.48749 1.89648 -0.73419 -0.45036 -1.03014 2.83522 -0.93981 -1.18934 
1.65631 -2.17078 0.01523 1.09288 -0.20305 -1.87375 -0.66521 -2.19432 -2.45993 1.50735 -2.25777 -2.15790 1.77126 -0.02375 0.26493 -0.52097 -0.36396 -0.03632 -0.49296 0.71042 -0.03733 -0.27942 -0.40036 1.11815 -0.19221 0.21381 0.19350 0.30886 0.10344 -0.70592 1.03061 -0.46045 1.34292 -0.80433 0.57480 -0.40231 0.14446 0.57376 -0.66940 
1.66168 -1.98006 -0.25417 0.87362 -0.23851 -2.21548 -0.15694 -2.19385 -2.66777 1.22977 -2.13731 -2.03029 1.83146 0.10606 0.42214 0.05890 -0.22549 0.34143 -0.33417 0.99635 0.38107 0.04333 0.44404 0.41136 0.53985 0.50080 -0.02802 -0.27562 0.59068 -0.14499 -0.02561 0.36421 -1.40716 -0.58312 0.44800 1.01310 -0.78279 0.05449 -0.72315 
1.76237 -1.74863 0.07413 0.86739 0.13838 -2.20793 0.33114 -1.81325 -2.41659 1.95139 -1.84641 -1.61805 2.27206 -0.05177 -0.01069 0.06971 -0.50895 -0.06192 -0.12876 -0.69675 -0.62045 0.16858 0.61274 0.33537 -0.13772 -0.50934 -0.29595 -0.46122 0.28554 0.17125 -0.29761 0.20856 -1.28472 -0.94381 0.43630 0.83375 -0.59831 0.01888 -1.44166 
1.60991 -1.99075 -0.18446 0.36467 -0.30043 -2.34424 -0.85369 -2.81430 -2.49919 1.84251 -1.80194 -2.16801 1.32212 -0.18988 -0.03908 0.34444 -0.05424 0.04382 -0.12562 -0.28837 -0.56274 0.47964 1.27779 -0.18695 0.55874 -0.94086 0.06031 -0.16327 1.14763 -0.55433 1.21509 -0.56808 2.36107 0.55803 0.60759 -0.10679 -0.16857 1.05150 0.07536 
1.57249 -1.78772 0.41857 0.81315 0.18220 -2.33355 0.04277 -2.37599 -1.93696 3.22918 -2.03337 -1.05931 1.33121 0.00854 -0.17396 1.21734 -1.06329 1.15317 -0.69684 1.66432 -0.06243 0.77617 0.50595 0.16680 0.91378 -0.43399 0.43783 -0.40169 -0.21451 -1.53628 0.46004 -0.41496 0.85733 0.30842 -0.35479 -2.24377 0.55259 -0.88976 0.60808 
1.61845 -2.16471 1.03288 -0.69862 0.85273 -3.04107 0.81063 -2.87673 -1.72302 2.34846 -1.63514 -1.25423 0.88813 0.24794 -0.44077 0.12993 -1.59052 0.50385 -0.54057 0.56896 -0.25433 0.12485 -0.96598 0.36564 -0.33102 -0.33278 0.30733 0.23784 -2.18391 1.33121 -1.46990 1.17875 -1.36361 0.32381 -0.41401 -0.52750 0.01576 -1.17660 0.67978 
1.82044 -2.22849 0.54850 -0.77737 0.68605 -2.87412 0.61173 -2.63032 -1.81211 2.26320 -1.66773 -1.39033 0.99842 0.31587 0.06389 -0.96657 0.26793 -0.31674 0.48191 0.30071 0.26138 0.36216 -0.02155 0.18255 -0.26282 0.24579 -0.35538 0.64443 -1.87704 1.66353 -1.41356 0.71727 -1.15280 0.05622 -0.41530 0.73525 -1.51333 0.16205 -0.26282 
1.93432 -2.10082 0.06631 -0.43069 0.53600 -2.55916 1.11134 -2.61535 -1.36086 2.32692 -1.45259 -1.51705 1.13392 -0.10743 0.20366 -1.74711 0.07301 -0.90971 0.17669 -0.58384 -0.19811 -0.29045 -0.23073 -1.14770 -0.16897 -0.59560 -0.43069 0.04009 -0.45148 -0.50704 -0.25598 -0.25662 -2.08930 -0.05472 -0.86922 -0.75580 -0.69600 0.14721 -1.00835 
1.71300 -2.02483 -1.19861 -0.70436 -0.22365 -2.69743 0.02789 -2.82843 -2.10256 2.03247 -2.81543 -1.55931 0.40283 -0.11483 0.10397 -1.41805 -0.23911 -0.57271 0.22530 -1.78859 0.20666 -0.50706 -0.77734 -0.51345 -0.11561 -0.76256 0.26943 -0.26807 1.60630 -0.20468 0.80424 0.47556 -0.26179 0.88558 0.49235 -0.51739 1.84025 -0.22303 0.90473 
1.81949 -1.99685 -1.35173 -0.66980 -0.03672 -2.33387 -0.67725 -2.40868 -1.86792 1.54957 -1.96604 -1.63265 0.37136 0.16200 -0.06441 -0.14080 -0.13167 -0.10546 0.65225 -0.84564 0.68747 0.20190 -0.74812 0.69255 -0.39200 0.30913 0.42543 -0.49265 1.91866 -0.37421 0.59489 0.06337 2.59440 -0.05787 0.92430 -0.09770 1.24314 -0.27594 1.55777 
1.87500 -2.08923 -1.33942 -0.83602 -0.32911 -2.04517 -0.81775 -2.14096 -1.90066 1.28434 -2.12287 -1.95131 0.71195 0.31060 -0.38868 0.50061 -0.61332 0.02217 0.28867 0.80580 0.14879 0.41724 -0.87505 0.72969 -0.39155 0.79521 0.06508 -0.22292 1.35451 -0.26230 0.52913 -0.30451 2.45844 -0.56706 0.13785 1.25527 -0.30846 0.56351 0.96947 
2.13009 -2.38553 -0.85112 -1.28313 -0.01454 -2.04520 0.12856 -2.25990 -1.45068 0.67453 -1.23635 -2.02421 1.16657 0.22708 -0.28733 1.21370 -0.39397 0.42367 0.34774 1.61280 0.12041 0.33975 0.50715 0.38410 0.17150 1.27860 -0.40747 0.32162 -0.62184 0.22830 -0.24183 -0.40747 -0.35543 -0.31816 -0.96546 1.27828 -1.83889 0.22047 -0.54183 
2.10209 -2.37656 -0.12571 -1.22999 0.09455 -1.69743 0.79505 -2.02055 -1.56091 1.79149 -1.73878 -1.77981 1.99055 -0.09687 -0.06706 -0.12123 -0.38503 -0.21966 -0.11880 0.45037 -0.16937 -0.54822 0.40323 -1.10920 -0.17108 0.25339 -0.18530 0.41260 -2.02170 0.37300 -0.35870 -0.65318 -1.09145 -0.24536 -0.54439 -1.76112 -0.18793 0.12155 -2.25105 
2.03323 -2.45259 -0.97235 -1.66816 -0.23420 -2.16400 0.57893 -2.42926 -1.99890 1.07776 -2.34554 -2.19529 1.41995 0.04178 0.12527 -0.80800 -0.02098 0.06497 -0.30544 0.52135 -0.12495 -0.20464 -1.25397 0.19617 0.29305 -0.97245 0.18018 0.16481 0.04472 0.45326 0.40419 0.28860 -0.26943 0.68779 0.63201 -1.64623 2.01889 0.59661 -0.44484 
2.14387 -2.25130 -0.93371 -1.25097 0.15952 -2.00287 1.31639 -2.14550 -1.76555 0.53752 -1.54261 -1.48675 1.01810 0.08331 0.09775 -0.07651 0.06823 0.18453 0.16980 0.18094 0.51842 0.08379 -1.24299 0.90969 0.42552 -0.19146 -0.11833 -0.16872 0.33347 -0.53883 -0.35789 0.46150 -1.30217 0.42120 0.11148 -0.24985 -0.41881 -0.44998 1.06900 
2.11654 -2.35484 -1.04886 -1.59993 -0.04967 -1.99421 0.75987 -1.91085 -1.91511 -0.16523 -1.43585 -1.76977 1.22850 -0.07655 -0.04345 -0.47453 -0.55980 -0.29292 0.15606 -0.78082 0.29625 -0.09316 -1.50383 -0.22264 -0.15692 0.09655 -0.18845 -0.17178 -0.33958 -0.90103 -0.04612 -0.35048 -0.78918 -0.12792 -0.51492 -0.14617 -2.07459 -0.14485 -0.06924 
2.06732 -2.29475 -1.40824 -1.81077 -0.13340 -1.84681 0.53557 -1.84925 -1.85871 -0.96631 -1.76525 -1.64368 1.11465 -0.10513 -0.07404 -0.41609 -0.83280 0.13842 -0.18068 -0.60824 0.39049 -0.43113 -1.38917 -1.16489 0.28068 -0.26070 0.05956 0.09004 0.22522 -0.01006 1.03337 -0.31650 -0.61985 0.91974 0.18410 0.24180 0.75273 0.06750 -0.08451 
2.01140 -2.42887 -1.46495 -2.43272 0.08875 -2.17489 0.15163 -1.52035 -2.34624 -1.55440 -2.60075 -1.48909 0.96780 -0.01698 0.04658 -0.24931 -0.56987 0.74045 -0.16044 -1.40067 1.21599 0.09094 -1.26203 0.53009 -0.08943 0.01204 0.24987 0.39624 -0.00255 0.78080 0.87660 0.29672 -0.92183 1.02064 0.77748 1.05519 3.36030 -0.80389 0.50001 
2.05034 -2.24817 -1.65755 -2.38064 0.60705 -2.00726 -0.86510 -0.63327 -1.76778 -2.22833 -1.23516 -1.73310 1.12669 0.14473 0.32220 -0.41863 -0.05200 1.01501 0.11603 -1.53007 1.41114 0.34635 -0.33397 2.19541 -0.52321 0.23931 0.09556 0.20071 -0.02488 0.53985 -0.02561 0.38548 1.85580 -1.11821 -0.55658 1.99760 0.38405 -0.39356 0.39709 
2.15614 -2.10667 -1.88358 -2.48472 1.10376 -2.05886 -1.37844 -0.10922 -1.99988 -1.88838 -0.40534 -2.01230 1.20711 0.07858 0.24729 -0.27419 -0.03001 0.71484 0.22503 0.45513 0.09777 -0.46564 0.73557 0.91414 -0.48299 0.40913 -0.36110 -0.37068 -0.06071 -0.33161 -1.13114 -0.23996 2.06348 -1.67297 -1.20477 0.14806 -3.19648 -0.11299 0.08017 
2.12892 -2.00088 -1.93174 -2.41065 1.32189 -1.78223 -0.40996 -0.53549 -2.23342 -1.49276 -0.32102 -2.21609 1.53581 -0.21636 -0.04848 -0.47935 -0.38361 -0.11613 -0.12393 0.53341 -0.26183 -0.85842 -0.18591 -1.00107 -0.63620 0.31948 -0.10505 0.05076 0.46899 -0.34327 -0.71082 -0.38071 -0.06694 1.49507 0.97074 -0.09519 -0.34688 0.34737 -0.06152 
1.93978 -2.15516 -2.36293 -2.86833 0.98764 -2.18279 -0.84504 -0.37105 -2.85830 -2.07429 -1.40641 -2.64850 1.52659 -0.02647 0.29805 0.19480 -0.37328 0.00403 -0.15568 0.38820 1.59285 0.50510 0.64038 0.56726 -0.13562 0.34760 0.31181 0.47311 0.89608 0.19552 -0.18872 0.23112 -0.46218 0.36325 1.94075 1.29495 2.11798 0.80554 -1.77026 
2.10244 -1.70283 -1.73694 -2.78394 1.32592 -1.93791 -0.02177 1.05736 -1.72831 -0.85238 0.24624 -2.35172 1.88341 0.09545 0.42463 0.41674 -0.18809 -0.30484 0.10719 0.07123 0.10142 1.08234 1.10904 1.11690 0.16934 -1.45078 0.11685 0.10905 -0.50490 0.23038 -0.51524 0.24032 -1.29750 -3.37919 -0.26115 -0.63556 -1.10294 0.10312 -2.03114 
2.03523 -1.73053 -1.94619 -3.05643 0.68279 -2.07560 -0.77381 -0.26963 -1.77597 -0.96524 -0.28951 -2.47917 0.07581 0.09037 0.40711 -0.31011 -0.14290 -0.51121 0.08463 -0.90930 -1.78634 0.24396 0.00482 -0.53569 -0.03250 -1.68354 0.09711 0.12606 -0.52424 1.04723 0.45186 0.04741 -0.17790 -1.05376 -1.04239 -1.12561 -0.89795 0.13436 0.75784 
2.19282 -1.29572 -2.04705 -2.92684 0.81471 -1.85328 -0.93107 -0.72898 -1.48436 -0.84756 -0.28945 -2.38422 0.19987 0.19256 0.55069 -0.10750 0.85913 0.14702 0.15460 -0.10668 -0.95234 0.03995 -0.01657 0.21895 0.30370 -0.69294 -0.07721 -0.13285 0.49686 1.27823 0.64922 -0.28327 1.53286 1.12374 -0.85898 -0.14848 1.26012 0.66584 0.62400 
2.22779 -1.17983 -2.05369 -2.19729 0.82981 -1.92100 -0.88049 -1.22197 -1.73602 -0.98181 -0.07055 -2.17547 -0.61714 0.01316 0.27426 0.18675 1.13533 0.13800 -0.19864 0.62356 -0.66260 -0.61503 -0.14366 0.72443 0.63333 -1.05954 -0.25237 -0.40047 0.35108 0.03358 -0.33836 0.06698 1.20018 0.16447 -0.54842 -0.53643 0.44333 0.20159 0.55761 
2.20598 -1.02146 -1.86030 -1.79151 0.95271 -2.05192 -0.30751 -1.39158 -2.09939 -0.99122 0.43498 -1.75089 -0.85967 -0.05980 0.15023 0.24358 0.89271 -0.19134 0.22158 1.09351 -0.78787 -0.50847 -0.55300 0.66229 0.50528 -0.13534 0.03548 -0.21852 -0.22301 -1.43406 -0.74126 0.80318 -0.19373 -0.20880 0.91154 0.12514 -1.02914 -0.85839 1.13244 
2.16798 -1.02961 -1.81012 -1.30458 0.63847 -1.69942 0.21302 -2.00984 -2.24449 -1.53481 0.59173 -1.67019 -0.75247 0.04864 0.05574 -0.03626 -0.29873 -0.60326 0.60454 0.42982 -0.87140 0.29651 -0.01852 -0.30471 -0.22506 0.07290 0.24950 -0.35872 -0.36474 -1.79417 -0.72130 -0.44973 -0.19625 1.54701 1.14339 0.99834 -0.90355 -1.03799 -0.04443 
2.25461 -0.96572 -1.89656 -2.09024 0.34945 -1.44738 0.12231 -2.26297 -1.80288 -1.00973 0.13028 -1.97595 -0.78676 0.18970 -0.20849 -0.12116 -0.90146 -0.91264 -0.22816 0.89725 0.75914 0.63492 0.44534 -0.24127 -0.53271 -0.17977 0.07642 -0.58260 0.32987 0.52214 0.04355 -0.82418 1.36323 2.17242 0.70643 0.62471 0.82019 0.14604 0.76348 
2.35768 -1.23810 -1.93128 -2.20604 -0.27417 -1.92758 1.11027 -1.25070 -1.60958 -1.08947 0.35047 -2.20290 -0.93224 0.12506 -0.52686 0.29361 0.22341 -0.55971 -0.21964 1.79306 1.30102 1.00294 0.60620 0.51548 -0.07901 0.83638 -0.33571 -0.36742 0.26633 0.86502 0.98848 0.39193 -1.14284 -1.17886 -0.15008 0.48705 0.03594 0.38208 1.56902 
2.37967 -1.49258 -1.60295 -1.86684 -0.21026 -1.66702 1.91537 -0.96195 -0.79994 -0.40354 0.64576 -2.05496 0.04962 -0.14602 -0.57591 0.14517 -0.03644 0.07584 0.16377 -0.24559 -0.41972 0.48483 0.93239 -0.20533 -0.15063 1.38925 -0.34536 0.07063 0.17735 -0.56340 0.85410 0.04380 -2.67598 -1.48181 -1.46028 0.80699 -0.18468 -0.16902 0.95658 
2.21167 -1.81401 -1.78612 -2.24249 -0.19833 -1.76381 0.86469 -1.67042 -1.12474 -0.15708 0.14513 -2.35353 0.45701 -0.22030 -0.45622 0.47096 -0.34000 0.29439 -0.17585 -0.88292 -0.18079 -0.45735 1.41319 0.33081 -0.24804 1.79296 0.01875 0.03254 0.48188 -0.37885 -0.12512 -0.41818 -0.42236 1.53623 -1.05904 -0.22647 1.29336 -0.19299 -0.11190 
2.15937 -1.94880 -1.13199 -2.20683 0.08413 -1.84286 1.03245 -1.14274 -1.25729 1.00965 0.97656 -2.30300 1.84258 -0.12726 -0.54338 0.62704 -0.41530 -0.04928 -0.25441 -0.66794 1.11651 -0.57421 0.70592 1.08803 -0.34362 1.27735 0.22649 0.01008 -0.58879 0.65416 -0.66084 -0.04433 0.72288 1.06704 0.55524 -2.33826 0.71398 0.43237 -1.92714 
2.08441 -2.35739 -1.15907 -2.65778 -0.24761 -2.01822 0.19675 -0.55392 -1.69895 0.54884 1.23316 -2.69715 1.73435 0.00619 -0.44614 -0.11783 0.31416 -0.36645 -0.22017 -0.16004 0.88625 0.09789 -0.92507 1.04478 0.18434 -0.13418 0.11673 0.45604 -0.96075 1.07043 -0.31861 0.23797 1.47408 -0.39578 1.37092 -2.00842 -0.21038 0.69821 -1.37392 
2.16556 -2.39494 -1.24981 -1.89268 -0.28232 -2.06304 0.87241 -0.25649 -1.15940 0.08458 2.02134 -2.11866 1.70841 -0.01053 -0.08734 -0.33371 0.65514 -0.36789 -0.01645 0.80614 0.72072 0.79671 -1.30250 0.87765 0.35459 -0.09657 -0.06282 0.38689 0.34494 -0.00029 0.06380 0.38903 1.28235 -0.70053 1.06170 0.44548 -1.46239 0.16598 0.39926 
2.07388 -2.44473 -1.49278 -2.00265 -0.61550 -2.03466 1.00288 0.16681 -0.90224 -0.75366 2.11081 -2.34256 1.63778 -0.05663 -0.05925 0.22712 0.31387 -0.30265 0.16886 1.12230 0.18572 1.15959 -0.47959 -0.41761 0.35032 0.26508 0.04225 -0.04948 0.37478 -0.25336 -0.06917 -0.13426 -0.63001 -0.94806 -0.70781 1.55954 -2.14249 -0.53456 0.32674 
2.10893 -2.45419 -1.02270 -1.57881 -0.58497 -1.89418 1.99471 -0.07077 0.00020 -0.39501 1.60373 -1.76834 1.97348 0.03172 -0.13682 0.04107 0.40177 -0.43705 -0.15071 0.17613 -0.22734 0.08890 0.25704 -1.26485 -0.17997 0.23017 -0.18979 -0.08233 0.34676 -0.70864 -0.00510 -0.43558 -2.83078 0.11582 -1.81164 -0.23188 -0.73684 -1.10168 -0.00974 
2.10559 -2.58155 -1.45171 -1.60087 -1.05255 -2.18537 1.17901 -0.06053 -0.81334 -0.49662 0.84597 -2.52252 1.86795 -0.24642 -0.14158 0.57387 -0.39478 -0.30775 -0.26672 -1.70848 0.30154 -0.65205 -0.71148 -1.15445 -0.75136 0.25534 -0.31912 0.18304 1.05703 -0.73862 0.56612 0.22911 -0.45488 0.33380 -0.58356 -1.02199 0.10093 0.14212 0.79808 
1.86251 -2.59577 -0.44883 -1.97358 -0.89272 -2.16089 0.28623 0.23077 -0.65185 -1.10648 0.44928 -2.51969 2.22883 -0.28740 0.04622 1.09810 -0.33684 0.12906 0.07840 -0.27875 0.10647 -0.49466 -0.76495 -1.16392 -0.03784 1.02825 0.29546 0.15963 0.06886 1.07686 0.18104 0.32036 3.25429 -0.13239 -0.35294 1.40704 0.83499 1.19815 0.53763 
1.81819 -2.53532 -0.35361 -1.93772 -0.92349 -2.10697 0.90026 0.04594 -1.30799 -1.26157 -0.31795 -2.56036 2.89619 0.04904 0.01805 0.64274 0.68208 -0.12672 0.05365 1.54581 0.16915 -1.00499 0.69557 -0.31947 0.44679 0.79297 0.34036 -0.09409 -0.90281 0.91273 -0.47784 -0.18338 1.09676 0.02222 0.21384 1.46844 1.49817 0.39113 -1.10894 
1.91156 -2.57772 0.19391 -1.29150 -1.01944 -2.10725 1.83204 0.39992 -1.65684 -0.41092 0.12981 -2.07290 3.02180 0.05295 -0.04787 0.19529 0.57588 -0.34878 -0.10498 0.81801 0.12869 -0.28082 0.70349 0.33425 0.35329 -0.08070 -0.12178 -0.08449 -0.87442 -0.49004 -0.30883 -0.23487 -1.50669 -0.93140 0.61593 -0.59491 0.39629 -0.47052 -0.89269 
1.87114 -2.58319 -0.15831 -1.36183 -1.27226 -2.21195 1.71827 0.17463 -1.58881 -0.55808 0.01629 -2.20707 2.81549 -0.07273 -0.06644 -0.23168 0.19204 -0.43555 -0.18123 0.03912 -0.76225 -0.38906 0.10065 0.07683 -0.02373 -0.09972 0.08011 0.17569 -0.14675 -0.23723 0.10920 0.25954 0.70509 -0.39552 0.75442 -0.26850 -0.57546 0.28510 -0.09429 
1.83883 -2.64416 -0.03777 -1.09947 -1.45499 -2.28848 1.87116 -0.36233 -2.04591 -0.31027 0.20664 -2.09663 2.92208 0.13306 0.12782 0.04854 0.33865 -0.23957 0.15456 1.52310 -0.26684 0.47360 0.43500 -0.24121 0.63839 -0.17498 0.16128 0.16345 -0.20460 0.03797 -0.25353 0.14365 0.56968 0.24803 1.08667 -0.40366 -0.83788 0.32747 -0.82937 
2.00420 -2.45537 -0.10978 -1.02318 -1.51184 -2.05739 3.24137 -0.09221 -1.11521 -0.12308 -0.22491 -1.56869 2.64051 0.08855 0.09701 -0.43628 0.23001 -0.68908 -0.03758 0.60880 -0.51423 0.69761 -0.30301 -0.76105 0.30374 -0.92908 -0.18703 0.08389 0.12772 -0.09673 -0.56117 -0.40335 -1.48040 0.32438 0.09161 -1.07010 -0.20645 -0.85943 -0.40094 
1.92737 -2.54715 -0.47404 -0.86945 -2.14407 -2.32606 2.47996 -0.87656 -1.34830 -0.61327 -0.55441 -1.79289 1.99300 -0.05397 0.21171 0.17626 0.24192 -0.80074 -0.24879 0.04270 0.05755 0.56521 -0.63510 -0.44766 -0.22105 -0.57593 -0.23430 0.30945 1.53620 -0.24093 0.31987 0.01040 0.11914 1.17610 -0.19071 0.06770 0.11730 -0.32619 0.99961 
1.95024 -2.24365 0.06649 -0.78126 -2.31258 -2.30618 3.28407 -0.03466 -0.55000 -0.75818 -0.67258 -1.78973 2.06458 -0.14575 0.40646 1.09993 -0.01092 -0.36921 -0.02718 0.72794 0.66188 0.50690 -0.23531 -0.64375 -0.02245 0.07053 -0.00247 0.34542 0.61198 -0.15057 0.84255 0.57765 -0.04434 -0.21392 -0.66809 0.32491 0.39581 0.32965 0.69924 
1.78162 -2.14068 0.62588 -0.88037 -2.51328 -2.35324 3.20789 -0.21468 -0.84140 -0.84858 -1.19816 -1.81534 2.06352 -0.05644 0.55714 0.78824 0.09135 0.04181 0.32886 -0.00164 -0.15637 -0.10288 -0.31019 -0.05185 0.10860 0.12331 0.16314 0.19630 -0.61902 -0.15083 0.10322 0.17363 -1.27839 -0.90113 -0.15326 0.18325 0.93745 0.32383 0.31060 
1.89380 -1.68651 0.85473 -0.68990 -2.27077 -1.97732 3.28243 -0.19104 -0.65289 -1.06836 -0.72443 -1.68113 2.18789 0.01739 0.60276 0.48091 -0.16175 -0.26599 0.14645 -0.55046 -0.23925 0.35364 -0.05206 0.29370 0.30138 0.38113 -0.38904 -0.14389 -0.57139 -0.40634 -0.41051 -0.39395 -0.05585 -0.21985 0.02105 -0.25766 -0.58723 0.27892 -0.10774 
1.79901 -1.53792 1.10679 -1.04212 -2.77927 -2.20679 2.65743 -0.45394 -0.48777 -0.90064 -0.90447 -1.51397 2.44465 -0.44547 0.41325 0.21685 -0.31499 -0.36870 -0.06509 -0.05749 -0.37623 -0.08183 -0.56785 -0.63908 0.38752 0.01557 -0.38979 0.21510 -0.49910 -0.74278 0.69700 0.16266 -0.33033 0.06118 -0.54380 -0.65868 -0.23748 0.01910 -0.39726 
1.44833 -1.27326 1.07158 -1.00489 -2.63947 -2.04241 3.22495 -0.56726 -0.73472 -1.63621 -1.36351 -1.29361 2.20346 -0.37240 0.81787 -0.01820 -0.90453 0.43102 0.30912 -0.88079 -0.17808 -0.19017 -0.71073 0.05622 0.32048 -0.01613 0.53520 0.34248 -0.68811 -0.36015 1.19272 0.00822 -2.48422 0.71218 0.39973 0.07946 1.49367 0.13351 0.40062 
1.42661 -0.72005 1.08859 -1.94665 -2.34825 -1.89767 1.77664 -0.63201 -0.67793 -1.61137 -0.84825 -1.19349 2.42852 0.08973 0.75573 -0.47126 -0.67513 0.82402 -0.05688 -2.54170 0.33596 0.31790 -0.48839 0.85459 0.52104 0.41619 0.09777 -0.33885 -0.84286 1.43222 0.75268 -0.09218 0.13945 0.54421 0.72587 1.25092 1.33257 0.32400 -0.42926 
1.53805 -0.51754 0.60032 -1.68003 -1.81545 -2.09929 0.68324 -0.23131 -0.41682 -2.12460 -0.50892 -0.77257 2.61965 -0.27463 0.47901 -0.86106 0.52769 1.18369 0.21694 -0.74134 0.36613 0.53571 0.54019 1.38879 0.64447 -0.44539 -0.24094 -0.81890 0.59339 1.30812 -1.02391 -0.11890 3.13063 -0.24129 -0.60811 -0.24500 -1.25190 -1.12494 -3.48488 
1.15198 -0.24104 0.22753 -1.41896 -1.16456 -1.68073 1.03530 -0.26588 -0.14222 -1.07118 0.54054 -0.54902 1.98313 -0.15121 -0.06317 0.12213 0.63298 -0.19989 -0.17577 0.58893 0.09466 -0.29021 -0.73339 -0.39731 -0.60390 -3.06868 0.42090 -0.78047 1.50165 -0.28597 -1.97901 -0.85300 0.66386 -0.25637 -0.73976 -1.89459 -3.31923 -1.31337 -0.89099 
1.38685 -0.58071 0.72245 -1.04705 -2.01534 -2.27506 1.27217 -0.13664 -0.70704 -2.85800 -0.90623 -1.37648 -0.44903 0.14627 -0.30145 0.64059 0.24172 -0.79532 -0.63606 -0.07748 0.10976 -0.20406 -1.35440 -1.93044 -0.66890 -1.33638 -0.34027 0.35747 -0.41191 -0.88247 0.98110 1.06261 -0.74022 0.09998 1.23523 1.97792 1.17948 1.10708 3.39717 
1.29825 -0.54249 0.86812 -1.17724 -1.95988 -2.31680 0.95782 -0.15612 -0.34628 -2.42558 -1.38989 -1.21791 0.64675 -0.49148 0.29430 -0.28978 -0.24949 0.78122 0.88684 -0.15129 0.19464 0.94502 1.24452 0.78217 0.50318 0.32849 -0.75165 -0.17867 -0.69625 0.04427 1.04863 1.31513 0.78037 -0.39240 0.33610 2.10449 2.51171 0.55542 1.06834 
0.89536 -0.28641 0.43267 -1.29653 -1.23413 -1.38822 1.12088 0.05800 0.23798 -1.61347 -0.12406 -0.87330 -0.12054 -0.60538 -0.48013 -0.05566 0.28599 0.25332 0.67906 0.70289 -0.28264 0.13205 0.75009 0.58128 -0.11348 -0.26804 -0.15107 -0.50823 0.17955 0.19972 -0.60911 -0.32365 1.16191 -0.39058 -1.20383 -0.41623 -1.02409 -0.56270 -0.38182 
0.69287 -1.02262 0.81245 -0.89125 -1.70656 -1.63773 1.66071 -0.43876 -0.21423 -1.67549 -0.80862 -1.33139 0.37871 -0.64255 -0.21393 -0.11023 -0.04977 0.17210 0.56319 1.01062 -0.19594 -0.25881 0.82829 -0.24192 -0.05952 -0.05333 -0.03043 1.40939 -0.66633 -0.20918 1.28586 0.84136 -1.72393 0.90441 0.39487 0.52773 0.63359 1.19999 0.38374 
0.25282 -0.50034 0.32245 -1.34630 -1.06202 -0.82503 2.13150 -0.13794 -0.02083 -0.78518 -0.36597 -0.93282 -0.17387 -0.63581 0.92926 -0.72199 0.07681 1.53918 1.52042 -1.02104 0.62177 0.52692 1.27783 1.21486 1.08651 0.11570 0.31045 0.65842 -0.25440 0.91613 0.96373 0.06334 -2.32032 0.52952 0.31265 -0.47403 0.42970 0.84849 0.41451 
0.05706 -0.09335 0.09046 -0.81444 -0.16738 -0.11731 0.63967 0.18301 0.31268 -0.39767 0.40624 -0.24487 0.49441 -0.33210 0.44449 -0.36463 0.86636 1.13584 0.62653 -1.30971 0.33358 0.05384 0.35427 0.18778 0.78897 0.36118 0.75093 -0.78838 0.60055 0.42503 -0.99907 -1.47033 0.69073 -0.78806 -0.78657 -0.81282 -1.67903 -1.06863 -0.29827 
-0.07928 -0.05586 -0.04219 -0.47994 0.07381 -0.19851 0.82179 0.19564 0.03301 -0.43091 -0.17819 -0.14385 0.18731 0.11512 0.14088 -0.12144 0.50184 0.54011 0.05009 -0.33031 -0.16629 -0.25965 0.46501 -0.46416 0.01788 -0.18257 0.40205 -0.42615 0.51473 -0.54426 -1.08222 -0.57683 0.66803 -0.67293 0.15590 0.14646 -0.08143 -0.64041 -0.37789 
0.17218 0.04753 -0.03098 -0.31260 0.37273 -0.06722 0.30936 0.01672 0.05303 0.06734 -0.05792 -0.22699 0.31184 0.06995 0.01834 0.15010 0.32211 0.05362 0.04970 -0.64168 -0.33934 0.20973 0.50072 0.10635 0.14855 -0.01671 -0.29800 -0.21377 0.18719 -0.35881 -0.88676 -0.08864 0.30576 0.07948 0.24890 -0.46705 0.61693 0.22557 -0.00415 
-0.00933 -0.03751 0.10791 -0.15783 0.12743 -0.14881 0.18011 -0.14371 0.24274 0.06981 -0.07184 0.00470 0.17061 -0.18288 -0.07288 0.06575 0.14303 -0.34666 -0.03854 -0.02455 -0.08680 -0.01075 -0.00204 0.15277 0.24346 -0.18672 -0.08236 -0.03189 -0.32713 -0.52944 0.00265 -0.00589 1.31390 0.50274 -0.55332 -1.05519 -0.41853 -0.10132 0.50147 
-0.01069 -0.02535 0.03477 -0.16957 0.02607 -0.10576 0.28481 -0.07008 0.04228 0.06530 0.09485 0.01647 0.12512 -0.01241 -0.01355 -0.17704 -0.20734 0.05627 0.04381 0.67222 0.16340 -0.34359 -0.55446 -0.31218 0.04724 0.48476 0.21009 0.03723 -0.11455 -0.04969 0.35187 0.11400 0.09672 0.06113 -0.10209 -0.17015 -0.02519 -0.31111 0.12670 
-0.02174 -0.05107 -0.06912 -0.36517 0.18370 -0.10500 0.85233 0.01969 -0.10085 -0.48465 -0.38403 0.05194 0.65537 0.02721 -0.03565 -0.04881 0.09334 0.00521 0.07546 0.07217 -0.02567 -0.11285 -0.17219 0.12758 -0.06766 -0.06002 0.01652 0.01557 0.20518 0.39780 -0.11798 -0.02434 -1.21875 -0.29820 0.57247 0.92971 0.69698 -0.19230 -1.17466 
0.01652 -0.06101 -0.01404 -0.07623 0.03128 -0.03031 0.35699 -0.09575 -0.07057 -0.10688 0.22243 -0.05119 0.06510 0.00412 0.00202 0.02814 0.19046 -0.06171 0.01946 -0.54653 -0.13480 0.22888 0.37524 0.38480 -0.14507 -0.68989 -0.04634 0.06989 0.10776 -0.14817 0.04419 -0.17590 -0.40428 0.10762 0.29393 0.21840 -0.32304 0.07147 0.30053 
-0.01762 -0.04905 -0.04099 -0.17471 0.12199 -0.08553 0.30581 -0.11511 0.12803 -0.10941 0.00077 -0.09313 -0.03452 -0.01913 0.03424 0.05895 -0.05483 0.04940 -0.10044 -0.33211 0.08195 0.18108 0.04621 -0.19546 0.00381 0.24051 0.01779 0.01923 0.04793 -0.32337 -0.01321 -0.05079 0.27433 0.15620 -0.24015 -0.52221 -0.18890 0.15374 0.73789 
-0.00261 -0.02677 0.04491 -0.13105 0.08069 -0.13075 0.02488 -0.01379 0.11051 -0.06067 0.02697 -0.04738 0.30561 0.02190 0.02125 0.07607 -0.13291 -0.07491 -0.03133 -0.27220 0.02141 -0.01127 -0.14696 0.19590 0.00868 0.04800 -0.02439 -0.07062 0.02467 0.00573 -0.21406 0.17129 0.66100 -0.10896 -0.21852 -0.20143 0.09496 -0.27727 -0.39959 
0.00429 -0.02780 0.03508 -0.30762 0.04708 -0.11686 0.03361 -0.09370 0.11677 -0.25637 0.19667 -0.08445 0.01347 -0.04352 -0.03638 0.08362 -0.04910 -0.16465 0.07085 0.32890 -0.02700 -0.03744 -0.15522 -0.10049 -0.27346 -0.15908 -0.02890 -0.02780 0.03037 0.34236 0.08598 0.13479 0.59140 -0.02182 0.01096 0.29874 -0.37040 -0.02993 0.19637 
-0.04613 -0.06314 0.12853 -0.18016 -0.08396 -0.05990 0.35378 -0.04080 0.07307 -0.21589 -0.07352 -0.32084 0.14653 -0.00699 -0.00656 0.10644 0.20945 0.01107 0.10346 0.31920 -0.00042 -0.00031 0.15178 -0.17450 -0.02125 0.24437 0.08305 0.05037 -0.13225 0.20844 0.27137 -0.03781 -0.57999 -0.04347 0.08388 0.30280 0.23917 0.50563 0.20550 
-0.00271 -0.03435 0.14153 -0.09817 0.05815 -0.01340 0.35281 -0.09412 0.11646 -0.10459 0.02217 -0.10571 0.25784 0.03953 0.01399 -0.04863 0.15934 0.10672 0.03304 -0.25109 -0.07047 0.04644 0.14758 0.13867 0.23216 0.04641 0.01882 0.00697 -0.17742 -0.20256 -0.05697 -0.14230 -0.45873 0.01877 -0.10273 -0.22971 0.25000 0.08851 -0.31796 
-0.00661 -0.04915 0.07990 -0.02081 0.02276 -0.02686 0.10268 -0.11127 0.11952 -0.06832 0.06515 -0.08868 0.19295 0.01183 0.00041 -0.07098 0.00689 -0.04590 -0.03884 -0.13953 0.01836 -0.10304 -0.07793 0.07550 0.06726 -0.07359 -0.05013 -0.01363 0.11329 -0.19915 -0.18641 0.03853 0.32288 -0.03531 0.00323 -0.11078 -0.25423 -0.24927 0.20069 
0.00912 -0.03394 0.07055 -0.09128 0.01225 -0.05224 0.21328 -0.07576 0.01342 -0.18252 0.09767 -0.03844 0.18426 -0.01060 0.00036 0.06466 -0.03981 -0.07969 0.07157 0.07178 -0.10578 0.04968 0.03680 -0.11556 -0.01711 0.24710 -0.02341 0.01618 0.06644 -0.00131 0.08653 0.05290 0.01351 0.00597 0.15228 0.18868 -0.09275 -0.09892 0.02634 
-0.01721 -0.04878 0.14456 -0.06062 -0.05693 0.04471 0.17446 -0.21706 0.16919 -0.03152 -0.05040 -0.10578 0.44005 -0.01158 0.01659 -0.00454 0.00557 0.04063 0.01405 -0.12602 0.02433 0.04924 0.11075 -0.01726 -0.03165 -0.04724 0.02201 0.03456 -0.14577 -0.01342 0.23452 -0.19750 -0.08384 0.26177 -0.17459 -0.00358 0.12353 0.11534 -0.59699 
-0.00246 -0.01735 0.06601 -0.08571 0.05288 -0.03819 0.08726 -0.05143 0.06266 -0.07178 0.08041 -0.07010 0.13701 0.01141 0.03493 -0.08112 -0.05323 0.15483 -0.12593 -0.01206 0.15599 -0.12492 0.03322 0.00797 0.09823 -0.34989 0.01022 -0.03308 0.03616 0.00314 -0.09429 0.02093 0.23917 -0.13199 -0.00417 -0.07584 -0.09244 0.05592 0.15519 
-0.00580 -0.01385 0.06344 -0.11385 0.09790 -0.08122 0.16241 -0.06107 0.04427 0.00170 -0.04243 -0.00755 0.09016 -0.00137 -0.01649 0.03162 0.00872 -0.05365 0.03498 0.11315 -0.10766 0.04508 0.03490 -0.10970 0.02426 0.10795 0.00784 -0.06522 0.12017 0.00787 -0.16076 0.15951 0.23627 -0.21338 0.16628 -0.18729 0.15578 -0.14212 0.57012 
-0.00383 -0.03383 0.09763 -0.07699 -0.00077 -0.00321 0.20041 -0.15910 0.10774 -0.03688 -0.02928 -0.04583 0.24496 0.01925 -0.03029 0.03906 -0.04536 -0.00593 0.03358 0.22422 -0.05739 0.04136 -0.15407 0.16375 -0.04389 0.22023 0.03087 0.01429 -0.02894 -0.03879 0.14363 -0.09375 -0.09204 0.17140 -0.00191 -0.12918 0.34289 -0.07285 -0.13370 
0.01346 -0.04414 0.10250 -0.15921 0.09197 -0.04764 0.38662 -0.11847 0.08563 -0.15236 0.12132 -0.05144 0.31038 0.02950 -0.00219 0.00268 -0.03008 0.08997 -0.05876 0.02111 0.06374 0.04317 -0.09428 0.23319 -0.04859 -0.02575 -0.02457 0.05271 -0.09629 0.11896 -0.02274 -0.03721 -0.45159 0.11544 -0.08209 0.23291 -0.24059 0.05883 -0.41267 
0.02567 -0.03603 0.10030 -0.10707 0.08920 -0.06197 0.22151 -0.09536 0.15091 -0.13116 0.20391 -0.09442 0.21921 -0.00531 0.02242 -0.05723 0.07360 -0.02867 -0.00363 -0.22737 0.05804 -0.04073 0.07884 -0.07684 0.01494 -0.19245 -0.04592 0.00424 -0.05512 0.08234 -0.13186 0.08345 -0.13962 -0.03156 -0.09605 0.10431 -0.38008 0.07215 0.00720 
0.00814 -0.02172 0.04527 -0.08561 0.06330 -0.05127 0.15925 -0.06042 0.04491 -0.07352 0.04449 -0.03650 0.11794 -0.01642 0.00204 -0.05244 0.05226 -0.04189 0.02469 -0.11852 0.03218 -0.05289 0.01003 -0.14689 0.02356 -0.01855 -0.02684 -0.03188 0.07373 -0.19887 0.04334 -0.00686 0.44056 -0.04410 -0.06653 -0.12658 0.07159 0.06073 0.22163 
0.00924 -0.03398 0.04786 -0.05481 0.04731 -0.03729 0.10300 -0.06318 0.09802 -0.12113 0.05702 -0.07086 0.20066 -0.03215 -0.00946 0.01650 -0.12527 0.01467 -0.01049 0.21319 0.01394 -0.10726 -0.04773 -0.00524 0.07567 0.02919 0.01441 0.00415 0.04923 -0.03337 0.03795 -0.02878 0.09978 -0.04211 0.07363 0.01221 0.13478 -0.02498 0.01688 
-0.02401 -0.03118 0.06176 -0.21088 0.07797 -0.06176 0.37244 -0.04648 -0.06235 -0.12125 0.03924 0.03917 0.14712 -0.00201 0.00619 -0.00321 0.01890 -0.00393 -0.00409 -0.01873 -0.00993 0.02075 0.02224 -0.01211 -0.00142 -0.00166 0.06239 -0.00446 -0.05011 0.27567 -0.02392 0.02508 -0.54375 -0.06771 0.30118 0.13003 0.06258 -0.19311 -0.02341 
