0.01450 -0.04130 0.13095 -0.06968 0.01681 -0.08540 0.11889 -0.13649 0.15950 -0.06997 0.23843 -0.17807 0.38967 0.03988 -0.02794 -0.01786 0.02835 -0.02122 0.00065 0.06516 0.01279 -0.14565 0.05995 0.19639 0.04739 -0.15435 -0.04163 -0.05321 -0.29488 0.04022 0.11034 -0.06641 -0.20264 0.03643 0.12649 -0.09564 -0.11801 -0.02506 0.27005 
-0.00358 -0.05069 0.07238 -0.10188 0.09068 -0.07838 0.17725 -0.10502 0.11056 -0.06995 0.36566 -0.18521 0.18901 0.00539 -0.01184 -0.05679 -0.05995 0.04097 0.01624 -0.06762 0.00383 -0.04989 -0.08684 -0.06280 -0.04550 -0.18429 -0.02962 0.03146 -0.00398 -0.02576 -0.04980 0.05844 -0.10895 0.01795 0.09841 -0.10060 -0.38697 0.08720 0.21568 
0.01989 -0.05314 0.07416 -0.12963 0.05778 -0.06917 0.05128 -0.13265 0.10961 -0.15681 0.17563 -0.22356 0.20538 0.01026 0.00352 -0.02185 0.00259 -0.07102 0.05909 -0.04379 0.03075 -0.04723 -0.04064 -0.19057 0.13459 0.06133 -0.04604 -0.21316 -0.13795 -0.34440 -0.21383 -0.17974 0.87053 0.67549 0.63506 -0.12420 -1.00169 -0.34192 -0.61786 
0.00668 -0.04717 0.05053 -0.09929 0.01966 -0.01928 0.13345 -0.07428 0.06333 -0.11060 0.17509 -0.05062 0.25034 -0.04065 -0.22500 -0.19473 -0.40435 -0.17287 -0.16350 0.80291 0.67932 0.58517 -0.21104 -1.06449 -0.38741 -0.80215 0.11037 -0.60126 -0.21045 -1.19261 -0.41123 -0.45546 1.11141 0.73658 0.95423 -0.79637 -1.50468 -1.55871 -0.81746 
-0.02076 -0.27814 -0.12057 -0.53398 -0.11509 -0.23267 0.85419 0.54667 0.69478 -0.36785 -0.88886 -0.61098 -0.59677 0.12063 -0.59774 -0.23230 -1.19002 -0.48225 -0.39636 1.06762 0.76732 0.90700 -0.83702 -1.69526 -1.42412 -0.75613 0.31348 -0.61691 -0.92725 -1.08772 -0.68606 0.27929 0.65006 -0.59370 -0.86102 -0.35550 1.32055 -1.11480 1.54155 
0.12731 -0.64491 -0.18177 -1.28932 -0.46258 -0.41565 1.20107 0.69305 0.97033 -0.94761 -1.52017 -1.47474 -0.50579 0.27283 -0.84191 -1.12199 -1.49207 -0.85893 0.11579 1.45298 0.08562 -0.27585 -0.56654 0.25606 -1.50221 0.73940 0.17232 0.40200 -0.94171 0.43504 0.41883 0.99237 1.22500 -0.02080 -1.28921 -0.70777 0.91548 1.61261 1.68263 
0.25207 -1.12005 -1.24256 -2.02605 -0.97402 -0.11688 2.30716 0.63229 0.41893 -0.93439 -0.63280 -2.11319 0.14264 0.29294 -0.19574 -1.17401 -0.75498 -0.06341 0.59600 2.29262 0.74653 -0.38221 -1.54479 -0.77978 0.18849 0.92650 -0.08483 1.13908 0.68588 1.39588 1.21221 -0.44207 -2.38238 0.21081 0.81007 0.19238 -0.15866 2.72957 -0.51644 
0.42026 -0.84065 -1.35578 -2.04430 -0.52600 0.18036 3.49370 1.43958 0.58812 -2.49240 -2.29995 -1.28625 0.42071 0.18799 0.29718 -0.43611 -0.09620 0.35328 -0.32628 -0.92941 0.29644 0.53422 -0.37416 0.09740 1.22736 0.22297 -0.11094 0.38375 0.84680 0.52141 -0.36797 -1.57266 -4.13030 -1.17662 2.36154 3.44102 0.93148 -0.50463 -0.72743 
0.44006 -0.82287 -1.67867 -2.12225 -0.62075 -0.44316 1.37775 0.92872 0.95315 -1.30855 -0.53540 -0.88582 0.36561 0.18201 0.18801 -0.32721 -0.23357 -0.43138 -0.97665 -1.83768 -0.43009 1.97933 1.89623 0.15170 -0.31613 0.19907 -0.15777 -0.03235 0.93370 0.06408 -0.48904 0.18867 1.32423 -0.06740 0.20388 0.01712 -2.20697 -2.36743 -0.49511 
0.60227 -0.65264 -1.68299 -2.27787 -0.95738 -0.79629 1.65602 1.00949 2.56744 -0.59618 -2.14826 -1.60238 0.61978 0.03022 0.26482 0.49759 -0.03211 -0.13576 -0.13761 0.39482 0.22903 0.73810 -0.35704 -2.10957 -1.14007 -0.27214 -0.21133 -0.17727 0.54835 0.58757 0.72098 1.13628 1.97484 0.36717 -3.19138 -3.00568 -0.14598 0.09472 -1.85776 
0.47029 -0.55805 -1.18108 -2.15436 -0.75651 -0.58077 1.77258 1.15776 1.69125 -1.66559 -2.64496 -2.02589 0.09346 -0.02932 0.01075 0.22114 0.35400 0.28960 0.15963 0.13716 -0.06292 -1.21205 -1.10945 0.00572 -0.22142 -1.65869 -0.10694 -0.20714 -0.07040 0.98001 0.54010 0.47970 -0.81942 -0.90081 -1.36061 1.12130 2.49892 2.20839 0.05422 
0.57294 -0.64190 -1.46185 -1.92388 -0.66778 -0.63667 1.79318 0.94657 1.35539 -1.70563 -2.14254 -1.82380 -1.03891 -0.07672 0.05768 0.42719 0.94790 0.40434 0.34210 -0.42459 -0.67178 -0.62251 0.76426 0.38936 1.06832 -0.21793 -0.37569 0.27085 1.22555 1.10495 0.16454 0.40663 -1.26260 -1.09567 -0.07448 2.83508 1.78904 2.24348 3.89137 
0.39357 -0.50037 -0.75389 -1.20646 -0.35217 -0.23867 1.34798 0.48598 1.06873 -0.90133 -2.25560 -0.95757 -0.12446 -0.40501 0.28159 1.44669 1.45895 0.45414 0.56626 -1.12544 -1.15858 -1.28653 1.72563 1.79475 2.02206 2.23268 -0.24721 0.20643 0.50372 0.10669 0.02689 -0.25143 -0.86699 0.24499 0.56254 -0.01965 0.67697 -0.91517 1.47709 
0.16793 -0.36030 -0.01516 -0.46493 -0.21364 -0.07041 0.66775 -0.21202 0.06886 0.02000 -0.34779 0.19826 1.19377 -0.32393 0.26411 0.93091 1.05459 0.43123 0.09067 -1.29159 -0.42679 -0.05998 0.74461 1.06633 0.15315 1.25917 0.21067 -0.74086 -1.86193 -0.74555 0.18346 -0.73537 0.28640 1.78520 2.22162 -2.29137 -2.45464 -2.97352 -1.24699 
0.06964 -0.23627 0.17701 -0.15187 0.07906 -0.14800 0.05640 0.05919 1.00876 -0.15671 -1.18928 -0.80442 1.13471 -0.19434 -0.45927 -0.41524 0.71340 0.63760 -0.16911 -0.83904 0.62661 0.93508 -0.56574 -0.65989 -0.95145 0.98569 0.18441 -0.59990 -1.19890 -0.56713 -0.19149 -0.39958 0.75318 0.44022 -0.15464 -1.33999 -0.96054 0.59097 0.37176 
-0.02641 -0.81957 -0.43040 0.24847 0.42397 -0.23952 -0.17130 0.41460 1.00394 -0.54574 -1.00768 -0.75319 2.17946 -0.13952 -0.33579 -0.26799 0.48746 0.23973 -0.30891 -0.53841 0.01343 -0.21462 -0.59537 0.10579 0.74412 1.63093 0.14915 0.45050 0.81365 -0.73599 -0.43005 0.25612 1.21167 -0.63639 -0.47288 0.88321 0.70594 1.08901 0.00933 
-0.06988 -0.57206 -0.09098 0.33560 0.31879 -0.45691 -0.48201 0.07263 0.79414 -0.75209 -1.08349 -0.06031 2.76563 -0.04519 -0.00877 0.39841 -0.02259 0.20756 0.08701 0.37263 -0.00977 0.46221 0.31746 0.04605 0.13755 0.99502 0.13891 0.19564 0.75012 -0.30762 0.17114 0.72092 0.65134 0.73952 1.46772 1.51258 1.90817 -1.80096 -2.53185 
-0.07160 -0.82834 -0.03200 0.22588 0.63153 -0.15251 0.20134 0.40483 1.46615 -0.22828 -0.96164 -0.61564 3.17449 -0.00061 -0.14015 0.48213 0.17985 0.41087 0.41200 0.11293 0.75296 1.25311 0.91720 2.01396 -1.05684 -0.90092 0.09870 0.54425 -0.55897 -0.01720 -0.46479 -0.18026 -0.90739 -0.10311 -1.03534 -0.25676 -0.12538 0.21142 -2.04158 
-0.07049 -0.71221 0.39115 0.51545 0.72966 -0.04491 -0.36907 0.82558 2.04724 0.16511 0.93047 -1.11715 1.86471 0.05351 0.53548 -0.16056 -0.03979 -0.25723 -0.09324 -0.53475 -0.11288 -0.57313 0.06071 -0.07933 0.34897 -1.04655 0.06871 0.79998 -0.88403 -0.81756 -1.03970 -0.33927 0.58517 -1.60258 -3.35070 -1.35316 -2.85223 2.10114 -0.60889 
-0.01809 -0.29286 -0.19255 0.18609 0.37429 -0.24575 -0.33342 0.29195 0.89302 -0.16757 -1.04097 -0.26667 2.12793 0.06810 0.65983 -0.40191 -0.63771 -0.62883 0.07273 0.69811 -0.84962 -2.09759 -0.43596 -0.83827 1.04430 -1.50981 -0.01243 -0.33968 0.38599 -0.19333 -0.06264 0.18518 0.84242 -0.18334 0.00905 0.10750 1.36082 -0.12574 -0.64614 
-0.00240 -0.05238 -0.01076 -0.12226 0.10082 0.02782 0.32903 -0.02404 -0.05035 -0.27084 0.09220 -0.07285 0.35491 0.04108 0.19580 0.22543 -0.23312 -0.31987 0.09194 0.30767 -0.29622 -0.56408 0.16820 1.28149 0.22323 -1.69269 -0.05893 -0.71414 0.36015 0.67358 0.66783 -0.14414 -0.92884 0.92454 2.22105 0.42762 0.64664 -1.05177 1.88304 
0.02299 -0.09706 0.03288 -0.04703 0.05442 -0.15381 -0.02574 -0.00427 0.32894 0.00064 0.24052 -0.04344 0.43524 0.00917 -0.05431 -0.04175 0.03587 0.03899 -0.07141 -0.23074 0.07491 0.12346 -0.00833 -0.19163 -0.00747 0.37324 -0.06297 -0.12439 -0.26446 0.11426 0.36292 0.01666 -0.08350 0.25795 0.22635 -0.30876 -1.49963 -0.13614 1.58824 
0.00677 -0.10669 -0.05251 -0.08640 0.13982 -0.04358 0.09830 0.05087 0.07312 -0.27917 -0.09942 -0.08032 0.72814 -0.02189 0.07141 -0.03903 -0.11886 0.04305 0.10860 0.22417 -0.03827 -0.33773 -0.14056 -0.21813 0.08709 -0.10446 0.00744 0.11051 0.17060 -0.02561 -0.10600 0.03663 0.24635 -0.22629 -0.02250 0.15616 0.49652 -0.05229 -0.85494 
0.00110 -0.02565 -0.00615 -0.16589 0.09747 -0.04521 0.19843 -0.04254 -0.00879 -0.13992 0.02239 0.04365 0.33078 0.01661 0.05620 0.12885 0.01026 -0.06700 -0.03477 0.01561 -0.15138 0.10096 0.14783 0.30489 -0.05976 -0.48170 0.03999 -0.09401 0.10641 0.21254 -0.08199 -0.12191 -0.32059 -0.00955 0.46573 0.17489 0.37699 -0.25695 -0.02668 
0.02338 -0.05049 0.07634 -0.07614 0.07281 -0.07835 0.11391 -0.10051 0.17408 -0.13134 0.20547 -0.14007 0.24644 0.01810 -0.02260 0.06738 0.09368 -0.03894 -0.01331 -0.09641 -0.04782 0.12800 0.03433 0.15886 -0.16986 -0.13114 0.06567 -0.26407 0.03868 -0.08488 0.02690 0.06689 0.01418 0.11341 -0.13722 -0.17765 -0.30396 0.05997 0.60821 
0.01920 -0.04825 0.06123 -0.07221 0.05853 -0.05852 0.10202 -0.09036 0.11921 -0.10559 0.18125 -0.12621 0.19964 0.08228 -0.20787 0.16753 -0.07462 -0.04011 0.03212 0.02979 -0.03797 -0.03626 -0.02982 0.00093 0.00022 0.12651 -0.00999 -0.11893 -0.11782 -0.20928 -0.00585 0.00543 0.07621 0.05261 -0.19543 -0.03945 -0.26072 0.16368 0.16297 
0.10566 -0.25835 0.24387 -0.15076 0.03271 -0.04624 0.14369 -0.13847 0.13781 -0.16116 0.20640 -0.13985 0.37295 0.00811 -0.14153 -0.05044 -0.11561 -0.04479 -0.00788 -0.02020 0.00479 -0.06743 -0.00512 -0.10186 -0.00618 0.03183 -0.21901 0.26239 -0.27126 0.25397 0.21826 -0.13261 0.00625 0.01544 -0.05275 -0.00835 -0.08550 0.04072 -0.17104 
0.02731 -0.18978 0.01079 -0.18782 0.01374 -0.06640 0.08182 -0.08557 0.05179 -0.11071 0.07938 -0.13239 0.23147 -0.13673 0.05452 -0.10373 0.17935 0.17816 -0.10049 0.03603 -0.02253 -0.08901 -0.03817 -0.08457 0.04093 -0.04453 -0.11281 0.08851 0.28094 0.31341 0.06204 -0.06223 0.30471 -0.07090 -0.09717 0.12454 0.21018 -0.26676 -0.16821 
-0.03107 -0.20383 0.14014 0.02859 0.21086 -0.14673 0.17973 -0.16100 0.04880 -0.19932 0.12183 -0.09892 0.32842 -0.10470 -0.05301 0.23050 0.19780 0.01725 -0.07011 0.28451 -0.06611 -0.16460 0.11942 0.10831 -0.27294 -0.13639 0.09590 -0.20896 -0.04934 -0.12992 -0.09438 0.11630 -0.30160 0.04575 0.28915 0.00912 -0.81581 -0.20262 1.01739 
-0.07739 -0.24279 0.24129 0.00999 0.03099 -0.13651 0.36633 -0.15168 -0.11281 0.00872 0.18770 -0.40534 0.09509 -0.04082 -0.15443 -0.15307 0.04943 0.08377 0.01581 -0.26556 0.02322 0.20014 -0.02905 -0.90037 -0.16168 0.97287 0.11048 0.08885 -0.67635 -0.46611 0.18386 0.06085 -0.51134 -0.17370 0.46380 -0.04670 0.15900 0.40596 0.30774 
-0.07189 -0.35826 -0.01293 0.07802 0.29463 -0.13091 -0.08583 -0.13779 0.24893 -0.22837 -0.77854 -0.26060 1.30129 0.00579 0.03584 -0.44585 -0.26831 0.20111 -0.00926 -0.22683 -0.23981 0.29920 0.07272 0.26731 0.13302 0.17136 0.05619 0.41556 0.36023 -0.16558 -0.33755 0.14471 0.57556 -0.10637 -0.02226 0.32920 1.51418 0.13485 -1.21671 
-0.07160 -0.20695 -0.20456 -0.25832 0.23210 -0.14577 0.13950 -0.39150 0.18639 0.08144 0.45501 -0.27231 0.26644 0.01537 0.26112 0.20716 -0.11615 -0.25378 0.16052 0.30999 -0.08315 0.17788 0.30015 0.61380 -0.02684 -0.24384 0.06460 0.11356 0.72479 0.46115 -0.42634 0.11494 0.22534 0.52015 -0.42149 -0.28274 -0.47482 -0.02789 -0.25631 
-0.05652 -0.09714 0.19423 -0.03813 0.04086 0.02961 0.22416 -0.22094 0.42681 0.07178 -0.16474 -0.28744 1.05744 0.07039 0.14940 0.27894 0.19285 -0.22523 0.10569 -0.00149 0.28033 -0.12228 -0.21002 -0.20751 0.10513 -0.08496 0.04774 -0.20474 -0.35524 0.10680 0.28524 -0.25689 -0.45793 0.23847 -0.47572 -0.42980 -0.43637 0.25253 -0.60076 
-0.00121 -0.05754 0.07438 -0.06548 0.00688 -0.04009 0.13801 -0.11116 0.06411 -0.12858 0.24750 -0.16718 0.18149 0.06311 0.05639 -0.14807 -0.00934 0.03147 -0.09636 -0.14794 0.15532 -0.29784 -0.12965 0.17743 0.22570 -0.84460 -0.05746 -0.12308 -0.30620 -0.17700 0.25999 -0.10403 -0.05730 -0.23814 0.15604 0.26386 0.09338 -0.02777 0.07412 
0.00659 -0.04075 0.04616 -0.04747 0.07232 -0.06675 0.07622 -0.06562 0.12897 -0.05787 0.01269 -0.06174 0.21284 0.01293 0.02632 -0.02726 0.01585 0.03476 0.00165 -0.05880 0.04219 0.03376 0.05385 -0.11413 0.07736 -0.01084 -0.05724 -0.04723 0.14995 0.00316 -0.05721 0.12265 0.14586 -0.15015 0.25834 0.11194 -0.04905 -0.25320 0.78556 
0.01172 -0.03123 0.04712 -0.04963 0.04164 -0.03844 0.07921 -0.06897 0.09787 -0.07474 0.13337 -0.08982 0.17065 0.00587 0.00916 0.00187 -0.00618 -0.02574 0.02629 -0.00208 0.00517 -0.03950 -0.01771 0.12838 -0.02750 -0.05904 -0.01726 -0.10943 -0.00322 0.01672 0.06556 -0.02025 -0.04203 -0.03858 0.16762 -0.14752 0.06535 -0.14787 0.38459 
0.01246 -0.03159 0.04803 -0.05365 0.04658 -0.04047 0.07413 -0.06045 0.08947 -0.07558 0.14108 -0.08924 0.15380 -0.00433 -0.08311 -0.03048 0.03256 0.10033 -0.01859 -0.10083 0.00362 0.20138 -0.09367 -0.04878 -0.07051 0.37375 0.12919 0.02178 -0.82638 -0.93577 0.13886 -0.44068 1.72659 -0.22980 0.60091 -2.35641 -1.74105 -1.38889 -0.03725 
0.00738 -0.11433 0.01664 -0.01707 0.14197 -0.05703 -0.02162 -0.06535 0.29924 -0.16841 0.08459 -0.16033 0.54441 0.13506 0.03094 -0.82451 -0.94195 0.11312 -0.41439 1.72450 -0.22463 0.56141 -2.37412 -1.61267 -1.41640 -0.09630 -0.76495 0.78263 -0.81181 -1.98043 1.32851 -2.15157 3.86118 -1.78298 2.32114 -2.33604 0.58756 -2.50362 1.30472 
0.14752 -0.00065 -0.77648 -0.99560 0.15971 -0.45486 1.79864 -0.28508 0.65089 -2.44969 -1.47159 -1.50564 0.05750 -0.76928 0.69952 -0.84229 -1.94787 1.42884 -2.17016 3.76035 -1.77937 2.52252 -2.42971 0.53878 -2.57413 1.67848 -1.65902 0.11340 1.93079 -0.57182 2.66614 -2.24725 0.34879 -1.06950 0.96970 4.86947 3.67156 1.29778 3.29896 
-0.76190 0.58519 -0.82565 -1.96494 1.57081 -2.22719 3.73873 -1.84472 2.82176 -2.59812 0.62337 -2.73446 2.22288 -1.52396 0.14434 1.10628 -1.51377 2.77927 -2.66165 2.07329 -1.29413 1.53111 2.49535 2.05889 -0.11861 3.20266 0.15935 -2.09317 3.18514 1.94122 0.18808 1.55781 -4.46390 2.30402 -3.20105 4.22753 -2.56230 4.28539 -0.75914 
-1.37644 0.14370 0.32980 -2.50937 2.93897 -3.11651 3.87193 -1.57921 2.18200 0.04566 0.58729 -1.62425 3.26016 -0.60993 -1.39365 2.34284 -0.00665 1.61692 -0.61235 -0.70355 0.52466 -0.67853 1.79782 -2.02352 1.71126 0.91934 1.19178 -1.93598 0.15671 2.24063 -1.98688 2.98225 -3.38295 2.04612 -1.49029 -3.97538 -2.76541 -0.07512 -3.10756 
-1.37183 -0.80846 1.51719 -1.97159 3.18773 -2.83954 3.03518 -1.32006 2.14323 -0.80030 -1.40015 -1.02320 3.14222 -0.33218 -1.79164 1.26299 0.72686 0.79238 0.32060 -1.30966 0.75199 0.04082 -1.48002 -0.70653 -0.19373 0.09510 0.52183 0.50108 -2.44850 -0.30039 -1.41137 1.04976 0.52377 -0.38397 1.45974 -3.02038 1.32878 -2.21202 0.75490 
-1.70861 -1.64794 1.59279 -1.78251 3.73135 -2.79590 2.56227 -0.82722 2.22282 -1.43436 -0.11923 -1.81799 3.35526 -0.08810 -0.89257 -0.10566 -0.30704 0.20555 0.43741 -0.17978 0.14069 0.78121 -1.22256 -0.69474 -0.50076 1.67424 0.79008 1.12701 -1.51514 -0.64298 -1.09524 0.17232 0.67496 -1.18876 -0.33113 1.49784 -2.02188 0.67758 0.71126 
-1.45993 -1.70103 1.41153 -2.27862 3.39328 -2.40213 2.85540 -1.17937 2.92445 -2.02286 -2.09490 -1.52396 4.81646 0.45791 -0.66463 -0.25215 0.08388 -0.30285 0.49293 -0.63470 -0.43677 -0.29031 0.01781 -2.72841 0.48385 0.80636 1.19241 1.51204 0.91297 0.85780 -0.40199 -0.42876 -2.63613 -1.40425 -4.32049 1.93193 -2.29397 -0.56264 -4.71899 
-1.25071 -2.31257 1.34065 -1.69863 3.42850 -2.30298 1.92758 -1.26398 1.93251 -1.41655 -2.84764 -1.33414 4.16162 1.10431 0.61948 0.80731 0.55076 -0.19644 0.00865 -2.81591 -1.26356 -3.53927 0.70937 -2.98871 -1.06340 -3.04475 1.47361 1.84369 0.91617 0.29633 -0.33417 -0.43712 -2.62278 -0.91283 -3.50178 0.33764 1.61461 -1.68867 -2.79130 
-0.35562 -1.08155 2.21884 -1.72786 3.19684 -2.39348 0.03949 -2.44293 -0.61483 -1.31349 -5.08361 -2.58735 1.77171 1.93152 1.17906 0.66402 0.38021 -0.63703 0.05581 -3.25748 -1.34959 -3.79209 0.35545 -1.11380 -1.20482 -1.98494 0.21295 -1.61991 -1.83622 -0.73751 -0.82327 0.13275 1.39263 1.43254 1.32279 -0.82687 5.79719 -0.06447 2.37864 
0.68081 -1.13351 2.00467 -1.31842 2.79147 -2.24717 -1.32990 -2.61358 -1.85959 -1.06110 -3.96144 -2.53895 2.17668 1.31726 -1.00043 -1.02891 -0.18675 -1.01971 0.14140 -1.42328 0.16898 -2.21648 -0.11749 2.80848 -1.12786 -0.66611 -1.47418 -2.31443 -1.52746 -0.99201 0.05266 0.06732 3.49740 1.74089 3.50136 -0.90225 4.38147 0.06185 0.81597 
0.96164 -2.08199 1.18993 -1.91461 2.17714 -2.25208 -1.38379 -2.27394 -2.83131 -1.43098 -2.27513 -3.71521 1.10560 0.45733 -1.13536 -0.86344 -0.61180 -0.58437 0.12313 0.23992 0.39129 -0.29073 -0.54680 3.26767 -1.14296 -1.16897 -1.13659 0.69489 0.64861 0.18374 0.95946 -0.10345 1.85555 -0.58292 3.48772 -0.77601 -0.57233 1.40418 -0.82977 
1.13814 -2.26887 1.14123 -1.93022 2.20711 -2.12403 -1.08998 -2.22229 -2.15032 -1.60790 -0.69376 -3.68192 1.00771 0.18067 -0.30554 -0.38031 -0.00301 -0.06025 0.03796 0.43227 -0.41394 1.27123 -0.89351 2.23615 0.27632 -1.49588 -0.38428 0.89720 0.56520 0.69973 0.10443 -0.09122 -0.45941 -0.63107 1.06987 -0.21188 -3.43636 1.29843 0.40036 
1.14231 -2.38753 0.80962 -1.91762 2.11689 -2.21412 -0.95152 -2.68788 -1.56007 -2.32449 -0.03898 -3.43890 -0.39028 0.07306 -0.23816 -0.29824 0.08793 -0.47993 0.03192 -0.21949 -0.23978 0.77914 -0.75868 -0.16869 0.15546 -0.76860 0.02986 0.08209 0.77243 0.30047 -0.22954 0.26779 -0.67145 1.14628 -1.01106 1.50425 -3.32208 -0.06519 3.55843 
1.21120 -2.50704 0.84299 -1.84228 1.72718 -2.09212 -1.30947 -2.46207 -1.37118 -2.36658 -0.86246 -3.52645 0.23910 0.21053 -0.22345 0.39212 0.29746 -0.28979 0.30575 -0.23918 0.73235 0.26017 0.61075 -1.08593 0.21112 2.06256 0.01825 -0.10645 0.37608 0.21252 -0.14134 -0.04789 -0.01557 0.29931 -0.56021 1.37684 -0.86258 -0.11315 2.18701 
1.35284 -2.61098 1.20174 -1.62016 1.82710 -1.90837 -1.19070 -1.95553 -1.29990 -1.71374 -1.12491 -3.22777 1.67228 0.09131 -0.34461 0.07784 0.30045 -0.62127 -0.01598 -0.23506 0.05953 0.21893 0.61817 -1.03128 0.04231 1.41840 -0.05519 0.12130 -0.50073 0.18396 -0.54460 -0.07755 0.21463 -0.87914 0.55951 -0.28843 0.68716 -0.28471 -0.85358 
1.30250 -2.85164 0.92083 -1.54183 1.10591 -2.10810 -1.54453 -2.40254 -1.15225 -1.74841 -1.89374 -3.48415 1.65751 0.15533 -0.10215 -0.10861 0.48142 -0.83439 0.22820 -0.02455 -0.14679 0.81968 0.32232 -0.39878 -0.07358 1.20897 0.13505 0.40815 -0.05446 0.14169 0.55380 0.04843 0.55534 0.44223 -0.18775 0.18613 1.10971 0.27077 -0.57433 
1.50817 -2.71313 1.09313 -1.13874 0.99271 -1.68017 -1.21526 -2.10232 -0.48022 -1.39142 -1.52369 -3.30135 2.88125 0.22635 0.06354 0.02339 0.44215 -0.06747 0.03245 0.32028 0.50176 0.03118 0.80430 0.07843 0.31308 0.84408 -0.06914 -0.09746 -0.36293 -0.62309 0.63658 -0.74716 -0.29421 0.27298 -1.95772 0.29215 -0.43237 0.25665 -2.25499 
1.52885 -2.78811 0.94421 -1.09968 1.03844 -2.07564 -1.22426 -1.90078 -1.12107 -0.94411 -1.81530 -3.17107 2.50158 0.08619 -0.19960 -0.47155 -0.14167 -0.19781 -0.51896 -0.31876 0.12619 -1.13804 0.61447 -0.83114 0.18307 -1.04601 -0.14000 -0.00389 -0.04961 -0.56166 -0.59855 0.46431 -0.32245 -1.13934 0.90008 -0.86106 0.82216 -0.26434 -0.88639 
1.59436 -2.91274 0.62158 -1.28041 0.79490 -2.19913 -1.53402 -1.97613 -1.61826 -0.77695 -2.35483 -3.11829 1.83524 0.08635 0.05965 -0.02622 -0.11951 -0.66602 0.49676 -0.00217 -0.63758 0.93126 -0.05676 0.90060 0.04874 -0.04231 -0.17649 0.41826 0.52259 -0.03671 -0.33090 0.75519 0.46531 -0.77718 2.67983 -1.29306 2.74195 -0.38714 1.19218 
1.61521 -2.72846 0.91799 -1.21919 0.37243 -1.57888 -1.22643 -2.53836 -0.18981 -1.00087 -0.91471 -3.12233 2.45927 -0.09029 0.21865 0.05104 -0.17838 -0.52871 0.23623 0.14655 -0.65099 1.54179 -0.67859 1.91081 -0.20407 0.14617 -0.09625 -0.13927 -0.12674 -0.06333 0.18717 -0.72621 -0.20737 0.62357 -0.68795 -0.40686 0.23496 -0.11093 -1.00242 
1.50407 -2.69408 0.67262 -1.45880 0.26619 -1.96289 -1.38747 -2.62712 -0.07647 -1.45555 -0.44402 -3.32236 1.98141 -0.00990 -0.07962 -0.15296 -0.18284 -0.47884 -0.22945 -0.20955 -0.01401 0.24331 -0.46362 1.13556 -0.06219 -1.04474 0.24953 -0.42830 -0.12788 -0.11907 0.48557 -0.10437 0.12443 1.14155 -1.73539 1.19367 -1.98044 1.12685 -0.63392 
1.60531 -2.80808 0.76504 -1.40204 -0.10641 -1.80833 -1.43597 -2.55237 0.05350 -1.46449 0.22085 -3.18452 1.41453 0.15924 -0.20964 -0.07684 -0.29746 -0.04313 0.13186 0.27098 0.49056 -0.19360 0.51508 -0.06963 0.92278 -0.48775 0.02093 -0.29118 -0.48130 -0.60770 0.81806 0.04734 0.51674 0.51334 -1.17687 0.69241 -2.63501 1.38478 -0.20833 
1.66331 -2.90373 0.59578 -1.75625 0.22306 -1.83104 -1.11649 -2.13656 -0.27007 -0.94047 -0.51365 -2.39958 1.49366 0.01103 -0.37080 -0.63426 -0.79054 0.33921 -0.18211 0.30719 0.49934 -0.93356 0.22879 -1.49946 1.32259 -1.25306 -0.06177 -0.00296 -0.65869 0.05415 0.02277 -0.19390 0.22826 -0.23464 -0.33008 -0.83513 -0.08739 -0.40416 -1.14875 
1.61634 -3.17888 0.13078 -2.19258 0.23280 -1.99045 -1.12878 -2.05303 -0.88006 -1.23570 -1.27861 -1.86193 0.16147 0.09747 -0.21260 -0.73553 -0.24330 -0.02036 -0.06204 0.49923 0.25592 -0.52368 -0.32005 -0.15702 0.51862 -1.63650 0.06255 0.65532 -0.07326 0.53661 -0.24048 -0.05811 0.22786 -0.20805 0.76209 -0.19172 1.62728 -1.31547 1.07362 
1.76077 -3.11633 -0.13975 -1.99955 0.20270 -1.89308 -0.61725 -1.88064 -0.79375 -1.26053 -0.67067 -1.88096 -0.14284 0.07358 0.28452 -0.70751 -0.25393 0.09874 -0.24022 0.53506 0.29129 -0.17147 0.03707 0.12783 0.00712 -0.17944 -0.07090 0.36394 0.05609 -0.14855 -0.14218 -0.19815 -0.46329 0.02920 0.23894 0.40243 0.02760 -0.90276 2.50816 
1.68992 -2.89436 -0.57673 -2.44651 0.33154 -2.23067 -0.59373 -1.76175 -1.05153 -1.19863 -1.15078 -1.85481 -0.01797 0.02657 0.15134 -0.67944 -0.39185 -0.16254 -0.26019 0.03594 0.28512 -0.28475 0.08238 -0.12942 -0.38414 0.87166 0.02333 -0.33944 0.20682 0.21024 -0.57073 0.37079 -0.24788 0.12024 0.08197 -0.50542 0.41139 -0.46134 0.24354 
1.78734 -2.96498 -0.81918 -2.39140 0.04016 -2.15327 -0.58131 -1.59552 -1.07850 -1.17815 -0.80010 -2.26510 0.72882 0.09691 -0.05492 -0.50069 -0.04368 -0.47199 0.13057 0.28718 0.41153 -0.08950 -0.46836 0.53922 -0.45422 0.06410 -0.02544 0.24109 0.29752 -0.02856 0.08520 0.41447 0.61823 0.28904 0.35891 -0.72260 0.14799 0.52413 -1.60766 
1.78683 -2.94928 -1.07743 -2.49019 -0.14046 -2.10011 -0.30655 -1.35022 -1.14103 -1.66699 -0.61156 -2.30903 0.04613 0.00113 0.39243 -0.38192 -0.42042 -0.07733 0.15427 0.65417 0.57416 0.07416 -0.64023 0.01857 0.13999 -0.73600 -0.03446 0.49786 0.07160 0.38026 0.63885 -0.22332 0.64746 0.00975 -0.24130 0.77099 -0.69002 0.17226 0.82294 
1.78847 -2.57255 -1.20110 -2.81182 -0.03717 -1.99900 0.07286 -1.02135 -1.00434 -1.81838 -0.78152 -2.12511 -0.00718 0.06245 0.44294 -0.42909 0.33658 0.16685 -0.09275 0.93464 0.42128 -0.33080 0.30263 -0.15081 -0.28196 0.88704 0.10667 -0.13615 -0.14709 1.33741 0.55909 -0.29523 -0.07402 -0.26473 -0.09228 0.46598 0.23053 0.08192 1.55065 
1.84928 -2.50634 -1.50652 -2.15361 0.02640 -2.19286 0.62809 -0.92894 -1.47183 -1.36436 -0.76237 -2.59099 0.93317 0.10780 0.25628 -0.52901 0.91700 0.48175 -0.14095 0.58015 0.30943 -0.01812 -0.17425 0.24910 0.22191 0.81465 -0.03846 -0.12338 0.02651 -0.10310 0.53970 0.27195 -0.90933 -0.15482 0.19706 -1.43623 0.21590 1.50930 -0.25179 
1.89626 -2.31627 -1.73011 -1.89482 0.44459 -2.13995 0.65301 -0.71192 -1.02246 -1.99263 -0.53243 -1.90320 0.80748 0.02399 0.31956 -0.40258 0.23348 0.70656 0.17920 0.02531 0.26646 -0.13374 -1.13359 0.06509 1.22734 0.63525 -0.03414 0.11579 0.24495 -1.04384 -0.03484 0.37145 -1.30701 -0.11640 0.00096 0.28232 -0.48590 0.03447 -0.28418 
1.87328 -2.18678 -1.90910 -1.92013 0.73295 -2.01366 0.65339 -0.66248 -1.60557 -2.49795 -0.69728 -1.36366 1.56842 0.07365 0.37208 -0.28406 -0.12684 0.44692 0.23049 -0.72686 0.19304 -0.01716 0.10807 -0.23680 0.25638 0.53048 0.15195 0.42159 0.34999 -0.40257 -0.04166 0.14489 -1.16671 0.35649 1.65385 2.07993 -0.34672 -1.19748 -0.33428 
1.96992 -1.94419 -2.01418 -2.02166 0.89150 -1.90946 -0.07385 -0.51888 -1.03962 -1.88456 -0.76923 -1.64682 1.33795 0.17595 0.74115 -0.05259 -0.16909 0.66489 0.32409 -1.14140 0.62295 1.52011 0.94634 -0.28163 0.02986 0.30097 -0.05821 0.12106 0.17036 -0.53406 0.26248 -0.06986 0.21508 -0.20284 -0.45504 0.08020 -0.55733 0.41803 -0.40823 
2.04922 -1.44562 -1.96169 -2.08922 1.39785 -1.68957 -0.48801 -0.03953 -0.08546 -1.55161 -0.97891 -1.33380 1.86939 0.01545 0.49314 -0.11370 -0.66090 0.70939 0.16064 -0.51178 -0.00980 -0.47220 0.18827 -0.79413 0.67441 0.12225 -0.20283 -0.38675 0.23181 -0.29446 -0.42262 0.08306 1.01173 -1.35832 -2.73664 -0.97548 0.43677 0.53851 0.49028 
1.98537 -1.45105 -2.12787 -2.68256 1.60089 -1.74882 -0.58563 -0.52868 -1.51182 -1.69629 -1.56336 -0.97240 1.46020 -0.02689 0.35440 0.17922 -0.46355 0.24227 0.40715 -0.12967 -0.73537 -1.21654 -0.02914 0.15514 0.56837 0.79125 0.06002 0.09295 0.48140 0.51299 -1.06127 0.56102 0.44148 -0.31372 0.65079 -0.55488 1.87265 -0.63259 -0.49800 
2.02233 -1.09123 -1.78248 -2.55277 1.64012 -1.28243 -0.61768 -0.77490 -1.30199 -1.58075 -0.82376 -0.76543 2.66064 0.07547 0.58608 0.36770 -0.14791 -0.35187 0.72165 -0.07030 -0.32352 0.17859 -0.36661 1.07852 0.04182 -0.37575 0.00154 0.04732 -0.31134 -0.31868 -1.13944 -0.01023 0.11073 -0.03517 0.41747 -0.90335 -0.11277 -1.45697 -3.20655 
2.06084 -0.86497 -1.76017 -2.83047 1.24902 -1.02717 -0.65593 -0.85220 -1.33324 -2.06290 -0.48484 -0.93058 1.08445 -0.02535 0.40172 -0.13212 -0.78223 -0.89717 0.39692 -0.01894 -0.77054 -0.79907 -0.93248 0.04237 -0.88860 -2.41530 -0.05666 -0.14723 -0.60294 -0.29718 -0.08142 -0.47181 0.40946 -0.39296 -0.63405 -0.08207 -1.51572 -0.69257 -0.42515 
1.99699 -0.68950 -1.91459 -3.33500 0.74294 -0.88551 -0.63662 -1.54544 -2.10106 -2.51324 -0.78139 -1.65404 0.24534 0.01881 0.43886 -0.23524 -0.44508 -0.43329 0.24985 0.33916 -0.71648 -0.45546 -0.44868 -0.43720 -0.65075 -0.80090 0.08561 -0.00041 0.28746 0.83065 0.84184 -0.05210 0.53103 0.57300 1.38602 1.09417 0.40946 0.81965 2.43975 
2.07965 -0.42611 -1.99541 -3.27555 0.81573 -0.77732 -0.31677 -1.56869 -1.78870 -2.51157 -0.92204 -1.58133 0.28355 0.06026 0.40131 0.15535 0.04842 -0.05533 0.34482 0.51209 -0.19754 0.58695 0.16169 0.45183 -0.06895 0.02445 0.03172 -0.25093 0.12112 0.26661 0.21929 -0.05066 -0.44774 0.50394 0.59370 0.35460 1.09584 0.49055 0.63557 
2.05725 -0.28819 -1.75925 -3.28657 0.68761 -0.54069 -0.12453 -1.74298 -1.51411 -2.35155 -0.32956 -1.72298 0.26978 0.05054 0.18793 -0.11412 -0.17847 -0.21400 0.19918 -0.10858 -0.21254 0.13824 -0.09408 0.65864 -0.16020 -0.16533 0.08411 -0.46885 -0.52890 0.06018 0.00546 -0.45558 -0.57727 0.39657 -0.17818 -0.07522 0.11724 0.59689 -0.15327 
2.13019 -0.23818 -2.10953 -3.45402 0.60174 -0.57813 -0.42535 -1.78123 -1.65045 -2.60565 -0.26339 -1.74153 0.11822 0.14437 -0.06754 -0.37355 0.10860 -0.04987 -0.11077 -0.06518 0.19903 0.40877 0.08646 0.56907 0.52794 -0.12882 -0.00736 -0.57691 -0.27894 0.26083 0.36416 -0.59991 -0.31531 0.21132 0.78046 0.61621 -0.80741 0.28316 0.20504 
2.20162 -0.35573 -2.13280 -3.17797 0.63774 -0.65146 -0.18971 -1.54395 -1.10534 -2.26509 0.23951 -1.19504 0.14096 0.04318 -0.38898 -0.39306 0.08236 0.15017 -0.40072 -0.42390 -0.00122 0.91870 0.52212 -0.14877 0.12296 0.03971 -0.17288 -0.55611 0.17269 -0.10554 0.25670 -0.35626 -0.79742 -0.23034 0.59779 0.08788 -1.20593 -0.31325 -0.02566 
2.17337 -0.62716 -2.50259 -3.37166 0.75190 -0.97886 -0.84925 -1.78245 -0.73175 -2.08353 -0.41216 -1.61856 0.15793 -0.02851 -0.62365 -0.20086 0.00306 0.20683 -0.46703 -0.86260 -0.03131 1.00656 0.17435 -0.63686 0.21469 -0.15448 -0.00756 -0.21981 0.54882 0.46177 -0.12270 -0.42438 0.36790 1.13602 -0.10176 -0.92215 0.20289 1.29008 0.07928 
2.17310 -0.97938 -2.33367 -3.17492 0.84456 -1.11848 -1.05231 -1.57526 -0.09879 -2.09074 -0.39735 -0.98034 -0.01352 0.03562 -0.60879 0.15576 0.54412 0.02747 -0.82510 -0.05599 1.13480 0.81694 -0.40003 0.05413 1.41304 0.11899 0.01681 -0.09125 0.23197 0.48856 -0.84294 -0.79587 1.23236 1.52711 -0.85194 -1.12143 0.15123 0.44706 -0.39783 
2.20898 -1.23596 -2.34683 -2.82754 0.77937 -1.80395 -0.90524 -0.64765 0.08518 -2.48356 -0.35803 -0.20553 0.27692 -0.01170 -0.71490 0.03111 0.49162 -0.63612 -1.26290 0.36976 1.49580 0.15461 -0.94709 -0.48563 0.66176 -0.55231 0.07189 0.13670 0.12490 0.26659 -0.53207 0.50063 0.82001 0.37177 -0.05624 0.59104 0.39070 -1.52563 0.75590 
2.16140 -1.69428 -2.30256 -2.68330 0.20844 -2.38138 -0.68255 -0.07946 0.05583 -3.03783 -0.88298 -0.31859 -0.56583 0.10751 -0.47209 0.28066 0.81071 -0.50460 -0.32447 0.76402 1.50657 0.76070 0.19101 0.44482 -0.11259 0.87489 0.07127 0.56260 0.19352 0.40155 0.24020 1.54109 0.17411 -0.97842 0.95738 1.49081 0.98598 -1.46899 2.51075 
2.31649 -1.70805 -2.06617 -2.01683 0.27477 -2.12842 -0.14122 0.85892 0.84588 -2.29254 0.08679 -0.31812 1.15181 0.05956 -0.15230 0.22463 0.89317 -0.39592 0.27819 0.54387 0.51738 1.11200 0.54373 0.50035 -0.80723 1.95844 -0.18370 0.52634 -0.24277 -0.51472 0.02338 0.20202 -0.47493 -1.91818 -0.48501 -0.52751 -0.87086 -0.43206 -1.88874 
2.22096 -1.84658 -2.07792 -1.79013 -0.18747 -2.10319 -0.13868 0.43792 1.16782 -2.49410 -0.38263 -1.12582 1.39260 -0.07619 0.05425 0.03789 0.29599 -0.48123 -0.12245 0.28909 -0.41161 0.27568 -0.33650 -0.42604 -0.54465 -1.01385 -0.04784 0.14523 0.15089 -0.51188 -0.00426 -0.50257 -0.17676 -0.21116 -1.47958 -0.90835 -0.55384 0.75728 -3.44165 
2.24029 -1.65380 -2.02828 -1.72083 -0.20646 -2.25088 0.14787 0.44731 1.12157 -2.62904 -0.33925 -0.86277 0.13797 0.01172 -0.00707 0.37552 0.38128 -0.40017 -0.22438 0.36711 0.30622 -0.36758 -0.36463 -0.05350 -0.04995 -1.48321 -0.07293 -0.26225 0.94428 -0.13177 0.04585 0.05157 -0.13225 0.72453 -0.48156 0.44498 0.52303 0.08324 0.89976 
2.23268 -1.85364 -1.70240 -1.40885 -0.58765 -2.32756 0.22843 0.74414 0.80024 -2.85873 -0.43613 -1.17577 -0.09061 -0.14912 -0.20800 0.98217 0.16422 -0.43537 -0.07089 0.15685 0.31292 -0.20587 0.10849 0.09699 -0.46142 -0.11408 -0.16147 0.12479 0.47788 -0.77048 0.13393 0.28588 0.00023 -0.10929 0.37194 0.79070 -0.53906 -0.51251 1.51198 
2.09117 -1.86181 -1.04611 -1.55661 -0.64184 -2.32176 0.30472 0.76023 0.91569 -2.52056 -0.24226 -1.32419 0.02388 -0.14975 0.11772 0.85340 -0.38920 -0.26625 0.06150 0.36735 0.19693 0.00436 0.42607 -0.59256 -0.56245 0.02877 0.11890 0.28282 -0.87862 -0.42993 0.06133 -0.03788 0.23754 -0.43444 -0.02945 -0.30017 -1.29235 -0.12092 0.24456 
2.08294 -1.73592 -0.84900 -1.79805 -0.85389 -2.26606 0.59578 0.94107 0.80460 -2.43266 -1.02869 -1.73823 -0.06184 -0.03022 0.07482 0.10354 -0.26571 -0.37404 -0.10877 0.39439 -0.12152 -0.23533 -0.19168 -1.19535 -0.58233 0.13048 0.06505 -0.30979 -0.89497 0.46961 0.18901 -0.27873 -0.27680 -0.37073 -0.59289 -0.69040 0.53787 0.21154 0.60528 
2.06096 -1.78699 -0.94257 -1.82232 -1.01588 -2.43053 0.69911 0.63872 0.68037 -2.71223 -1.43762 -1.90652 0.15436 -0.08470 -0.19207 -0.04157 0.08042 -0.07724 -0.21723 0.09055 -0.17380 -0.58853 -0.26433 -0.05469 -0.35092 0.63405 -0.07420 -0.29265 0.11674 0.47987 0.42840 0.08411 -0.40426 -0.03565 -0.68103 0.12358 1.14286 1.41123 0.14903 
1.99824 -1.92799 -0.89057 -1.71763 -0.93113 -2.48329 0.68633 0.76727 0.21607 -2.69699 -1.08338 -2.08914 0.57221 -0.10441 -0.21783 0.22028 0.21416 0.05436 -0.02466 -0.00987 -0.15717 -0.91636 -0.06810 -0.05249 0.82889 0.27951 0.09284 0.28536 0.14105 0.31411 -0.06797 0.32933 0.04838 -0.02049 0.52508 0.57189 -0.39345 1.39785 0.31204 
1.95655 -2.00482 -0.72229 -1.60816 -0.96152 -2.45519 0.68923 0.48155 -0.23599 -2.78033 -1.49011 -1.07763 0.43387 0.00814 0.09329 0.09948 0.39452 -0.14521 0.11209 0.13893 -0.19428 -0.06345 0.30756 -0.44814 1.04694 0.94609 0.15926 0.46442 -0.51820 -0.19759 -0.14938 0.00118 -0.03457 0.36168 1.32068 0.34129 -0.26709 -1.08654 0.85250 
2.00639 -1.83470 -0.79109 -1.32311 -1.07633 -2.37120 0.82526 0.57299 0.15262 -2.38943 -1.53152 -1.04220 1.51830 0.05485 0.24659 -0.29792 0.01658 -0.09502 -0.02348 -0.04445 0.20451 0.40432 0.27319 -0.31958 -0.25765 1.13200 0.01469 0.23782 -0.55842 -0.51572 0.06779 -0.32739 -0.09562 0.60690 0.27496 -0.72871 0.47816 -1.31243 -1.22194 
2.01140 -1.75822 -1.02021 -1.59158 -1.05653 -2.47867 0.64479 0.68606 0.16834 -2.50715 -1.80969 -1.33528 1.56588 0.02284 0.33112 -0.45894 -0.12120 -0.07742 -0.21530 0.04331 0.41261 0.21151 -0.42115 0.03002 -0.26550 -0.27584 -0.02105 0.20335 0.61368 0.40082 -0.12444 -0.12733 0.56145 0.26902 0.30662 -0.20902 0.76146 0.44227 -1.15592 
2.02922 -1.50358 -1.25004 -1.44431 -1.15375 -2.58650 0.86857 0.98560 0.36413 -2.81058 -1.50150 -1.30770 1.24245 0.03380 0.44995 0.31576 0.41740 -0.21946 -0.15081 0.51701 0.47353 0.71094 0.06417 0.44188 0.18462 -0.02392 -0.09962 -0.02498 0.84678 -0.05008 -0.26142 -0.09118 -0.66344 -0.53168 0.24442 0.42176 -0.74224 0.41127 -0.28079 
2.04519 -1.30828 -0.70445 -1.17419 -1.27599 -2.62948 1.16180 1.15959 0.87928 -2.44298 -1.36781 -1.15065 1.54196 -0.07679 0.30614 0.38783 -0.17128 -0.33884 -0.30647 -0.62013 -0.11907 0.45593 0.00061 -0.71222 0.14577 -0.55663 -0.16495 0.00140 0.33879 -0.53254 -0.01437 0.07116 -0.51720 -0.21694 -0.61129 -0.14535 -0.61375 0.43075 -0.62137 
1.95243 -1.19744 -0.86220 -1.61560 -1.49259 -2.89297 0.24843 0.86653 0.82007 -2.80997 -2.21372 -1.16193 0.68582 -0.13116 0.45134 0.65454 -0.11515 -0.23383 -0.07964 -0.00019 0.25659 0.09965 -0.08119 -0.17188 0.61538 -0.64528 -0.06785 0.05932 0.18180 0.45668 0.38846 0.38232 1.08018 0.19438 -0.89855 -0.22349 1.42315 0.18364 0.27311 
1.91404 -0.85694 -0.04991 -1.28933 -1.50981 -2.70912 1.16160 1.41618 0.97893 -2.52416 -1.53969 -0.53527 0.89668 -0.14464 0.36546 0.56963 0.28539 0.04962 0.07584 0.46005 0.07531 -0.44262 -0.22288 0.71094 0.32942 -0.28352 0.01046 0.01443 -1.07443 0.04329 0.50817 0.24933 -0.78623 -1.07428 -0.53399 -0.30918 -0.38320 -1.12927 1.73876 
1.80780 -0.83198 -0.29257 -1.33020 -1.44297 -2.81712 0.70848 0.94185 0.37745 -3.03285 -1.50279 -0.83251 0.40230 -0.12070 0.46578 -0.41988 -0.07186 0.27434 0.16968 -0.78642 -0.81769 -0.43433 -0.39037 -0.55508 -0.51389 1.09348 0.09815 0.43244 -0.54935 -0.62655 0.17179 0.39471 -0.89757 -0.60834 0.97847 0.91054 -1.72067 -0.88245 1.54604 
1.79334 -0.39116 -0.46979 -1.36119 -1.23547 -2.53944 0.37518 0.59849 0.54459 -2.91453 -2.09477 -1.04917 1.99016 -0.04648 0.79790 0.02028 -0.34116 0.22141 0.47056 -0.43752 -0.53302 0.53585 0.68766 -1.00973 -0.55303 1.26252 0.02779 0.26627 0.70145 -0.55964 -0.15837 0.24117 0.50456 0.53744 0.36330 0.88278 0.13379 0.35942 -1.77307 
1.76132 -0.03408 -0.27229 -1.67136 -1.22155 -2.34657 0.27096 0.40882 0.91329 -2.34519 -2.51252 -1.38555 1.66482 -0.09290 0.73205 0.28157 -0.63150 0.11597 0.41085 -0.28186 -0.28025 -0.07103 0.49241 -0.42129 -0.15448 -0.67960 -0.16245 -0.25196 0.16700 0.28242 0.04013 -0.06759 0.44980 0.09548 -1.30210 -1.13373 0.58932 0.79063 -1.19768 
1.70044 0.34089 -0.18822 -1.99269 -1.11950 -2.12858 0.09332 0.31824 0.47356 -2.42213 -2.51606 -1.20364 1.31056 -0.20893 0.54594 0.18728 -0.05874 0.26154 0.40296 0.01228 -0.43755 -0.76626 -0.44606 -0.42042 0.23760 0.06484 -0.12713 -0.32072 0.05528 0.99353 0.33493 -0.09835 1.06741 -0.12356 -0.04179 0.07310 1.45145 0.45109 0.02495 
1.55238 0.51185 -0.08501 -1.73009 -0.96001 -1.94360 0.28324 -0.02872 0.14703 -2.79125 -2.93293 -1.14794 1.72965 -0.22004 0.41133 0.33685 0.36203 0.45091 0.31250 0.78555 -0.40381 -0.11282 0.56551 1.03016 0.29661 -0.65465 0.02470 -0.46302 0.41202 0.33717 0.04956 0.09195 0.62226 0.22961 0.14204 1.37166 1.90945 -0.25465 -0.59504 
1.48040 0.75222 0.14863 -1.63066 -0.66859 -1.81608 0.87887 -0.08556 0.36074 -1.85662 -1.48590 -0.90703 0.65591 -0.18423 0.08291 0.59930 0.27843 0.31110 0.49491 0.63454 -0.20794 -0.62421 0.92560 1.48904 -0.01705 -0.53020 -0.15722 -0.89025 -0.10909 -0.03748 0.06185 0.15958 -1.48033 -0.12479 -0.05122 -0.16033 -1.88755 -1.14084 0.70825 
1.36815 0.59477 0.51430 -1.45166 -0.64891 -1.44869 0.91779 -0.23667 -0.47718 -1.86565 -1.44389 -1.16500 1.19946 -0.37725 -0.47892 0.22776 0.32455 0.51276 0.47208 -0.69479 -0.52860 -0.16405 0.40518 -0.85739 -0.84423 0.05361 -0.06072 -0.32335 -0.59405 -0.24416 -0.01496 -0.21488 -0.96595 0.39583 1.19603 -0.20483 -1.11306 -0.48259 -0.80164 
1.10315 0.27330 0.37640 -1.30610 -0.15584 -1.34400 0.18408 -0.61416 0.19669 -1.45144 -2.34329 -1.75126 0.70952 -0.24495 -0.24044 0.00525 0.03428 0.29614 0.28003 -0.33140 0.18788 0.57181 0.72077 0.37598 -0.49964 -1.33184 -0.09350 0.07065 -0.30958 -0.44302 -0.68861 -0.23199 0.94778 0.89805 0.12697 -0.18452 1.62814 0.56348 -0.71134 
1.12320 0.35433 0.51955 -1.41738 -0.35277 -1.16866 0.58638 -0.04878 0.09463 -1.14488 -1.06791 -1.66464 -0.13238 -0.47075 -0.40827 -0.08182 -0.11846 -0.17586 0.24009 0.25299 0.36946 -0.03707 0.22066 0.77075 -0.28075 -0.65773 -0.52803 -0.80520 -0.79763 0.42277 0.20107 0.54129 1.32701 0.04351 -0.26774 -0.98332 -0.93414 0.18232 1.33380 
0.63240 -0.13498 0.29458 -1.42456 -0.33169 -1.10390 0.43707 -0.24470 0.15962 -1.23078 -1.57254 -2.03201 0.05178 -0.77298 -1.04564 -0.79238 0.45705 0.49721 0.82132 0.99561 0.23139 0.30407 -0.26255 -0.55816 -0.31733 0.00196 0.14231 0.04999 -0.42089 0.55709 0.43870 0.22243 0.33174 -0.04170 0.23888 -0.19798 -1.08790 0.93638 0.92861 
0.35022 -0.69131 -0.27283 -0.96034 0.14444 -0.34734 1.58199 0.18261 0.39870 -1.40743 -1.62607 -1.98197 -0.13042 -0.32844 -0.35828 -0.50271 0.43863 0.26284 0.46253 0.58473 0.32776 0.20181 0.02268 -0.31715 0.65563 0.27087 0.35413 1.42331 2.45419 -0.58735 -0.00419 -0.47806 -2.52472 -0.26068 -0.44615 1.52383 2.21980 0.14001 1.23415 
0.30396 -0.49326 -0.20813 -0.98594 -0.06885 -0.64138 1.02181 0.08306 0.36143 -1.20810 -1.88970 -1.37637 0.32266 -0.41885 0.37768 1.66182 -0.13031 0.49301 0.34326 -1.52911 -0.02929 -0.14208 1.26128 1.66164 -0.17732 1.23611 -0.22675 0.08724 1.98876 -1.10107 0.48907 0.10192 -1.61057 -0.17610 -0.17681 0.93538 3.25986 -0.77628 1.09597 
-0.06862 -0.31363 1.38899 -1.09065 0.63745 -0.00408 0.05288 0.15332 0.25661 -0.14615 0.03557 -2.15929 1.10569 -0.55519 -0.27104 1.48605 -0.66244 0.75191 0.56445 -1.02584 0.15165 0.02500 0.95806 2.94270 -0.12065 1.36684 0.42190 -0.52771 -3.00028 0.18482 -0.69285 -0.46496 1.81478 -0.31153 0.27976 -1.60565 -1.47768 1.15938 -2.39148 
-0.25123 -0.76430 1.27792 -1.64838 0.68306 -0.07693 -0.00404 0.23471 0.38643 -0.25004 1.05301 -1.49702 1.68950 0.00305 -0.15003 -1.33846 0.05452 -0.19983 -0.12170 0.28566 -0.34082 0.13768 -0.34437 0.18396 0.98206 -1.15537 0.80034 0.71794 -2.73068 2.10394 -1.08379 -0.91440 1.67168 -0.56498 0.14491 -0.92809 -3.62555 1.44960 -1.87070 
-0.06557 -0.46366 0.05053 -1.03613 0.43762 -0.12578 0.33854 -0.18750 0.39429 -0.49053 0.21953 -1.17722 -0.04968 0.24515 0.44690 -1.24463 1.44150 -0.33188 -0.34996 0.64583 -0.41333 0.16990 0.02996 -0.68285 1.32895 -0.50386 0.04953 0.34109 1.25397 0.56346 0.01488 0.09808 0.32283 0.80734 -0.77054 0.42700 -0.55464 0.11693 1.27803 
-0.00608 -0.31741 0.03329 -0.20688 0.35118 -0.42689 0.64180 -0.17861 0.55633 -0.22008 0.37016 -0.16807 1.18564 0.05259 0.19106 -0.08450 0.61798 -0.18496 -0.02362 0.60849 0.46652 -0.63287 0.08263 -0.37068 1.09900 0.12267 -0.21992 -0.27861 1.43041 -1.60525 0.01520 0.36541 -1.26244 0.57308 -0.34969 0.54997 0.70981 -1.42265 0.84556 
-0.01298 -0.27260 -0.03397 -0.41815 0.25267 -0.14939 0.94703 0.27902 -0.23858 -0.40790 -0.15114 -0.07823 0.07299 0.02523 0.16829 0.18578 -0.16375 -0.31668 0.01545 -0.61660 0.15976 -0.17979 0.57994 0.02697 -0.09370 0.34170 0.06361 -0.24437 0.18749 -0.75185 -0.17379 -0.14357 -0.69247 -0.69147 1.76843 0.48472 -0.06389 -1.68460 0.84053 
0.01915 -0.14912 0.21907 -0.37063 0.03451 -0.41144 0.02520 -0.01886 0.37654 0.35986 0.39712 -0.26177 1.52735 0.11619 -0.05331 0.10299 -0.13388 -0.35875 -0.16719 -0.08398 -0.22495 1.13556 0.56735 -0.43456 -0.58560 0.96320 -0.09724 -0.27771 -0.37290 0.45334 0.40254 0.23649 1.05765 -0.12162 0.81283 -1.09446 -0.14945 0.53488 0.26739 
0.10321 -0.32591 0.06902 -0.55203 -0.10608 -0.31658 0.86306 0.05407 0.89699 0.15945 -0.58570 -0.66383 1.03619 -0.07201 -0.10943 -0.18712 0.28959 0.08586 0.25194 0.44104 0.03814 0.63304 -0.51452 -0.12248 0.44118 0.60909 -0.36794 -0.08419 -0.09762 0.50993 0.70728 -0.33922 -0.73187 -0.27034 -1.48777 -0.91890 1.06187 1.02133 -1.50287 
-0.05286 -0.25855 0.03195 -0.08104 0.12037 -0.15950 0.46624 0.01928 1.00958 -0.15466 0.27464 0.17940 2.13644 -0.25175 -0.13749 0.00537 0.37605 0.34853 -0.50641 -0.81585 -0.49529 -0.35220 -0.35156 0.62731 0.43573 -0.53968 0.02504 -0.19475 0.54700 -0.44272 0.01694 -0.78046 -0.78130 -0.26989 -1.38140 0.20785 -0.87819 -1.95970 -2.14129 
-0.14854 -0.46340 0.07440 -0.17598 0.24245 -0.82299 0.04720 -0.44122 0.54478 -0.19210 0.04161 -0.22810 0.49651 -0.04697 -0.30418 0.35988 -0.15313 0.10280 -0.52852 -0.34026 -0.23175 -0.74836 -0.30667 -1.00067 -1.51853 -1.53219 0.29297 0.17269 -0.07926 -0.78871 -0.37371 1.10729 1.86517 1.04220 -0.12314 0.40896 -0.13711 -0.56991 -0.57264 
-0.09983 -0.56273 0.39183 -0.23417 0.22317 -0.68802 0.12598 -0.21247 0.26122 -0.46133 -0.72603 -1.33912 0.60424 0.04122 0.03519 -0.07389 -0.41265 -0.02518 0.60088 1.04932 0.54690 -0.47535 0.05741 0.49019 -0.13418 -1.11231 0.00981 0.75498 -0.60866 0.04009 0.00073 0.98495 0.66148 0.38548 1.25396 0.77750 0.72225 1.84743 2.15813 
-0.10731 -0.42821 0.00051 -0.58863 0.21727 -0.22211 1.09653 0.10568 0.06944 -0.13470 0.53180 -0.36228 -0.61580 -0.03716 0.45080 -0.24878 -0.11303 0.10353 0.45643 0.32122 0.15373 0.50560 0.47084 -0.27842 0.32891 0.62593 0.10940 0.40464 0.35305 0.81655 -0.00361 -0.83488 -2.68560 -1.45269 -0.17558 -0.15619 -1.52546 0.36729 0.78290 
-0.13699 -0.11193 0.14305 -0.34720 0.32670 -0.23159 0.44720 -0.05873 0.76682 0.00951 -1.00446 -1.01022 1.23018 0.15062 0.43983 0.27916 0.40389 -0.02878 -0.23400 -1.63628 -0.90578 -0.65093 -0.09878 -1.03526 0.23311 -0.32941 0.18782 -0.49909 0.00025 -0.00172 -0.28076 -0.26234 -0.39625 -0.30311 -1.76395 -1.28623 1.00589 0.67153 -0.88812 
0.04331 0.01162 0.27966 -0.18474 0.18848 -0.45611 -0.53975 -0.80010 -0.58149 -0.23348 -0.50346 -0.12917 -0.94521 0.15066 -0.04829 -0.24854 -0.11475 -0.17723 0.19409 -0.07503 -0.14938 -1.25835 -0.81540 0.72747 1.00044 -0.26219 -0.20476 -0.49027 -0.59161 -0.39247 -0.12265 0.52034 2.23459 1.81670 1.17559 -0.09230 1.88589 -0.32729 2.16986 
0.01367 -0.16022 -0.10549 -0.46196 0.14947 -0.03749 0.37218 -0.20811 -0.49153 -0.80589 -0.27699 -0.00978 0.96799 -0.05414 -0.05044 -0.31245 0.01142 -0.15143 0.28634 0.59831 0.91091 0.52466 -0.19108 0.85062 -0.09418 1.84045 -0.13313 0.13864 0.52245 0.51107 0.16504 -0.20525 -0.13808 0.25544 1.79957 1.51026 -0.14590 -1.19287 -0.46399 
-0.01083 -0.03882 -0.03279 -0.17332 0.03705 -0.16977 0.05855 0.11081 -0.05683 -0.42456 0.34716 -0.22335 0.89523 0.01753 0.09036 0.27392 0.39631 -0.01219 -0.01115 -0.21310 0.10606 0.54122 0.69487 0.58157 -0.19244 -0.72618 0.07268 0.00056 0.44310 -0.01503 0.29003 -0.24996 -0.51795 -1.18456 -0.28473 0.38324 -0.87424 0.06182 -2.38148 
0.03120 -0.06986 0.16843 -0.06564 0.13729 -0.04865 0.15907 -0.10205 0.04969 -0.11102 0.30458 -0.20222 0.24181 0.01854 -0.04988 0.13065 -0.00361 0.13860 0.03638 0.08036 -0.27365 0.23993 0.19216 -0.02361 -0.03235 -0.54104 -0.08016 -0.08196 -0.32486 -0.40873 -0.04868 -0.00131 0.09240 -0.05342 -0.43787 -0.64835 -0.88455 0.29092 0.78215 
0.00772 -0.08870 0.09786 -0.17693 0.17565 -0.13339 0.13891 -0.16284 0.18309 -0.23239 0.32355 -0.25570 0.35420 -0.06263 0.00840 -0.05094 -0.01242 -0.06087 -0.01246 -0.12071 0.05264 0.10334 0.04651 -0.30298 0.09848 0.05598 -0.10036 0.11682 -0.19276 -0.20650 -0.12092 0.09961 0.09092 0.40773 -0.71237 -0.30152 0.02126 0.18622 0.88899 
-0.03143 -0.06146 0.11749 -0.07806 0.07642 -0.06111 0.03837 -0.04941 0.15303 -0.06451 0.00160 -0.10374 0.29779 -0.08182 0.06695 -0.06211 -0.21011 0.01768 0.13599 0.17127 0.13408 -0.47245 -0.10936 -0.00235 0.15386 0.34795 0.09492 0.01085 0.00740 0.00397 0.10558 -0.04580 0.31332 -0.11891 -0.18969 0.02932 0.28934 -0.00302 -0.14453 
-0.07410 -0.02175 0.03575 -0.38704 0.19333 0.00260 0.31018 -0.02876 -0.28935 -0.34175 0.32119 -0.10184 0.70215 0.03229 0.01925 -0.04354 -0.00845 0.04471 -0.05826 0.19261 -0.06626 -0.08635 0.07583 -0.01364 0.09546 -0.08855 0.16091 -0.07024 0.06470 0.50944 -0.14738 -0.19264 -0.37611 -0.18610 0.81957 0.37049 -0.30276 -0.15987 -0.95542 
0.00086 -0.04221 0.07395 -0.08650 0.12112 -0.11937 0.23098 -0.11568 0.06668 0.01132 -0.01204 -0.00828 0.20924 0.07909 -0.00329 0.00259 0.29933 -0.12970 -0.05665 -0.20484 -0.05202 0.34712 0.26113 -0.30512 -0.00601 -0.60747 -0.04111 0.00568 0.02432 0.00566 -0.09912 0.13086 -0.31626 0.12001 0.07203 -0.14775 0.12233 -0.17059 0.10997 
0.00499 -0.02504 0.03834 -0.08771 0.06363 -0.05405 0.10535 -0.08078 0.05777 -0.08062 0.01608 -0.10785 0.09468 -0.00881 0.02493 -0.01922 -0.00279 -0.05441 0.07260 -0.12365 0.05374 -0.01432 -0.07192 0.10869 -0.07512 0.02141 -0.07048 -0.03458 0.02572 -0.33129 0.11532 0.06586 0.16972 -0.03674 -0.41069 -0.55879 0.17021 -0.24129 0.42985 
-0.00795 -0.01727 0.05473 -0.08929 0.06671 -0.04677 0.10733 -0.06193 0.05236 -0.06060 0.09665 -0.08340 0.23065 0.00861 -0.03787 0.02831 -0.03196 -0.01438 0.00921 -0.03512 -0.08876 -0.06356 -0.29766 -0.13490 -0.24730 -0.17762 0.01527 -0.03524 0.01533 0.01180 0.06923 -0.10895 0.04502 -0.00715 0.07464 0.06334 -0.04283 0.06784 -0.02891 
