0.01321 -0.02547 0.04872 -0.05415 0.06966 -0.03207 0.06116 -0.08203 0.10670 -0.08514 0.04754 -0.06190 0.12262 -0.19446 -0.54242 1.55720 0.37522 -1.48781 -0.44987 1.59398 -0.51787 -0.02314 0.33506 0.79444 -0.43934 0.02085 -0.74165 -0.94335 2.36289 -0.80816 0.22009 -0.29124 1.98332 -2.30948 0.59887 0.11066 -0.78249 0.13388 0.90424 
-0.17892 -0.56003 1.60183 0.32100 -1.39550 -0.49500 1.64236 -0.58247 0.07446 0.25279 0.87995 -0.51525 0.10356 -0.74710 -0.94070 2.31629 -0.77482 0.24863 -0.28387 1.95819 -2.24713 0.55507 0.08415 -0.76559 0.15943 0.88567 0.00327 0.52824 -1.78999 -0.96734 1.99599 1.25161 -2.31491 -0.88112 -0.23778 -0.42736 -2.08736 0.21948 0.28802 
-0.73390 -0.96617 2.36501 -0.82897 0.31829 -0.31594 2.01935 -2.32916 0.66178 -0.00098 -0.71805 0.09753 1.00829 -0.19119 -0.01418 -0.23279 -0.59212 0.50819 0.80174 -0.72094 -1.39899 -0.26092 -0.09230 -1.29292 -0.21986 0.30887 1.49805 1.88737 -4.63433 1.55212 -0.48511 0.55854 -3.92855 4.50669 -1.11584 -0.16031 1.56015 -0.32886 -1.80823 
-0.37011 -0.57420 1.36903 -0.27112 -0.88731 0.30674 0.92142 -1.98146 -0.18646 0.16048 -0.41297 -0.73511 0.41242 0.75094 0.94667 -2.31804 0.77730 -0.23648 0.27467 -1.97035 2.25956 -0.56076 -0.07616 0.79456 -0.16943 -0.92256 0.57739 0.56957 -1.08988 0.81115 0.46300 -1.15098 -0.15042 3.31030 0.54770 -0.14389 1.78085 0.88371 -0.63471 
0.01705 -0.01949 0.04697 -0.05166 0.08181 -0.04126 0.04900 -0.06959 0.10101 -0.07714 0.07651 -0.07190 0.08573 0.38621 0.55540 -1.32268 0.21903 0.97119 -0.34924 -0.87136 1.91132 0.28678 -0.23620 0.48792 0.66385 -0.32584 -0.73773 -0.95619 2.34623 -0.81026 0.29438 -0.31002 1.99484 -2.30202 0.62205 0.03105 -0.73148 0.11536 0.95163 
0.01610 -0.01880 0.04636 -0.05209 0.08388 -0.04250 0.05006 -0.07014 0.10032 -0.07571 0.07496 -0.07126 0.08659 0.01322 -0.00951 0.02819 -0.03296 0.05791 -0.03535 0.02449 -0.04245 0.06128 -0.04511 0.06308 -0.05407 0.02907 -0.39146 -0.55583 1.33246 -0.22876 -0.96365 0.34447 0.88231 -1.92586 -0.28924 0.26461 -0.52622 -0.64475 0.33079 
0.03026 -0.02900 0.07515 -0.08462 0.13972 -0.07661 0.07349 -0.11205 0.16229 -0.12225 0.13958 -0.12597 0.11479 -0.00526 -0.00043 0.00978 -0.00973 0.00754 -0.00476 0.01095 -0.01454 -0.00246 0.02842 -0.03830 0.01910 0.00496 -0.02691 0.02057 -0.05979 0.06569 -0.10848 0.06720 -0.04884 0.08876 -0.12661 0.08840 -0.12223 0.10784 -0.06190 
0.01084 -0.01923 0.05614 -0.06182 0.09142 -0.04726 0.06101 -0.08468 0.09786 -0.04730 0.03665 -0.05216 0.09154 -0.01369 0.01106 -0.03160 0.03273 -0.05058 0.03185 -0.02435 0.04631 -0.06533 0.04329 -0.05915 0.05378 -0.03283 0.01193 0.00103 -0.02176 0.02009 -0.01188 0.00849 -0.02389 0.03403 0.00226 -0.06151 0.08363 -0.03977 -0.01539 
0.01657 -0.01794 0.04355 -0.05189 0.08914 -0.04476 0.04913 -0.06574 0.09696 -0.07896 0.08043 -0.07219 0.08196 0.00667 0.00060 -0.01198 0.01036 -0.00434 0.00373 -0.01294 0.01949 -0.00020 -0.03309 0.04533 -0.02067 -0.01044 0.01411 -0.01148 0.03246 -0.03354 0.05156 -0.03212 0.02440 -0.04602 0.06439 -0.04214 0.05764 -0.05219 0.03088 
0.01752 -0.01863 0.04416 -0.05146 0.08708 -0.04353 0.04807 -0.06519 0.09765 -0.08039 0.08198 -0.07283 0.08111 0.00042 -0.00041 0.00086 -0.00081 0.00098 -0.00027 0.00004 0.00029 -0.00094 0.00116 -0.00151 0.00158 -0.00195 -0.00809 -0.00078 0.01417 -0.01100 0.00114 -0.00270 0.01493 -0.02444 0.00287 0.03777 -0.05236 0.02224 0.01592 
0.01699 -0.01835 0.04441 -0.05270 0.09012 -0.04503 0.04918 -0.06545 0.09602 -0.07780 0.07892 -0.07061 0.08002 -0.00142 -0.00018 0.00219 -0.00064 -0.00320 0.00103 0.00199 -0.00495 0.00267 0.00468 -0.00703 0.00157 0.00548 -0.00117 -0.00145 -0.00593 -0.00642 -0.00191 0.00630 0.01137 0.00198 -0.01842 -0.01916 0.00376 0.00491 0.01110 
0.01610 -0.01880 0.04636 -0.05209 0.08388 -0.04250 0.05006 -0.07014 0.10032 -0.07571 0.07496 -0.07126 0.08659 -0.00075 -0.00187 -0.00507 -0.00723 -0.00093 0.00603 0.01141 0.00227 -0.01936 -0.01800 0.00224 0.00649 0.00915 0.00142 0.00018 -0.00219 0.00064 0.00320 -0.00103 -0.00199 0.00495 -0.00267 -0.00468 0.00703 -0.00157 -0.00548 
0.01624 -0.02022 0.03934 -0.05993 0.08919 -0.03900 0.06059 -0.06317 0.07666 -0.09580 0.08116 -0.06412 0.08917 0.00000 0.00000 0.00000 0.00000 0.00000 0.00000 0.00000 0.00000 0.00000 0.00000 0.00000 0.00000 0.00000 0.00203 0.00346 0.00990 0.01570 -0.00118 -0.01056 -0.02393 -0.00429 0.04036 0.03341 -0.00142 -0.01520 -0.01722 
0.01610 -0.01880 0.04636 -0.05209 0.08388 -0.04250 0.05006 -0.07014 0.10032 -0.07571 0.07496 -0.07126 0.08659 0.00128 0.00159 0.00483 0.00847 -0.00211 -0.00453 -0.01252 -0.00202 0.02100 0.01541 0.00082 -0.00871 -0.00806 0.00142 0.00018 -0.00219 0.00064 0.00320 -0.00103 -0.00199 0.00495 -0.00267 -0.00468 0.00703 -0.00157 -0.00548 
0.01752 -0.01863 0.04416 -0.05146 0.08708 -0.04353 0.04807 -0.06519 0.09765 -0.08039 0.08198 -0.07283 0.08111 0.00142 0.00018 -0.00219 0.00064 0.00320 -0.00103 -0.00199 0.00495 -0.00267 -0.00468 0.00703 -0.00157 -0.00548 -0.00128 -0.00159 -0.00483 -0.00847 0.00211 0.00453 0.01252 0.00202 -0.02100 -0.01541 -0.00082 0.00871 0.00806 
0.01752 -0.01863 0.04416 -0.05146 0.08708 -0.04353 0.04807 -0.06519 0.09765 -0.08039 0.08198 -0.07283 0.08111 0.00000 0.00000 0.00000 0.00000 0.00000 0.00000 0.00000 0.00000 0.00000 0.00000 0.00000 0.00000 0.00000 -0.00289 -0.00277 0.00429 0.00137 0.00258 -0.00100 -0.00307 -0.00232 0.01284 0.00719 -0.02208 0.00118 0.02029 
0.01752 -0.01863 0.04416 -0.05146 0.08708 -0.04353 0.04807 -0.06519 0.09765 -0.08039 0.08198 -0.07283 0.08111 -0.00147 -0.00259 0.00210 0.00200 0.00578 -0.00202 -0.00507 0.00263 0.01017 0.00252 -0.01505 -0.00039 0.01481 0.00000 0.00000 0.00000 0.00000 0.00000 0.00000 0.00000 0.00000 0.00000 0.00000 0.00000 0.00000 0.00000 
0.01604 -0.02122 0.04626 -0.04945 0.09286 -0.04555 0.04301 -0.06256 0.10782 -0.07787 0.06693 -0.07322 0.09592 0.00000 0.00000 0.00000 0.00000 0.00000 0.00000 0.00000 0.00000 0.00000 0.00000 0.00000 0.00000 0.00000 0.01394 -0.00774 0.02352 -0.03967 0.04317 -0.02605 0.04038 -0.05037 0.04109 -0.06053 0.08188 -0.04963 0.02101 
0.01752 -0.01863 0.04416 -0.05146 0.08708 -0.04353 0.04807 -0.06519 0.09765 -0.08039 0.08198 -0.07283 0.08111 0.01246 -0.01033 0.02561 -0.03766 0.04895 -0.02808 0.03532 -0.04774 0.05126 -0.05801 0.06683 -0.05002 0.03582 -0.00326 0.00138 -0.00596 -0.01940 0.03011 -0.00567 0.01718 0.00179 -0.03272 0.00907 -0.03285 0.02609 0.01031 
0.02850 -0.03155 0.07187 -0.08712 0.14182 -0.07363 0.07832 -0.11030 0.15908 -0.13589 0.13376 -0.12323 0.13173 -0.00326 0.00138 -0.00596 -0.01940 0.03011 -0.00567 0.01718 0.00179 -0.03272 0.00907 -0.03285 0.02609 0.01031 -0.02345 0.02325 -0.05332 0.07332 -0.10369 0.05818 -0.06557 0.09285 -0.11269 0.11351 -0.11860 0.10042 -0.08644 
0.01426 -0.01725 0.03821 -0.07085 0.11719 -0.04920 0.06525 -0.06340 0.06493 -0.07132 0.04914 -0.04674 0.09142 -0.01099 0.01292 -0.02771 0.03566 -0.05474 0.03010 -0.03025 0.04511 -0.06143 0.05550 -0.05178 0.05040 -0.05063 0.00599 -0.00249 0.01216 0.03755 -0.05717 0.00984 -0.03325 -0.00384 0.06381 -0.01556 0.06263 -0.04995 -0.02171 
0.01752 -0.01863 0.04416 -0.05146 0.08708 -0.04353 0.04807 -0.06519 0.09765 -0.08039 0.08198 -0.07283 0.08111 0.00273 -0.00111 0.00620 0.01816 -0.02707 0.00417 -0.01607 -0.00205 0.03109 -0.00649 0.02978 -0.02387 -0.01140 0.01057 -0.01250 0.02685 -0.03485 0.05376 -0.02983 0.03021 -0.04540 0.06237 -0.05666 0.05329 -0.05199 0.05257 
0.01699 -0.01835 0.04441 -0.05270 0.09012 -0.04503 0.04918 -0.06545 0.09602 -0.07780 0.07892 -0.07061 0.08002 -0.00042 0.00041 -0.00086 0.00081 -0.00098 0.00027 -0.00004 -0.00029 0.00094 -0.00116 0.00151 -0.00158 0.00195 -0.00273 0.00111 -0.00620 -0.01816 0.02707 -0.00417 0.01607 0.00205 -0.03109 0.00649 -0.02978 0.02387 0.01140 
0.01710 -0.01821 0.04331 -0.05065 0.08610 -0.04325 0.04803 -0.06548 0.09860 -0.08155 0.08350 -0.07441 0.08305 0.00000 0.00000 0.00000 0.00000 0.00000 0.00000 0.00000 0.00000 0.00000 0.00000 0.00000 0.00000 0.00000 -0.00058 -0.00100 0.00391 -0.00225 -0.00124 0.00049 0.00208 -0.00437 0.00078 0.00699 -0.01006 0.00473 0.00159 
0.01699 -0.01835 0.04441 -0.05270 0.09012 -0.04503 0.04918 -0.06545 0.09602 -0.07780 0.07892 -0.07061 0.08002 -0.00100 -0.00059 0.00305 -0.00144 -0.00222 0.00076 0.00204 -0.00466 0.00173 0.00583 -0.00854 0.00315 0.00353 0.00053 -0.00027 -0.00025 0.00124 -0.00304 0.00151 -0.00111 0.00026 0.00163 -0.00259 0.00307 -0.00222 0.00109 
0.01610 -0.01880 0.04636 -0.05209 0.08388 -0.04250 0.05006 -0.07014 0.10032 -0.07571 0.07496 -0.07126 0.08659 0.00053 -0.00027 -0.00025 0.00124 -0.00304 0.00151 -0.00111 0.00026 0.00163 -0.00259 0.00307 -0.00222 0.00109 0.00142 0.00018 -0.00219 0.00063 0.00320 -0.00103 -0.00199 0.00495 -0.00267 -0.00468 0.00703 -0.00157 -0.00548 
0.01752 -0.01863 0.04416 -0.05146 0.08708 -0.04353 0.04807 -0.06519 0.09765 -0.08039 0.08198 -0.07283 0.08111 0.00042 -0.00041 0.00086 -0.00081 0.00098 -0.00027 0.00004 0.00029 -0.00094 0.00116 -0.00151 0.00158 -0.00195 -0.00106 0.00055 0.00049 -0.00248 0.00608 -0.00301 0.00222 -0.00051 -0.00326 0.00517 -0.00613 0.00444 -0.00218 
0.01652 -0.01922 0.04721 -0.05290 0.08486 -0.04277 0.05011 -0.06985 0.09938 -0.07456 0.07344 -0.06968 0.08464 -0.00053 0.00027 0.00025 -0.00124 0.00304 -0.00151 0.00111 -0.00026 -0.00163 0.00259 -0.00307 0.00222 -0.00109 0.00058 0.00100 -0.00391 0.00225 0.00124 -0.00049 -0.00208 0.00437 -0.00078 -0.00699 0.01006 -0.00473 -0.00159 
0.01699 -0.01835 0.04441 -0.05270 0.09012 -0.04503 0.04918 -0.06545 0.09602 -0.07780 0.07892 -0.07061 0.08002 0.00100 0.00059 -0.00305 0.00144 0.00222 -0.00076 -0.00204 0.00466 -0.00173 -0.00583 0.00854 -0.00315 -0.00353 -0.00675 -0.01182 -0.00823 0.02557 0.05036 -0.01923 -0.04153 0.03218 0.08401 -0.03784 -0.03271 -0.03279 0.07928 
0.01752 -0.01863 0.04416 -0.05146 0.08708 -0.04353 0.04807 -0.06519 0.09765 -0.08039 0.08198 -0.07283 0.08111 -0.00728 -0.01154 -0.00798 0.02433 0.05340 -0.02074 -0.04043 0.03192 0.08237 -0.03525 -0.03577 -0.03057 0.07819 -0.00100 -0.00059 0.00305 -0.00144 -0.00222 0.00076 0.00204 -0.00466 0.00173 0.00583 -0.00854 0.00315 0.00353 
0.00971 -0.02990 0.03643 -0.02836 0.14352 -0.06577 0.00875 -0.03352 0.17840 -0.11306 0.04314 -0.10118 0.15821 0.00000 0.00000 0.00000 0.00000 0.00000 0.00000 0.00000 0.00000 0.00000 0.00000 0.00000 0.00000 0.00000 0.02774 0.01017 0.04207 -0.08463 -0.05104 0.01319 0.10820 -0.10860 -0.09978 0.01475 0.12074 0.00980 -0.10001 
0.01752 -0.01863 0.04416 -0.05146 0.08708 -0.04353 0.04807 -0.06519 0.09765 -0.08039 0.08198 -0.07283 0.08111 0.02046 -0.00138 0.03409 -0.06030 0.00236 -0.00755 0.06777 -0.07667 -0.01741 -0.02051 0.08496 -0.02077 -0.02182 -0.00206 0.00107 0.00095 -0.00483 0.01185 -0.00587 0.00433 -0.00101 -0.00633 0.01007 -0.01195 0.00867 -0.00428 
0.03017 -0.03127 0.07051 -0.08866 0.14589 -0.07332 0.07653 -0.11020 0.16099 -0.13357 0.12811 -0.12195 0.13639 -0.00206 0.00107 0.00095 -0.00483 0.01185 -0.00587 0.00433 -0.00101 -0.00633 0.01007 -0.01195 0.00867 -0.00428 -0.03453 0.01385 -0.05824 0.09687 -0.06437 0.03837 -0.09424 0.11673 -0.04325 0.07836 -0.13812 0.07146 -0.02798 
0.01546 -0.01756 0.04512 -0.05628 0.09893 -0.04940 0.05240 -0.06621 0.09132 -0.07032 0.07003 -0.06416 0.07683 -0.01407 0.01247 -0.02416 0.03657 -0.06201 0.03082 -0.02646 0.04006 -0.06066 0.05785 -0.05315 0.05069 -0.04980 0.00281 -0.00217 -0.00081 0.01105 -0.03092 0.01454 -0.00781 -0.00295 0.01790 -0.01919 0.02144 -0.01956 0.01705 
0.01610 -0.01880 0.04636 -0.05209 0.08388 -0.04250 0.05006 -0.07014 0.10032 -0.07571 0.07496 -0.07126 0.08659 0.00076 -0.00111 0.00014 0.00623 -0.01907 0.00867 -0.00349 -0.00397 0.01157 -0.00913 0.00949 -0.01089 0.01277 0.01091 -0.01196 0.02787 -0.04141 0.06620 -0.03187 0.02815 -0.04188 0.05745 -0.04940 0.04402 -0.04817 0.05429 
0.01621 -0.01867 0.04526 -0.05005 0.07987 -0.04072 0.04891 -0.07017 0.10289 -0.07945 0.07952 -0.07505 0.08960 -0.00316 0.00051 0.00372 -0.00484 0.00419 -0.00104 0.00169 -0.00182 -0.00322 0.00845 -0.00913 0.00252 0.00449 0.09532 0.10617 0.22752 0.04576 -0.00996 -0.23244 -0.24053 -0.72363 -0.26412 -0.19593 -0.99383 -0.52415 -0.10690 
0.01294 -0.01829 0.05007 -0.05693 0.08807 -0.04354 0.05175 -0.07196 0.09710 -0.06726 0.06582 -0.06874 0.09107 0.09608 0.10507 0.22767 0.05199 -0.02903 -0.22377 -0.24402 -0.72760 -0.25256 -0.20505 -0.98434 -0.53503 -0.09413 1.60681 0.80061 1.53695 0.87310 1.39773 -1.24731 -0.82086 -1.72935 -1.20099 -2.55245 -1.89333 -1.38143 -0.14059 
0.11229 0.08640 0.27293 0.00194 0.05084 -0.26449 -0.19510 -0.79777 -0.14967 -0.28450 -0.90482 -0.61008 -0.00453 1.60365 0.80112 1.54067 0.86827 1.40192 -1.24835 -0.81917 -1.73118 -1.20421 -2.54400 -1.90246 -1.37890 -0.13610 1.28546 0.08127 0.88660 1.53182 1.02951 -1.49706 -0.74702 0.35584 -0.28414 -3.74939 -1.14093 0.00676 1.00558 
1.61659 0.78283 1.59074 0.81134 1.48998 -1.29189 -0.76742 -1.80314 -1.10711 -2.61127 -1.83664 -1.44764 -0.04503 1.38154 0.18634 1.11427 1.58381 1.00048 -1.72083 -0.99103 -0.37176 -0.53670 -3.95444 -2.12528 -0.52827 0.91145 -1.74573 -1.57270 -1.58654 0.39487 -0.94441 0.28127 -0.43449 1.97621 1.79268 1.04670 0.77050 2.22131 1.91843 
1.49383 0.27274 1.38719 1.58575 1.05132 -1.98533 -1.18614 -1.16953 -0.68637 -4.23894 -3.03009 -1.13836 0.90693 -0.14208 -0.77158 -0.04587 1.26314 0.45751 -0.96708 -1.25367 0.24504 0.58847 -1.49730 -1.13197 0.84241 1.78233 -1.15734 -0.62067 -1.65614 -1.32260 1.07684 1.68192 -0.10330 -0.35931 2.04244 5.97615 3.43040 1.13421 -0.10056 
1.47451 0.01125 1.54487 2.07448 1.94749 -2.25898 -2.02109 -1.55811 -0.51864 -4.10857 -2.96860 -0.60523 1.73729 0.22420 -0.43433 -0.54188 0.26121 2.07732 -0.03891 -1.09433 -0.73107 1.50573 2.02171 1.30512 0.60593 0.81090 0.88005 -0.79101 -2.19976 -2.20717 -1.64961 1.79103 3.24555 -1.05867 -2.80801 4.59789 4.33796 -2.28111 -2.92380 
1.71803 -0.16159 0.84532 1.84696 3.12864 -2.02424 -2.28047 -1.90060 0.81936 -2.21723 -1.72497 -0.53242 1.71783 0.73797 -1.56259 -2.24563 -0.94403 -1.19210 0.82395 1.99188 -0.81363 -2.21954 3.10059 3.20600 -1.43870 -1.14147 0.52528 -1.75323 -1.54445 -1.32303 -5.78409 0.21222 4.03005 0.85585 -4.97890 0.25577 1.17065 -2.26795 -1.96102 
2.21248 -1.55134 -0.70076 1.13045 0.75539 -1.43502 -0.02921 -2.37174 -2.73818 -1.00798 0.23739 -2.04393 0.59582 0.74948 -2.18756 -2.08632 -1.06181 -3.70677 0.17330 2.93572 0.12478 -3.47317 2.27749 2.47577 -1.66201 -1.15013 -0.73114 0.38250 1.77218 -0.34018 -0.40408 -1.31668 -0.87568 1.66030 2.62698 -0.90710 -3.85506 1.53271 1.32558 
2.46751 -2.34915 -1.24101 0.78515 -0.57813 -1.85094 0.65525 -1.77583 -2.65380 0.06025 0.75080 -2.19444 0.56770 0.00683 -1.18008 -0.47345 -1.28421 -1.59618 -0.49273 1.11620 0.84667 0.40744 2.19349 -0.64907 0.09401 0.18411 -1.09853 1.91540 2.33606 -0.75311 4.65889 -0.30693 -2.22973 0.56199 3.23652 -0.65482 -4.27965 2.22231 1.43802 
2.21931 -2.73143 -1.17422 -0.15376 -0.84079 -1.92776 1.08700 -1.52507 -2.33074 1.18551 -0.41167 -1.94992 0.77994 -0.34905 -0.27216 0.24973 -1.81492 0.95212 -0.13362 0.70598 0.68676 -0.23665 1.62267 -1.80388 0.56030 0.28789 -0.09712 1.31152 0.40837 0.44234 2.41627 0.39924 -0.45897 -0.64962 -0.52677 -2.44127 -0.73741 0.60684 -0.26366 
2.11846 -2.62131 -0.99128 -1.02978 0.37399 -1.98456 1.36123 -1.08907 -2.89046 1.68292 -1.05308 -1.63414 0.85559 -0.09029 0.13144 -0.06508 -0.84187 0.82010 -0.09349 0.65723 0.19705 -0.11933 -0.24778 -1.38648 0.70085 -0.07955 0.47367 0.35476 -0.44525 2.36421 -2.55685 0.29211 -0.04881 -1.04510 1.87435 -3.22149 0.90693 -0.27656 -0.51236 
2.12902 -2.59999 -1.23930 -0.99563 -0.02069 -2.02125 1.74423 -1.32802 -2.45007 0.93773 -1.79815 -1.24907 0.70039 0.12462 0.08260 -0.19552 0.54928 -1.60473 0.15848 0.65718 -0.35834 1.63770 -1.59882 -0.89694 0.28374 -0.22447 0.11595 0.08844 -0.04600 1.17261 -2.23696 0.30830 -0.42139 -0.39818 1.73301 -1.58020 1.39176 -0.87468 -0.34804 
2.24309 -2.53871 -1.18680 -0.48049 -1.23074 -1.82608 2.01841 -1.44740 -1.25276 0.08410 -1.95002 -1.35040 0.63112 0.02566 0.21988 -0.11108 0.33074 -1.41686 0.21481 0.23584 -0.20113 1.61368 -1.82798 0.00528 -0.17383 -0.42759 -0.20211 0.24527 -0.02772 -0.77515 1.73320 -0.28762 -0.43695 0.09490 -0.86648 0.48207 0.92576 -0.09865 -0.83572 
2.15467 -2.38011 -1.35038 -0.66489 -1.43755 -1.80644 1.98007 -1.52915 -0.83639 -0.89025 -1.79287 -1.42290 0.27280 -0.07749 0.32787 -0.22325 -0.22587 0.12847 -0.12914 0.22022 -0.26343 0.77122 -1.11675 0.02882 0.18510 -1.06019 0.05991 0.08494 -0.13528 -0.53898 2.09742 -0.51647 0.15597 -0.37449 -1.39686 1.47947 -0.69325 0.58724 -0.43033 
2.16560 -2.21084 -1.41005 -0.70636 -1.10227 -1.95521 2.23863 -1.71084 -0.48154 -1.03265 -1.92120 -1.16530 -0.42907 0.08557 0.30482 -0.24636 -0.20824 0.68056 -0.30166 0.39181 -0.57562 0.21682 -0.34851 -0.68797 0.41342 -0.85792 -0.01674 -0.16884 -0.01782 -0.29370 -0.15994 0.13479 -0.64215 -0.07230 -1.17395 -0.06175 -0.25398 -0.28962 0.73591 
2.24024 -2.07529 -1.59674 -0.87314 -0.75699 -2.10811 2.37188 -2.10477 -0.61957 -1.23875 -2.48084 -1.00948 -0.58512 -0.09422 0.15903 -0.24107 -0.51957 -0.03147 0.00566 -0.42193 -0.33573 -0.40273 -1.17851 -0.22516 -0.10452 -0.32427 -0.06674 -0.07743 0.43472 0.31705 0.03971 0.43375 -0.20145 0.39731 0.24654 0.30998 0.95379 0.45552 0.51623 
2.07138 -2.05181 -1.65112 -1.22594 -1.13374 -1.94956 1.81670 -2.04657 -0.88427 -2.21116 -2.14636 -1.26982 -0.75334 0.01883 0.22739 0.18836 0.10881 0.72027 0.13208 0.19035 -0.17831 0.46335 -0.03853 0.26582 0.86894 -0.34169 0.11279 -0.16728 0.20171 0.33715 0.04109 -0.19628 0.84533 -0.35206 -0.07410 1.40810 -0.24547 0.57174 0.10249 
2.25907 -1.84790 -1.40838 -0.76433 -0.03672 -1.97602 2.56223 -2.28308 -0.15621 -1.27728 -2.21503 -0.14054 -0.92681 0.01857 -0.00825 -0.03936 -0.18242 0.00962 -0.19062 0.42340 -0.68780 -0.47684 0.22959 -0.47063 0.46722 -0.22178 -0.07677 -0.43869 -0.43371 -0.73250 -1.49919 -0.25748 -0.56711 -0.15512 -2.06612 -0.19105 -0.42483 -1.80882 0.64877 
2.08995 -2.06006 -1.69048 -1.40836 -1.12411 -2.14018 2.24010 -2.73437 -1.36111 -1.98157 -2.61699 -0.80261 -0.97512 -0.05794 -0.21130 -0.24535 -0.62369 -0.77892 -0.12540 -0.37676 -0.33343 -1.60276 -0.22958 -0.15901 -0.93988 0.30708 0.07027 0.03495 -0.05991 0.25559 0.00823 0.38341 -0.81951 0.89786 0.15358 -0.31795 1.29165 -0.94918 0.20720 
2.20113 -2.05921 -1.65374 -1.38802 -0.81564 -2.10142 2.18547 -2.61651 -1.75898 -1.50686 -2.37404 -1.08042 -0.61973 0.08884 0.02670 -0.09927 0.07318 0.01785 0.19278 -0.39611 0.21007 -0.32326 -0.08836 0.82102 -0.48197 -0.01458 0.02527 0.45542 0.32566 0.82420 1.19759 0.61967 -0.03251 0.83087 2.57634 -0.44109 1.79851 0.98985 -0.59909 
2.17879 -2.03337 -1.78975 -1.33518 -1.10626 -1.94739 1.84398 -2.52430 -1.68437 -2.06992 -1.79598 -1.28458 -0.98970 -0.03267 0.24412 0.08030 0.20051 0.41866 0.49428 -0.40927 0.49744 0.97357 -0.67067 1.63950 0.04997 -0.29201 0.23547 0.13335 0.27050 0.45290 0.74797 0.26979 0.76615 0.33655 1.23040 0.36655 -0.12970 1.06612 0.57901 
2.16846 -1.81509 -1.57343 -1.18751 -0.39698 -1.60714 1.77620 -2.11907 -0.78540 -2.17754 -0.73454 -1.03045 -0.91173 0.32431 0.16004 0.17122 0.52607 0.76583 0.46257 0.37003 0.54662 0.90714 0.27819 0.69132 0.58416 0.56442 0.18417 -0.36152 -0.06113 -0.09207 -0.87963 -0.27702 0.50327 -0.35656 -1.10513 0.66520 -1.85248 0.04398 0.61020 
2.50310 -1.87332 -1.61853 -0.80911 -0.34043 -1.48482 2.21402 -1.97769 -0.77723 -1.79173 -1.10466 -0.70042 -0.42528 0.15150 -0.11740 0.01917 0.10844 -0.46096 0.21726 0.09399 0.14088 -0.13155 -0.00547 -0.21298 0.09395 0.31819 -0.65254 -0.30473 -0.14399 -0.95175 -1.79987 -0.57375 -0.98549 -0.92132 -1.00336 -0.77536 -0.75811 -1.13050 -0.78808 
2.31997 -1.93249 -1.55426 -1.07908 -0.85794 -1.38988 1.87019 -1.97819 -0.91696 -2.18301 -0.94752 -0.93649 -0.59354 -0.32823 -0.14469 0.02724 -0.42568 -1.03405 -0.11118 -0.61546 -0.37470 -0.09622 -0.49716 -0.06680 -0.54634 -0.22366 -0.24543 0.02418 -0.06476 -0.29390 0.48762 -0.84993 -0.00914 -0.51824 -0.34608 0.51017 -0.27779 -0.39916 -0.53943 
2.17487 -2.01801 -1.59129 -1.23479 -1.37448 -1.59601 1.59855 -2.35239 -0.87344 -2.28889 -1.17146 -1.24676 -0.64893 -0.09392 -0.09322 -0.04558 -0.18546 0.02666 -0.63267 0.08486 -0.37737 -0.47764 0.50469 -0.49077 -0.30521 -0.22124 0.26504 0.19057 -0.03788 0.36107 1.79507 -0.36480 1.23038 0.49659 -0.59741 1.12210 -0.19668 0.39330 0.40852 
2.22604 -2.02571 -1.59985 -1.26454 -0.83129 -2.02256 1.95505 -2.35556 -1.39460 -1.67832 -1.43828 -1.24170 -0.81478 -0.06319 0.04588 -0.01065 -0.06461 0.76102 -0.47598 0.61492 0.12189 -0.69363 0.62494 -0.26348 -0.15305 0.18487 0.08017 0.27604 0.35242 0.48143 0.48018 0.94610 0.45250 0.64279 1.06663 -0.50710 0.69244 0.80544 0.66749 
2.11168 -1.97213 -1.60194 -1.29939 -0.61346 -2.07199 2.21347 -2.23050 -1.56708 -1.66396 -1.43494 -1.39981 -0.46407 -0.01375 0.18281 0.30684 0.29598 0.50683 0.31343 0.53736 0.26542 0.58899 -0.00241 0.20167 0.50023 0.44625 0.18160 0.11265 0.19839 0.31233 -0.29721 0.63641 -0.34944 0.26487 1.44105 -0.70053 0.02917 1.10193 -0.19788 
2.21229 -1.84290 -1.29301 -0.96856 -0.32445 -1.70913 2.49241 -2.09014 -0.80561 -1.68073 -1.23661 -0.74147 -0.36853 0.11841 0.15853 0.18774 0.24773 0.46381 0.16042 0.26548 0.38677 0.74742 -0.07559 -0.23431 0.94889 -0.01301 -0.25164 -0.31027 -0.41895 -0.76745 -1.17860 -0.72256 -0.74366 -0.00970 -0.98968 -0.43732 -0.98767 -0.68066 -0.42210 
2.23009 -1.81360 -1.41420 -1.05167 -0.14964 -1.91157 2.47895 -1.84373 -0.81966 -1.73955 -1.66925 -0.45092 -0.47708 -0.26539 -0.12746 -0.11211 -0.47147 -0.67177 -0.40914 -0.20630 0.25572 -0.40069 -0.43972 -0.78599 -0.18043 0.02415 -0.29076 -0.32312 -0.19176 -0.27356 -1.29348 -0.54103 -0.14121 0.02774 -0.86942 0.12077 -0.10268 -1.50067 0.07786 
1.94690 -1.97036 -1.40513 -1.44003 -0.99622 -2.11827 2.28612 -1.83441 -1.20629 -2.12045 -2.02260 -0.92190 -0.34439 -0.17235 -0.16458 -0.00402 -0.02584 -0.82967 -0.38060 0.12427 0.41451 -0.12201 0.04518 -0.33699 -0.55179 0.06484 0.47613 0.15867 -0.32409 0.97743 0.77932 0.31263 0.61125 0.33441 0.80201 0.46668 1.24007 0.32178 -0.14986 
2.05774 -1.97818 -1.41822 -1.07750 -0.97932 -2.29217 2.60321 -1.42922 -0.94167 -1.69437 -2.00624 -1.00271 -0.41224 0.21074 0.03121 -0.43620 0.50596 0.10755 -0.09651 0.40495 0.59013 0.40132 0.02695 0.45407 0.14135 -0.12571 0.39290 0.30239 -0.09697 0.14941 0.94032 0.73874 -0.05859 0.19688 0.14187 0.29289 1.34002 0.57035 0.46417 
2.15763 -1.93914 -1.84133 -0.93407 -0.88867 -2.21478 2.69107 -1.24429 -0.80497 -2.09349 -1.56853 -0.78055 -0.47010 0.22055 0.13781 -0.10099 0.12357 0.11065 0.35814 0.06568 0.61139 0.01987 0.33807 1.00303 0.01856 0.52902 -0.24739 -0.12606 0.55319 -0.74668 -0.78309 0.45597 -0.77988 -0.79979 -0.37956 0.46864 -0.00731 -0.56047 0.64698 
2.27830 -1.84038 -1.51920 -0.95393 -0.86867 -1.93403 2.66889 -0.81783 -0.92180 -1.35630 -1.00321 -0.98415 0.11678 -0.03666 -0.09485 0.11699 -0.24072 -0.67554 0.35946 -0.37493 -0.20966 0.02176 0.49559 0.44677 -0.41912 0.52127 -0.30938 -0.24779 0.12845 -0.03724 -0.47691 0.20716 -0.49077 -1.17068 0.77153 -0.07934 -0.51440 -0.21982 -0.26151 
2.12098 -2.03399 -1.72434 -1.17478 -1.56421 -1.85532 2.31615 -1.45395 -0.78321 -1.59790 -1.12176 -1.19967 0.05117 -0.08883 -0.10999 0.02747 0.08634 -0.36626 0.56530 -0.42510 -0.55929 0.79140 0.25874 0.48863 -0.20126 0.26750 0.22469 0.12009 0.10943 0.76061 0.95681 0.01650 0.39009 0.27106 0.27339 0.20610 0.06649 0.58870 -0.09426 
2.18947 -1.95037 -1.49174 -0.86760 -1.23493 -1.36873 2.24380 -1.37712 -0.13040 -1.09756 -0.51458 -1.18541 0.38428 0.18803 0.02524 0.22642 0.51989 0.28128 0.37597 0.01516 0.06140 0.29515 0.70169 0.51326 0.16958 0.42701 0.10705 0.00414 -0.08874 0.04813 0.87895 -1.06305 0.10386 0.68486 -2.10276 -0.47140 -0.56179 0.26178 -0.28460 
2.30901 -2.00875 -1.49792 -0.65489 -1.28293 -1.47935 2.33131 -1.39254 -0.48806 -0.89621 -0.60850 -1.03009 0.47818 0.01822 -0.10585 -0.06128 0.13447 0.51269 -0.49775 -0.32123 0.12557 -1.31136 -0.21266 -0.07316 0.06052 -0.01709 -0.38081 -0.05595 -0.18985 -0.74701 0.06559 -0.41162 -0.54945 0.06831 -1.55460 -1.68483 -0.24171 -0.06399 0.27208 
2.20769 -2.05621 -1.55302 -0.73313 -0.72225 -1.86648 1.92257 -1.25155 -1.44176 -1.31022 -0.58774 -1.12489 0.36719 -0.19277 -0.03071 0.03656 -0.22712 0.34687 -0.03565 -0.53429 0.12971 -1.25945 -0.98314 0.27155 0.10559 0.69909 0.20262 0.24756 0.50397 -0.18561 -0.41406 0.90621 0.51565 0.42404 1.40464 0.76514 0.56395 0.19160 1.21145 
2.11624 -2.03946 -1.46136 -0.88201 -0.93606 -1.51500 1.79702 -1.26283 -1.74751 -1.87935 -0.33695 -0.92449 1.17728 0.22084 0.14171 0.44269 -0.05114 0.09862 0.40846 0.19442 0.54961 0.09328 0.55249 0.49079 0.25212 1.19435 0.29880 0.07921 -0.06282 -0.43627 -0.97054 -0.30281 0.32868 0.32836 1.64653 1.43651 -0.26999 -0.64044 -0.77318 
2.42853 -1.91450 -1.11033 -0.78427 -0.62362 -1.45802 2.11699 -0.70194 -1.34848 -0.75774 -0.09696 -0.87278 1.56154 0.10603 0.04850 -0.02626 -0.66339 -0.62368 -0.33846 -0.20561 0.45808 0.38708 0.45337 0.00156 -0.53485 -0.07408 -0.35097 -0.13953 -0.33136 -0.78307 -0.26732 -0.73010 -0.39737 0.12046 0.04651 -0.65929 -0.13894 -0.93211 -0.54006 
2.22227 -1.99096 -1.48762 -1.54541 -1.55974 -1.85346 1.59141 -0.80476 -1.36043 -1.42598 -0.33540 -1.45934 1.10319 -0.13012 0.00218 0.11133 -0.83421 -0.16870 -0.32164 -0.20294 0.67007 0.13978 -0.10681 0.35184 -0.67999 0.65429 -0.22553 -0.18761 0.11631 0.12663 1.35941 -0.06481 0.08086 -0.05983 -1.22046 -0.04785 0.14523 -0.57593 1.50921 
2.29840 -1.91232 -0.99899 -1.61849 -0.79232 -1.77966 1.91405 -0.03187 -1.20869 -0.86454 0.25489 -1.55276 2.21583 -0.11950 -0.13911 0.09005 -0.53676 0.73573 -0.40327 -0.12475 0.39824 -0.83338 0.40552 0.14678 -1.11078 1.43513 -0.07820 -0.10193 -0.32895 0.47994 0.85696 0.07566 -0.36927 -0.83756 -0.00603 -0.09972 -0.60095 -0.28254 -0.18245 
2.10277 -2.13007 -1.39756 -2.08217 -0.82401 -2.25674 1.46667 -0.40651 -2.19382 -1.02046 -0.18861 -2.57012 2.53832 -0.20832 -0.09975 -0.21762 -0.35427 0.68826 -0.24598 -0.57221 -0.16749 0.13375 -0.20653 -0.24910 -0.96253 0.47184 0.08461 0.18839 -0.10222 0.57088 -0.08460 0.53403 0.06593 -0.71616 0.94787 0.08306 0.26462 0.92289 -1.04361 
2.09008 -2.01207 -1.21661 -1.97276 -0.10406 -2.02564 1.34184 -0.19936 -1.07494 -1.07107 0.00578 -2.51530 2.68767 -0.03488 0.04928 -0.01217 0.03411 0.65113 0.13075 -0.05882 -0.31792 0.11449 0.48858 0.41140 -0.18789 0.39152 0.13335 -0.00941 -0.04873 0.42756 -1.13415 0.26927 0.46283 -0.57263 -1.42879 0.13494 0.58759 0.92626 -0.79547 
2.06789 -2.08079 -1.40973 -2.04806 -0.17287 -2.12599 1.40785 -0.72443 -2.07933 -0.53188 0.22279 -2.75801 2.92984 -0.07497 -0.10916 -0.26635 0.07329 -0.44588 0.02329 -0.10938 -0.74012 -1.29504 -0.07159 0.33849 -0.03628 -0.32362 0.10894 -0.07511 -0.04429 0.34331 -0.13647 -0.05802 -0.16637 0.37690 -0.93812 -0.72852 0.10459 0.69395 -0.33024 
2.01511 -2.12124 -1.48296 -1.89947 -0.54994 -2.00235 1.23245 -0.93948 -2.36998 -1.14266 0.34427 -2.55157 2.36405 0.07406 -0.02583 -0.05646 0.37742 0.51467 0.07273 -0.22519 0.05898 -0.82363 -0.23994 0.51599 0.50606 0.06128 -0.03202 0.20711 0.60055 0.17704 0.88725 0.37854 -0.53339 0.55934 1.88166 0.31395 -0.00235 0.17309 0.40110 
2.14194 -2.10662 -1.46619 -1.67064 0.34179 -2.05326 1.18266 -0.66545 -2.90296 -0.77181 0.73878 -2.25195 2.99112 -0.10699 0.09794 0.33420 0.25033 0.44137 0.40183 -0.64277 -0.18078 0.58663 0.24236 0.33614 0.13681 0.07748 0.16992 0.03811 0.30130 0.25630 -0.48627 0.37192 -0.09249 -0.43416 1.19957 0.97001 -0.88378 -0.57404 0.24362 
1.90812 -2.02330 -1.14876 -1.64913 -0.10857 -1.60051 0.58968 -1.12026 -1.78336 -0.90029 0.68041 -2.41476 2.44153 0.24398 0.01228 0.24484 0.63372 0.02839 0.44465 -0.31768 -0.37518 0.37594 0.73007 -0.36779 -0.06798 0.30490 0.17915 -0.19955 -0.46203 -0.02059 -0.16811 -0.35834 0.30619 -0.45515 -1.13512 -0.68848 -1.04252 -0.06426 -0.23075 
2.38592 -2.09434 -1.22135 -1.03692 0.37018 -1.60861 0.86499 -1.04063 -2.52702 -0.04174 0.37098 -2.31993 3.29602 0.07216 -0.10161 -0.12783 0.22974 0.27326 0.04349 -0.33658 -0.63593 -0.54849 -0.44612 -0.70638 0.07255 -0.15327 -0.42455 0.00046 -0.02742 -0.61922 1.29945 -0.45646 0.27902 0.12133 -0.68008 -0.91952 -0.05632 0.39544 -0.56574 
1.98029 -2.12490 -1.27659 -1.41939 0.16469 -1.55702 0.25310 -1.75619 -2.33185 -1.34641 -0.02597 -2.34221 2.28826 -0.18057 0.01274 0.21742 0.01450 1.32784 -0.01181 -0.03865 -0.25385 -0.30414 -0.18945 -0.42411 0.32746 -0.26084 -0.10345 0.15756 0.29702 -0.40173 1.18094 -0.39176 0.49624 0.84552 -0.31933 0.84037 0.53262 -0.01709 0.17020 
2.20536 -2.08160 -1.00393 -1.02242 1.69803 -1.62042 0.82633 -1.29448 -2.83116 -0.23120 -0.05313 -1.99246 3.03518 -0.03129 0.05596 0.16919 -0.17198 1.45420 -0.34827 0.15967 0.20959 -0.86783 0.39426 -0.17376 0.05546 0.01693 -0.05055 0.02479 0.03036 -0.12481 -0.34578 -0.37291 0.07487 0.34822 0.04741 1.03414 0.63361 -0.49158 0.10878 
1.94899 -2.06895 -1.10740 -1.59138 1.61889 -1.90529 0.41277 -1.54660 -3.19968 -0.95215 -0.19973 -2.28675 2.30518 -0.23112 0.03753 0.24778 -0.11031 0.98206 -0.38473 0.03622 0.09437 -0.25673 0.84469 0.20950 -0.16411 -0.15206 0.00334 -0.07798 -0.26251 0.01094 -0.40436 0.14246 -0.04900 0.26489 1.25695 1.26848 0.20929 -0.57314 -0.17328 
1.97424 -2.04407 -0.75615 -1.13272 2.68009 -2.00515 0.86255 -1.20011 -3.08789 0.61349 0.15637 -2.15658 2.88312 -0.02795 -0.02203 -0.09332 -0.16104 1.04983 -0.20581 0.11066 0.47447 0.38912 1.66274 0.03552 -0.51768 -0.15635 0.21776 -0.07291 -0.61563 -0.21945 -1.15214 0.38110 -0.33130 0.15541 0.86341 -0.69035 -0.47653 -0.30474 -0.56637 
1.92104 -2.09097 -1.20072 -1.75242 2.66872 -2.11110 0.52343 -1.07213 -2.81056 0.71058 -0.16421 -2.80443 2.14883 -0.01336 -0.03538 -0.36785 -0.32976 -0.17008 -0.00363 -0.29507 0.24978 0.60667 0.15433 -0.26704 -0.46886 -0.71843 -0.04426 -0.05326 0.03960 0.18732 -1.65120 -0.11856 -0.07818 -1.21959 -0.18018 -1.75519 -0.86850 0.32116 -0.03405 
1.96088 -2.07946 -1.12400 -1.46248 2.51001 -2.00877 0.56748 -0.95033 -2.48122 0.76782 -0.11067 -2.62543 2.16469 -0.07221 -0.07529 -0.05372 0.02628 -0.60137 -0.32438 0.03248 -0.74512 0.20894 -0.09245 -0.83298 -0.19652 -0.19041 -0.12354 -0.02280 0.53351 0.30952 -0.67745 -0.21128 0.13379 -1.22878 -0.27160 -0.34024 -0.27257 -0.04314 0.32980 
1.84883 -2.16626 -1.25443 -1.72614 2.06735 -2.43548 0.55591 -1.81725 -2.60162 0.61814 -0.99719 -3.00095 1.95842 -0.13689 -0.05819 0.16565 -0.02024 -0.84753 -0.21491 -0.16129 -0.97900 0.33508 -0.18591 -0.53961 -0.51199 -0.38864 0.29365 0.19727 0.54811 0.68905 0.15126 0.82817 0.07975 0.73867 0.85788 0.29511 1.44500 0.63649 0.00978 
1.82399 -2.13765 -0.95834 -1.48272 1.66249 -2.22368 0.40619 -1.92933 -2.14614 0.58191 -0.65028 -3.13743 1.77605 0.22144 0.12198 0.49439 0.71533 -0.45011 0.50379 0.11223 -0.00644 1.06682 0.20266 0.61202 0.43997 -0.18063 0.33413 0.29009 0.17112 0.76668 0.77417 0.52723 0.43067 0.88761 0.42801 0.06844 0.80353 0.98559 0.60231 
2.07027 -2.04428 -0.76004 -1.01081 1.61724 -1.93169 0.66815 -1.82369 -1.53479 0.82079 -0.38517 -2.56097 1.77779 0.19724 0.23190 0.33677 0.74645 -0.07336 0.31233 0.26938 -0.09139 0.76309 -0.11748 0.26392 0.47360 0.21367 -0.43768 -0.16661 -0.16283 -0.32684 0.21093 -0.61310 -0.29819 -0.86826 -1.28205 -0.58871 -1.55736 -0.58512 0.10919 
2.02122 -1.90575 -0.62157 -0.73628 1.58913 -1.91135 0.67558 -2.02072 -1.38305 0.46443 -0.38635 -2.66383 1.98972 -0.21624 -0.04464 0.33156 0.38849 -0.23918 -0.10931 -0.18596 -0.87470 -0.21523 -0.38605 -0.94534 -0.14515 -0.07143 -0.24979 -0.45397 -0.13446 -0.07334 0.19897 -0.33085 -0.73132 -0.28133 -1.12425 0.51255 -0.98996 -0.41006 -0.38114 
1.85403 -2.08892 -0.42848 -0.62232 1.37806 -2.04100 0.48219 -2.69839 -1.75003 0.43474 -1.33050 -2.70613 1.70636 -0.05255 -0.22207 0.20231 0.67310 0.12562 -0.01853 -0.46193 -0.37272 -0.36116 0.39507 -0.72604 0.06354 -0.16747 0.17273 0.00015 0.00210 0.34037 0.87335 0.20261 -0.10948 0.73442 -0.10937 1.39039 1.16099 0.42791 -0.11636 
1.96867 -2.12782 -0.41926 -0.06318 1.71475 -1.92988 0.21365 -2.39343 -1.74421 0.85951 -1.11239 -2.60030 1.82225 -0.04351 -0.04449 0.33366 0.72886 0.63417 0.09330 -0.29544 -0.14028 -0.32460 1.00434 0.21565 0.28276 -0.18780 -0.20963 0.30661 0.30404 -0.44051 0.40356 -0.26336 0.40181 0.07327 -0.49543 -0.03431 0.57818 0.35173 -0.28341 
1.81052 -2.13341 -0.09482 0.10653 2.01223 -1.94770 0.18674 -2.83867 -2.07463 1.43908 -1.11485 -2.42336 1.51856 -0.26218 0.08453 0.50634 0.23259 0.52918 -0.28188 -0.06013 -0.29944 -0.85659 0.36077 -0.14786 0.41526 -0.45088 -0.09236 0.14143 0.02821 -0.27241 -0.64734 -0.22162 0.70473 0.19253 0.17501 -1.24071 -1.16761 -0.21685 0.02187 
1.70649 -2.04329 0.08709 0.16941 2.24393 -2.21176 0.15352 -2.69288 -2.60081 1.22027 -1.26025 -2.18503 1.37137 -0.13587 0.09694 0.36187 0.45645 -0.01317 -0.12832 0.40928 0.05225 -0.14959 -0.23637 -0.95196 0.06591 -0.16592 0.24599 -0.12306 -0.24321 0.51033 -0.65492 0.67491 0.45328 0.05031 1.22735 -0.82531 -0.76509 -0.53105 0.30811 
1.67465 -2.03647 0.26706 0.56298 1.99906 -2.07602 0.59603 -2.78642 -2.22422 1.20271 -2.06681 -2.35745 1.35264 -0.01619 -0.03852 0.26314 0.74292 -0.12574 0.39303 0.39316 -0.24913 0.37076 -0.46454 -0.91295 -0.11578 -0.14277 -0.16645 0.05661 -0.03933 -0.26613 0.40246 -0.50566 -0.15302 -0.22866 0.65842 -0.39152 0.67309 0.07325 0.02840 
1.69030 -2.08181 0.35022 0.91233 2.11819 -1.81873 0.54668 -2.94201 -2.23004 0.75573 -2.17319 -2.30081 1.22860 -0.30232 0.15355 0.32254 0.19032 0.38929 -0.63398 0.25626 -0.17641 0.50882 -0.62789 -0.27887 0.13917 -0.13752 -0.39161 0.31944 0.40506 -0.67689 0.19993 -1.39498 -0.03444 0.17573 0.74488 0.71413 0.59648 0.26557 0.28899 
1.37233 -1.88292 0.58960 0.75330 2.38836 -2.71001 0.85229 -2.96282 -1.71540 0.57482 -2.34568 -2.21828 1.21511 -0.40780 0.28092 0.66820 0.06602 0.07419 -1.00195 0.35872 -0.07340 1.11564 0.24959 -0.31646 0.14978 0.14622 0.07068 -0.00393 0.37843 0.51533 -0.11055 0.27040 -0.32263 0.04323 0.22113 0.65957 0.23036 -0.28729 0.25287 
1.28250 -1.80089 1.01842 0.97835 2.19237 -2.82068 0.90539 -3.01541 -1.11440 1.00532 -2.48966 -2.15103 1.37481 -0.23164 0.14962 0.70097 0.70565 0.27875 -0.36358 -0.06637 -0.13317 0.72996 0.03168 -0.04851 -0.14812 0.11535 0.29474 -0.18624 -0.21235 0.85155 -0.20698 0.94350 -0.62426 0.12404 -0.88022 -1.05680 0.23364 -0.38948 0.14111 
1.14068 -1.73330 1.29057 1.45896 2.66710 -3.07359 0.78592 -3.09600 -0.98545 0.60649 -2.39419 -2.36641 1.33046 -0.11306 0.09468 0.45585 0.91757 -0.13280 -0.05845 -0.26555 0.05064 0.23542 -0.80721 -0.08282 -0.23970 0.28733 0.44661 -0.11508 -0.47745 -0.11046 -1.95244 0.66661 -0.30980 0.85355 -0.69000 -0.50070 -0.26619 -0.18873 0.36569 
1.16944 -1.70620 1.47427 1.89592 2.05958 -2.87912 0.63985 -2.96477 -0.87899 0.19812 -2.57248 -2.39073 1.66214 0.21496 0.03454 0.22353 0.59519 -1.67369 0.30303 -0.37618 0.72037 0.03996 -0.46902 -0.31469 -0.33685 0.48103 0.04514 -0.05162 -0.14659 -0.51642 -1.18695 0.21821 0.01457 0.02149 -0.01797 0.45403 0.19552 0.07982 -0.22565 
1.35564 -1.69876 1.51410 2.05415 0.99341 -2.77056 0.40974 -2.37562 -0.94549 0.13748 -2.70888 -2.70325 1.81149 -0.06792 0.04307 0.30926 0.40115 -1.31975 0.15976 -0.25097 0.07213 0.21745 -0.35318 0.11270 -0.15988 0.06168 -0.50848 0.22432 0.02634 -0.14087 1.43721 -0.19965 -0.35089 -1.14161 -0.04061 -0.05611 0.48619 0.44560 0.04131 
1.10152 -1.66314 1.78354 2.29707 0.73983 -2.71936 0.38887 -2.89264 -0.66154 -0.15507 -2.45978 -2.55062 1.72383 -0.29351 0.25886 0.24987 0.45432 -0.23648 0.10338 -0.72707 -0.42124 -0.00065 -0.52513 0.17150 0.10875 0.52235 -0.15188 0.36404 -0.35087 -0.27475 0.80696 0.11803 -0.72069 0.42688 -0.75651 -0.78077 -0.18864 -0.22698 0.29090 
1.06213 -1.43990 1.76396 2.50847 0.75693 -2.66717 -0.31733 -2.79686 -0.94614 -0.38765 -2.53738 -2.59450 2.33384 -0.21980 0.40710 -0.04160 0.12640 -0.51279 0.27779 -0.97166 0.49901 -0.53906 -1.13395 -0.07594 -0.38687 0.35258 0.15146 0.12302 -0.10614 -0.51314 -0.54571 0.10582 0.53050 0.89058 0.32684 -0.02644 0.16654 -0.32584 -0.88187 
0.88172 -1.25604 1.74194 2.42347 0.22704 -2.44157 -0.58279 -2.39363 -1.20060 -1.28902 -2.53573 -2.93748 2.07641 -0.14206 0.38188 0.14373 -0.05882 -0.78219 0.20921 -0.19657 0.46934 0.32619 -0.55156 0.33804 -0.21709 -0.35953 0.43304 -0.14711 0.22533 0.10156 0.87254 -0.55087 1.04475 -0.32489 1.36128 1.67766 0.12305 0.88238 -0.15202 
0.92007 -1.05803 1.90769 2.44965 -0.02526 -2.45797 -0.51390 -2.32753 -0.61995 -0.93921 -2.19934 -2.81159 1.97431 0.21324 0.25999 0.18373 0.22796 0.35975 -0.27308 0.07309 0.17412 0.82222 0.54371 0.04710 0.49551 0.20056 -0.11462 0.12285 -0.71348 -0.79094 1.80762 0.35062 -0.04593 0.08947 0.28747 -0.03798 -0.05469 1.63709 0.26687 
1.09496 -0.99605 1.92566 2.65143 0.58679 -2.71464 -0.50970 -2.21951 -0.37837 -0.74531 -2.48863 -2.44197 2.27696 -0.25667 0.50473 -0.56976 -0.84976 1.02543 0.55983 -0.24251 0.55880 0.61366 -0.58955 0.28336 1.42000 -0.09266 -0.22708 0.27768 -1.16122 -1.51892 0.17219 0.60204 -0.99159 0.02620 -0.09472 -1.95439 -0.24361 -0.37813 -1.14213 
0.66340 -0.55330 1.33793 1.59989 1.00017 -1.89814 -0.75641 -1.76872 -0.00629 -1.52876 -1.91599 -1.39159 1.88165 -0.01384 0.53767 -0.97750 -1.29096 0.53194 0.32897 -0.91850 0.20032 0.72750 -1.41069 -0.19651 0.11738 -0.94158 0.79268 -0.19200 0.65325 0.77849 -0.65281 -0.62709 -0.08072 -0.84128 -0.69695 0.17954 -0.38750 -1.64522 -0.33170 
1.08112 -0.45838 0.94816 1.36046 1.11873 -2.38567 -1.42820 -2.01918 0.34913 -2.15600 -2.68513 -2.32459 1.33539 0.53600 0.31273 0.08349 -0.07127 0.37263 -0.06726 -0.32323 -0.28247 -0.08329 -0.41001 -0.10414 -0.22522 -0.42437 -0.21961 0.08675 1.18971 0.17209 -0.68538 0.56514 1.67162 0.17683 -1.29502 1.80019 1.01933 -0.23796 -0.40278 
1.19940 -0.24057 1.42142 1.52862 1.37280 -1.96541 -1.07964 -2.05120 -0.08958 -1.93877 -2.02013 -1.61681 1.45728 -0.23346 0.62442 0.21221 -1.11887 -0.15344 0.89411 0.75311 0.37715 -0.56752 0.38950 0.82282 -0.12058 -1.34435 -1.37795 0.07750 -1.01697 -1.29935 -0.51099 1.40032 1.00874 0.69260 -1.54844 0.66903 0.68727 0.28075 -1.51307 
0.84766 0.16605 1.16037 0.24159 0.96529 -1.49156 -0.67509 -1.64203 -0.21839 -1.76649 -1.86231 -2.44516 -0.00897 -0.84195 0.39023 -0.93347 -1.37062 -0.13837 1.33305 0.68551 0.41012 -1.63174 0.25902 0.58313 0.05553 -1.93744 -0.68657 -0.79416 -1.13209 0.82470 -0.34139 0.23275 -0.04579 0.94265 0.53512 0.57051 0.59476 1.72163 1.16800 
0.35746 0.14966 0.48795 0.15800 1.23443 -0.63236 -0.39413 -1.64108 -1.72132 -1.67975 -1.43700 -1.56128 -0.48015 -0.92002 -0.16973 -0.91989 -0.29417 -0.49483 1.12685 0.70732 1.31980 -0.03239 0.96001 1.41758 1.60106 -0.17635 0.45736 -0.59055 0.68852 1.24358 -0.29519 -0.70562 -0.40896 0.65752 3.35056 1.13656 0.90945 1.17347 2.48196 
-0.07236 -0.00369 0.24048 -0.05257 0.47045 -0.36471 0.03223 -0.32223 -0.25078 -0.80648 -0.44473 -0.84411 -0.18532 -0.38459 -0.20032 -0.24496 -0.12705 -0.43356 0.62743 0.27655 1.06764 1.71883 1.39558 1.49258 1.22901 0.54452 1.02006 0.15549 0.83950 0.25643 0.21711 -0.85884 -0.64892 -1.18504 0.38353 -0.43975 -1.02136 -1.09082 0.56129 
-0.02713 -0.05067 0.24299 0.03096 0.80087 -0.00492 -0.11758 -0.57344 -0.00249 -0.28416 0.05558 -0.33227 0.06436 0.10003 -0.01424 -0.08038 -0.03774 -0.27773 0.26802 0.05840 0.13476 0.35114 0.52026 0.39623 0.51023 0.38494 0.44880 0.16755 0.17747 0.06640 -0.32890 -1.11362 -0.28513 -0.44339 -1.57775 -1.85478 -1.82900 -1.37581 -0.53300 
0.02767 -0.01793 0.16010 -0.09031 0.19273 -0.09669 0.09063 -0.18747 0.10036 -0.28622 -0.04850 -0.33388 0.19962 0.06421 -0.03277 -0.06749 -0.06065 -0.76246 -0.48619 -0.00858 0.62425 0.14108 -0.45919 -0.33642 -0.14680 0.01152 -0.14264 -0.02478 -0.02504 0.06636 -0.03777 -0.16617 -0.00771 -0.05480 -0.46191 -0.42235 -0.05987 -0.32592 -0.45031 
0.03708 -0.08344 0.17549 -0.02969 0.03841 -0.49112 -0.12616 0.05081 0.13858 -0.74335 -0.28085 -0.47907 0.07588 -0.04261 -0.03902 -0.10542 0.02862 -0.31549 0.10184 0.05069 0.07996 -0.11077 0.09791 0.33636 0.18432 -0.06537 -0.10451 0.09226 -0.04080 -0.05937 0.74692 0.95705 0.24394 -0.79467 -0.13329 1.10187 0.33367 0.54436 0.10770 
-0.01494 -0.05694 0.05469 -0.06169 -0.12277 0.00515 0.14131 -0.10751 -0.01041 -0.18831 0.28786 -0.14956 0.13425 -0.04030 0.05949 -0.10830 -0.12002 -0.01554 0.47086 0.23536 -0.17042 0.00778 0.64268 -0.00276 0.39756 0.11922 0.02590 0.07762 0.15086 -0.02475 0.37729 -0.16813 -0.12351 -0.23178 0.39548 0.08676 -0.76214 -0.12301 0.21497 
-0.00322 -0.02395 0.06719 -0.14971 0.02287 -0.02026 0.10920 -0.11960 0.14637 -0.10068 -0.28360 -0.08151 0.19510 -0.01672 0.03860 0.04544 0.00387 0.06180 -0.06629 -0.07283 -0.15182 0.28471 0.18467 -0.42578 0.06130 0.14960 0.04830 -0.06939 0.10478 0.19931 0.06659 -0.62422 -0.40281 0.11418 -0.04964 -0.57008 0.37800 -0.34252 0.00465 
-0.03166 -0.01835 0.10013 -0.05783 -0.06097 -0.06114 0.06849 -0.25933 0.27429 -0.00364 -0.13792 -0.08826 0.28385 0.00800 -0.00990 -0.00352 0.07929 0.05105 -0.15337 -0.16745 -0.05623 -0.04185 0.07259 0.37524 0.05504 0.12387 0.07241 -0.06031 -0.09672 0.01405 0.17663 0.03129 0.03763 0.34130 -0.27984 -0.25502 0.53086 -0.04233 -0.16375 
0.00478 -0.03384 0.06368 -0.07043 0.07391 -0.17363 -0.05825 -0.17583 0.10451 -0.02808 0.09164 -0.02648 0.31898 0.05569 -0.02171 -0.05128 0.01792 0.23843 -0.03500 -0.03519 0.18948 0.00487 -0.07034 0.10508 0.01897 -0.01415 -0.00963 0.01527 0.07394 -0.14922 0.07666 0.21732 0.35287 0.11935 0.15989 -0.01942 -0.53088 -0.07888 -0.28218 
0.02403 -0.04005 0.04885 -0.03991 0.17746 -0.09613 0.03329 -0.06985 0.27916 -0.07398 -0.03285 -0.06928 0.26970 -0.00163 0.00538 0.07042 -0.06993 0.12771 0.06395 0.18542 0.06312 0.11803 0.05318 -0.15564 -0.02384 -0.15831 -0.06161 0.02169 0.05395 0.00205 -0.17157 0.00503 -0.00659 -0.22863 -0.09869 -0.05595 -0.06387 -0.12558 -0.00884 
0.00315 -0.02847 0.13410 -0.14036 0.20162 -0.10967 0.12717 -0.11271 0.22255 0.02509 -0.06400 -0.05032 0.16067 -0.00592 -0.00002 0.00267 0.01997 0.06687 -0.02997 -0.04178 -0.03915 -0.09382 -0.12629 0.04120 -0.10661 -0.02299 0.00768 -0.00553 -0.19820 0.10595 -0.20342 0.02873 -0.20692 0.00917 -0.33669 -0.26643 0.27833 0.03009 0.19045 
0.01812 -0.04007 0.05152 -0.01994 0.24433 -0.12610 -0.00849 -0.10900 0.18534 -0.20028 0.00836 -0.17589 0.24671 0.00605 -0.00015 -0.12778 0.03602 -0.07572 0.09269 -0.02150 0.07230 -0.21866 -0.21325 0.12269 0.00625 0.03214 -0.00712 0.00080 -0.02858 -0.00655 -0.10619 0.05560 0.04334 0.13526 0.13148 0.21781 -0.07394 0.19360 -0.03566 
0.00920 -0.02862 0.00632 -0.10434 0.12590 -0.01699 0.10567 -0.04041 0.00389 -0.18816 0.05869 -0.04407 0.19281 -0.01303 0.00078 -0.02591 0.01342 -0.03933 0.02563 0.00155 0.09611 0.03766 0.09152 -0.03273 0.08699 -0.05865 -0.02531 0.01791 0.15548 -0.09389 0.06508 -0.18794 0.05054 -0.11831 0.24406 0.38437 -0.16032 0.06192 -0.14147 
0.00508 -0.03929 0.02562 -0.00652 0.20500 -0.10047 -0.00694 -0.01288 0.22300 -0.10876 -0.02437 -0.08890 0.18807 -0.01926 0.01776 0.02770 -0.05787 -0.01063 -0.09525 0.02904 -0.04602 0.02540 0.17112 -0.03763 0.06817 -0.10933 0.00746 -0.00954 0.02484 -0.05113 0.06885 -0.02640 -0.03879 -0.04098 -0.02673 -0.12794 0.05467 -0.09368 0.13445 
-0.01006 -0.01086 0.03402 -0.16221 0.11527 -0.11224 0.13471 -0.08643 0.02930 -0.01704 0.02106 0.02410 0.08348 -0.00557 -0.00876 -0.00107 -0.03772 0.02952 -0.00077 -0.03724 0.05514 0.01093 -0.03643 0.02193 -0.00669 0.07581 0.03954 -0.02642 -0.02806 0.17079 -0.00956 0.15472 -0.08886 0.05144 0.04974 -0.26034 0.09667 -0.16030 0.11690 
-0.00049 -0.04805 0.02454 -0.04424 0.23453 -0.10124 -0.04418 0.04225 0.23394 -0.14518 -0.00244 -0.09559 0.26387 0.02028 -0.00866 -0.00035 0.11292 -0.02019 0.05946 -0.05982 0.00543 0.07514 -0.08923 0.05905 -0.09213 0.00757 -0.00594 0.00943 0.03374 -0.09808 -0.23314 0.07170 0.25405 -0.32872 -0.21108 0.33905 -0.11394 0.13922 -0.04868 
0.01022 -0.01952 0.03367 -0.04929 0.09508 -0.05278 0.07488 -0.08100 0.10444 -0.10627 0.08011 -0.06803 0.09106 -0.01151 0.00067 0.03267 -0.13579 -0.20362 0.07093 0.21681 -0.27359 -0.20015 0.30262 -0.09201 0.13254 0.02713 -0.04967 0.01809 0.00237 -0.10630 -0.00733 -0.04951 0.05096 0.01201 -0.08872 0.06553 -0.00156 0.02693 0.07637 
-0.01200 -0.04738 0.05722 -0.18003 0.03091 -0.03030 0.17263 -0.23134 0.03378 0.15744 -0.09445 0.03695 0.29100 -0.02939 0.00942 0.00202 0.00662 -0.02753 0.00995 -0.00886 0.01744 -0.01358 -0.02370 0.05749 -0.06520 0.08394 0.03622 0.02766 -0.05716 0.26132 0.27580 -0.08827 -0.33001 0.44606 0.24726 -0.55269 0.25748 -0.23988 -0.20867 
-0.01916 -0.01009 0.03569 -0.04267 0.06755 -0.04283 0.06602 -0.06357 0.09085 -0.12996 0.13760 -0.13323 0.17500 0.02471 0.02833 -0.02449 0.12552 0.07218 -0.01734 -0.11319 0.17247 0.04711 -0.25006 0.16547 -0.10734 -0.18154 0.06560 -0.01882 0.00926 -0.01562 0.04179 -0.00839 -0.00816 -0.02346 0.02374 0.07652 -0.11858 0.12653 -0.17322 
