0.01257 -0.02605 0.09518 -0.08506 0.02888 -0.04487 0.14277 -0.12270 0.10844 -0.08396 0.12168 -0.04653 0.10178 -0.26849 -0.91162 1.76566 -0.12653 0.23795 0.16780 1.05823 -1.80381 0.21861 -0.48705 0.35640 -0.58344 0.04908 0.04972 -1.80548 2.98766 -1.41100 0.81822 0.03597 4.59285 -3.81170 -1.02113 -0.03397 2.27512 -0.35739 1.10771 
-0.25643 -0.94059 1.87849 -0.17406 0.27028 0.12654 1.17175 -1.91198 0.36031 -0.60442 0.42995 -0.65714 0.18048 -0.13089 -1.39228 1.88945 -1.07572 0.62027 0.19067 3.59938 -3.53739 -2.12645 -0.06732 1.29627 -0.53384 0.38587 0.47224 1.00629 -2.70668 -1.32231 -0.57439 -0.23158 -0.94987 0.62941 -2.43984 0.57387 0.26043 1.27190 0.70692 
-0.11832 -1.41833 1.98463 -1.16078 0.64916 0.14580 3.74215 -3.66009 -2.01801 -0.15128 1.41795 -0.58037 0.48765 0.20375 0.09466 -0.94102 -1.44885 -0.33644 -0.06377 0.10836 -1.17440 -2.22123 0.08682 0.61682 0.68846 0.75600 0.26189 2.79024 -3.76665 2.16909 -1.23260 -0.37840 -7.20620 7.08544 4.25590 0.11356 -2.63201 1.05439 -0.77948 
-0.05268 -0.84593 0.93748 -1.62290 -0.06616 0.06276 1.28011 -3.08638 -1.86091 -0.51761 1.04677 0.03132 0.93649 0.13099 1.39796 -1.87720 1.09337 -0.61233 -0.18773 -3.60682 3.54805 2.12945 0.04625 -1.33575 0.52055 -0.39361 -0.13632 0.72913 0.11074 3.00922 0.43534 -0.03614 -1.26422 4.15094 4.20010 0.31267 -1.56940 -0.78604 -1.59567 
0.01267 -0.02038 0.10743 -0.06741 0.03683 -0.04193 0.13533 -0.11204 0.11145 -0.10503 0.08221 -0.05981 0.09404 0.06744 0.82379 -0.83028 1.56037 0.09890 -0.09991 -1.15586 2.97654 1.97887 0.39948 -0.95258 -0.09758 -0.83967 -0.12891 -1.39971 1.87697 -1.08849 0.60824 0.19251 3.59575 -3.54585 -2.12294 -0.05934 1.34773 -0.52700 0.39639 
0.01476 -0.02214 0.10720 -0.06253 0.03274 -0.03715 0.12426 -0.10984 0.11796 -0.11813 0.09419 -0.06626 0.09682 0.00209 -0.00176 -0.00023 0.00488 -0.00409 0.00478 -0.01107 0.00220 0.00651 -0.01309 0.01199 -0.00644 0.00278 -0.06744 -0.82379 0.83028 -1.56037 -0.09890 0.09991 1.15586 -2.97654 -1.97887 -0.39948 0.95258 0.09758 0.83967 
0.01476 -0.02214 0.10720 -0.06253 0.03274 -0.03715 0.12426 -0.10984 0.11796 -0.11813 0.09419 -0.06626 0.09682 0.00000 0.00000 0.00000 0.00000 0.00000 0.00000 0.00000 0.00000 0.00000 0.00000 0.00000 0.00000 0.00000 -0.00279 0.00274 -0.00392 -0.00293 0.00336 -0.00432 0.01085 -0.00318 -0.00425 0.00971 -0.00852 0.00358 0.00185 
0.01476 -0.02214 0.10720 -0.06253 0.03274 -0.03715 0.12426 -0.10984 0.11796 -0.11813 0.09419 -0.06626 0.09682 -0.00070 0.00098 -0.00414 0.00195 -0.00073 0.00046 -0.00022 -0.00098 0.00227 -0.00338 0.00347 -0.00287 0.00463 0.00000 0.00000 0.00000 0.00000 0.00000 0.00000 0.00000 0.00000 0.00000 0.00000 0.00000 0.00000 0.00000 
0.01406 -0.02116 0.10306 -0.06058 0.03201 -0.03669 0.12403 -0.11082 0.12022 -0.12151 0.09766 -0.06913 0.10144 0.00000 0.00000 0.00000 0.00000 0.00000 0.00000 0.00000 0.00000 0.00000 0.00000 0.00000 0.00000 0.00000 0.00021 -0.00217 0.01361 -0.00468 0.00026 -0.00004 0.00560 -0.00638 -0.00131 0.01364 -0.01501 0.00716 -0.00271 
0.01476 -0.02214 0.10720 -0.06253 0.03274 -0.03715 0.12426 -0.10984 0.11796 -0.11813 0.09419 -0.06626 0.09682 -0.00049 -0.00119 0.00946 -0.00273 -0.00047 0.00042 0.00537 -0.00736 0.00096 0.01026 -0.01154 0.00429 0.00192 0.00048 -0.00731 0.01131 -0.02671 -0.00517 -0.00756 0.01246 -0.05421 -0.00442 -0.04098 0.00871 -0.02428 -0.00577 
0.01357 -0.02235 0.11252 -0.06330 0.03154 -0.03627 0.12940 -0.11817 0.12118 -0.11125 0.08612 -0.06483 0.10336 0.00048 -0.00731 0.01131 -0.02671 -0.00517 -0.00756 0.01246 -0.05421 -0.00442 -0.04098 0.00871 -0.02428 -0.00577 0.00026 -0.00144 -0.01059 0.00626 0.00381 -0.00313 -0.02270 0.01884 0.00996 -0.01571 0.00439 -0.00765 0.01160 
0.01523 -0.02944 0.11851 -0.08924 0.02757 -0.04472 0.13671 -0.16404 0.11354 -0.15911 0.10290 -0.09054 0.09104 -0.00023 -0.00263 -0.00113 0.00353 0.00333 -0.00271 -0.01733 0.01148 0.01092 -0.00545 -0.00715 -0.00336 0.01351 -0.00095 0.01461 -0.02262 0.05341 0.01034 0.01513 -0.02491 0.10841 0.00884 0.08197 -0.01742 0.04857 0.01155 
0.01333 -0.02498 0.11139 -0.05977 0.03487 -0.03899 0.11207 -0.10669 0.13210 -0.11670 0.07897 -0.06819 0.11687 -0.00048 0.00731 -0.01131 0.02671 0.00517 0.00756 -0.01246 0.05421 0.00442 0.04098 -0.00871 0.02428 0.00577 0.00121 0.00579 -0.00247 -0.00779 -0.00432 0.00326 0.03238 -0.01506 -0.02703 0.00782 0.01885 0.00731 -0.03487 
0.01476 -0.02214 0.10720 -0.06253 0.03274 -0.03715 0.12426 -0.10984 0.11796 -0.11813 0.09419 -0.06626 0.09682 0.00098 0.00316 -0.00359 -0.00426 -0.00099 0.00055 0.01505 -0.00358 -0.01611 0.00238 0.01170 0.00395 -0.02135 -0.00072 -0.00752 0.01663 -0.02748 -0.00637 -0.00669 0.01761 -0.06254 -0.00120 -0.03411 0.00064 -0.02286 0.00077 
0.01431 -0.02181 0.10780 -0.06404 0.03388 -0.03844 0.12712 -0.11027 0.11599 -0.11432 0.09067 -0.06424 0.09552 -0.00119 -0.00021 0.00532 -0.00077 -0.00120 0.00088 0.00515 -0.00833 0.00322 0.00687 -0.00807 0.00143 0.00654 -0.00053 -0.00349 0.00300 0.00577 -0.00016 0.00073 -0.01791 0.00401 0.01808 -0.00618 -0.00817 -0.00597 0.02265 
0.01357 -0.02235 0.11252 -0.06330 0.03154 -0.03627 0.12940 -0.11817 0.12118 -0.11125 0.08612 -0.06483 0.10336 0.00044 -0.00032 -0.00060 0.00151 -0.00114 0.00128 -0.00286 0.00043 0.00197 -0.00380 0.00352 -0.00202 0.00130 0.01216 -0.01546 0.05757 -0.04145 0.02249 -0.02677 0.06613 -0.05875 0.06830 -0.09666 0.07679 -0.04909 0.04670 
0.01476 -0.02214 0.10720 -0.06253 0.03274 -0.03715 0.12426 -0.10984 0.11796 -0.11813 0.09419 -0.06626 0.09682 0.01096 -0.01566 0.06289 -0.04222 0.02128 -0.02590 0.07128 -0.06709 0.07153 -0.08978 0.06872 -0.04766 0.05324 -0.00089 0.00065 0.00119 -0.00301 0.00229 -0.00257 0.00573 -0.00086 -0.00394 0.00760 -0.00705 0.00404 -0.00260 
0.02453 -0.03801 0.17541 -0.10552 0.05282 -0.06217 0.20069 -0.18526 0.19270 -0.20104 0.15484 -0.11249 0.15660 -0.00044 0.00032 0.00060 -0.00151 0.00114 -0.00128 0.00286 -0.00043 -0.00197 0.00380 -0.00352 0.00202 -0.00130 -0.02157 0.03084 -0.12369 0.08346 -0.04220 0.05156 -0.14245 0.13466 -0.14419 0.18127 -0.13917 0.09676 -0.10880 
0.01431 -0.02181 0.10780 -0.06404 0.03388 -0.03844 0.12712 -0.11027 0.11599 -0.11432 0.09067 -0.06424 0.09552 -0.01061 0.01517 -0.06080 0.04124 -0.02092 0.02566 -0.07117 0.06758 -0.07266 0.09148 -0.07046 0.04910 -0.05556 -0.00180 -0.00493 -0.01061 -0.00478 0.00197 0.00188 0.02415 0.00274 -0.01028 -0.01725 -0.02229 0.01045 0.02590 
0.01392 -0.02284 0.11460 -0.06428 0.03190 -0.03651 0.12952 -0.11768 0.12004 -0.10955 0.08438 -0.06339 0.10103 -0.00225 -0.00461 -0.01001 -0.00629 0.00311 0.00060 0.02702 0.00231 -0.01226 -0.01345 -0.02581 0.01247 0.02460 0.01100 -0.01415 0.05400 -0.04099 0.02289 -0.02760 0.06877 -0.06016 0.06861 -0.09625 0.07675 -0.04995 0.05004 
0.01207 -0.02642 0.09779 -0.07032 0.03700 -0.03784 0.15414 -0.10796 0.10373 -0.12778 0.06486 -0.05177 0.12011 0.00039 0.00103 -0.00681 0.00025 0.00198 -0.00193 -0.00240 0.00741 -0.00406 -0.00477 0.00629 -0.00085 -0.00552 0.00493 0.00889 0.01943 0.01408 -0.00737 0.00009 -0.05690 -0.00418 0.02648 0.02310 0.05515 -0.02696 -0.04789 
0.01431 -0.02181 0.10780 -0.06404 0.03388 -0.03844 0.12712 -0.11027 0.11599 -0.11432 0.09067 -0.06424 0.09552 0.00269 0.00428 0.00941 0.00779 -0.00426 0.00069 -0.02988 -0.00188 0.01423 0.00965 0.02934 -0.01449 -0.02330 -0.00075 -0.00053 0.00473 0.00073 -0.00235 0.00216 0.00228 -0.00790 0.00519 0.00307 -0.00455 -0.00059 0.00784 
0.01476 -0.02214 0.10720 -0.06253 0.03274 -0.03715 0.12426 -0.10984 0.11796 -0.11813 0.09419 -0.06626 0.09682 -0.00035 0.00049 -0.00208 0.00098 -0.00037 0.00023 -0.00012 -0.00049 0.00114 -0.00170 0.00174 -0.00144 0.00232 -0.00442 -0.00302 -0.00710 -0.01366 0.00871 -0.00570 0.04107 0.00017 -0.02188 0.00514 -0.04307 0.02237 0.01819 
0.01396 -0.02132 0.10571 -0.06305 0.03352 -0.03821 0.12701 -0.11076 0.11712 -0.11602 0.09241 -0.06568 0.09784 -0.00173 0.00127 0.00231 -0.00586 0.00446 -0.00501 0.01118 -0.00171 -0.00765 0.01479 -0.01373 0.00789 -0.00510 0.00115 -0.00131 0.00357 -0.00046 -0.00041 0.00082 -0.00263 0.00141 -0.00030 -0.00040 0.00004 0.00086 -0.00335 
0.01302 -0.02087 0.10951 -0.06839 0.03720 -0.04216 0.13544 -0.11155 0.11031 -0.10333 0.08047 -0.05837 0.09171 0.00080 -0.00082 0.00149 0.00052 -0.00078 0.00105 -0.00275 0.00092 0.00083 -0.00210 0.00178 -0.00058 -0.00102 0.00347 -0.00254 -0.00463 0.01173 -0.00891 0.01002 -0.02237 0.00342 0.01530 -0.02959 0.02746 -0.01577 0.01021 
0.01476 -0.02214 0.10720 -0.06253 0.03274 -0.03715 0.12426 -0.10984 0.11796 -0.11813 0.09419 -0.06626 0.09682 0.00173 -0.00127 -0.00231 0.00586 -0.00446 0.00501 -0.01118 0.00171 0.00765 -0.01479 0.01373 -0.00789 0.00510 -0.00080 0.00082 -0.00149 -0.00052 0.00078 -0.00105 0.00275 -0.00092 -0.00083 0.00210 -0.00178 0.00058 0.00102 
0.01476 -0.02214 0.10720 -0.06253 0.03274 -0.03715 0.12426 -0.10984 0.11796 -0.11813 0.09419 -0.06626 0.09682 0.00000 0.00000 0.00000 0.00000 0.00000 0.00000 0.00000 0.00000 0.00000 0.00000 0.00000 0.00000 0.00000 -0.00173 0.00127 0.00231 -0.00586 0.00446 -0.00501 0.01118 -0.00171 -0.00765 0.01479 -0.01373 0.00789 -0.00510 
0.01476 -0.02214 0.10720 -0.06253 0.03274 -0.03715 0.12426 -0.10984 0.11796 -0.11813 0.09419 -0.06626 0.09682 0.00000 0.00000 0.00000 0.00000 0.00000 0.00000 0.00000 0.00000 0.00000 0.00000 0.00000 0.00000 0.00000 0.00000 0.00000 0.00000 0.00000 0.00000 0.00000 0.00000 0.00000 0.00000 0.00000 0.00000 0.00000 0.00000 
0.01476 -0.02214 0.10720 -0.06253 0.03274 -0.03715 0.12426 -0.10984 0.11796 -0.11813 0.09419 -0.06626 0.09682 0.00000 0.00000 0.00000 0.00000 0.00000 0.00000 0.00000 0.00000 0.00000 0.00000 0.00000 0.00000 0.00000 0.00000 0.00000 0.00000 0.00000 0.00000 0.00000 0.00000 0.00000 0.00000 0.00000 0.00000 0.00000 0.00000 
0.01476 -0.02214 0.10720 -0.06253 0.03274 -0.03715 0.12426 -0.10984 0.11796 -0.11813 0.09419 -0.06626 0.09682 0.00000 0.00000 0.00000 0.00000 0.00000 0.00000 0.00000 0.00000 0.00000 0.00000 0.00000 0.00000 0.00000 0.00000 0.00000 0.00000 0.00000 0.00000 0.00000 0.00000 0.00000 0.00000 0.00000 0.00000 0.00000 0.00000 
0.01476 -0.02214 0.10720 -0.06253 0.03274 -0.03715 0.12426 -0.10984 0.11796 -0.11813 0.09419 -0.06626 0.09682 0.00000 0.00000 0.00000 0.00000 0.00000 0.00000 0.00000 0.00000 0.00000 0.00000 0.00000 0.00000 0.00000 0.00926 -0.01535 0.06726 -0.04333 0.02058 -0.02569 0.07819 -0.07600 0.07420 -0.08155 0.05949 -0.04586 0.06043 
0.01476 -0.02214 0.10720 -0.06253 0.03274 -0.03715 0.12426 -0.10984 0.11796 -0.11813 0.09419 -0.06626 0.09682 0.00926 -0.01535 0.06726 -0.04333 0.02058 -0.02569 0.07819 -0.07600 0.07420 -0.08155 0.05949 -0.04586 0.06043 -0.00668 0.00490 0.00872 -0.02247 0.01713 -0.01932 0.04341 -0.00706 -0.02886 0.05650 -0.05274 0.03052 -0.02024 
0.02402 -0.03749 0.17446 -0.10586 0.05332 -0.06285 0.20245 -0.18584 0.19216 -0.19967 0.15368 -0.11212 0.15725 -0.00668 0.00490 0.00872 -0.02247 0.01713 -0.01932 0.04341 -0.00706 -0.02886 0.05650 -0.05274 0.03052 -0.02024 0.01367 -0.22748 -0.50665 0.01171 0.20923 -0.16833 0.08800 -0.07994 -0.45868 -0.81569 -0.45368 0.09093 0.92673 
0.00807 -0.01723 0.11592 -0.08500 0.04987 -0.05647 0.16766 -0.11690 0.08909 -0.06163 0.04145 -0.03574 0.07657 0.02293 -0.24283 -0.43939 -0.03162 0.22981 -0.19403 0.16619 -0.15594 -0.38448 -0.89724 -0.39420 0.04507 0.98716 -0.42943 -1.25015 0.73000 -0.99567 1.74783 -1.19242 -1.75832 1.48977 -0.61987 -0.39202 -0.00620 -1.38008 2.41637 
0.04695 -0.28032 -0.26493 -0.13749 0.28313 -0.25687 0.36864 -0.34178 -0.19232 -1.09692 -0.24051 -0.06704 1.14441 -0.43612 -1.24524 0.73872 -1.01814 1.76497 -1.21174 -1.71492 1.48271 -0.64874 -0.33553 -0.05894 -1.34956 2.39613 -0.71031 -1.22692 1.66575 -1.99106 1.77471 -0.56053 -0.86544 1.79306 -0.11018 2.23285 0.35497 -1.28644 1.08367 
-0.42804 -1.26248 0.85465 -1.10314 1.81484 -1.26821 -1.54726 1.36582 -0.55964 -0.39716 -0.01749 -1.38529 2.47270 -0.68737 -1.46975 1.22636 -2.02268 2.00452 -0.75456 -0.69925 1.63712 -0.49467 1.33560 -0.03923 -1.24137 2.07083 0.43831 0.48447 -0.95765 -1.38198 -1.31150 1.39486 3.63929 -0.30308 0.37747 0.02057 -0.47115 0.96225 -2.18647 
-0.64042 -1.75007 0.96143 -2.16017 2.28765 -1.01143 -0.33062 1.29533 -0.68699 0.23869 -0.27974 -1.30841 3.21524 0.00219 -0.76077 -0.21893 -2.40012 0.45347 0.18312 1.92437 1.17963 -0.27127 -0.31496 -0.53009 -0.38731 0.20966 0.76911 0.67662 -0.78946 1.11761 -2.20009 0.70722 2.23699 -0.94719 0.00774 -3.93871 -0.90745 1.42305 -3.09159 
-0.42585 -2.02324 0.63572 -3.50327 2.26831 -1.08510 0.37711 2.54545 -0.83091 -0.71211 -0.54759 -1.77260 2.68235 0.08173 -0.79314 0.43690 -0.90507 -0.19557 -0.04733 1.53773 0.68993 -0.48693 -2.60311 -0.94667 0.18168 -1.02076 -0.26552 -0.07137 2.29354 2.98215 -0.31183 0.06537 -1.35824 -2.06330 -0.85364 0.12167 1.27529 1.55039 -0.61458 
-0.55869 -2.54321 1.39834 -3.06523 2.09208 -1.05876 1.20712 1.98526 -1.17392 -2.36443 -1.22641 -1.12674 2.19449 -0.26333 -0.83214 2.07461 0.58202 0.14164 0.24849 0.56613 -0.88367 -1.12491 -0.19329 0.74519 1.16308 -0.40493 -0.23753 0.59346 0.87650 0.67926 0.49769 0.02690 -2.17799 -2.26190 -0.44800 3.89467 2.04658 0.15631 0.38259 
-0.68918 -2.85538 2.71033 -2.92124 2.40996 -0.83661 0.94324 1.66178 -1.95582 -0.90540 0.19761 -0.60952 2.27743 -0.15580 -0.19968 1.31341 -0.22581 0.30213 -0.02043 -0.64026 -1.57197 -0.93493 1.29156 1.09990 0.33799 -0.63816 0.05364 1.01482 -2.10720 -0.75372 -0.09884 -0.53504 -0.56393 -0.95947 1.08201 -0.72057 -1.12275 -1.30337 -0.85179 
-0.71449 -2.74290 2.71175 -3.29104 2.39420 -1.07920 0.56686 0.41329 -2.10885 -1.07286 -0.12651 -0.78875 1.55632 -0.20968 0.18268 -0.03259 -0.17170 0.04280 -0.28656 0.00220 -1.84313 -0.04290 -0.91386 -0.37755 -0.14029 -1.25672 -0.33021 1.08242 -3.23661 1.39101 -0.27164 -0.14909 1.53038 0.66304 2.92443 -3.25742 0.32849 -1.00731 2.21554 
-0.89886 -2.67270 2.67774 -3.09294 2.45276 -1.12317 0.94545 -0.18135 -1.99872 -1.81926 -0.17994 -0.74981 1.02071 -0.48601 0.88274 -1.92320 1.16520 0.03048 -0.16953 0.89013 -0.90893 1.98950 -1.96585 1.42840 -0.66933 1.57738 -0.43399 0.62024 -2.28775 1.35590 0.16536 0.51516 1.10447 0.59444 3.90267 -0.97307 2.27424 -0.69680 3.94381 
-1.20050 -1.86015 0.78855 -2.12584 2.42469 -1.24872 1.45698 -0.49564 -0.11935 -3.03872 1.30189 -1.45808 3.13370 -0.64367 0.80292 -2.32034 1.18420 0.20816 0.22861 1.10667 -1.24869 3.85977 -1.88693 1.89669 -0.83709 2.68709 0.22136 -0.73555 1.50565 -0.81127 -0.01974 0.29150 0.11068 -1.10960 -0.24823 2.11072 -0.97082 0.95724 -1.35376 
-1.54253 -1.86978 0.35740 -1.90874 2.66092 -0.89456 2.05212 -1.43004 1.86105 -3.70619 1.71674 -1.58690 3.70780 -0.26465 0.14719 -0.41755 0.35394 0.01074 0.12198 1.00081 -2.01854 1.74127 0.14486 0.45758 0.28791 0.22362 0.60822 -0.81536 1.75507 -0.14178 -0.12136 -0.30671 -1.17494 -0.45640 -5.35065 3.86834 -1.61908 0.89733 -3.06840 
-1.46515 -1.71296 0.37100 -1.77190 2.43543 -1.12675 2.45779 -2.51418 1.62193 -2.89385 1.75947 -1.17017 3.35732 -0.03546 -0.01244 -0.56527 1.04242 0.08680 -0.07811 -0.06827 -1.70509 -1.49088 1.98141 0.27761 0.06024 -0.38130 0.44919 0.11726 -0.16667 0.30370 0.05947 -0.60608 -0.18380 2.29590 -2.70742 0.77762 -0.31749 -0.38624 -0.55810 
-1.57799 -1.88222 -0.20786 -0.86632 2.74771 -0.97267 1.98385 -3.13514 0.37017 -1.72478 1.99435 -1.52666 3.32649 0.18454 0.26445 -0.58422 0.65764 0.07021 -0.48411 0.81701 0.27737 -0.96615 0.92249 0.14009 -0.09833 -0.33448 0.36528 0.20797 -0.02499 -2.57902 -0.35828 -0.44536 0.64380 2.77691 2.10805 -1.80863 -1.51372 0.72633 -0.68289 
-1.28061 -1.44851 -0.21323 -1.11427 2.50564 -1.61085 3.27480 -2.23681 0.65578 -1.97137 1.89956 -1.26850 3.02285 0.32982 0.19554 -0.59026 -1.53660 -0.27148 -0.52347 0.57553 1.07182 0.61717 0.17278 -1.23612 0.78657 -1.06419 1.56061 0.73548 2.44968 -2.01082 -1.50249 -0.29977 -4.22005 -1.21898 -0.43807 -0.53144 -3.72564 0.15421 -2.06550 
-1.24817 -1.68668 -0.79813 -2.40292 2.47623 -1.49613 2.55938 -2.06332 0.98734 -1.55199 0.75823 -0.74009 2.26230 1.74516 0.99993 1.86545 -1.35318 -1.43228 -0.78388 -3.40304 -0.94161 -1.40421 0.39105 -3.58554 0.05587 -2.39998 2.67781 0.21515 2.40091 2.34446 -2.76019 -1.51289 -3.08557 0.18656 -4.29926 -0.32562 -2.23352 -1.71520 -0.82663 
0.46455 -0.44858 1.65223 -2.46745 1.07337 -2.39473 -0.12823 -3.17842 -0.74843 -1.58032 -1.68598 -1.21263 0.62287 3.00763 0.41069 1.81065 0.80786 -3.03167 -2.03636 -2.51003 1.25838 -3.68209 -0.15283 -3.46964 -0.92862 -1.89082 -0.33452 -2.43297 -2.70422 1.78924 -0.63612 0.11815 3.68579 3.56789 -1.33475 -0.60306 3.60019 -0.92540 3.48195 
1.75946 -1.27599 1.01252 -1.59506 -0.55544 -3.53249 0.04935 -0.80494 -2.69475 -1.70483 -2.71141 -1.66871 0.37148 1.41064 -1.43304 -0.83877 0.43606 -2.06840 -0.66573 0.28276 2.62627 -2.73897 -0.21201 0.01464 -0.86953 1.08197 -2.85767 -1.18024 -1.89744 -1.43989 2.16314 2.78776 1.87446 -0.61766 3.54285 -0.88483 4.75663 -0.25673 3.48921 
1.87519 -1.88163 0.81346 -2.03139 -0.99503 -3.06046 0.15452 -0.55215 -3.48740 -1.79233 -1.67134 -2.08216 1.70484 0.14996 -0.76956 -0.08679 -0.63203 -0.86854 0.75141 -0.63558 0.64071 -0.13924 -1.03767 1.28699 -1.18535 1.59839 -1.16857 1.27067 1.75172 0.01247 1.63698 1.41036 0.29509 -1.42364 4.44916 0.02345 0.31477 0.43652 -0.42486 
1.90941 -2.04555 0.92573 -2.22709 -1.42398 -2.78109 -0.58623 -0.16423 -2.83399 -2.74249 -1.42442 -2.85406 1.96987 0.24206 -0.16237 0.91295 0.44854 -0.43141 0.74463 0.57785 1.20263 1.71020 -0.18856 0.32941 -0.43301 0.65711 0.12988 0.93721 0.75612 1.44946 0.90549 -0.23931 2.71683 -0.19783 2.22445 2.16158 -1.47681 2.11877 -1.27862 
2.11725 -2.04400 1.72640 -1.58285 -1.42645 -2.31583 0.73237 0.65049 -1.77720 -1.98089 -1.34193 -2.51517 2.36194 0.27984 0.16765 0.66933 0.81744 0.03695 0.51210 2.08125 0.44288 2.08520 1.12391 -0.18982 0.93342 0.31977 -0.10685 0.39001 -0.91946 0.04891 0.46120 -0.48555 0.82077 -1.93158 0.27044 1.08790 -0.97928 1.45478 -0.92254 
2.18925 -1.87790 1.59506 -1.40965 -1.38702 -2.26899 1.49502 0.27866 -0.74879 -1.61858 -1.61424 -1.92064 2.28964 0.13521 0.22764 -0.00651 0.49744 0.02979 0.25908 1.39862 -0.72894 1.98064 0.89934 -0.64986 1.02177 -0.26544 -0.42146 -0.41712 -1.84748 -0.95859 -0.52217 -0.63788 -3.00538 -2.55442 -1.78514 -1.92834 -0.85064 -0.86715 -1.34565 
2.25246 -1.81636 1.71990 -1.08541 -1.39666 -2.05675 2.13099 -0.07846 0.20343 -1.08155 -1.99179 -1.49340 2.09651 -0.14162 -0.24947 -1.17815 -0.14115 -0.48522 -0.12578 -0.92413 -2.11154 0.30006 -0.80443 -1.04046 0.06627 -1.02588 -0.14689 -0.34355 0.21535 -0.25102 -0.11990 -0.22259 -1.96457 0.46355 -2.12276 -0.73805 0.89692 -1.07310 0.28644 
2.04762 -2.12736 0.41691 -1.55080 -1.87225 -2.39477 0.57089 -1.83288 -0.44873 -2.42301 -2.65470 -1.85437 1.26376 -0.01167 -0.11591 0.20884 0.24642 -0.09011 0.03649 -0.56595 -0.26539 -0.14212 0.16129 0.24705 -0.05133 0.02101 0.11214 0.44407 2.65135 0.49666 0.90285 0.36238 1.24413 3.17885 -0.24698 1.85365 2.08700 -0.19653 1.82747 
2.24079 -1.93227 1.92873 -0.83899 -1.48677 -2.02026 1.56503 -0.34385 0.06131 -0.92026 -1.74474 -1.54473 2.11752 -0.02949 0.19460 1.47319 0.35551 0.41763 0.23660 0.32000 1.06732 0.05309 1.04922 1.04654 -0.13026 0.80159 -0.30208 -0.06802 -0.50935 -1.36784 0.10465 -0.45048 -1.34753 -0.03235 -1.20666 -0.59993 -0.39663 -1.05382 -0.00094 
2.01813 -1.93277 1.89011 -1.19529 -1.45462 -2.15817 0.89089 -0.76556 -0.39564 -1.37379 -1.60816 -1.98463 2.06535 -0.31375 -0.18393 -0.30052 -1.12142 0.01454 -0.41399 -1.91348 -0.29774 -1.34878 -0.43864 -0.14958 -1.10515 0.02007 -0.08277 -0.20434 -2.34964 -1.08652 -0.45493 -0.23500 -1.09659 -1.37548 0.58035 -1.58495 -1.56275 -0.28330 -1.06998 
1.92704 -2.11620 1.62822 -1.96040 -1.47223 -2.43424 -0.34845 -0.64159 -1.28747 -1.35891 -1.89432 -2.64988 2.13758 -0.11226 -0.00974 -0.87644 -0.73100 -0.03730 0.00159 -0.77659 -0.30816 0.63344 -0.53573 -0.51621 -0.41356 -0.26839 0.39493 0.37348 0.34338 1.24724 0.23137 0.73439 2.18976 0.68263 2.53697 0.90680 0.15358 1.18173 0.27417 
1.90587 -1.94251 1.01366 -1.92630 -1.49191 -2.15658 0.11430 -1.07373 0.23780 -1.90952 -2.12437 -2.39819 1.79695 0.08118 0.18955 0.04287 0.12582 0.24591 0.32041 0.27627 0.38489 1.18819 0.46816 0.00400 0.07658 0.29424 0.03378 -0.14366 1.99157 0.43926 0.29776 -0.13921 -1.02077 0.86475 -1.57783 1.12991 1.04491 -0.10686 0.81405 
2.00822 -1.92665 1.67109 -1.83459 -1.22631 -2.11384 -0.07218 -0.25670 -0.09928 -0.89075 -1.89032 -2.57330 2.43182 -0.07848 -0.15340 1.11513 -0.29175 0.26046 -0.13762 -1.79736 0.55659 -0.94439 0.59418 0.52870 -0.52043 0.54565 -0.16511 -0.26301 -0.54715 -0.57901 -0.22701 -0.38747 -0.53651 -0.54012 -1.59167 -1.19509 -0.00193 -0.48159 0.01913 
1.82740 -2.09591 2.12879 -2.21804 -1.23146 -2.29420 -1.68306 -0.51714 -0.70660 -1.31534 -1.59567 -2.91862 2.34261 -0.08393 -0.07346 -0.50428 -0.45319 0.01891 -0.06706 -0.26024 -0.15523 -0.40348 -0.72694 0.00207 -0.40502 0.31337 0.17856 0.26707 -3.23996 0.27919 -0.33832 0.05227 2.55087 -0.41077 1.15115 -1.47945 -0.71679 0.64992 -0.88934 
1.92429 -2.00011 1.16680 -2.28778 -1.20741 -2.18090 -0.33242 -0.41193 -0.50276 -1.61769 -1.88825 -2.97832 2.74519 0.10008 0.11367 -2.12484 -0.01256 -0.07786 -0.08535 0.75351 0.14581 0.20675 -0.88527 -0.18809 0.12949 -0.34369 0.08862 0.04378 -0.89287 0.31642 0.07012 -0.22282 0.23162 0.87864 -0.57244 0.58937 1.03468 0.14037 -1.10092 
1.92747 -1.98224 0.00396 -2.23061 -1.30932 -2.37954 -0.92955 -0.37133 -0.49984 -2.20061 -1.78375 -2.78913 1.99892 0.00468 -0.02968 -1.39715 -0.13677 0.08902 -0.28988 -0.02862 0.72341 -0.97592 -0.13757 1.03675 -0.26465 -0.78756 -0.10455 -0.11365 2.85410 0.47856 0.49327 0.35519 0.74250 0.78771 -1.22581 2.23696 1.84860 -0.35525 0.78156 
1.92897 -2.02978 -0.23035 -2.42455 -1.11839 -2.47078 -0.36103 0.31148 -1.47868 -1.75526 -0.85149 -3.24297 1.95763 -0.00447 0.00001 0.72927 0.46599 0.41541 0.26984 1.49600 0.93352 -1.01906 1.35169 1.66051 -0.22575 0.43787 0.05223 0.08994 1.99275 1.20986 0.19249 0.61728 1.67219 -0.16741 0.81064 0.64629 -0.40692 1.08319 0.51551 
1.92300 -1.98223 0.73322 -1.76461 -0.89391 -2.10970 0.56645 0.56219 -1.51890 -0.84891 -0.12324 -3.01488 2.43679 0.05691 0.06027 0.59559 1.07309 0.28152 0.32740 1.64357 0.55600 -0.16528 0.50872 0.62983 0.81854 -0.27205 -0.04147 -0.27990 -1.88799 -0.27142 -0.68152 -0.74585 -0.66405 -0.54643 0.65486 -2.10528 -1.79583 0.12696 -1.33699 
1.98588 -1.96952 0.36524 -1.35146 -0.83687 -2.14339 1.28253 0.86747 -1.64396 -1.24654 -0.22166 -2.42443 1.68558 -0.04594 -0.27989 -1.15872 0.19458 -0.26611 -0.47601 0.83195 0.38709 -0.36420 -0.75359 -0.13531 -0.09879 -0.89912 -0.20418 -0.43141 -0.89307 -1.10643 -0.40313 -0.61559 -1.04687 0.29433 0.08940 -0.31692 -0.20804 -1.63630 0.66098 
1.87706 -2.26212 -0.42550 -1.57004 -1.16002 -2.58571 1.39840 0.94928 -1.88310 -1.60250 -0.25855 -3.11367 1.53768 -0.14727 -0.37114 -0.29748 -0.03334 -0.12161 -0.28820 0.59670 0.85032 -0.07588 0.19179 0.42179 -0.81776 0.38893 -0.07806 0.15018 1.86446 -0.52990 0.36496 0.96079 -1.10239 0.29633 1.96832 1.11613 0.34737 0.32354 0.97252 
1.83861 -2.34065 0.06776 -1.38480 -0.95848 -2.43158 1.87923 1.71780 -1.71985 -1.05475 0.20013 -3.24219 2.07451 -0.12400 -0.12971 0.70574 -0.33533 0.09885 0.48478 -0.27043 0.68342 1.60412 0.36254 0.21206 0.22475 0.07340 0.08956 0.18553 1.45884 -0.46630 0.21793 0.67136 -0.65235 -1.02697 1.45783 0.31526 -0.94778 1.34283 -0.56132 
1.75306 -2.39183 0.28024 -1.90536 -1.06117 -2.10093 1.12797 1.63270 -0.27899 -1.23996 -0.04650 -2.88891 1.61107 -0.05771 -0.18561 1.16137 -0.49964 0.09632 0.38316 -0.05565 -0.17665 1.38195 0.50705 -0.52598 0.52506 -0.17239 0.08524 0.15621 -1.19629 0.16138 0.20298 -0.62680 0.79716 -0.89597 -1.14431 0.09226 -0.04175 -0.17359 -0.38518 
1.78091 -2.52627 1.22913 -1.88444 -0.86217 -2.04842 1.82359 1.54115 -0.33789 -0.54769 -0.32586 -2.71712 1.90212 -0.03875 0.02650 -0.49055 -0.17395 0.30183 -0.14203 0.52673 -0.21256 0.45980 0.45480 0.17030 0.05117 -0.31178 0.05729 0.21587 -1.29636 0.31013 0.08807 -0.34878 -0.23591 -0.06614 -0.51160 -0.49355 0.88328 0.11872 -0.43359 
1.71431 -2.36533 -0.21032 -2.07931 -0.75934 -2.24296 1.65470 1.42014 0.18082 -0.78516 0.12381 -2.83774 1.29930 -0.00041 0.03026 -0.13499 -0.18951 0.18438 0.03439 -0.29156 -0.24278 0.87035 0.01351 0.35729 0.64378 -0.60598 0.02798 -0.06399 1.38839 0.61812 -0.22151 0.63875 -0.05037 -0.65620 -0.64681 -1.18823 -0.10684 0.76544 1.33560 
1.78049 -2.49601 1.09414 -2.07396 -0.67779 -2.01403 1.53203 1.29836 0.53246 -0.53419 0.03143 -2.07334 1.29614 -0.01077 -0.03748 0.89784 0.44417 0.08032 0.49672 0.47636 -0.86876 -0.18701 -0.73344 0.06346 0.81661 1.02382 -0.00406 0.04849 -1.70303 -0.18719 -0.63308 -0.00575 0.31487 -0.72474 -1.01355 -1.01459 -0.40747 -0.81890 1.47456 
1.70355 -2.40281 0.68752 -1.63514 -0.67902 -1.74624 2.13106 0.55138 -0.00619 -1.51860 0.18727 -2.02113 2.32312 -0.00448 0.07875 -1.83802 -0.37670 -0.44870 0.02863 0.02332 -0.96753 -0.14320 -1.00108 -0.05018 -0.17512 0.86858 0.15231 0.06570 -1.28062 -0.84531 -0.45267 -0.98313 -0.49687 1.08739 1.49366 1.53909 -0.41761 -0.78924 -1.01521 
1.77602 -2.41726 -0.74388 -2.45066 -1.12648 -1.98540 1.55535 0.33084 0.38927 -1.53526 -0.01875 -2.24846 2.16472 0.14154 0.02822 -0.38279 -0.40114 -0.37235 -0.48641 -0.02051 0.21863 1.30665 0.80565 -0.35415 0.02737 0.00861 -0.09120 0.20748 2.39843 0.66125 0.64749 -0.28595 -0.39090 1.28407 1.26064 2.40357 0.26537 0.18432 -0.85625 
1.84509 -2.37460 0.30473 -2.03628 -1.05137 -2.23264 2.11054 0.77000 1.30046 -0.71294 -0.16688 -1.99376 2.33173 -0.09567 0.28623 0.56041 0.28455 0.19880 -0.25732 -0.36758 0.31654 1.11744 1.40249 0.21519 0.00920 0.01233 -0.31248 -0.07939 -0.53991 0.36405 0.59980 0.35408 -0.44528 -1.27264 -1.43239 -0.22891 1.04430 0.51932 -0.63725 
1.68034 -2.13104 -0.18347 -2.16610 -0.92769 -2.24272 1.18776 0.64738 1.50671 -0.13277 0.19645 -2.23927 2.17705 -0.17093 -0.05117 -0.92270 -0.03709 0.22745 -0.13233 -0.46580 -1.05402 -0.12574 0.57674 0.69015 0.54669 -0.62864 0.11755 -0.59339 -1.84074 -0.36715 0.05281 0.12877 0.27483 -1.67052 -1.76143 -1.49380 -0.42183 0.62443 -0.34951 
1.67415 -2.42577 -0.61797 -2.07337 -0.82392 -2.36497 1.64475 -0.28402 1.17472 -0.13620 0.52328 -1.44707 1.70309 0.02188 -0.30717 -1.28033 -0.08260 0.25161 -0.12854 -0.09276 -1.35398 -0.64399 -0.09131 -0.20663 0.63363 -0.33719 0.24972 0.05504 0.30505 0.06558 -0.23044 0.30700 0.31173 1.13185 -0.60737 -1.40240 -1.63009 -0.69932 0.70525 
1.70222 -2.43821 -1.46380 -2.24871 -0.67608 -2.37126 1.09501 -0.70660 0.86272 -0.22408 -0.01019 -1.60564 1.83987 0.07878 0.00387 -0.61765 0.02849 -0.00299 0.17467 -0.15407 0.07783 -0.73310 -0.82565 -0.93993 -0.15263 0.07661 0.04714 0.45426 1.97361 0.45872 -0.34318 0.27278 0.10293 1.56020 -0.16891 -1.46892 -0.65664 -0.69030 0.56443 
1.75294 -2.42189 -1.23562 -2.04488 -0.82690 -2.19030 1.49068 -0.20618 0.44162 -0.96185 -0.41666 -1.59970 1.77970 0.06902 0.14709 0.69328 0.37612 -0.09157 0.14423 0.01018 0.20622 -0.81290 -1.56023 -0.86327 -0.05667 0.22724 0.02712 0.19274 1.04611 0.41573 0.15665 -0.27376 -0.72262 -0.25356 0.98863 0.79265 0.13887 0.47145 0.07373 
1.77124 -2.29111 -0.77052 -1.87259 -0.76765 -2.22703 1.10518 -0.50038 0.04981 -1.78431 -0.87346 -1.66231 2.06711 0.10590 0.19661 0.42846 0.44422 0.15366 -0.09908 -0.87669 -0.17572 0.25553 -0.03300 -0.80106 0.31882 0.15034 -0.06447 -0.14890 -0.75118 -0.41015 0.32958 -0.10851 -1.32431 0.25771 1.09134 1.85043 0.93406 0.29809 -1.14344 
1.85884 -2.22528 -0.80716 -1.60067 -0.67324 -2.28938 0.61400 -0.38190 0.69714 -0.99486 -1.21772 -1.28088 1.93004 0.00455 -0.00181 -0.05790 -0.03403 0.23801 0.03572 -1.31413 0.46394 0.27844 0.29020 0.07079 0.24141 -0.91620 -0.23547 -0.13315 -0.86137 -0.96242 -0.04406 0.41859 0.61221 -0.01939 0.30238 -0.23400 0.71954 -0.51362 -1.24870 
1.77578 -2.29292 -0.82842 -1.90662 -0.52964 -2.19131 -0.20895 -0.03644 0.32825 -1.49411 -0.80267 -1.42090 1.15090 -0.12956 0.06347 -0.43291 -0.51821 0.10960 0.31951 -0.26448 -0.19511 0.55791 -0.26701 -0.08152 -0.19480 -1.09836 -0.01817 0.35749 -0.85589 -0.69801 -0.13118 0.65866 2.03723 -0.86532 0.87829 0.32962 -1.32889 -0.40086 1.18081 
1.72928 -2.16182 -1.24007 -2.11888 -0.56364 -1.96987 0.34952 -0.57701 1.25505 -1.26186 -1.29924 -1.47568 0.83168 -0.01362 0.35568 -0.91379 -0.73204 0.10683 0.69437 0.72309 -0.40138 1.15673 0.61982 -1.25810 -0.15945 0.26461 0.20344 0.38872 -0.00741 0.20760 -0.07084 0.35128 1.29811 0.55753 0.60296 0.14963 -1.10778 0.52575 1.33764 
1.76216 -1.93724 -1.74220 -2.63866 -0.42281 -1.49694 0.51414 -0.43782 1.48498 -0.87429 -2.06077 -1.58034 1.41551 0.07388 0.45219 -0.44032 -0.31060 0.03876 0.67079 1.03363 0.36242 1.16087 -0.11738 -1.18930 0.33095 0.23927 -0.18043 -0.07022 1.94720 1.96178 0.16053 -0.47193 -1.12175 0.05899 -0.87036 -2.34312 1.32812 1.03135 -0.67017 
1.80316 -1.70963 -1.68039 -2.42948 -0.52487 -1.29908 1.38314 -0.21459 2.41592 -1.37924 -2.48854 -1.14473 1.07095 -0.19405 0.28546 1.03341 1.22974 0.26736 0.22244 -0.39866 -0.34239 0.28637 -1.72330 0.07002 0.87191 -0.40556 -0.35647 -0.08510 0.90494 1.61922 0.47683 -0.83078 -2.29143 -0.46679 -2.36483 -1.98958 1.80518 0.20045 -0.56509 
1.56811 -1.65178 -0.70879 -1.40892 -0.15545 -1.27449 0.11548 -0.78021 1.77135 -2.59758 -1.99075 -0.70844 1.00995 -0.28259 0.36708 0.46462 1.30862 0.51559 -0.15999 -1.25780 -0.10437 -1.20397 -2.10696 0.61588 0.53140 -0.32581 0.00562 0.24233 -2.01735 -1.37528 0.01040 -0.02906 -0.36566 -0.18050 -0.44111 0.81527 -0.74540 -0.88026 -0.14320 
1.52057 -1.34255 -1.21577 -1.12086 -0.00928 -1.45907 0.12535 -0.31896 1.21195 -3.48620 -1.87266 -0.61333 0.74514 -0.18843 0.52778 -0.98394 -0.14554 0.27776 0.19338 -0.76432 -0.52289 -0.15474 -0.90803 -0.67538 -0.00836 -0.54876 0.08617 0.07882 -1.39867 -2.08555 -0.24059 0.98984 1.88866 -0.66778 0.77224 2.23217 -1.39256 -0.92985 0.25764 
1.37967 -1.12400 -1.69273 -1.55446 0.12230 -1.08111 -0.64884 -1.30310 1.61660 -3.50561 -2.66613 -0.71679 0.46120 -0.19642 0.44590 -0.93405 -0.77693 0.27500 0.82985 0.63086 -0.77215 -0.43172 0.12521 -0.77668 -0.39845 -0.06817 -0.08937 -0.04897 0.33910 0.38641 -0.08186 0.13979 2.43930 1.82892 -0.71462 0.59303 1.22425 -0.70624 0.83168 
1.32415 -0.89664 -2.14982 -1.89779 0.26572 -0.62922 0.75621 -1.09111 0.78023 -3.36098 -2.64933 -1.01178 0.67697 -0.27780 0.47881 -0.64484 0.24088 0.19590 0.33317 1.67497 1.30603 -0.86936 -0.31500 0.54886 -0.71459 0.28292 -0.15920 -0.36305 0.23195 0.71540 -0.36131 -0.55906 1.03419 2.62241 0.41069 0.04947 2.45910 0.74402 0.61050 
1.10187 -0.64519 -2.33757 -1.31358 0.31821 -0.74794 1.02613 0.00293 0.74724 -3.82061 -2.11727 -1.43139 0.74411 -0.35562 0.08285 -0.70210 -0.06153 -0.08631 0.27079 1.66505 1.85026 -0.02103 0.17468 1.68242 0.34557 0.54233 -0.09119 -0.53369 1.00044 -0.79970 -0.43344 0.08036 0.31907 0.02880 1.20596 0.83964 -0.42070 1.07588 0.29416 
0.96853 -0.81379 -2.85192 -1.95932 0.17941 -0.35843 2.42126 0.75915 0.75920 -3.18630 -0.96691 -0.66621 1.21930 -0.36899 -0.05488 0.35561 -0.55882 -0.23754 0.41353 1.99405 1.33483 0.33660 0.52464 0.12816 0.36129 0.57708 -0.21059 0.21482 2.33062 0.15989 -0.16865 -0.14531 0.24856 -0.43190 1.68910 1.43649 -2.63113 -0.92237 -1.00906 
0.73288 -0.70007 -1.98196 -1.87240 0.08066 -0.33441 3.02018 1.33775 1.08384 -3.29597 -1.98911 -1.07010 1.32119 -0.56621 0.29767 1.62852 0.09836 -0.25496 0.12548 1.91361 1.41836 1.66806 1.61117 -0.94871 -0.57680 -0.46674 -0.02809 0.24874 -0.39300 0.15810 -0.27970 -0.72388 -1.85023 -1.18804 0.66921 0.75336 -0.02424 -0.68437 -1.55443 
0.40232 -0.51612 -1.22340 -1.86096 -0.07554 -0.23295 4.33488 2.17751 2.42727 -1.57513 -1.91562 -1.24301 0.75256 -0.39709 0.19386 -0.03739 -0.40072 -0.51724 -0.31035 0.14382 0.14678 1.00581 1.27801 0.10393 -0.32308 -0.97735 0.23842 0.01927 -0.96653 0.38767 0.19435 -0.10853 -2.98387 -2.46564 -3.73039 -1.88351 1.59773 0.88268 -0.07701 
0.33579 -0.50621 -2.01935 -2.27312 -0.43658 -0.64476 3.16400 1.48453 2.08965 -2.01796 -1.88518 -1.39318 0.34384 -0.32779 0.31694 0.66199 0.48603 -0.06061 0.01696 -1.07026 -1.04728 -2.06232 -0.27234 0.64902 0.30588 -0.54375 0.02690 0.22213 1.28981 2.02024 0.83605 0.71164 -2.34349 -0.84395 -2.38158 -0.08156 1.07848 1.05721 1.19232 
0.07452 -0.19919 -0.56141 -1.37493 -0.13616 -0.21599 3.26462 1.13023 0.36494 -1.84747 -1.26660 -0.93713 0.20881 -0.37019 0.41600 1.25242 1.61952 0.31880 0.40129 -2.19967 -0.69717 -1.37577 1.19645 1.18241 0.73413 0.21496 0.18933 -0.21599 -0.02354 0.72983 0.37954 0.14947 -1.84063 -0.47787 1.87591 1.93281 0.73129 0.54963 0.66942 
-0.03440 -0.09021 -0.76694 -0.65360 -0.11778 -0.24348 0.96433 0.78736 0.71388 -0.82151 -0.70277 -0.65905 0.55880 -0.13846 0.10095 0.63845 1.21586 0.31893 0.16643 -2.91089 -1.52515 -0.18642 1.66047 1.38031 0.85551 0.12568 0.36868 -0.43082 -0.35885 -1.09962 -0.12689 -0.41054 1.44540 -0.03399 1.10755 -0.34256 -0.56572 -0.09527 -0.30012 
-0.06393 -0.09824 0.07704 -0.15907 0.18277 -0.04956 0.35372 -0.39492 0.17853 -0.18700 0.11371 -0.08161 0.33449 -0.00150 -0.01482 0.89356 0.51990 0.19192 -0.00926 -0.75427 -0.73116 -0.26821 0.85389 0.61669 0.63886 -0.08515 0.21245 -0.03707 -0.51387 -1.10988 -0.44379 -0.13847 2.68765 1.89118 0.23170 -1.74180 -1.46028 -0.80350 -0.31427 
-0.03590 -0.10503 0.12662 -0.13370 0.07414 -0.25273 0.21006 0.05621 0.44567 0.03238 -0.08609 -0.02019 0.47365 0.07399 0.06388 0.12457 0.10598 -0.12486 0.02796 -0.22324 0.36603 0.04529 -0.08133 -0.07997 0.05201 -0.18859 0.01878 0.08976 -0.75125 -0.55474 -0.20115 0.21645 0.67728 0.58602 -0.05120 -1.05286 -0.50751 -0.55822 -0.46012 
0.01006 -0.03436 0.20161 -0.05309 0.05791 -0.02160 0.13048 -0.02889 0.22382 -0.26834 0.03373 -0.02960 0.14590 0.01727 0.07494 0.14232 -0.03484 -0.00923 0.20720 -0.07699 -0.14514 -0.31942 -0.19898 0.10918 0.08064 -0.54527 -0.08472 -0.05406 -0.18071 -0.12529 0.09848 -0.03631 0.22636 -0.49514 -0.14176 0.29016 0.09669 -0.07838 0.15488 
-0.01863 -0.03009 0.26894 -0.16854 0.06491 -0.04553 0.13307 -0.08893 0.12625 -0.16660 0.02309 0.06045 -0.07162 -0.01073 0.00982 -0.05614 -0.01931 -0.02638 -0.00835 0.00312 -0.12911 -0.09647 0.20883 0.01672 -0.02636 -0.03371 0.00120 -0.05413 -0.18021 0.09006 0.01940 -0.24758 0.26552 -0.04472 0.42075 0.23479 -0.06236 -0.23292 0.73211 
-0.00067 -0.02454 0.14547 -0.07240 0.03153 -0.02996 0.13360 -0.15800 0.12735 -0.05951 0.05045 -0.05596 0.11219 0.01847 0.02081 -0.03789 0.05522 0.01016 -0.04038 0.18853 -0.18986 0.10133 0.03581 0.04682 -0.15228 0.18684 0.01433 -0.03769 -0.01216 0.10128 0.05982 -0.04644 -0.13176 0.27227 0.19575 -0.28253 -0.07565 -0.02913 0.18910 
-0.00015 -0.00928 0.23105 -0.11332 0.07507 -0.08592 0.32160 -0.27879 0.22758 -0.13079 0.06991 -0.09182 0.11522 0.00361 -0.02787 -0.06830 0.08196 0.03344 -0.05479 -0.12864 0.14316 0.09928 -0.07371 -0.05893 -0.05549 0.15539 -0.04669 -0.06238 -0.25578 -0.02131 -0.05273 0.11702 -0.32128 0.28830 -0.04558 -0.28096 -0.14913 0.06014 0.27037 
0.00294 -0.05241 0.07717 0.00956 0.06497 -0.08475 0.00497 -0.01484 0.22663 -0.13322 -0.00848 -0.11145 0.26757 -0.02821 -0.04157 -0.29368 0.03391 -0.04257 0.07664 -0.13275 0.09844 0.05575 -0.24515 -0.10231 -0.09214 0.45721 -0.01497 0.05539 0.11019 -0.16740 -0.07246 0.08903 0.27400 -0.25553 -0.17971 0.08541 0.18445 0.12090 -0.26503 
-0.02837 -0.05085 -0.06263 -0.07941 0.03250 -0.00928 0.18885 -0.18035 0.28333 -0.37593 -0.03240 -0.18397 0.57242 -0.01137 0.02752 0.04188 -0.08544 -0.03902 0.03424 0.14536 -0.11237 -0.08043 0.01170 0.12552 0.06541 -0.10965 0.05745 0.04913 0.33493 -0.02896 0.12140 -0.16137 0.09778 0.00784 -0.17205 0.52563 -0.04038 0.28637 -0.76546 
-0.00843 -0.02489 0.11905 -0.07588 0.02595 -0.05050 0.15033 -0.12720 0.14621 -0.12151 0.11704 -0.04604 0.15793 0.02924 0.00757 0.04125 0.00495 0.07883 -0.08473 -0.03498 0.10628 -0.11630 0.28048 -0.14269 0.19423 -0.30825 0.02823 -0.02970 0.03159 0.08354 0.09148 -0.05400 -0.02191 0.01238 0.11651 -0.10441 -0.15343 -0.09939 0.09748 
0.00087 -0.04329 -0.02137 -0.07446 0.11133 -0.09401 0.15387 -0.07407 0.16703 -0.09546 -0.17509 0.01026 0.26417 0.01686 -0.00218 0.07347 -0.00190 0.05246 -0.01975 0.12345 -0.09999 0.03608 -0.09270 -0.02791 -0.03398 -0.01217 -0.02941 -0.02746 0.08470 0.06378 -0.12871 0.12467 -0.14473 -0.12868 0.22291 -0.28123 0.25316 -0.27536 0.32913 
0.00843 -0.02707 0.19253 -0.07778 0.07841 -0.07026 0.27378 -0.22719 0.18229 -0.21422 0.08913 -0.08002 0.14576 -0.00017 -0.01989 0.12595 0.06873 -0.04988 0.03994 -0.17971 -0.02240 0.10661 -0.00075 0.11047 -0.08113 0.02088 -0.02036 -0.03081 -0.08957 -0.00766 -0.09600 -0.02296 -0.25695 0.19808 0.09098 -0.04096 0.14624 0.08414 0.07200 
0.00070 -0.06318 0.10458 -0.00573 0.06145 -0.05407 -0.02583 -0.09647 0.27363 -0.09621 -0.06462 -0.07087 0.28505 -0.00350 -0.03299 -0.01610 -0.00956 -0.04354 -0.04271 -0.13350 0.09809 0.12706 -0.13366 0.11833 0.05016 0.05983 0.00727 0.06056 -0.13338 -0.14449 0.03558 -0.03586 0.38639 0.00842 -0.29533 -0.00113 -0.00253 0.10880 -0.18738 
0.00493 -0.06006 0.17643 -0.08734 0.03487 -0.11297 0.14028 -0.12910 0.30935 -0.34788 0.20745 -0.02986 0.20559 0.00710 0.04066 -0.00743 -0.07576 -0.01430 0.00408 0.20669 -0.01398 -0.18872 -0.00188 0.10794 0.02767 -0.16650 0.00104 0.08448 -0.02902 -0.02618 0.03450 0.06622 0.14121 -0.11297 -0.32198 0.51989 -0.26881 -0.04733 -0.12749 
0.00779 -0.02251 0.09715 -0.08149 0.04714 -0.04999 0.18086 -0.11045 0.08491 -0.09809 0.04331 -0.04320 0.11855 -0.00246 0.05148 -0.04512 -0.03575 -0.00904 0.02350 0.00771 -0.01488 -0.19492 0.38623 -0.15049 0.00283 -0.06766 -0.02129 -0.06733 -0.00114 0.12264 0.04914 -0.03768 -0.39889 0.16622 0.29456 -0.11272 -0.09096 -0.11682 0.29997 
0.00247 -0.00858 0.13131 -0.12309 0.02583 -0.08947 0.14799 -0.14398 0.11443 0.03835 0.05696 -0.02702 0.13794 -0.01420 -0.02666 -0.00857 0.04688 0.03483 -0.03360 -0.19221 0.15224 0.10584 -0.11460 0.01698 -0.08916 0.13347 0.00366 -0.05955 0.02077 0.09510 0.01358 0.02196 -0.01396 -0.00133 0.17952 -0.59332 0.15429 -0.07966 0.01571 
-0.00640 -0.04917 0.08858 -0.03462 0.08197 -0.08359 -0.01135 0.04179 0.19075 -0.21269 0.06029 -0.13236 0.25202 0.00120 -0.00806 -0.02435 0.05935 0.00454 0.04546 -0.00625 -0.01621 -0.01540 -0.20710 0.00380 -0.07683 -0.05194 0.03234 0.04153 0.10766 -0.07550 -0.10571 0.09484 0.37274 -0.42990 -0.15266 0.22238 -0.09142 0.12119 -0.22172 
0.00367 -0.01664 0.10696 -0.06374 0.03037 -0.04401 0.14174 -0.16019 0.09903 -0.16875 0.06077 -0.10385 0.08599 0.01815 0.01487 0.09909 -0.02862 -0.07088 0.06124 0.18053 -0.27767 -0.04682 0.10779 -0.07444 0.03203 -0.08825 0.00074 0.00840 0.03724 -0.08219 0.01450 -0.05808 0.04294 0.04192 0.02470 0.30054 -0.01537 0.13966 0.04750 
0.01174 -0.03430 0.18768 -0.06324 0.01110 -0.02236 0.16918 -0.23588 0.14393 -0.10490 -0.01415 -0.10032 0.16377 0.00194 0.00034 0.01289 -0.02284 0.01904 -0.01262 0.03668 0.02571 0.00930 0.09345 -0.01157 0.06283 -0.00445 -0.01676 -0.00260 -0.17367 0.02708 0.09244 -0.07642 -0.21750 0.39495 0.02214 -0.11041 0.17125 0.00544 0.02656 
0.00560 -0.01630 0.11985 -0.08658 0.04941 -0.05663 0.17842 -0.13447 0.10834 -0.07530 0.04920 -0.04102 0.08155 0.00139 0.01228 -0.07457 -0.00154 0.02156 -0.01518 -0.03696 0.11728 -0.02468 -0.00262 0.09681 0.03748 -0.06169 0.00021 -0.01912 0.02004 0.04519 -0.05430 0.05105 -0.02981 -0.08032 0.02962 -0.09895 -0.03128 -0.07281 0.11210 
