0.01681 -0.02333 0.05807 -0.06444 -0.01459 -0.06230 0.10990 -0.15054 0.21094 0.05678 0.08984 -0.02414 0.18738 -0.00793 -0.01921 -0.04228 -0.00075 0.05912 -0.00203 -0.00796 0.04247 0.03706 -0.07000 -0.07773 0.03651 0.17846 -0.35740 -0.35903 0.72652 -0.40728 -0.24972 0.24109 1.15225 -0.63718 0.06311 0.33568 -0.39644 0.13022 0.94178 
0.01169 -0.04106 0.00808 -0.03930 0.13407 -0.03260 0.14312 -0.04800 0.14250 -0.14974 -0.01265 -0.05030 0.28922 -0.34867 -0.35030 0.73561 -0.43413 -0.35997 0.21300 1.11609 -0.70155 0.13635 0.48756 -0.33419 0.19175 0.92893 -0.45163 -0.90080 1.12801 -0.26481 0.26429 -0.40026 1.29662 -0.08166 0.50198 0.04624 -0.05595 -0.00047 1.30464 
-0.33186 -0.37363 0.79368 -0.49856 -0.37456 0.15070 1.22599 -0.85208 0.34729 0.54434 -0.24435 0.16761 1.11630 -0.45955 -0.92001 1.08573 -0.26556 0.32341 -0.40229 1.28867 -0.03920 0.53904 -0.02376 -0.13367 0.03604 1.48310 0.67618 0.69787 -1.43342 0.87371 0.80680 -0.39684 -2.09150 1.39446 -0.37743 -1.03642 0.56789 -0.40551 -1.88533 
-0.44787 -0.96106 1.09382 -0.30486 0.45749 -0.43489 1.43179 -0.08719 0.68154 -0.17350 -0.14633 -0.01426 1.77232 0.32751 0.34757 -0.69781 0.43958 0.44683 -0.18385 -0.97541 0.69291 -0.24108 -0.54886 0.23371 -0.21376 -0.95640 0.92359 1.85260 -2.13603 0.52185 -0.71377 0.80077 -2.57425 0.03115 -1.10280 0.12753 0.36342 -0.08874 -3.12536 
-0.00435 -0.02605 0.09587 -0.05898 0.07226 -0.03315 0.25058 -0.15917 0.10620 -0.00453 -0.01065 -0.04615 0.15991 0.46403 0.93259 -1.05030 0.25629 -0.39035 0.39848 -1.28559 -0.00804 -0.56376 0.10377 0.22975 -0.05270 -1.64226 -0.30416 -0.34579 0.65157 -0.41708 -0.43560 0.18367 0.85765 -0.61636 0.25130 0.46972 -0.16329 0.17044 0.91898 
0.01617 -0.02847 0.04352 -0.04857 0.06714 -0.03641 0.14620 -0.09524 0.11778 -0.06973 0.08342 -0.06696 0.13006 0.02335 0.00178 -0.04624 0.02250 0.01123 -0.00018 -0.11777 0.07655 0.01022 -0.07915 0.07042 -0.04332 -0.03742 -0.44751 -0.94195 1.09036 -0.27401 0.44666 -0.41413 1.38575 -0.04910 0.61612 -0.16691 -0.20892 -0.02410 1.68788 
0.01900 -0.02427 0.04963 -0.03648 0.08349 -0.03332 0.13281 -0.08262 0.11642 -0.08367 0.05977 -0.08947 0.12249 0.01653 -0.00936 0.04007 -0.01772 0.05631 -0.01564 0.10017 -0.05714 0.05236 -0.06313 0.02082 -0.07680 0.04562 -0.02815 -0.01011 0.09183 -0.00470 0.15443 0.06711 0.61361 0.03617 -0.00322 -0.10823 -0.18968 -0.01719 0.25925 
0.03270 -0.03784 0.08358 -0.06629 0.12345 -0.05205 0.24637 -0.15238 0.17014 -0.13287 0.10424 -0.14375 0.17568 -0.00480 -0.00832 0.04558 0.01781 0.16566 0.06693 0.49585 0.11272 0.00699 -0.18738 -0.11926 -0.06051 0.22183 -0.01548 0.01240 -0.03451 0.01815 -0.05558 0.01223 -0.10764 0.05210 -0.05177 0.08277 -0.02182 0.07763 -0.06872 
0.01420 -0.03259 0.09521 -0.01867 0.24916 0.03361 0.62866 0.03009 0.12341 -0.27106 -0.05949 -0.14998 0.34432 0.00105 0.00304 0.00555 0.00042 0.00073 -0.00341 -0.00747 -0.00504 0.00058 0.01964 -0.00100 0.00083 -0.02311 0.00967 0.01803 -0.08717 -0.03783 -0.34445 -0.12951 -0.97051 -0.23935 -0.02137 0.38188 0.23955 0.12478 -0.44922 
0.03375 -0.03480 0.08913 -0.06587 0.12418 -0.05546 0.23890 -0.15742 0.17072 -0.11323 0.10324 -0.14292 0.15257 0.00487 0.00971 -0.04159 -0.02003 -0.17879 -0.06258 -0.47466 -0.12664 -0.01437 0.19450 0.12029 0.06426 -0.22739 -0.01470 0.00942 -0.04333 0.02629 -0.04910 0.02810 -0.08021 0.07240 -0.06687 0.01499 -0.03835 0.05713 -0.02130 
0.01907 -0.02288 0.05362 -0.03870 0.07037 -0.02898 0.15399 -0.09654 0.10904 -0.07656 0.06080 -0.08572 0.11692 -0.01365 0.01246 -0.03778 0.02671 -0.04838 0.02469 -0.08768 0.06736 -0.06628 0.03463 -0.03935 0.05796 -0.04441 0.00720 -0.02801 0.06050 -0.01432 0.24274 0.05594 0.65642 0.07144 0.01318 -0.29243 -0.08174 -0.12684 0.29265 
0.02009 -0.02234 0.05136 -0.03916 0.07580 -0.03077 0.15121 -0.09006 0.10444 -0.07860 0.06389 -0.08496 0.10816 0.01207 -0.01830 0.01891 -0.03435 0.06395 -0.00664 0.18176 -0.05519 -0.00119 -0.09793 0.03855 -0.06258 0.06526 0.01251 -0.01316 0.04132 -0.02781 0.04644 -0.02416 0.09409 -0.07379 0.06813 -0.02892 0.03269 -0.05429 0.04912 
0.03115 -0.04118 0.07254 -0.07305 0.13431 -0.03562 0.33575 -0.15173 0.10785 -0.17449 0.09936 -0.14829 0.18218 -0.00114 -0.00071 0.00355 -0.00110 -0.00193 0.00054 0.00640 -0.00643 0.00185 0.00570 -0.00666 0.00368 0.00471 -0.03673 0.02069 -0.06491 0.04138 -0.09604 -0.00420 -0.32263 0.09435 -0.06511 0.09548 -0.12030 0.08652 -0.10604 
0.01895 -0.02305 0.05491 -0.04026 0.07387 -0.03023 0.15762 -0.09649 0.10628 -0.07290 0.05723 -0.08128 0.11288 -0.02466 0.00239 -0.04600 0.00703 -0.03209 -0.01084 -0.14087 0.03916 -0.06630 -0.00246 -0.08174 0.02394 -0.04078 0.00180 0.00191 -0.00809 0.00281 0.00301 -0.00088 -0.01294 0.01246 -0.00268 -0.01254 0.01449 -0.00920 -0.00683 
0.00648 -0.03880 0.02653 -0.06602 0.10223 -0.04646 0.19488 -0.11257 0.04155 -0.17695 0.01761 -0.12435 0.14140 0.00066 0.00120 -0.00454 0.00171 0.00108 -0.00034 -0.00654 0.00603 -0.00084 -0.00684 0.00784 -0.00552 -0.00212 0.04290 -0.00698 0.09715 0.00214 0.06110 0.01065 0.16084 -0.07720 0.21182 0.04553 0.14478 -0.06681 0.10034 
0.01961 -0.02185 0.05036 -0.03854 0.07495 -0.03058 0.15108 -0.09046 0.10545 -0.07973 0.06507 -0.08680 0.11076 0.01823 -0.00459 0.05115 0.00917 0.02901 -0.00019 0.01996 -0.03804 0.14552 0.04307 0.06303 -0.04287 0.05956 -0.00018 -0.00170 0.00554 -0.00233 -0.00023 0.00015 0.00668 -0.00563 -0.00017 0.00797 -0.00902 0.00737 -0.00048 
0.02472 -0.04339 0.07769 -0.05684 0.13124 -0.04665 0.21484 -0.15061 0.18707 -0.13388 0.08065 -0.16722 0.20096 0.00048 -0.00050 0.00100 -0.00061 0.00085 -0.00019 0.00014 0.00040 -0.00101 0.00113 -0.00118 0.00185 -0.00260 -0.01520 0.01388 -0.05026 -0.01716 -0.03168 -0.00512 0.03391 0.04792 -0.14224 -0.01659 -0.02313 0.09450 -0.06076 
0.02009 -0.02234 0.05136 -0.03916 0.07580 -0.03077 0.15121 -0.09006 0.10444 -0.07860 0.06389 -0.08496 0.10816 0.00303 0.00929 0.00089 -0.00799 -0.00266 -0.00531 0.05387 0.00988 0.00329 0.02648 0.03990 0.05163 -0.00120 0.00140 -0.00127 -0.01816 -0.01420 0.01171 0.00722 0.05884 0.00477 -0.03427 -0.02522 -0.01102 0.01839 0.04629 
0.02775 -0.03411 0.07858 -0.06483 0.12858 -0.05196 0.26871 -0.14073 0.19036 -0.10740 0.12055 -0.11559 0.19977 0.00188 -0.00177 -0.01717 -0.01482 0.01256 0.00703 0.05897 0.00517 -0.03527 -0.02408 -0.01220 0.02024 0.04370 -0.00060 -0.00892 0.01099 0.00525 0.00423 -0.00192 -0.07024 -0.02535 -0.03072 -0.02857 -0.05910 -0.07098 -0.06092 
0.02198 -0.02411 0.03419 -0.05398 0.08836 -0.02374 0.21019 -0.08489 0.06917 -0.10269 0.05169 -0.06472 0.15186 0.00243 0.00036 0.01188 -0.00274 0.00157 -0.00723 -0.01637 -0.01547 -0.02744 -0.00209 -0.01920 -0.01935 -0.06212 0.58541 0.16215 -0.55562 -0.88440 -0.99640 -0.92579 -2.41913 -1.03180 2.16332 2.68879 2.31086 1.72054 0.48028 
0.03018 -0.03374 0.09046 -0.06758 0.13014 -0.05919 0.25234 -0.15620 0.16292 -0.10949 0.10134 -0.13494 0.13765 0.58729 0.16038 -0.57278 -0.89922 -0.98384 -0.91876 -2.36015 -1.02663 2.12804 2.66470 2.29866 1.74078 0.52397 0.74385 0.00724 -0.86599 -1.30894 -2.10949 -1.34419 -3.38652 -1.49075 1.41570 2.44206 2.74388 2.06490 1.26424 
0.60927 0.13627 -0.53859 -0.95319 -0.89547 -0.94250 -2.14996 -1.11152 2.19721 2.56202 2.35035 1.67607 0.67583 0.74628 0.00761 -0.85411 -1.31168 -2.10792 -1.35142 -3.40289 -1.50622 1.38826 2.43997 2.72468 2.04556 1.20212 -0.77527 -0.57976 0.04552 0.64494 -0.30131 0.55168 1.35080 0.57663 -2.13326 -3.03724 -2.33366 -3.02838 -1.03051 
0.77646 -0.02614 -0.76365 -1.37925 -1.97778 -1.41061 -3.15055 -1.66242 1.55118 2.33048 2.82602 1.91062 1.33977 -0.18797 -0.41938 -0.52727 -0.25427 -1.28514 -0.36708 -1.00936 -0.45000 -0.00522 -0.37254 -0.03500 -1.28760 -0.50653 -0.44641 -2.24404 0.42870 3.12462 4.15825 1.90284 8.23018 2.93829 -1.66456 -3.99038 -4.76792 -5.18428 -1.77923 
0.42130 -0.28312 -1.06586 -1.20747 -2.18061 -1.30958 -3.15932 -1.56152 2.19199 2.18948 2.31535 0.38847 0.16930 0.29987 -2.23644 -0.42541 1.81294 2.05034 0.55142 4.82729 1.43206 -0.27630 -1.55041 -2.04325 -3.13872 -0.57711 1.08600 -2.26020 0.05942 1.65891 2.16387 0.25648 5.18760 1.14245 -0.96589 -0.43797 -1.28630 -0.51472 1.82566 
1.07633 -2.26257 -1.18906 0.43368 0.07256 -0.85920 1.67674 -0.23036 1.27488 0.78007 0.78277 -1.22810 0.76266 0.89802 -2.67958 -0.46785 1.40464 0.87873 -0.11060 4.17824 0.69245 -0.97110 -0.81051 -1.32130 -1.80232 1.31913 1.01659 3.00174 0.83754 -2.69685 -2.32159 -1.53963 -6.82373 -3.39574 -1.41957 1.13017 0.88845 3.51599 0.05359 
1.31932 -2.96270 -1.53371 0.19717 -1.30188 -1.42018 1.01892 -0.86907 1.22089 1.37897 0.99406 -1.41384 1.48843 1.31646 0.76530 0.41213 -0.88391 -0.27126 -0.98822 -1.99644 -1.96368 -1.69587 -0.42024 -1.15480 0.37727 -0.52351 -0.01291 3.44135 1.85979 -2.60120 0.90269 -0.25115 -3.92160 -1.81008 -1.04596 -0.07073 -0.72036 1.63659 -3.88778 
2.39279 -1.49727 -0.77694 -0.45023 -0.19870 -1.84741 -0.31971 -2.19404 -0.42099 0.35983 -0.37202 -0.85083 0.23915 0.88512 0.76176 1.39194 -1.19656 1.78143 -0.36176 0.25665 -1.11763 -2.01706 -0.88124 -2.04165 -0.16573 -2.56865 -1.54973 -1.64311 0.75329 0.01797 1.45922 0.97851 3.33769 2.22781 2.26236 0.77872 0.31132 -0.44471 -0.57424 
2.20444 -2.20094 -0.14177 -0.99939 0.47954 -1.78194 1.27557 -1.98670 -0.79618 0.49773 -1.04760 -1.57957 -1.08022 -0.23328 -0.87781 1.16542 -0.86594 1.18797 -0.00971 1.34124 0.26412 0.56648 0.35848 -0.84347 -0.06744 -1.09775 -0.96466 -0.88377 -0.62844 0.57804 -1.70750 0.20485 0.15394 0.62923 2.11637 1.46999 1.64994 0.52628 2.43821 
2.15951 -2.37507 0.38848 -1.31616 0.98927 -1.85712 1.02154 -1.92991 0.14549 0.71831 -1.21550 -0.91827 -0.85860 -0.07954 -0.12201 0.76350 -0.61852 0.07393 -0.15691 0.41058 -0.48840 0.09931 0.58875 -0.39171 0.36055 -0.13043 0.28449 1.11507 -1.50141 0.12191 -1.53492 -0.10051 -2.03021 -0.61280 -1.48023 -0.62033 0.06142 -0.83510 0.77381 
2.12489 -2.32295 0.62173 -1.61790 0.55347 -1.93884 1.68615 -2.47510 -0.69687 1.08648 -1.43931 -1.21902 -1.21065 0.05121 0.23727 -0.33599 -0.74403 -0.34696 -0.11022 -0.68897 -0.34868 -0.91374 -0.26185 -0.78205 -0.90253 -0.32395 0.20303 0.61650 -1.35217 -0.01868 0.77908 0.09892 -0.27685 0.56006 -0.71219 -0.63121 -0.31368 -1.30030 0.09366 
2.21072 -2.13781 0.05249 -2.06020 0.64231 -1.96734 0.33257 -2.27859 -0.76825 0.45646 -1.99755 -1.82080 -1.18255 0.12349 0.49449 -0.58867 -0.63720 0.85301 -0.05798 0.13374 0.07166 -0.61288 -0.04246 -0.70539 -0.93975 -0.03677 -0.18350 -0.06853 0.31113 0.50279 1.10736 0.01038 1.58144 0.15109 -0.56336 0.44051 0.45819 0.24925 0.98416 
2.24838 -1.82845 0.03306 -2.25510 1.40648 -1.99682 1.81989 -2.40344 -1.30975 1.04402 -2.14470 -2.15877 -1.24742 -0.13229 0.16874 -0.02486 -0.24124 0.76040 -0.09984 0.89247 -0.19759 -1.47710 0.17866 -0.32386 -0.65328 0.66021 -0.34445 -0.56684 0.96706 0.38843 -0.74912 0.11726 -1.23922 0.16975 0.47961 -0.93551 1.12351 0.88829 0.16140 
2.07843 -1.96907 0.02763 -2.30144 1.40271 -2.06718 1.22504 -2.47618 -2.24535 0.63513 -2.32141 -2.47407 -0.52234 -0.22097 -0.07234 0.37839 -0.24877 0.10389 0.05927 -1.10548 0.24141 -0.13327 -0.97797 0.41812 -0.05146 0.12463 0.07599 -0.00860 -0.00941 0.06082 -0.54343 0.12386 -1.89308 0.45181 2.31215 -1.28843 1.11585 0.77416 -1.48389 
2.02741 -1.90080 0.41145 -2.50387 1.51037 -1.93755 0.71441 -2.16203 -1.44301 0.06605 -1.72658 -2.21023 -1.12279 -0.05631 0.16014 -0.03427 -0.18042 0.21697 0.02403 -1.00061 0.25422 0.83505 -1.10976 0.79198 0.12088 -0.82368 0.23946 -0.00629 -0.43825 0.32364 -0.54689 -0.11517 0.12187 -0.37135 -0.34858 0.69927 -0.24149 -0.10634 -0.14242 
2.02212 -1.80893 -0.00664 -2.48186 1.61967 -2.04315 0.22443 -2.22196 -1.41030 -0.47464 -1.52943 -2.35320 -1.34601 0.01849 -0.07864 -0.05986 0.07487 -0.44300 -0.05590 -0.98361 -0.12994 -0.48185 -0.27869 0.17663 -0.15780 -0.01779 0.06699 -0.14556 0.46136 0.28212 -1.18375 0.04948 1.38815 -0.56559 -1.48701 1.52472 -0.73861 0.00983 1.50549 
2.04590 -1.97943 0.35159 -2.42900 1.06737 -1.99345 -0.26920 -2.29197 -1.92486 -0.21264 -1.54996 -2.36803 -1.14058 0.01068 0.01458 0.42709 0.10170 -0.96679 0.07351 0.38754 -0.31137 -0.65196 0.41495 0.05337 0.13071 0.68181 0.03644 0.29917 -0.04031 0.06312 0.19043 -0.00067 1.84161 -0.23275 0.63179 0.33367 -0.27868 0.44292 1.13601 
2.03280 -1.79435 0.42044 -2.38016 0.65289 -1.96964 0.61197 -2.53333 -2.06227 -0.05968 -1.47606 -2.22249 -0.66420 0.05493 0.22053 -0.10017 0.13799 -0.25257 -0.05656 0.85800 -0.36269 0.14994 0.05497 -0.10206 0.28512 1.11823 -0.05348 0.03178 -0.31118 -0.03858 1.26112 -0.18886 -0.09383 0.07643 1.65634 -0.80924 -0.36383 0.60960 -0.30376 
2.10083 -1.75890 0.25143 -2.29101 0.81480 -2.05001 0.58880 -2.65466 -1.77493 -0.15767 -1.65201 -2.08291 -0.02235 -0.04280 0.04636 0.11591 0.06311 0.29433 -0.11535 0.29371 -0.23494 1.00437 -0.39429 -0.31046 0.74031 0.37806 0.06183 -0.02966 -0.07318 0.15658 0.50519 -0.02985 -0.25155 0.49700 0.18489 0.21494 -0.10557 0.07425 -0.57924 
1.99001 -1.74799 0.53635 -2.31705 0.94722 -2.08499 0.90568 -2.76827 -1.05789 -0.45397 -1.78651 -1.48218 -0.28615 0.11677 0.19087 -0.17334 0.29457 0.25262 -0.08642 0.60645 0.13431 0.33483 0.26991 -0.20763 0.35938 0.53898 0.16226 -0.10438 -0.60938 0.37160 -0.32041 -0.12312 0.27370 0.05841 -1.57517 0.98099 0.08150 -1.36993 0.29175 
2.21760 -1.56804 0.07809 -1.99644 1.06742 -2.13642 1.19525 -2.52034 -1.44010 0.11224 -1.85964 -1.72353 0.51663 0.11946 -0.05802 -0.49347 0.43471 -0.02608 -0.23847 0.56741 -0.17653 -0.57080 0.58670 -0.22896 -0.62962 0.66980 -0.32167 -0.47089 0.00943 -0.25493 -0.32303 -0.17850 -1.49142 -0.50685 -0.75574 -0.48201 0.02903 -0.93320 -0.61652 
2.10946 -1.80600 0.04288 -1.88233 0.92115 -2.32346 1.47309 -2.94480 -1.62869 0.13273 -2.01547 -2.11180 0.38366 -0.20490 -0.28002 -0.16391 0.03964 -0.07042 -0.26491 -0.88497 -0.37254 -0.42091 -0.21210 -0.17860 -0.57382 -0.07754 -0.06558 0.07883 0.33695 -0.26458 0.40114 0.19901 -2.26221 1.07904 0.69513 -1.09165 0.48630 0.28101 -0.35888 
2.01270 -1.84805 -0.08583 -1.95680 0.99700 -2.40134 0.31028 -2.89288 -1.86101 -0.09986 -2.03824 -2.29736 0.43909 0.05388 0.02082 -0.15652 0.17014 0.37506 -0.03946 -1.69480 0.90251 0.12433 -0.50495 0.25734 -0.34861 0.31093 0.24034 0.26861 0.18520 0.23136 0.49901 0.22253 0.32316 0.90022 1.08532 0.09327 0.17145 0.97777 0.15738 
2.16334 -1.78519 -0.11364 -1.71220 1.29620 -2.36292 -0.22172 -2.04229 -1.50436 -0.37222 -1.75813 -2.46041 0.69458 0.03544 -0.01141 0.02129 0.27100 0.42859 -0.04238 -0.56181 0.52768 0.66442 -0.11884 -0.00715 0.40395 0.07984 -0.11368 0.08852 0.56680 0.14192 0.04099 -0.02427 2.70897 -0.49730 0.21739 0.83705 0.05820 0.88029 0.17315 
2.04813 -1.85946 -0.06454 -1.68580 1.42559 -2.44372 -0.25153 -2.36520 -1.19659 -0.21870 -2.04539 -1.89341 0.51894 -0.05980 0.10934 0.41028 0.31205 0.41605 -0.06373 1.01417 0.40521 0.34172 0.33210 0.31554 0.53169 0.48408 -0.21094 0.07937 -0.00699 -0.30747 -0.17325 -0.34820 1.09925 -0.70320 -1.29360 0.09869 0.31254 -0.70781 0.61867 
2.10354 -1.67585 0.29664 -1.40015 1.71225 -2.42665 0.79245 -1.63708 -1.16264 -0.04012 -1.44259 -1.92873 1.17866 -0.17550 0.06796 0.01430 -0.03647 0.25534 -0.39058 0.53744 -0.17552 -0.62918 -0.02014 0.30539 -0.30386 0.69852 -0.08795 0.02398 -0.05675 -0.37772 0.31720 -0.04469 -1.15183 -0.89365 0.02989 -0.20964 -0.21808 -0.09007 0.46825 
1.87263 -1.79150 -0.05024 -1.72227 1.68094 -2.83430 0.28592 -2.54073 -1.82577 -0.23884 -1.74000 -2.19727 1.21745 -0.14775 0.13331 0.35354 -0.06567 0.73325 -0.10842 -0.13766 -0.48844 0.37162 0.12246 0.09746 0.44161 0.95233 0.16896 -0.02511 0.80215 0.07161 -0.33342 0.80027 -2.16180 0.50073 1.68928 -0.19713 -0.37396 0.96467 -0.16668 
1.95579 -1.54254 0.65018 -1.46581 2.44550 -2.53507 0.65479 -2.12552 -0.79102 0.08234 -1.34514 -1.48712 2.13099 -0.00654 0.04285 0.81644 0.03514 -0.07808 0.40969 -1.62436 0.32521 1.06010 -0.21727 -0.06857 0.66081 0.53184 -0.01849 -0.29374 -0.26535 0.14646 -1.82518 0.15100 -0.47552 0.19119 -0.55823 -0.19317 -0.98633 -0.31971 -1.09512 
1.86609 -1.74866 0.76620 -1.68713 1.60286 -2.42461 -1.33844 -2.21551 -0.76567 -0.45611 -1.80858 -1.53646 1.74929 -0.16624 -0.16042 0.08819 0.08079 -1.09194 0.04258 -0.61319 -0.29725 -0.18661 -0.07071 -0.88887 0.12191 -0.14280 -0.24671 -0.03195 -1.03686 0.21647 -0.43724 -0.62927 3.09706 -1.03002 -1.32110 0.48511 -0.45456 -0.95470 -0.54430 
1.78954 -1.70296 0.73837 -1.38502 1.35356 -2.49249 0.04160 -2.42277 -0.97763 0.01163 -2.23401 -1.36521 1.98820 -0.25325 0.01090 -0.22042 0.25161 -0.51531 -0.21958 1.47270 -0.70481 -0.26100 0.26783 -0.52314 -0.29389 -0.01246 -0.01721 0.01365 -0.62810 0.24850 1.67671 -0.05144 0.78574 -0.47595 0.73540 -0.49633 1.32978 -0.68188 -0.13458 
1.61284 -1.73776 0.54578 -1.43552 1.08755 -2.64418 0.13426 -2.92032 -1.02667 -0.18828 -2.33171 -1.83034 1.73682 -0.18346 -0.14677 -0.53992 0.32929 0.58478 -0.00886 0.17255 -0.77320 0.54879 -0.56703 0.44091 -0.55997 -0.27737 0.26598 -0.12927 -0.40698 0.18236 1.95100 0.57601 -1.40434 0.18472 0.31291 -0.42365 0.89210 0.80239 0.11772 
1.60609 -1.84973 0.19845 -1.05573 1.93834 -2.50135 0.21415 -3.19597 -0.42884 -0.55540 -1.79310 -1.92518 1.71082 0.01272 -0.11837 -0.62740 0.43397 1.43568 0.35643 0.06836 -0.52009 0.05191 -0.15581 0.36897 0.50850 0.10525 0.38453 -0.00384 0.70609 0.23615 -0.21676 0.29201 1.64558 0.82602 -0.88335 1.26401 -0.18942 1.40692 0.96429 
1.62556 -1.85612 -0.08162 -1.00155 2.52324 -2.28775 0.20262 -3.44042 -0.97476 -0.34409 -1.96274 -1.32184 1.84208 0.20107 -0.15061 0.16617 0.56545 0.36802 0.28315 1.81813 0.05282 -0.33456 0.69698 0.25149 0.84695 0.68692 0.12205 -0.04533 1.56007 -0.06748 -2.24656 -0.30581 1.14256 1.62948 -0.29660 0.15658 -0.28837 -0.55697 0.55237 
1.80716 -2.00034 0.36462 -0.49028 2.30636 -2.21820 2.03229 -3.14315 -0.76341 0.14158 -1.54161 -1.07823 2.39774 0.13477 -0.16369 0.93268 0.36649 -0.81087 0.05062 1.21092 1.10939 -0.24469 0.00077 0.08060 -0.04846 0.65763 -0.31864 0.13890 0.75437 -0.67386 -0.77524 -0.30567 -2.33237 1.03760 -0.35263 -0.85708 -0.65301 -1.32465 -0.38379 
1.76034 -2.01982 0.85106 -0.63506 1.71236 -2.23713 1.41354 -2.33103 -1.21945 -0.34332 -1.88214 -1.37031 2.49970 -0.11757 -0.01171 0.92054 -0.10841 -0.40722 -0.02253 -0.51423 1.09042 -0.68719 -0.16010 -0.40152 -0.47769 0.30312 -0.44848 0.10406 -0.38840 -0.34009 1.48915 -0.31101 -0.85130 -0.71007 -0.19536 0.03302 -0.34960 -0.14490 -1.38123 
1.68959 -2.01205 1.28517 -0.59869 1.89914 -2.24073 1.51805 -2.05273 -1.45060 -0.01851 -1.94312 -1.55592 2.70086 -0.31370 -0.05963 0.54428 0.02639 0.67828 -0.26039 0.35962 0.39932 -0.44004 0.03380 -0.26901 -0.19337 -0.72361 -0.01649 -0.06625 -0.72655 0.22880 0.61595 -0.16428 -0.13700 -0.52899 0.70774 -0.13197 0.71163 -0.10000 -0.82098 
1.44663 -2.07945 1.39534 -0.60867 2.39064 -2.49752 1.77316 -1.93171 -1.65949 -0.30952 -2.15115 -1.56367 1.77610 -0.13406 -0.07796 0.19399 0.12039 0.20874 -0.18681 -0.65123 0.56142 0.02055 -0.29207 0.31011 -0.57769 -0.51785 0.27848 0.18329 -0.71696 -0.07046 -1.49499 0.17265 -1.96767 -0.63787 0.58182 -0.90586 0.60766 -0.30534 -0.09556 
1.55553 -2.09001 1.47916 -0.47830 2.10788 -2.42754 0.86682 -1.49131 -1.43005 -0.31058 -1.63301 -2.13361 2.18301 -0.03523 0.12366 -0.17269 -0.04406 -0.81672 -0.08774 -1.60805 -0.23855 0.14178 -0.87206 0.33865 -0.49870 -0.81917 -0.04786 0.07221 0.19889 -0.15371 -1.26745 0.20924 -0.53910 -0.53046 -0.96763 -1.27287 0.04480 0.48176 -0.14630 
1.41141 -1.95579 1.22265 -0.65273 1.57392 -2.58526 0.16510 -2.17026 -1.51771 -1.18158 -1.81250 -2.06238 0.95693 -0.18192 -0.00575 0.39289 -0.03332 -1.05871 0.02243 -1.19033 0.03097 -0.94708 -1.56493 0.35491 -0.09593 -0.66415 0.04712 -0.30887 0.78664 0.92913 0.15159 0.39409 1.20241 0.91192 -0.76513 -0.17634 0.22160 0.11468 2.10461 
1.37362 -2.09576 1.87204 -0.51162 1.04917 -2.40511 -0.32351 -1.46034 -2.37714 -1.87551 -1.27810 -2.22954 1.51886 0.01190 -0.18521 0.61395 0.88507 -0.66512 0.30635 -0.40564 0.67336 -0.62335 -1.04840 0.56025 -0.38402 1.28544 0.50626 0.13845 -0.26047 1.28263 0.62532 0.25397 1.24882 0.26943 1.87947 1.44988 -0.08593 -0.56761 1.72548 
1.42330 -2.14101 1.83660 0.23234 0.90880 -2.27891 -0.24054 -1.49690 -2.14106 -2.22998 -1.25225 -2.44639 2.24236 0.32434 0.13270 0.13242 1.24931 -0.43339 0.27640 0.05849 0.30040 0.93239 -0.11505 0.26898 -0.66354 1.06133 0.48079 0.74051 -0.63668 -0.00647 0.06044 -0.07896 0.62473 -0.87469 0.94435 1.06624 -0.16824 0.43753 -1.61005 
1.69796 -1.96306 2.00447 0.73769 0.61578 -2.12871 -0.26502 -1.15994 -1.44475 -1.99056 -1.00912 -2.89308 2.58019 0.49268 0.55530 -0.02272 0.87860 -0.60469 0.22740 0.21909 -0.20132 0.32099 0.01784 0.39201 0.05352 -0.32461 -0.07831 0.74341 -0.24932 -0.78769 0.01806 -0.30100 -1.03775 -0.20607 -1.79247 -1.26223 -0.37276 1.55694 -1.36388 
1.91599 -1.58571 1.81388 1.11094 0.30411 -2.05151 -0.02145 -1.69822 -1.82007 -2.21214 -0.86024 -2.39288 1.91775 0.24603 0.87611 -0.11689 0.46163 -0.41533 -0.02460 -0.97926 0.09433 -0.86008 -1.37728 -0.10378 0.89340 -0.30255 -0.58402 -0.02414 0.05166 -0.70159 0.18162 -0.46504 -2.19568 0.54458 -0.54850 -1.02771 -0.68200 -0.44491 -0.20659 
1.94399 -1.08695 1.88757 1.19932 0.20044 -2.15331 -1.24428 -1.06561 -2.30483 -3.36784 -1.11290 -1.99968 2.27764 -0.09134 0.53115 0.02894 0.17701 -0.42306 -0.23765 -1.97660 0.34325 -0.22751 -1.00987 -0.28999 -0.39140 -0.53120 -0.49617 -0.84756 0.87683 -0.02863 0.74784 -0.20075 1.12908 0.07131 1.31733 2.24885 0.19472 -1.52945 -0.04739 
1.82465 -1.05455 1.84282 1.28796 -0.11895 -2.28916 -1.99805 -1.35497 -2.04758 -3.22201 -1.15024 -2.78427 1.38655 -0.25014 0.02855 0.75993 0.43300 0.33251 -0.22535 0.14982 0.16564 0.45725 0.87157 0.09094 -0.63605 -0.34994 -0.09497 -0.58009 0.91794 0.24474 1.77694 0.04110 3.90101 -0.39680 -0.15194 2.79097 -0.12271 0.71067 1.36196 
1.69385 -1.05841 2.64751 1.63232 0.53295 -2.37866 -1.09446 -0.89997 -1.84758 -2.49627 -1.02196 -2.63573 1.92770 -0.18631 -0.04893 0.94687 0.42175 1.35388 -0.19654 1.92441 -0.05354 -0.37945 1.78110 -0.41271 0.31928 0.83076 0.14768 0.25662 -0.70548 -0.04693 0.27813 0.37473 0.93792 -1.43050 -0.92856 -0.43551 -0.68341 1.22890 0.76197 
1.63834 -1.10349 2.78969 1.70971 1.23493 -2.48570 -0.07364 -1.40851 -2.42703 -1.44090 -1.56294 -2.46500 2.21731 -0.10246 0.28517 0.05445 0.38607 0.61063 0.14938 1.08775 -1.26486 -0.47131 0.43607 -0.59247 0.59284 0.41202 -0.13092 0.62092 -0.91316 -0.18368 -1.33959 0.83264 -2.38132 -0.62284 1.47136 -2.01683 0.54748 0.14899 -0.99858 
1.59139 -0.77324 2.70196 2.01839 1.14359 -2.22927 -0.00671 -2.16483 -2.31889 -2.06020 -1.61443 -2.04288 2.33973 -0.31723 0.57199 0.03371 0.23808 0.01429 0.63610 -0.45691 -0.67638 1.09192 -0.23572 0.13478 0.46827 -0.16782 -0.36432 0.28276 -1.13953 -1.53559 -0.25193 1.25590 -0.77040 2.92923 1.64922 -0.99737 0.87255 -0.40612 -1.62726 
1.32112 -0.53150 2.82340 1.94779 1.24923 -1.84960 -0.53054 -2.08489 -1.33511 -1.67663 -1.42817 -1.99673 2.04949 -0.46678 0.56793 -1.08508 -1.14952 0.35871 1.40529 0.31734 1.66437 1.17791 -0.56131 0.28009 0.18672 -1.21524 -0.22174 -0.03321 -1.84924 -2.19879 0.15990 0.68468 2.91340 2.38320 -0.74299 -0.64970 0.06625 0.22622 -0.52348 
1.12462 -0.20531 1.61688 0.86888 1.50229 -0.82399 0.31063 -0.50046 -1.14098 -2.62151 -1.33434 -1.85616 1.12449 -0.53897 0.53878 -1.81553 -1.96072 0.17420 1.32078 2.45649 1.70682 0.34893 -0.88543 0.20103 0.69448 -0.69130 0.04069 -0.44167 -0.00642 -0.13296 -1.52935 -1.23948 -0.32045 -3.45544 -2.06453 -0.06099 -0.31796 0.42020 1.19671 
0.78215 0.00728 1.00788 -0.01293 1.42342 -0.52883 1.92595 -0.37807 -0.98618 -2.56205 -1.22714 -1.30225 1.35819 -0.42609 0.12625 -1.09149 -1.28247 -1.17064 0.16580 -0.00310 -1.79107 -0.88662 -0.62229 -0.03787 0.60692 -0.01853 0.46771 -0.20680 1.66501 2.01052 -0.78612 -1.59756 -3.55099 -2.88907 1.11148 1.46717 0.48010 -0.83334 0.62973 
0.69853 -0.07906 0.52539 -0.41360 0.33165 -0.65819 0.30753 -2.29153 -2.02761 -3.24380 -1.37222 -1.24923 1.10596 -0.07126 0.33198 -0.15052 0.04981 -0.61192 -0.27678 -1.09450 -1.18225 1.46041 0.58174 0.68113 -0.13886 -0.06157 -0.26879 -2.39887 2.34245 1.41995 1.51838 -0.36750 1.08373 3.23249 2.14881 2.67916 0.76601 -1.60589 2.31005 
0.71089 0.33926 0.85736 0.03688 0.81150 -0.80561 0.83145 -1.56032 0.47423 -1.98031 -0.54600 -1.44111 1.29661 -0.69488 -2.27262 1.25096 0.13748 0.34774 -0.20169 1.08063 1.44142 1.26218 2.05687 0.72814 -0.99897 2.29153 -2.17083 -2.91761 3.03377 -1.98298 2.58945 -0.13897 2.75132 1.15242 -3.27529 -0.65477 -1.43233 -0.50005 0.78852 
0.00365 -2.35168 1.77634 -0.27612 0.67939 -0.85988 1.38816 -0.85011 -0.76542 -1.18694 -0.64408 -2.24820 3.39749 -2.24209 -2.58563 2.88326 -1.93318 1.97753 -0.41576 1.65683 -0.02983 -1.81488 -0.07302 -0.75119 -0.63891 0.72694 -1.02863 2.66147 1.47175 -1.89585 2.05667 0.07011 0.31396 -2.10913 0.31427 -1.39789 -0.65062 1.15828 -3.49493 
-1.53120 -2.24637 3.74062 -1.89630 2.78903 -1.22137 2.48828 -1.59014 -1.34066 -2.05333 -1.29720 -2.08001 2.02355 -1.72351 0.38885 2.72270 -1.75837 2.40441 -0.13159 1.39459 -0.66771 1.57646 0.65897 0.07752 0.15931 -1.20340 2.35640 2.33566 -3.50239 1.49957 -2.01269 0.75707 -1.15560 -0.24294 3.16750 1.72095 1.21166 0.02433 -0.94327 
-1.71986 -1.96283 4.49905 -2.03449 3.08381 -0.99147 2.78275 -1.51781 0.81104 -0.52796 -0.56656 -2.08889 2.19409 0.11430 -0.24996 -0.61914 -0.43360 -0.03516 0.34132 0.50123 -0.27276 1.35262 1.64793 0.46047 -0.61457 -0.21633 2.45914 -1.17267 -4.47774 1.63735 -2.74159 0.51105 -2.00682 0.64437 -2.17098 -0.17321 0.20949 0.77577 1.59285 
-1.41690 -2.49633 3.12148 -2.32990 2.75387 -0.88005 2.98951 -1.86291 0.01196 -0.40541 -0.83673 -2.69459 1.80722 0.73562 -0.78383 -1.75504 -0.12102 -0.33718 0.37946 -0.61223 -0.02333 -0.59452 0.48577 0.28701 0.93508 0.38945 0.45873 -0.41211 -0.16561 0.86007 -0.21549 -0.19308 -2.61058 0.46949 -0.85093 -1.04334 -0.08818 1.39964 0.22757 
-0.98424 -2.74666 2.74401 -2.15551 2.74663 -0.61201 2.17051 -1.54114 0.21651 -0.04220 -0.27956 -1.15381 2.58354 0.57304 -0.66207 -0.78474 0.42647 -0.25065 0.14824 -2.10935 0.19673 0.50169 0.60458 0.37229 0.78507 0.01123 -0.10684 0.58467 0.83404 0.42706 -0.26930 -0.09657 -0.06633 0.13392 -0.48913 -0.82923 -0.37223 -1.25982 -1.03969 
-0.84387 -3.15840 2.33674 -1.90343 2.50322 -0.73181 0.88015 -1.66618 0.51366 0.19918 -0.46443 -1.90952 1.81846 0.62879 -0.19916 -0.92100 0.30604 -0.60647 0.28289 -0.67856 0.11059 -1.08365 -0.34346 -0.08522 -0.32474 -0.65023 0.26135 0.95362 -0.61080 -0.32691 -0.89961 0.14447 1.43440 -0.08969 -1.89384 -1.40342 -0.49153 -0.94861 0.04929 
-0.35545 -2.94581 1.82301 -1.84947 2.14016 -0.32912 1.49196 -1.43055 -0.86714 -0.38566 -0.36478 -1.47855 1.93331 0.83439 0.29155 -1.39554 0.09956 -1.15026 0.29270 -0.67495 0.10704 -1.39214 -0.79884 -0.11924 -0.16355 0.06053 0.05424 0.64878 -0.16024 0.22104 -0.44645 -0.27935 -1.30885 -0.34368 1.62525 0.93092 1.06315 0.24809 0.74983 
-0.00948 -2.86685 0.94120 -1.80387 1.35296 -0.43911 0.20520 -1.55914 -0.87848 -0.59966 -0.58368 -2.07307 1.87898 0.68303 0.44962 -1.08124 0.52708 -1.05293 0.00354 -1.98741 -0.23309 0.54160 0.58746 0.97793 -0.07665 0.09960 -0.23686 -0.06784 0.61501 0.83659 -0.12610 -0.11857 1.91028 -0.51779 2.05973 1.10274 1.48296 0.86194 -0.63019 
0.32758 -2.49619 0.74177 -1.32240 1.08723 -0.32558 -0.49546 -1.66364 -0.32553 0.20180 0.61314 -1.55519 2.03291 0.59753 0.22371 -0.78053 0.93615 -1.27636 0.17413 1.23532 -0.41075 0.66759 0.30391 1.36372 0.69839 -0.56966 -0.27809 0.11820 0.07460 0.70498 1.06463 0.03358 5.12360 0.04519 -0.51054 -1.36255 -1.59315 0.01871 -0.94884 
0.58805 -2.64313 0.16067 -0.86772 0.07660 -0.26498 1.44052 -1.96989 -0.21089 -0.29575 0.78004 -1.37468 1.30932 0.40493 0.56782 -1.00664 1.23205 0.01171 0.03712 3.13619 -0.18790 0.03107 -0.77509 -0.61522 -0.05794 -0.84924 -0.58371 0.91942 0.15782 -0.06127 2.53686 0.09579 0.17112 0.94184 0.22049 0.08478 -2.31352 -1.22064 0.44781 
0.73251 -1.92837 -0.26487 -0.09034 1.09893 -0.28847 2.64073 -1.85154 -0.29446 -0.57329 -0.00208 -1.61313 1.18367 0.01382 1.14314 -0.62271 0.87488 1.26050 0.26992 1.40645 0.53109 0.88808 0.38869 -0.94980 -0.52226 -0.12186 -0.73093 0.29937 0.33362 -1.50181 -0.34823 -0.21354 -5.52451 0.56376 1.50567 1.55895 1.43527 0.92873 0.54943 
0.60187 -1.50000 -0.46204 0.00716 1.33710 0.00495 2.84697 -1.43880 0.67719 0.09294 -0.16976 -1.89694 1.18746 -0.32600 0.86720 -0.67301 -0.26976 -0.33652 -0.17642 -2.38833 0.37586 1.53674 0.78386 0.82005 0.87079 -0.29982 -0.77751 -0.16795 1.20423 -1.77632 0.92602 -0.93268 -3.48984 -0.58675 -1.84813 0.86428 1.12586 1.40545 -0.87282 
0.40651 -1.06117 -0.93788 -0.36010 0.76241 -0.46489 0.25240 -1.47568 1.24227 0.21057 0.81797 -0.74234 0.88385 -0.76369 0.97519 0.58152 -0.90144 2.18652 -0.66276 -2.08339 -0.05566 -0.96006 1.25297 0.17606 0.88319 -0.99467 -0.53214 -0.11617 1.90639 -0.46435 3.42999 -0.05845 3.69861 0.58697 -2.85355 0.32972 -1.37147 -0.79489 0.03234 
-0.16182 -0.52481 0.11949 -0.89428 3.52361 -0.65781 0.76358 -1.49446 -0.28287 1.34591 0.00630 -1.01375 0.19279 -0.85814 0.75102 1.23338 -0.73411 3.09347 -0.23487 1.31028 0.96283 -1.31681 1.11358 -0.55142 0.07590 -0.26748 0.96511 -0.56820 -0.58069 1.53832 -5.73638 0.96200 1.38641 1.20338 1.66298 -2.80198 -0.29870 -0.45742 1.01507 
-0.45163 -0.31015 0.29549 -1.09422 3.85588 -0.69977 1.56268 -0.51285 -0.07454 1.32415 0.26654 -0.66644 0.61637 0.20141 0.40699 0.00084 0.63689 -3.54986 0.29924 -0.69698 1.14772 0.70292 -1.54901 -0.12264 0.42577 0.02040 1.17871 -0.56866 -1.63292 1.42299 -6.72495 0.84517 -2.23227 -0.70896 1.08377 -2.84779 0.18852 -0.25356 0.53421 
0.03959 -0.11782 0.12032 -0.25739 -0.02625 -0.35857 0.06659 -0.34674 0.42005 -0.20310 -0.11634 -0.58797 0.21318 0.32057 0.18236 -0.39954 0.68888 -3.63148 0.61030 -0.92199 0.25386 -0.23305 -1.73420 -0.36291 -0.17766 0.26673 -0.31907 -0.39098 0.15160 -0.47876 3.78405 -0.07294 0.32973 -1.32115 -0.69126 2.09140 0.05381 -0.03722 0.30097 
-0.13106 -0.12779 -0.10405 -0.40534 0.22440 -0.08947 0.64069 -0.25899 -0.30759 -0.41005 -0.09636 -0.84410 0.88310 -0.11765 0.01601 0.15244 0.15813 0.23419 0.22630 -0.36726 -0.17343 0.01166 0.54239 -0.06883 0.38855 0.32136 -0.18617 -0.07293 0.54976 -0.34411 3.49599 -0.56555 0.44488 -0.08461 0.65363 2.08901 0.51767 0.96328 -0.98779 
-0.07806 -0.10182 0.27276 -0.09927 0.20794 -0.13228 -0.30066 -0.52018 0.43171 0.33930 -0.18517 -0.19942 0.53455 0.13440 0.10944 0.15022 0.34477 -0.13550 0.04475 -0.47711 0.16925 0.42058 0.35481 0.15477 0.78562 -0.72106 0.13368 0.05842 -0.15228 -0.20253 -0.38972 -0.16739 0.54149 0.38295 0.12360 -1.09170 0.32001 -0.65460 -0.55476 
0.00334 -0.01835 0.04617 -0.06057 0.08890 -0.04471 0.16358 -0.08974 0.11300 -0.05524 0.05840 -0.05848 0.16204 0.01603 0.07442 0.00016 -0.04440 -0.15553 0.05891 0.17424 0.20952 0.13526 -0.54931 0.25117 -0.26605 -0.23339 -0.14260 -0.16636 -0.10048 -0.31158 0.22773 -0.06853 0.36828 -0.21874 -0.22378 -0.39006 -0.38917 -1.04690 1.31039 
-0.06203 -0.02739 0.27292 -0.14367 0.05241 -0.07337 -0.12643 -0.31066 0.56697 -0.21001 0.06600 -0.46547 0.30116 -0.00820 -0.05692 0.04974 0.03319 0.09223 -0.02378 -0.10883 -0.04949 0.19681 -0.03525 -0.23441 -0.26128 0.58933 0.03860 -0.09895 -0.28983 -0.00400 0.09639 -0.01510 0.64502 -0.06390 -0.54706 0.78624 -0.36969 0.31446 -0.01709 
-0.00486 -0.07527 0.09591 -0.02739 0.18113 -0.06849 0.05475 -0.13923 0.30981 -0.09050 -0.17601 -0.31977 0.75138 0.05463 -0.02452 -0.28967 -0.04840 -0.05914 0.04381 0.81925 0.14562 -0.41180 0.23693 -0.11852 0.04841 -0.25048 -0.00549 0.02194 -0.22921 -0.02210 0.01781 0.01909 0.15573 0.18141 -0.16790 -0.17649 0.29570 0.57407 -0.80330 
-0.00740 -0.05192 -0.01676 -0.19207 -0.00673 -0.02956 0.69283 -0.16504 0.15517 0.02692 -0.05252 -0.41706 0.05068 -0.01369 -0.03498 -0.17947 0.01109 0.11004 -0.00468 0.04690 0.13192 0.02891 -0.21174 0.06129 0.31279 -0.21397 -0.13524 0.00196 0.51171 0.23795 -0.00382 -0.07553 -1.34829 -0.26410 0.63378 -0.48867 0.17163 0.33725 0.48297 
-0.01855 -0.11025 -0.08356 -0.01630 0.29117 -0.07317 0.10165 -0.00731 0.33871 -0.30224 -0.11472 -0.00698 0.53741 -0.08061 -0.02256 0.22204 0.18955 -0.06296 -0.03172 -0.52904 -0.11848 0.22198 -0.25174 0.05311 0.38567 0.23249 0.03380 0.16214 0.23477 -0.15704 -0.17704 0.05262 0.35651 -0.26929 -0.13318 0.30184 0.15440 -0.34976 -0.27647 
-0.08801 -0.07448 0.20528 -0.00252 -0.06969 -0.06128 0.16379 -0.28352 0.37715 -0.22482 0.00059 -0.03139 0.28317 0.02011 0.12716 0.05530 -0.14595 -0.06701 0.04793 0.40341 -0.13738 -0.10428 0.09010 0.21569 -0.03698 -0.49044 -0.54297 0.06333 -0.10023 -0.51658 1.03567 -0.33483 0.05741 -1.12507 0.66902 0.70622 0.38021 -0.77429 0.75204 
0.00156 0.01691 -0.02825 -0.16224 0.22416 -0.02524 0.50506 -0.14469 0.23443 -0.21214 0.10098 -0.04395 0.04697 -0.62358 0.04077 0.12181 -0.32702 0.97271 -0.36655 -0.47163 -1.24355 0.89099 0.45449 0.43332 -0.38862 0.98453 -0.05663 -0.16933 -0.04496 0.24067 -0.00698 -0.09251 -0.46387 0.26739 -0.21926 0.02663 -0.31415 0.14563 0.69146 
-0.71159 -0.03372 0.32709 -0.32954 0.90303 -0.42783 -0.30784 -1.52707 1.26814 0.22967 0.43391 -0.42001 1.26769 -0.03652 -0.04217 0.01034 0.09473 -0.07399 -0.04458 -0.06046 0.13002 -0.32354 0.11673 -0.09845 0.10865 0.20103 1.42115 -0.09382 -0.44465 0.67602 -1.75421 0.73349 0.77613 2.74438 -2.05640 -0.78068 -0.70142 0.62021 -2.10792 
-0.03496 -0.02526 -0.01792 -0.06752 0.15017 -0.06982 0.44461 -0.01467 -0.08910 -0.09542 0.00252 0.06470 0.24800 0.79757 -0.05305 -0.32284 0.34899 -0.78150 0.36694 0.30450 1.50083 -1.16541 -0.32620 -0.26810 0.23159 -1.12339 0.05648 0.03709 0.03923 -0.09568 0.04953 0.05218 0.03177 -0.32733 0.59347 -0.11272 0.11416 -0.21271 -0.21831 
0.08598 -0.08677 0.00425 0.01945 0.12152 -0.06090 -0.00333 -0.02624 0.10273 -0.09653 0.16581 -0.18842 0.14430 0.01995 -0.00508 0.04957 -0.00095 -0.02446 0.00761 -0.02868 -0.19731 0.26993 0.00400 0.01571 -0.10406 -0.01729 -0.90623 0.11207 0.32669 -0.42475 0.84261 -0.31482 0.22853 -1.54986 1.19273 0.20419 0.05309 -0.16649 1.34219 
-0.01501 -0.03034 0.03166 -0.06847 0.12571 -0.06221 0.41592 -0.21198 0.18083 -0.09141 0.01823 -0.03936 0.23071 -0.10866 0.05902 0.00385 -0.07576 0.06111 0.05211 0.53303 -0.04902 0.02732 -0.12200 -0.21501 0.06510 0.21881 0.00385 0.01372 -0.02158 0.00867 -0.01487 0.01338 -0.17420 0.35097 -0.36561 0.02448 0.01442 0.04038 -0.11552 
-0.02269 -0.02775 0.00810 -0.05631 0.18264 -0.00878 0.52970 -0.07526 0.13005 -0.21853 -0.04920 -0.12332 0.36311 0.02381 0.00865 0.02800 0.00772 -0.03933 0.02099 -0.20289 0.15367 -0.09568 0.02849 0.03013 -0.06368 -0.13281 0.17244 -0.09578 0.03141 0.11228 -0.09859 -0.08095 -0.95701 -0.01923 0.09461 0.14985 0.31635 -0.06756 -0.33576 
0.00880 -0.02169 0.05965 -0.06075 0.08639 -0.04122 0.21303 -0.05831 0.08515 -0.06293 0.04836 -0.10304 0.09790 0.06378 -0.03676 0.03526 0.03652 -0.03748 -0.02884 -0.42397 -0.06826 0.12193 0.02785 0.10134 -0.00245 -0.11696 -0.01797 -0.05756 -0.05331 0.02078 0.10878 -0.08918 -0.09295 -0.22797 0.29209 -0.12368 -0.03189 0.00871 0.38406 
0.04109 -0.06451 0.04336 -0.01979 0.14516 -0.03762 0.10572 -0.14352 0.25198 -0.19068 0.05214 -0.12577 0.24615 0.00584 -0.04891 -0.02532 0.02849 0.06946 -0.06819 -0.29584 -0.07430 0.19642 -0.09519 -0.00176 -0.05496 0.25126 -0.11007 0.08004 -0.00171 -0.06015 -0.05901 0.04043 0.53388 0.07051 -0.26278 0.12129 -0.11714 0.03659 0.03167 
0.01464 -0.07060 0.03434 -0.03226 0.15584 -0.10942 -0.08280 -0.13262 0.28157 -0.15811 0.04660 -0.15800 0.34916 -0.04629 0.04328 0.03355 -0.02363 -0.09649 0.01160 0.10991 0.00225 -0.14085 0.14914 -0.01580 0.03414 -0.08529 -0.02964 0.11258 0.05101 -0.06782 -0.05873 0.10726 0.69064 0.07319 -0.40926 0.26035 -0.06936 0.21974 -0.53186 
-0.00520 -0.02123 0.07691 -0.04342 0.04867 -0.02602 0.21563 -0.14127 0.11113 -0.04154 0.03634 -0.09164 0.16086 -0.02380 0.06366 0.02569 -0.03933 0.01072 0.03907 0.39481 -0.00111 -0.21285 0.16516 -0.07112 0.16478 -0.28061 0.06371 -0.04875 -0.05199 0.02764 0.12158 -0.01171 -0.17149 0.02423 0.13407 -0.16893 0.05100 -0.04558 0.02502 
-0.00916 -0.00694 0.06003 -0.07159 0.16657 -0.07034 0.31200 -0.13373 0.06872 0.00705 -0.02452 0.00678 0.06856 0.01742 -0.00547 -0.01844 0.00401 0.02509 -0.00011 -0.06158 0.02648 -0.00678 -0.01979 0.03520 -0.01144 -0.06027 0.04131 -0.07944 -0.03024 0.07934 -0.12612 0.00888 -0.56136 0.01108 0.30335 -0.26136 0.14753 -0.26695 0.38138 
0.01222 -0.02671 0.05847 -0.03941 0.07376 -0.02614 0.15405 -0.11479 0.10436 -0.06133 0.07154 -0.10308 0.10060 0.01751 -0.01578 -0.00454 0.04001 -0.11539 0.04795 -0.16656 0.00997 0.09051 -0.09619 0.07641 -0.10217 0.10077 -0.01958 -0.00164 0.01160 -0.00311 -0.00317 -0.00752 0.05071 0.00365 0.03878 -0.01302 -0.08038 0.03182 0.15370 
