-0.08732 0.03282 0.15592 -0.24572 0.11156 0.02118 0.06440 -0.23022 -0.00690 -0.56519 -0.05255 -0.21324 0.41208 0.69354 0.13037 -1.31333 0.20856 -0.45895 0.47016 -0.81896 0.24494 -0.16331 0.27500 -0.65292 0.61650 -0.37253 -0.11222 -0.46771 0.29563 -0.00320 0.06554 -0.46601 0.47373 0.20038 0.96165 0.91086 0.96375 -0.18289 0.13335 
0.00773 -0.02728 0.04305 -0.03279 0.04548 -0.03370 0.06748 -0.12654 0.11429 -0.14905 0.06159 -0.07685 0.18027 0.07417 -0.05276 -0.10439 0.20105 -0.06870 -0.03957 0.00330 0.10376 0.08358 0.42829 0.17071 0.10197 -0.18371 -1.14621 -1.21536 3.15158 -0.68897 0.49147 -0.36961 2.01308 -2.21323 0.47915 0.43402 0.12124 -1.04104 1.28503 
-0.01315 -0.01994 0.05153 -0.04466 0.04287 -0.01839 0.06770 -0.12646 0.07668 -0.13691 0.11816 -0.11127 0.22836 -0.45267 -1.08499 1.83824 -0.48041 0.03252 0.10055 1.19412 -1.96829 0.31584 0.70902 -0.53168 -0.42455 0.91250 -0.32160 -0.50554 1.11366 -0.12554 -0.57525 -0.00648 0.45875 -1.49601 0.00552 -0.34103 -0.77471 -0.96054 0.74177 
-0.44494 -1.11227 1.88130 -0.51320 0.07800 0.06685 1.26160 -2.09483 0.43014 0.55997 -0.47009 -0.50140 1.09277 -0.24743 -0.55830 1.00927 0.07551 -0.64394 -0.04605 0.46205 -1.39224 0.08909 0.08725 -0.60400 -0.85857 0.55806 0.89061 2.10092 -3.64877 1.00293 0.00688 -0.25248 -2.38434 3.87588 -0.50139 -1.48437 0.87530 0.78145 -1.47880 
-0.26058 -0.57824 1.06080 0.03085 -0.60108 -0.06444 0.52976 -1.51870 0.16577 -0.04965 -0.48584 -0.96983 0.78642 0.43795 1.01593 -1.81052 0.52252 0.03940 -0.15193 -1.19021 1.90759 -0.18555 -0.77535 0.34361 0.35691 -0.56630 0.48858 1.08052 -2.08187 -0.21604 1.42871 0.06969 -0.99448 2.63892 -0.17203 0.09110 1.26734 1.61811 -1.33124 
-0.00699 -0.09633 0.07078 0.00932 0.11741 -0.08508 0.07139 -0.18724 0.24458 -0.21537 -0.12647 -0.14449 0.52647 0.24115 0.52221 -1.07261 -0.14053 0.78477 0.02364 -0.53242 1.24668 -0.08294 0.17836 0.66334 0.75954 -0.77319 -0.45802 -1.47980 1.18078 -0.78972 0.71260 0.49366 1.05224 -2.99089 0.14373 1.52827 0.97807 -0.18488 -0.95285 
-0.01943 -0.05603 -0.01181 -0.10968 0.18370 -0.04080 -0.00267 -0.27202 0.08284 0.12870 0.17750 -0.21029 0.01324 -0.02008 -0.46387 -0.62974 -0.26720 0.75200 0.34173 -0.13797 -1.08330 -0.04182 0.75292 1.32169 0.17203 -1.51915 -0.26698 -1.09469 -0.00137 0.03537 -0.19755 0.29186 0.38661 -3.32279 -0.77764 0.21648 0.31692 -1.27359 0.44569 
-0.02707 -0.56020 -0.55896 -0.25787 0.86941 0.25664 -0.06659 -1.27055 0.20276 0.53755 1.19521 0.02753 -0.99268 -0.02583 -0.57248 -1.07398 -0.10516 0.58722 0.31550 -0.14581 -2.07610 -0.86057 0.39484 0.98025 -0.51405 -0.32750 -0.02689 0.80498 0.85515 0.69236 -1.16457 -0.71877 0.03076 1.84548 0.31550 -1.22891 -1.81720 -0.60295 2.65151 
-0.04526 -0.62851 -1.08579 -0.21484 0.77092 0.27469 -0.14848 -2.34812 -0.77773 0.52354 1.15775 -0.72434 -0.31426 -0.04697 0.34111 0.22541 0.42517 -0.41257 -0.37704 -0.10721 0.76218 0.27368 -0.47598 -0.49552 -0.43093 1.13235 0.42233 0.30335 2.77943 -0.16465 -0.92661 -1.07773 0.56069 4.78000 1.88926 -2.11576 -2.37235 0.35418 2.25944 
-0.07404 -0.21909 -0.33355 0.16729 0.45684 -0.12040 -0.17380 -0.50837 0.47644 0.06157 0.69970 -0.40339 0.13967 0.39650 -0.26913 1.70545 -0.26981 -0.33938 -0.76223 0.41488 2.70390 1.02868 -1.72093 -1.39210 -0.15987 1.93194 -0.06893 -4.13999 -0.31851 -0.99469 1.46170 -0.25373 1.68176 1.07188 -1.40499 -1.48266 0.10559 -2.32789 2.00228 
0.35124 -0.89764 0.61966 -0.48465 0.43154 -0.48754 0.26641 0.35578 0.25095 -1.19739 -0.23435 -0.88421 1.61768 -0.11590 -3.79888 -0.09310 -0.56952 1.04913 -0.63077 1.57454 1.83406 -1.13131 -1.95864 -0.38993 -2.75882 3.13463 -0.52544 -1.42141 -2.85551 0.81574 1.41670 0.47070 0.33577 -2.43413 -1.58004 1.51545 2.27989 -1.09263 -1.01745 
-0.18994 -4.01796 -0.42665 -0.40223 1.50597 -0.75117 1.40074 1.32570 -0.65486 -1.89708 0.30977 -3.16221 3.27430 -0.12893 -1.69055 -1.15006 0.54593 1.07732 -0.29153 0.75065 0.26977 -0.55135 -0.20547 0.88779 -1.25250 0.91449 0.65415 6.40278 -0.08556 1.18390 -1.77361 0.84369 -2.72701 -3.45313 1.87446 2.37500 0.22782 4.48793 -4.91478 
0.22231 -2.58819 -0.53040 0.06128 1.50886 -0.77907 1.01706 0.62555 -0.30040 -1.40286 0.65345 -2.13670 2.53217 0.53825 2.60390 -0.17866 0.61438 -0.72448 0.21292 -1.15247 -1.61907 0.74315 0.41636 -0.16211 1.72911 -1.78015 0.01050 2.41996 0.76671 0.14082 -1.40656 0.42775 -1.18167 -0.96989 1.63184 -0.01910 -1.25873 3.03265 -0.92767 
0.34831 -1.41406 -0.60531 0.21215 0.78149 -0.53825 0.24828 -0.29337 0.08829 -1.48072 0.14766 -1.43310 1.49416 -0.11843 0.72941 -0.38335 0.68675 -0.32924 0.13622 -0.43101 -0.70012 1.08049 -0.22457 -0.37094 1.78016 -0.01317 -1.04367 -2.17327 1.02152 -0.61993 0.08085 -0.33751 1.23604 1.78443 0.10973 -0.40109 -0.13659 0.14966 0.97129 
0.10388 -1.85878 -0.91374 0.74802 1.17962 -0.64285 0.58605 -0.07457 0.78008 -1.62743 0.28251 -0.35654 2.51900 -0.50542 0.43063 0.84286 -0.00555 -0.64364 -0.12460 0.08358 0.16536 0.85288 0.01527 -0.29870 1.87877 -0.80886 -0.05975 -0.08437 2.16692 -1.39338 -0.82665 -0.22736 0.70809 0.38527 -1.27926 0.38958 0.26061 -0.04761 -1.52038 
-0.15711 -0.98343 0.23756 0.20659 0.13785 -0.66285 0.33185 -0.12801 0.94117 -1.46545 -0.15105 0.44566 0.68530 -0.17818 0.64504 1.78357 -0.70663 -1.15589 -0.09114 0.27707 -0.31485 -0.19877 0.16501 -0.11033 1.73255 -1.53355 0.54574 0.31067 -0.89145 -0.18445 0.61928 0.78999 -0.21419 -0.25353 -1.52271 1.08686 0.49127 -2.44043 0.65614 
-0.07430 -1.21374 0.86983 0.04139 0.02373 -0.73399 0.86312 -0.38942 0.58131 -1.46242 0.17218 1.37600 0.98545 0.04032 0.74130 -0.04859 -0.19000 -0.02436 0.66540 -0.13061 -0.08817 -0.66983 1.10213 0.19257 -0.56166 -0.15271 0.24866 -0.14154 -1.62051 1.01196 0.70785 0.80388 -1.12312 0.37418 0.61422 0.77872 -0.47872 -3.22713 1.53141 
-0.11679 -0.24214 0.18896 0.01659 0.11349 0.00255 0.20125 -0.21618 0.27134 -0.36332 0.04152 -0.11600 0.53259 0.07048 0.50349 0.16306 0.30533 -0.44805 0.71274 -0.84605 0.05932 0.41545 0.94373 -0.58905 -1.49458 -0.00214 -0.03146 -0.81613 -0.51680 0.14292 0.40215 -0.81615 -0.18745 0.61978 0.63749 -1.59260 0.39673 0.42002 -0.28673 
-0.00382 -0.71025 1.03289 0.34672 -0.42432 -0.02125 0.01707 -0.33010 0.99676 -0.51869 -0.41687 -0.11858 0.98331 0.00886 -0.07483 -0.56539 -0.04708 0.37779 -0.15076 -0.31806 0.53161 -0.03234 -0.49047 0.58929 -0.14164 -0.43944 -0.04430 0.15970 -1.08178 -0.70795 0.94965 -0.74071 0.90946 0.10383 -1.28191 -0.59684 1.11389 1.47095 -0.80401 
-0.10793 -0.31697 -0.37643 -0.03049 0.49128 -0.14821 -0.11681 0.31543 0.23900 -0.85379 0.63081 -0.25764 0.09315 0.02618 0.66319 -0.91871 -0.40261 0.50160 -0.02797 0.06341 0.16316 -0.86646 0.34690 0.52484 -0.02363 -0.80615 -0.37741 -0.47675 1.81285 0.51675 -0.69625 -0.33868 1.84911 -1.03812 -0.33187 -0.30533 -0.70478 0.32128 0.13988 
0.02236 -0.04705 0.11417 -0.05589 0.07729 -0.04922 0.08048 -0.16695 0.13030 -0.17179 0.10797 -0.14221 0.17716 -0.36855 -0.55158 1.24746 0.46967 -0.31846 -0.48944 1.53106 -0.50650 -0.36421 -0.79580 -0.11549 0.17964 -0.29956 -0.01851 -0.63155 0.91566 0.38387 -0.55819 0.01787 -0.01711 -0.17329 0.92963 -0.31071 -0.66374 -0.00580 0.90060 
-0.47648 -0.86855 0.87102 0.43918 0.17282 -0.63765 1.41424 -0.19107 -0.12522 -1.64959 0.51533 -0.07801 -0.20641 0.00767 0.03164 -0.00306 -0.01875 -0.05659 -0.01010 0.04630 -0.01013 0.06318 0.03618 -0.13890 -0.02943 0.09445 0.71464 1.03333 -2.16852 -1.21096 0.49837 1.05362 -3.34101 1.39999 0.68940 1.49178 0.12773 -0.40101 1.14699 
0.03003 -0.01541 0.11112 -0.07464 0.02069 -0.05932 0.12678 -0.17708 0.19348 -0.13561 -0.03094 -0.17164 0.27161 0.34610 0.48175 -0.92107 -0.74129 0.17991 0.56418 -1.80995 0.89349 0.32518 0.69598 0.01225 -0.22137 0.84742 -0.02321 -0.04150 -0.05558 0.05655 0.09736 0.02075 -0.11994 0.10349 -0.17943 0.00008 0.24396 0.12974 -0.25609 
-0.13038 -0.38680 -0.05004 -0.30211 0.35273 -0.07347 -0.39571 0.70241 0.19996 -0.95361 0.52757 -0.29938 0.64102 -0.01554 -0.00986 -0.05864 0.03780 0.04076 0.01065 -0.07364 0.09336 -0.11625 0.03626 0.10506 0.10031 -0.16165 -0.20117 -0.11851 1.03000 1.00025 -0.47354 -0.53517 2.26042 -1.67773 -0.46025 0.16333 -0.45245 0.44814 -1.39115 
0.01449 -0.02527 0.05248 -0.03684 0.06146 -0.04867 0.05314 -0.08372 0.07723 -0.09935 0.07412 -0.07133 0.10997 0.14493 0.36324 0.10894 0.25896 -0.29363 0.02902 0.45047 -0.78425 -0.13507 0.85931 -0.44020 0.22677 -0.54373 -0.61996 -1.29183 2.36218 0.81274 -1.75398 0.47980 1.36396 -2.52372 0.60699 0.52570 0.06269 -1.06930 2.09116 
0.01455 -0.02356 0.05889 -0.04315 0.05910 -0.04445 0.05476 -0.08183 0.06489 -0.09431 0.08737 -0.07261 0.09729 -0.63549 -1.30169 2.30354 0.85054 -1.71322 0.49045 1.29032 -2.43036 0.49074 0.56196 0.16775 -0.96900 1.92951 -0.70193 -2.23426 1.78498 -0.06890 -0.91265 0.23800 1.30025 -1.35181 0.35991 -0.96158 0.15366 -1.33894 2.57563 
-0.62100 -1.32696 2.35602 0.81371 -1.65176 0.44177 1.34345 -2.51408 0.56797 0.46261 0.24187 -1.04033 2.03948 -0.55700 -1.87102 1.89392 0.19007 -1.20628 0.26702 1.75072 -2.13606 0.22484 -0.10227 -0.28655 -1.11217 2.03191 1.05269 2.05545 -3.93450 -1.50427 2.64005 -1.08914 -2.47858 3.74383 -0.85530 -0.33124 -0.74829 1.97437 -2.02569 
-0.54246 -1.89458 1.95281 0.14692 -1.14719 0.22257 1.80548 -2.21789 0.28973 -0.19658 -0.19917 -1.18478 2.12920 0.41720 0.75376 -1.63096 -0.65372 0.92683 -0.59869 -1.18826 1.31347 -0.36456 0.23072 -0.58054 1.00537 -0.09618 0.55380 0.31306 -1.96247 0.15178 4.35898 -1.53084 -3.61901 4.98880 -0.62669 -0.68375 0.67626 0.88414 -1.15496 
-0.20380 -0.57320 0.72506 0.15998 -0.72492 -0.15691 0.15520 -1.20061 0.20341 0.69333 -0.33867 -0.03496 1.94330 -0.00320 -1.55796 -0.06855 0.34184 3.15270 -1.26383 -1.86829 2.85274 -0.40185 -0.78602 0.38971 -0.22802 0.87694 -0.54002 -3.02873 2.48998 1.11443 0.83400 -0.52962 0.89999 0.01331 0.06410 -1.60474 0.98097 -2.20081 0.76365 
-0.54566 -3.45254 1.88427 0.48876 2.00552 -1.04126 -0.06281 0.63484 -0.11212 -0.98260 0.19054 -1.41280 3.00614 -0.12282 -2.27497 0.85902 0.46070 1.76083 -1.12830 -0.28827 1.32677 -0.30046 -1.37402 0.40043 -1.19544 0.66747 0.40108 3.06158 -0.55172 0.34738 -4.76129 1.07880 2.72749 -3.90863 0.93684 1.07165 -0.45238 1.36446 -2.79761 
-0.32663 -2.84816 1.58408 0.62069 1.03591 -1.28522 -0.13307 0.12616 -0.09704 -0.68070 0.06176 -1.23040 2.61077 0.39788 1.50362 -0.62027 0.68922 -1.60859 -0.18503 0.85920 -1.05589 0.53499 0.28563 -0.06267 1.13643 -1.92066 0.22917 2.84987 -0.72840 0.08807 -2.86915 0.81341 0.69164 -0.77662 1.93356 1.05237 -2.01900 3.08354 0.38802 
-0.14777 -1.94892 1.26400 1.17799 0.39693 -1.22629 0.79639 -0.42105 0.42287 -0.69697 0.12787 -0.27637 1.08548 0.10634 0.57491 0.13062 0.54878 -1.10832 -0.31489 0.40337 0.55015 1.63311 -0.32165 -1.61857 1.88810 1.05549 0.19687 -0.60741 2.39477 -0.41915 1.39396 -0.08580 -1.41634 1.38202 -1.27293 -2.33478 -0.85950 -2.31238 1.74112 
-0.22028 -2.27326 1.71470 1.16947 -0.07242 -1.60011 0.27030 0.67631 1.53606 -1.00235 -1.55680 0.65771 3.66626 0.59475 0.89620 1.77451 0.27008 -0.21463 -0.27083 -0.55714 0.32613 -0.73794 -2.04915 -0.92217 -1.17594 -0.17954 2.13044 2.44562 0.01182 -1.76047 -0.10547 -0.33257 -1.01044 -1.97788 -4.12919 -2.45046 1.53124 -4.86129 -5.92335 
0.44698 -1.05272 3.03851 1.44806 0.18230 -1.49711 0.23925 -0.09492 -0.31507 -2.74612 -0.79430 -1.45231 0.90594 2.23678 3.02053 0.14244 -1.21170 -1.21379 -0.64746 -0.60707 -1.42774 -2.49608 -2.77211 -0.08732 -2.97318 -4.86786 0.92591 -0.04846 -2.95403 -1.91265 -1.75163 -0.98575 0.35933 0.16987 -0.22174 0.63165 0.46462 0.51083 -1.29299 
2.01650 0.74727 1.85714 -0.04223 -1.28620 -2.24757 -0.33677 -0.75143 -0.96002 -3.77445 -1.64413 -2.31548 -1.20159 1.52066 0.84774 -1.17952 -1.64258 -1.96625 -1.25658 -0.19781 0.49600 -0.95968 -1.41750 -0.45755 -0.66511 -1.47253 -2.23541 -3.47326 0.15804 0.01712 0.41318 1.30046 1.19696 1.39105 3.02023 3.86043 -1.15410 3.01215 7.58104 
1.96764 -0.20498 1.85899 -0.19452 -1.78395 -2.75369 0.04144 0.40108 -1.27475 -4.16362 -1.25184 -2.11743 -0.56659 0.00137 -0.45273 0.30048 -1.19457 -0.80060 0.65299 0.58989 -0.03669 0.52415 1.08832 -1.24142 0.03897 2.71319 -1.49734 -0.50938 1.82767 -0.00392 1.41403 2.14177 0.00926 -1.23133 1.67982 2.47098 -0.99774 -0.05898 3.51511 
2.01787 0.29454 2.15763 -1.23680 -2.08681 -1.59458 0.25312 -0.78812 -0.43588 -2.68613 -2.88555 -2.27651 1.51160 0.02332 0.33836 0.64815 -1.64650 -0.55222 0.88519 -0.18855 -0.73534 0.72015 1.05348 -1.45529 -0.72410 2.04258 0.08721 0.32118 -0.04117 0.25941 0.18620 -0.68098 -0.53400 -0.78946 -1.00671 -0.09941 2.18177 -0.26765 -3.07408 
1.99096 0.13338 2.50714 -1.84102 -2.33618 -1.86850 -0.14711 -0.33426 -0.55460 -3.11014 -2.70714 -2.84152 1.47599 0.08858 -0.13155 0.25931 -0.93517 -0.61441 -0.02798 0.05589 -0.82615 -0.48256 0.98891 0.94035 -0.22868 -0.36089 0.05478 -0.58359 0.12463 0.87301 -0.58769 -0.87176 1.23975 0.32618 -0.58059 0.31421 2.54587 1.40843 -1.93298 
2.10644 0.16299 2.41694 -2.17197 -2.70122 -1.62256 0.30901 -1.61427 -0.91844 -1.69723 -1.94520 -2.50519 1.15071 0.07810 -0.24523 0.77278 -0.77349 -1.13991 0.01343 1.05120 -0.40916 0.13956 1.36769 1.09058 0.68433 0.10960 -0.21099 -0.71930 -0.36519 0.53239 0.23756 -0.76750 0.55604 1.99670 0.41413 -1.38824 -0.72018 0.91341 -0.18855 
2.06906 -0.11185 3.27991 -2.61451 -3.47609 -1.85507 0.90409 -0.74342 -0.41504 -1.74244 -1.61656 -2.15719 1.58559 -0.12241 -0.85085 -0.10588 -0.40278 -0.37685 -0.79548 0.61193 1.17055 -0.06844 -0.39933 0.22017 0.68473 -0.54944 -0.18667 -0.76275 -1.92705 0.98179 1.98319 -0.84564 -1.03237 2.45714 -1.64188 -2.64013 -0.24287 -0.64857 -0.19505 
1.98403 -0.68786 2.31105 -2.57475 -3.07807 -2.41804 0.92094 -0.44371 -0.98687 -2.09656 -1.72503 -1.82045 0.60127 -0.10856 -1.00798 -1.15427 0.20830 0.84328 -0.83221 0.01883 2.04798 -1.50233 -1.27244 0.84770 0.03576 -0.08545 0.15630 -0.04738 -1.13620 0.40612 1.59052 0.61280 -0.44763 1.04390 -1.37485 -0.82059 0.23150 -1.16515 0.94355 
1.96050 -1.11983 2.12564 -2.40621 -2.63281 -2.68728 0.92292 1.30457 -1.91737 -3.01489 -0.76886 -2.12143 1.50014 0.03389 -0.89823 -1.24209 0.00335 1.21367 -0.18269 0.16430 2.21445 -1.44328 -1.21992 0.45166 -0.48042 0.39412 -0.18254 0.96720 -0.52755 -0.90341 2.28552 0.05567 1.43150 -2.42912 1.34650 2.35709 -2.42895 1.48345 -2.17234 
2.01792 -1.58609 1.06896 -2.57140 -1.86440 -2.60073 1.08524 1.77074 -2.43015 -3.31647 -1.27337 -2.30087 0.99538 -0.29110 -0.04077 -1.68182 -0.69511 3.12879 -0.77654 1.45032 -0.38113 -0.15583 1.08465 -1.58125 1.51921 -2.25779 -0.52243 1.18897 -0.03231 -0.64208 1.04951 -0.72501 0.73463 -3.80353 1.58024 2.73381 -1.23780 1.22297 -2.44060 
1.66939 -1.16060 0.44382 -3.10133 0.49599 -3.46382 2.37324 0.92343 -2.07319 -1.93024 -2.35011 -0.60221 -0.75765 -0.48855 0.29075 -1.27440 -0.63873 2.26318 -0.90770 0.89894 -1.58908 0.13695 1.51389 -0.78614 0.74256 -2.04648 0.32737 -0.02878 1.84412 1.50042 -3.07096 1.37074 -0.62348 -0.37270 0.70721 0.75171 2.05443 -1.76781 3.15074 
1.52937 -1.29534 -0.20544 -3.21014 0.39878 -3.50843 1.98418 0.18166 -2.29320 -1.80258 -2.05951 -1.55831 -1.05110 0.03627 -0.06955 0.16229 0.80530 0.05784 0.59420 0.82684 -0.75383 0.55138 1.83636 0.47319 -0.24860 0.89294 0.59482 -0.48194 2.54231 1.58044 -1.84651 1.80783 0.04600 1.15955 0.67402 0.15158 1.02481 0.20478 3.24455 
1.70566 -1.23015 0.60611 -2.29602 0.55382 -2.86962 3.20009 0.16960 -1.52181 -0.09388 -1.87692 -0.85081 0.13529 0.10628 -0.19120 1.26791 0.94170 0.41666 0.90013 0.94493 -0.42952 0.81097 1.66547 0.23868 0.94733 1.19807 -0.32280 -0.33632 -0.30910 -1.19440 -0.00248 -0.64558 -1.43470 0.35966 -0.82230 -2.59569 -0.72611 -0.88940 -0.74947 
1.63565 -1.48654 1.06247 -2.26843 0.81544 -2.60830 2.92911 -0.24786 -1.48223 -0.13711 -1.82083 -0.61098 0.14698 -0.28653 -0.40586 -0.14681 -0.38910 0.05536 -0.05138 -0.60785 -0.39418 -0.27092 -0.75933 -0.25292 -1.13800 0.14347 -0.37634 -0.07895 -2.71169 -1.49538 -0.59843 -1.60702 -1.51027 0.22740 -1.93869 -2.55341 -1.00267 -2.76550 -0.82590 
1.41914 -1.63602 0.45930 -2.68512 0.60918 -2.92100 2.59223 -0.22458 -1.79274 -0.85321 -2.12984 -1.98881 0.27876 -0.27006 -0.27014 -1.44378 -0.55367 -0.18176 -0.70689 -0.56534 -0.20212 -1.12771 -0.88793 -0.76399 -1.81817 0.37217 0.39749 0.37982 -0.32400 0.76808 -0.17399 0.32021 0.52258 0.41950 0.58053 0.20267 0.63540 1.40818 -0.49206 
1.36558 -1.75669 -0.38131 -2.82211 0.63368 -3.31519 2.36378 -0.44998 -2.60994 -1.02504 -2.58482 -2.42915 0.51915 0.11097 -0.02605 -0.47081 0.37898 -0.11864 0.26883 -0.08527 0.02532 0.30961 -0.55666 0.38248 0.27018 -0.34859 0.35871 0.19695 1.91006 0.98434 0.53556 1.08423 0.66248 0.19830 1.41930 0.84647 1.55944 2.59932 -0.03375 
1.53010 -1.66206 -0.01151 -2.30615 0.49054 -2.65217 2.50696 -0.19926 -1.48313 -1.40988 -1.74737 -1.71863 -0.06983 0.08865 -0.07319 0.46628 0.43067 0.35379 0.37734 0.09714 -0.00382 0.29159 -0.04146 0.79545 0.78115 0.33842 -0.10751 -0.13819 0.32778 -0.69793 0.66461 -0.54323 0.34585 -0.12816 -1.37222 1.28877 -0.96848 -0.47319 1.17262 
1.45423 -1.82988 0.08496 -2.39144 0.98747 -2.93785 2.46092 -0.45380 -2.31835 -1.06650 -1.78938 -1.64800 0.85757 0.00346 -0.16424 -0.14303 -0.31896 0.54597 -0.27439 0.26058 -0.10284 -1.06261 0.73211 -0.58600 -0.20300 0.82403 0.04817 -0.12420 -1.07389 -0.30358 -1.07151 -0.43121 0.23606 -0.60679 -0.42440 -0.37924 -1.82296 -0.55130 -1.47218 
1.53356 -1.82630 -0.15453 -2.62510 1.03651 -2.92656 2.76754 -0.30210 -2.54574 -0.67776 -2.33337 -1.92163 0.75420 0.13682 -0.19739 -0.60762 0.12709 -0.71772 -0.05387 0.33320 -0.61061 -0.13282 -0.42071 -1.02752 0.22985 -1.13376 -0.02811 0.20661 -0.44211 0.93744 -1.15914 0.64796 -0.06529 -0.46395 1.98557 -1.77311 0.85123 1.08277 -2.22097 
1.59105 -2.02727 -0.52266 -2.26435 0.26976 -2.99172 2.79412 -1.06441 -2.45117 -1.48721 -2.81689 -1.41815 -0.27618 -0.02465 0.04237 -0.58514 0.61848 -0.61317 0.37357 0.19529 -0.56679 0.92295 -1.04100 0.26523 0.87976 -1.39694 0.09549 0.54126 0.88713 0.58657 1.19326 0.82995 0.24184 0.89530 1.23441 1.50535 2.05250 0.70781 1.74511 
1.50892 -1.78393 -0.73967 -2.00662 0.42334 -2.55299 2.96283 -0.86889 -1.62279 -1.71877 -2.06814 -1.04187 -0.64274 0.23231 0.34386 0.27952 0.71366 0.47554 0.77608 0.57504 0.28469 1.10159 1.08464 1.02498 0.93767 0.61135 0.82632 -0.42429 0.33915 0.34447 -0.99514 0.93992 -0.47706 0.71610 -0.26280 0.94361 1.25217 -1.60436 2.89685 
1.82336 -1.68341 -0.24314 -1.55070 0.74530 -2.21564 3.36917 -0.77972 -1.34957 -0.40257 -1.79191 -0.48048 0.33517 0.80167 -0.38192 -0.24598 0.96296 -1.60831 1.31348 -0.28177 0.14931 0.66015 -0.09739 1.51740 -0.72460 1.49990 -0.31225 -0.57948 -0.81647 -1.32848 -1.43395 -1.15128 -0.47485 -1.31793 -1.60683 -0.58229 -1.82842 -1.69842 -1.79383 
2.31059 -2.16584 -0.98565 -1.04366 -1.18497 -1.23951 2.68107 -0.71958 -0.96264 -1.81615 -0.55074 -1.76647 0.85716 -0.07993 -0.23562 -0.53695 -0.61482 -0.95840 -0.37520 0.10019 -1.03324 -0.50524 0.50235 -0.80344 -0.76075 -1.18248 -0.89777 0.33503 0.20724 -1.51124 1.09736 -1.38618 0.36071 -0.26171 -0.69570 -0.29737 -1.59849 0.23809 -2.29849 
1.74343 -1.91903 -0.78009 -2.16552 -0.21311 -2.59084 3.46936 -1.81296 -1.85481 0.09979 -2.59535 -1.24123 -0.84731 -0.09610 -0.04689 -0.03874 -0.54828 -0.51095 -0.07270 0.07895 -0.11240 -0.03555 -0.39476 -0.08109 -0.48651 -0.79859 0.53437 -0.17393 0.53736 1.35914 -0.26189 1.33482 -1.36353 1.76955 1.32588 -1.94899 2.80134 -0.03924 1.73348 
2.21449 -2.21273 -1.02440 -1.59194 -1.69592 -1.31221 2.76001 -0.83198 -0.99818 -2.21091 -0.63183 -2.25297 0.05857 0.45443 -0.40955 0.00041 0.74432 -1.22029 0.95962 -1.26334 0.73632 0.82064 -1.44664 1.99790 -0.79999 0.55101 0.07469 0.01526 0.01983 0.80526 1.26100 -0.44434 -0.19273 -0.25591 0.29209 1.32978 0.06365 1.11513 0.45509 
2.19786 -2.32858 -0.77968 -1.42120 -1.43340 -1.63122 2.20602 -1.07664 -1.03417 -1.34685 -0.59744 -2.04122 -0.29630 -0.02140 -0.03163 -0.01892 0.25697 0.75005 -0.51704 -0.11379 -0.36831 0.25654 0.93502 -0.01744 0.62863 -0.34350 -0.50587 0.47197 0.33119 -0.64198 1.49291 -0.82540 1.34655 -0.81293 -0.70628 1.34259 -1.75880 1.19928 0.28970 
2.19309 -2.24436 -1.04332 -1.33497 -0.94587 -1.82925 2.64622 -1.20029 -0.74164 -1.27589 -0.64927 -1.62435 -0.28494 -0.05144 0.06242 0.33160 0.10234 0.27262 0.13422 0.08321 -0.07662 0.11436 -0.10405 0.23910 0.39929 0.84071 0.15585 -0.00109 0.14152 -0.41553 -1.26167 0.69846 -0.16432 0.78393 -1.08523 -0.86589 0.21562 -1.18985 1.41121 
2.14642 -2.26616 -0.44808 -1.31886 -1.16078 -1.49700 2.28923 -1.15326 -0.91981 -1.45090 -0.35834 -1.64193 0.54440 0.13444 -0.03272 0.12260 -0.15856 -0.51161 0.18143 -0.27811 0.41562 -0.82869 0.06913 0.19818 -0.56122 1.06770 0.24758 0.09341 -0.58703 -0.18927 -0.27266 -0.29542 0.26964 0.36087 -0.72730 0.92776 0.12120 -0.30951 -0.29138 
2.32753 -2.27709 -0.92071 -1.49352 -1.45748 -1.64782 2.36812 -0.78466 -1.57033 -1.20676 -0.45109 -2.18557 0.78277 0.19614 0.15583 -0.25542 -0.08692 -0.00003 -0.16120 0.35285 0.28426 -0.61294 0.82371 0.36031 0.08977 0.54932 -0.16061 0.13452 -0.16560 0.36495 0.90447 -0.35642 0.18906 -0.59701 0.48670 0.09892 0.26478 0.84547 -0.25075 
2.34257 -2.11033 -0.70350 -1.40578 -1.16081 -1.65820 2.64207 -0.86900 -1.53274 -0.62720 0.00196 -1.55216 1.09373 -0.02617 0.10179 -0.04299 0.20639 0.39286 -0.17499 -0.08904 -0.18138 -0.34199 0.16805 0.46295 0.28425 0.81696 -0.23512 -0.16194 0.18293 0.02130 0.50329 0.00127 -0.91785 -0.00903 0.31613 -0.82915 0.33335 -0.66180 0.15823 
2.30136 -2.17529 -0.96371 -1.28713 -1.06462 -1.82281 2.27907 -0.96605 -1.91231 -1.03870 0.01186 -1.90132 1.59973 -0.03898 -0.00611 -0.07250 -0.06563 0.50325 -0.15993 -0.56500 0.27522 -0.29681 -0.00544 0.69365 -0.57202 0.70756 -0.07632 -0.14206 0.20266 -0.55803 -0.15123 -0.08011 -0.25674 0.46156 0.06440 0.33154 0.24468 -1.19041 -0.49115 
2.30359 -2.11644 -0.77600 -1.47141 -0.65755 -1.81812 2.07707 -0.59378 -1.82956 -0.63264 0.69561 -2.12418 1.80128 -0.10248 -0.04027 0.15966 -0.35163 0.24163 -0.25510 -0.34578 0.28018 -0.27759 0.49960 0.70763 -0.90616 0.32581 -0.23560 -0.09443 -0.01068 -0.34874 -0.45492 -0.16142 0.18446 -0.96970 0.36257 -0.54381 -1.45955 -0.13548 -1.01297 
2.19888 -2.21556 -0.80404 -1.63876 -0.82299 -2.07791 1.93329 -0.68587 -2.18990 -0.53910 0.71949 -2.80748 1.92553 -0.27458 -0.10054 -0.08318 -0.41436 0.04833 -0.32134 -0.38054 -0.69448 0.06576 -0.54925 -0.76590 -0.70750 -0.30542 -0.05265 0.19852 0.17201 0.32460 0.36379 0.39090 0.24209 -0.71956 1.09532 -0.06774 -0.69047 1.00204 -0.65010 
2.02901 -2.21698 -0.85917 -1.88578 -0.60922 -2.13947 1.69653 -1.28825 -1.76380 -1.18189 -0.07029 -2.83168 1.49587 -0.15513 0.15825 0.33167 -0.02704 0.60542 0.13580 -0.10369 -0.43938 0.81773 0.43186 0.01716 0.09588 -0.32429 0.14653 0.27744 0.68161 0.71413 0.46738 0.27715 -0.02879 1.15484 0.49535 1.45572 1.40298 0.34946 0.66798 
2.04374 -2.05731 -0.47237 -1.66580 -0.21757 -1.94211 1.82960 -1.12525 -1.37218 -0.10725 0.73665 -2.71161 1.60124 -0.12804 0.17691 0.59843 0.29977 0.51571 -0.04419 -0.40933 0.46036 0.56111 0.90647 0.63708 -0.35804 0.36257 -0.04870 -0.23616 0.34227 0.21141 -0.12723 -0.33304 -0.72135 0.54979 -1.18682 -0.39248 -0.69157 -0.17399 1.06473 
1.90097 -2.04007 -0.26074 -1.58601 -0.09351 -2.18366 1.28720 -0.82789 -1.20269 -0.27542 0.56679 -3.18972 1.85843 -0.20383 -0.07791 0.67394 0.18438 0.47820 -0.19724 -0.82504 0.11041 -0.36909 0.03937 -0.67442 -0.07811 0.74044 0.05699 -0.34103 -0.48980 -0.07180 -0.51808 0.38880 0.22233 -1.81875 -1.87330 -1.89019 -1.07463 0.64580 -0.30221 
1.83991 -2.13521 0.20157 -1.48142 0.26063 -2.13935 1.00456 -1.01484 -1.74126 -0.06787 0.06223 -2.78972 2.34168 -0.07105 -0.16412 0.10863 0.22797 -0.00236 0.34460 -0.18700 -1.35839 -1.31219 -0.98372 -0.43756 0.28776 0.06035 0.18095 0.09701 -0.55811 0.36105 -0.63442 0.70325 0.98076 -1.29876 -0.04262 -1.10653 1.26155 0.00309 -0.56504 
1.82992 -2.20419 -0.15212 -1.35803 -0.09587 -1.83905 1.10020 -2.18628 -2.51488 -1.25914 0.12923 -2.90196 1.91879 -0.02289 0.01911 0.11583 0.54542 -0.15622 0.50601 0.15572 -1.18835 -0.41170 -1.06716 0.58714 -0.07502 0.17540 0.03759 0.35891 0.34540 0.23457 0.66624 -0.29336 -0.18149 1.21111 1.52579 1.74020 0.61012 0.05047 -0.16274 
1.81703 -2.11611 0.31740 -0.93600 0.10441 -1.63333 1.16029 -2.20319 -2.15297 -1.13503 0.64937 -2.86474 2.51707 -0.03346 0.19479 0.45402 0.46255 0.66388 0.05124 -0.36849 -0.14728 0.21360 0.75648 0.17256 0.33823 -0.10239 -0.00370 0.22346 0.26246 -0.60530 0.50541 -0.59171 -0.59385 1.40966 0.11565 2.26985 -1.48859 0.06907 -1.32170 
1.79646 -2.00940 0.30191 -0.89549 0.56801 -1.78781 0.73171 -2.33355 -2.30128 -0.50265 0.30179 -2.56373 1.81640 -0.02659 0.24257 0.37828 -0.05987 0.34919 -0.08569 -0.43813 0.22131 -0.29605 1.20269 -0.90145 -0.00595 -1.14630 -0.11286 0.15239 0.59392 -0.60373 -0.62767 0.08378 0.03581 0.84136 -0.27105 -1.00579 -1.28085 -0.28483 -0.33229 
1.79044 -1.87354 0.69568 -0.99587 0.45360 -1.71903 0.72216 -1.98188 -2.44902 0.06765 -0.25208 -2.87069 1.37077 -0.14632 0.34718 1.04794 -0.14118 0.03621 0.13502 -0.33268 0.69408 -0.05745 -0.24931 -1.10828 0.05340 -0.43468 -0.05859 0.10045 0.06930 0.29034 0.31423 0.16214 -0.30758 0.47836 0.20735 -2.72248 0.03006 0.63096 1.65143 
1.65013 -1.66223 1.34984 -1.03667 0.60422 -1.65279 0.39903 -1.63947 -2.35872 -0.75196 -0.80649 -2.51034 1.38172 -0.08518 0.34302 0.44759 0.23046 0.66342 0.07645 -0.74571 0.69967 -0.08870 -1.51979 -0.87139 0.62501 0.50513 -0.20458 -0.00662 -0.22679 0.26686 0.67863 0.52088 -0.05226 -1.31761 0.40056 -0.31535 -0.58851 0.31969 1.17461 
1.70526 -1.53052 1.14327 -0.76541 1.11702 -1.64258 -0.02355 -1.28222 -2.53772 -1.45214 -1.12347 -2.24569 1.87591 -0.35090 0.34056 0.82115 0.12568 0.71484 0.65590 -0.38494 -0.62352 0.34311 -0.56466 -1.69680 0.37309 0.73993 -0.42204 0.13087 0.77947 -0.09808 -0.25218 0.95859 0.65212 -2.20158 0.53356 1.34931 -0.47778 -0.42567 0.02599 
1.29923 -1.32166 2.17099 -0.91099 1.31906 -0.99689 0.01409 -2.26299 -2.01561 -1.31662 -2.50329 -2.13725 2.12165 -0.50722 0.47389 1.22705 0.13238 0.41124 1.03504 -0.09359 -1.50192 0.44486 -0.17049 -1.34917 0.19933 0.53113 0.74951 0.20673 -1.84737 1.11687 -0.88946 -0.43025 0.17003 0.32165 -0.02778 -0.38924 2.88810 0.32842 -0.63054 
1.19804 -1.05663 2.37032 -0.63303 1.52825 -0.60754 -0.11714 -2.78413 -2.09287 -1.62263 -2.47264 -2.04635 2.40703 0.39861 0.54730 -1.02623 1.24255 -0.17462 0.22565 -0.21491 -0.30187 0.31534 -0.95390 1.19131 0.70151 0.10939 1.03112 0.06760 -2.70678 0.89034 -0.68742 -1.29219 -0.03109 1.64961 0.47701 0.15550 2.29823 -0.07652 -0.80704 
1.69784 -0.77437 1.14477 0.33156 1.14444 -0.77124 -0.20083 -2.56486 -1.70028 -2.27051 -1.31198 -1.43574 2.23105 0.52390 0.54149 -1.47973 1.02272 -0.27618 -0.25715 -0.12468 0.14769 0.92186 -0.01499 0.94906 0.12281 -0.27592 -0.35598 -0.05891 0.60526 -1.28002 0.16317 -0.25248 0.06644 0.54012 0.46312 0.12292 -1.11124 -0.76594 -1.20204 
1.72194 -0.51514 0.89059 0.38969 1.25207 -0.86469 -0.24182 -2.63644 -1.17100 -1.63762 -1.52358 -1.92355 2.13112 0.04263 0.48838 -0.42097 -0.03747 -0.01145 -0.02683 -0.14848 0.23825 0.77845 -0.83098 0.08007 -0.06444 -1.09264 -0.62432 -0.21255 1.31545 -1.12255 0.56096 0.46979 -0.24039 -0.99700 -1.25055 -0.76914 -0.69877 0.32923 -0.68036 
1.74046 -0.28599 0.72380 0.29409 1.13299 -0.79808 -0.34930 -2.32662 -0.92182 -3.10149 -1.23191 -1.50018 1.13840 -0.10041 0.32894 -0.16428 -0.09983 0.28477 0.21265 -0.36507 -0.84931 -0.32869 -0.78413 0.25030 0.45203 -0.95628 -0.23149 -0.18263 0.89900 0.19806 0.22681 0.19031 0.21099 -1.16337 -1.42755 1.96452 0.21832 0.20788 1.21635 
1.62153 -0.18620 0.72631 0.28986 1.53685 -0.65204 -0.60689 -3.48575 -1.49969 -2.42175 -1.27328 -1.47151 1.17484 -0.18886 0.30576 0.47803 0.16059 0.21536 0.16348 0.06252 -0.92513 -0.64910 1.13355 0.29839 0.14344 0.12371 -0.11518 0.03183 0.78591 0.14598 -0.68976 -0.16999 1.01097 1.41727 0.49225 1.72462 -0.41552 -0.71222 0.88185 
1.55161 0.01977 1.20183 0.45468 1.34835 -0.63459 -0.28679 -3.25174 -1.57092 -1.96794 -0.93352 -1.35674 1.26211 -0.21560 0.36077 0.62163 0.04615 -0.40499 0.04266 0.64590 0.56796 0.16356 0.94049 -0.16523 -0.26019 -0.07442 -0.01237 -0.02775 -0.06671 -0.31068 -0.79776 -0.11570 0.43933 1.29753 0.89627 -1.06564 -0.45237 -0.66936 -1.32025 
1.40593 0.17457 1.34794 0.33600 1.13186 -0.60938 0.03901 -2.91779 -1.33613 -1.48126 -1.43851 -1.73170 1.10042 -0.20123 0.27800 0.41132 -0.15009 -0.58240 0.04778 0.50184 0.37240 0.24717 0.06790 -0.15397 -0.52592 -1.19654 0.17585 0.06203 -0.27927 -0.21637 0.14431 -0.02247 -0.64927 0.30315 0.20265 -1.75022 -0.37385 -0.58464 -1.12788 
1.35038 0.29777 1.61315 0.30459 0.76595 -0.58681 0.21506 -2.87934 -1.32375 -1.90004 -1.08749 -1.88265 0.06557 -0.03974 0.42280 0.34235 -0.17022 -0.26068 0.02019 -0.00337 0.87111 0.36621 -0.80973 -0.53908 -0.84483 -1.20230 0.15387 0.08397 -0.42650 0.02854 0.64737 -0.07893 -0.58546 0.24358 0.33090 -0.41231 -0.07335 0.59763 1.16469 
1.36619 0.59737 1.69029 0.16578 0.87118 -0.58919 0.03564 -2.04669 -0.96992 -2.29099 -1.97759 -2.57653 -0.10188 -0.04736 0.36197 -0.01518 -0.12155 0.06497 -0.03115 -0.08362 0.61598 0.57807 -0.34441 -0.22732 0.07172 -0.03185 -0.39066 -0.54428 -0.28196 -0.03416 -0.15001 -0.04457 -0.17952 -0.60544 -0.31800 1.39372 1.47531 1.50140 0.83979 
1.30302 0.65974 1.59797 0.18304 0.83092 -0.61796 0.13144 -2.26336 -0.74569 -2.24445 -1.31481 -1.81094 0.03373 -0.43041 -0.12148 0.06039 -0.20439 -0.41069 -0.02438 -0.18289 0.26567 0.04821 0.58399 0.93623 0.65657 -0.36250 -0.89678 -1.03195 -1.16781 0.11423 -0.11215 0.39732 0.36770 1.29080 -0.17105 2.28365 1.09597 1.08587 -0.16982 
0.93578 0.47589 1.75068 -0.03860 0.46049 -0.61357 -0.14726 -1.78102 -0.92171 -1.70700 -1.04136 -1.91995 -0.46439 -0.94414 -0.66998 -1.18299 -0.00732 -0.04718 0.36617 0.28408 1.90678 0.40701 1.93924 0.86865 1.15758 -0.20166 -0.43000 -0.25370 -1.13599 0.21483 0.30948 0.41873 0.58780 1.04106 0.23136 0.11985 -1.16106 0.46341 1.15106 
0.35888 -0.01023 0.41498 0.17572 0.78375 -0.25179 0.41552 -0.35658 -0.33867 -0.30521 -0.44615 -0.65336 -0.16794 -0.86041 -0.37518 -1.07560 0.01044 -0.10121 0.39435 0.40490 1.30673 0.27957 0.70384 -0.22483 1.11998 0.78856 0.48244 0.45783 0.78474 -0.10555 -0.36786 -0.47036 -0.91176 -1.90888 0.19018 -2.26303 -1.11848 -1.29397 0.55363 
0.07537 0.10072 0.67509 -0.02816 0.35927 -0.21921 0.25765 -0.47428 -0.64214 -1.00316 -1.26618 -0.79997 0.32417 -0.46170 -0.21215 -0.39825 -0.11287 -0.41504 -0.10419 -0.62768 -0.00210 0.59719 -0.32379 -0.24983 -0.13639 0.35197 0.65869 0.21267 0.53594 -0.12809 -0.05752 -0.59985 -0.50754 -0.87236 0.73493 -0.12569 1.26664 -0.62473 -0.97389 
-0.10281 -0.22238 0.01673 0.06286 0.36871 -0.35598 -0.21216 -0.35868 0.25852 -0.62900 -0.69598 -0.78975 0.18403 -0.20172 -0.16251 -0.53966 -0.11765 -0.15873 -0.20549 -0.10264 0.43437 1.01450 0.57815 1.04182 0.49525 -0.18533 0.61718 0.24812 0.70590 -0.17178 0.31691 0.20082 0.93684 -0.06096 -0.58673 0.17590 1.17538 0.69530 0.09708 
-0.12635 -0.06180 0.13543 -0.14582 0.20054 -0.42471 0.15501 -0.03991 0.37236 -0.42500 -0.22436 -0.30472 0.13884 0.15548 0.03597 0.30765 -0.28465 -0.09813 0.09663 0.30915 -0.06306 0.01046 -0.14789 0.92555 0.55891 0.44904 -0.71497 -2.06274 3.08816 -1.05140 1.13219 0.50849 0.80794 -1.42482 -1.89181 -1.98343 -0.29049 -1.43992 3.39936 
0.05267 -0.18641 0.32438 -0.22179 0.27059 -0.25935 0.09700 -0.42174 0.26898 -0.77689 0.22957 -0.23084 0.63308 -0.91669 -2.22525 2.54850 -1.16906 0.97346 0.30299 0.70529 -0.99045 -0.87731 -1.40528 0.75133 -0.94466 3.21403 -1.04158 -1.96075 1.99081 -0.74648 0.95470 0.09583 0.01664 -0.21306 -0.78270 -0.43159 -0.69731 -1.74075 1.97941 
-1.04303 -2.28705 2.68394 -1.31487 1.17400 -0.12172 0.86030 -1.03036 -0.50495 -1.83028 0.52697 -1.24938 3.35287 -0.88610 -1.92478 2.29847 -1.03113 0.85657 0.19246 0.32580 -0.27612 -0.77224 -0.57948 0.22824 -1.18184 2.42846 1.73195 4.04034 -3.46216 2.03340 -1.82332 -0.21066 -1.30290 1.60722 1.55613 2.85543 -0.85240 0.74844 -4.89890 
-0.83343 -2.11119 2.62285 -1.25292 1.12716 -0.06689 0.42280 -0.69786 -0.50327 -1.35637 0.45780 -1.41268 3.06153 0.81526 1.81509 -0.91365 0.86435 -0.84987 0.09233 -0.59760 0.61678 0.67882 1.45016 -0.10107 -0.19622 -1.68487 1.50974 3.36260 -4.34845 1.92337 -2.30193 -1.11965 0.22127 0.53088 -1.37705 1.03673 0.22114 1.80737 -3.62864 
-0.22777 -0.47196 1.77028 -0.45053 0.32413 -0.02938 0.26270 -0.41358 0.17387 -0.38012 0.42589 -1.44561 1.66800 0.62365 1.43782 -2.04999 0.89224 -1.44535 -0.92719 0.54707 0.25476 -2.14929 0.45725 0.44938 0.62553 -1.20018 -1.40414 -3.78080 0.89907 -0.84481 2.69820 -2.35439 0.78011 0.72443 -2.04130 -0.55792 -0.04353 -0.18158 2.36086 
-0.20978 -0.67337 0.57286 -0.36067 -0.31820 -0.99408 0.96987 -0.44310 -2.65256 -0.89911 0.90718 -0.78715 1.86135 -0.58889 -1.96571 -0.01458 0.01954 1.84833 -2.26205 0.18251 1.34120 -1.36248 0.89224 -0.14460 -0.37780 0.67599 -1.03984 -2.50731 2.72092 -0.71487 3.95157 0.33158 -0.82995 1.52002 4.34754 1.26215 -0.53907 -1.82136 1.70729 
-0.81666 -2.43767 1.75570 -0.43099 2.17246 -2.29144 0.44521 0.92762 -1.18861 0.51211 0.28129 -1.82341 2.34399 -0.41619 -1.06948 0.67094 0.17737 2.50621 -0.59561 -0.28288 1.77477 2.19825 1.71941 -0.08969 -1.19583 0.50711 1.18086 3.83044 -1.32722 0.55087 -2.60187 3.95763 -0.31114 -1.60933 2.73297 -1.20969 0.88554 1.35833 -2.42792 
-0.62597 -1.74285 1.24380 -0.18330 2.18802 -1.58969 0.68699 1.33167 -0.45431 0.82029 0.81750 -1.98298 2.36846 0.59197 1.86473 -1.34181 0.57041 -0.75354 1.69557 -0.12863 -0.26813 1.37050 -0.31745 0.74094 0.98053 -1.75193 0.92611 2.61957 -1.83846 -0.07600 -4.67748 1.74129 -0.42790 -2.87767 -1.17288 -2.50392 -0.61471 3.03809 -2.53068 
-0.22469 -0.57294 0.41389 0.13942 1.41893 -0.59587 0.31658 0.65949 0.18189 0.19466 1.02223 -0.84288 0.59206 0.50992 1.55009 -1.16752 0.10137 -2.17127 1.14568 -0.71078 -1.10290 1.02537 -0.78452 -0.70440 1.84226 -2.02357 -0.39487 -1.38617 0.77714 -0.91726 -0.58647 -1.05236 0.09414 -0.65276 -1.52142 -0.23854 -1.74057 -0.14470 1.52733 
-0.11605 -0.19276 0.07628 -0.08193 0.01675 -0.44401 -0.02379 0.22878 0.57106 0.03578 0.11310 -0.14072 0.34488 0.19710 0.47856 -0.56467 -0.34685 -1.34000 0.64321 -0.03449 -0.92089 -0.15092 -0.55599 -0.99963 0.83583 -0.22460 -0.39494 -1.44438 1.06910 -0.08265 2.33474 -0.77305 0.83963 0.83693 -1.44598 0.42190 -0.16239 -1.88746 2.37892 
-0.02758 -0.09438 -0.15077 -0.20743 0.07892 0.04734 0.28208 -0.26140 0.03097 -0.36132 0.02260 -0.00705 0.36746 0.11498 0.10571 -0.09842 0.01872 0.16347 0.37263 0.12885 -0.26596 -0.42061 -0.36262 -0.86679 -0.04520 0.35535 -0.16357 -0.43282 0.71962 0.56004 1.39196 -0.81322 -0.24748 1.08386 0.32544 0.71528 0.88548 -0.88993 0.13720 
-0.00108 -0.08705 -0.02214 -0.06320 0.18022 -0.07139 0.10506 -0.03719 0.15046 -0.32684 -0.75369 -0.18593 0.70023 0.03354 0.04574 0.15496 0.21319 0.05196 -0.17001 -0.28197 0.16296 0.17452 0.15929 -0.11416 -0.05410 -0.08740 -0.27201 -1.13352 1.48975 0.04522 0.33280 -0.82299 0.37454 -0.41715 0.47917 -0.51008 2.16343 -0.31200 0.44105 
0.00595 -0.04864 0.00418 0.00576 0.13088 -0.12268 0.00011 -0.09844 0.20549 -0.20203 -0.09155 -0.06115 0.28006 -0.15703 -1.02782 1.39133 0.06395 0.49627 -0.45036 0.50339 -0.68312 0.05856 -0.87269 1.29664 -0.35721 0.79640 -0.43449 -0.86155 1.88422 -0.28447 0.78259 -0.16793 0.76598 -1.18145 -0.04499 -0.99098 0.76753 -0.25875 1.41991 
-0.15811 -1.11487 1.36919 0.00075 0.67649 -0.52175 0.60845 -0.72030 0.20902 -1.19953 0.54295 -0.54313 1.49664 -0.40095 -0.81581 2.03918 -0.07128 0.83455 -0.33795 0.48401 -1.01849 0.12953 -0.83169 0.65337 -0.31285 1.33251 0.26418 2.00615 -2.85396 -0.30275 -1.07232 1.08901 -0.78644 1.29922 -0.58813 1.44511 -1.93835 0.72354 -1.56304 
-0.39500 -0.86444 2.04336 -0.06552 0.96543 -0.46062 0.48412 -1.11693 0.33502 -1.03372 0.56182 -0.37400 1.61257 0.10714 0.97834 -1.46264 -0.23880 -0.57605 0.63865 -0.28305 0.61611 -0.52957 0.57242 -0.64171 0.36633 -0.76664 0.78786 1.57653 -4.02760 0.06515 -1.69116 0.66715 -0.85471 2.13255 -0.35983 1.62753 -1.07143 0.49631 -2.79423 
-0.05096 -0.13654 -0.09345 -0.23806 0.10044 0.11690 0.32540 -0.10420 -0.32055 -0.62711 -0.09876 -0.17680 0.73000 0.38691 0.76073 -1.98842 -0.00613 -0.85660 0.32921 -0.37071 1.11406 -0.23030 0.79584 -0.41806 0.18346 -1.46172 -0.41463 -1.37445 3.49000 -0.34046 0.64474 -0.43963 0.27708 -0.50808 1.49237 -0.00969 0.86266 -0.70052 1.25408 
-0.00809 -0.10371 0.05494 -0.07165 0.10883 -0.13142 0.11341 -0.00286 0.10473 -0.23788 0.14376 -0.19054 0.15085 -0.30748 -0.39611 2.02736 -0.57926 0.06868 0.19902 -0.00598 0.10803 0.96280 0.56273 0.22095 -0.33419 0.48744 -0.79042 -4.07043 2.30532 -0.84482 1.27295 -0.29466 2.22511 -1.04797 -0.86860 -3.78258 0.62567 0.95837 3.58018 
-0.35844 -0.53265 1.93391 -0.81731 0.16912 0.31592 0.31942 0.00383 0.64225 -0.06438 0.12219 -0.51099 1.21744 -0.40352 -3.30970 0.31690 -0.85095 0.41635 0.03454 1.85440 0.06609 -1.09889 -2.98673 0.20761 1.14183 2.11846 0.78734 -1.34227 -3.47194 1.10988 0.41149 -0.32105 1.49328 -0.77238 -3.15412 -3.06415 0.67137 1.28027 -0.07681 
-0.41161 -3.41341 0.37184 -0.92260 0.52518 -0.09688 1.96782 0.06322 -0.99417 -3.22461 0.35138 0.95129 2.26931 0.47986 -1.73838 -1.44458 0.53062 0.48018 -0.12203 1.48730 -0.66435 -2.19132 -2.50142 0.89232 0.94608 0.41063 0.82504 4.19312 -0.32589 2.98523 -0.85110 -1.09723 -2.48465 0.92238 2.13956 3.29938 -0.60392 -2.57257 -2.91689 
0.12141 -2.27103 0.48933 -0.28669 0.64930 0.19389 1.80672 -0.66051 -1.54907 -2.56580 1.01450 0.43509 1.62807 0.42152 0.88342 -0.00899 2.13428 -0.43475 -1.06269 -0.63024 0.98847 1.04067 0.31264 -0.39631 -1.43074 -0.79843 -1.08647 1.87910 1.68239 0.45570 -0.89350 -1.50112 -1.79542 0.96093 3.98567 2.68546 -1.20747 -1.35313 -1.87883 
0.00991 -2.53000 0.36285 1.21169 0.09043 -1.15957 1.33757 1.05170 0.04650 -2.91197 -0.04493 -0.47945 1.47088 -0.60661 0.14071 0.23781 0.98632 -0.41332 -1.62315 -0.30812 0.29658 1.79435 0.18404 -0.31516 -0.40705 -1.46820 -0.50031 0.72990 -0.52840 -3.37803 0.18446 1.63532 0.40771 -1.86573 -1.31859 1.75620 1.34178 1.62232 -0.95021 
-0.48520 -2.13032 0.72715 0.69962 0.23599 -1.42926 1.49860 -0.36393 0.24528 -2.38176 0.69935 0.02804 0.15986 -0.07879 1.61332 -0.53739 -1.24375 -0.25029 0.57263 -0.22254 -0.87726 -0.27792 2.06885 0.94547 0.19157 -1.74865 1.01823 1.86714 -0.83180 -1.76270 0.42633 2.83961 -1.36444 0.12891 -1.76950 2.08382 -0.52664 0.03884 1.78521 
-0.06888 -0.91667 -0.17453 -0.03206 -0.15985 -0.58694 1.11504 0.17444 -0.23141 -0.84312 0.90054 -0.28788 -0.27777 0.41162 2.00786 -0.59399 -0.77638 0.01302 1.21646 -1.67257 0.42549 0.02485 2.26787 -0.84180 -0.36821 0.31701 0.15593 -0.69841 0.79803 1.23380 0.48845 -0.05501 -0.87369 0.50653 0.52722 -1.46111 -1.90026 -0.04395 2.05910 
-0.07358 -0.12246 0.13316 -0.07675 0.24900 -0.21280 -0.17397 0.06156 0.27013 -0.11390 -0.14245 -0.34017 0.47688 0.07714 0.91492 0.26064 -0.00995 0.23817 0.51762 -1.09623 -0.37072 0.24930 0.60774 -0.95479 0.14762 0.31045 -0.57017 -2.18538 0.89804 0.69047 -0.03263 -1.14512 2.10014 -0.93532 0.06059 -2.22791 1.43744 0.53623 -0.58934 
0.00826 -0.00176 0.08611 -0.04201 0.07831 -0.06932 0.01881 -0.19628 0.01788 -0.23538 -0.05425 -0.14026 0.03268 -0.15856 -0.17753 0.30406 -0.08591 -0.01961 0.07134 0.42758 -0.50983 0.08543 0.03996 0.59564 0.16802 -0.27232 -0.45820 -1.11835 0.21184 -0.06058 0.14443 -0.69926 1.15263 0.31747 0.23227 -0.47081 1.29906 -0.32142 -0.07342 
-0.23214 -0.29999 0.43721 -0.16267 0.22939 -0.14146 0.25361 -0.44827 0.35556 -0.07394 0.45319 -0.17215 0.20456 -0.38106 -0.20343 0.47248 -0.07052 0.38259 -0.18164 0.05640 -0.05325 0.48156 0.13693 0.34427 -0.17380 0.23703 0.40849 0.33067 -0.75353 0.05072 -0.23081 0.03175 -0.46048 0.69595 -0.48129 -0.49162 -1.04586 -0.20760 0.29438 
-0.37279 -0.20519 0.55858 -0.11254 0.46090 -0.25096 0.07521 -0.24954 0.49944 -0.09845 0.29002 -0.31405 0.26972 0.24994 0.15314 -0.44947 -0.03519 -0.25042 0.10309 -0.03290 0.18612 -0.39585 -0.45166 -0.45022 -0.03958 0.02206 0.77420 0.37351 -0.95768 0.10371 -0.76412 0.30956 -0.06840 0.14337 -0.86834 -0.24044 -0.55506 0.34874 -0.37527 
0.01779 -0.14685 -0.01226 -0.19786 -0.02102 -0.03838 0.22071 -0.26215 -0.04029 -0.52560 0.00297 -0.21173 0.22662 0.39314 0.17008 -0.48520 0.03318 -0.38153 0.12792 -0.01200 0.09011 -0.38678 -0.10351 -0.21079 0.17494 -0.13824 -0.25616 -0.03032 0.52297 0.19238 0.32729 -0.11328 -0.12110 -0.01864 0.50015 0.89088 0.53154 0.17865 -0.15076 
0.02035 -0.03511 0.07338 -0.07936 0.07938 -0.12304 0.06321 -0.15943 0.11267 -0.20196 0.07923 -0.13911 0.13148 -0.00622 0.12282 0.07350 0.15718 0.07687 -0.01019 -0.15400 0.16748 0.10430 0.43922 0.08132 0.13907 -0.12870 -0.40550 -0.15784 0.46832 0.00569 0.36956 -0.06024 0.00975 -0.01973 0.35682 0.17908 0.24378 -0.12770 0.10989 
0.01157 -0.02403 0.06124 -0.04068 0.05585 -0.04857 0.06670 -0.09467 0.06401 -0.08638 0.08429 -0.07266 0.09792 -0.01236 0.01225 -0.01688 0.03888 -0.01197 0.06768 -0.00224 0.07038 -0.02995 0.07557 0.03299 0.04724 -0.02834 0.00332 -0.12408 -0.05548 -0.17282 -0.06838 0.01958 0.13077 -0.14024 -0.10904 -0.45081 -0.06107 -0.16082 0.14880 
0.00799 -0.02286 0.05650 -0.04048 0.06741 -0.05536 0.06097 -0.08905 0.08271 -0.12638 0.11222 -0.09187 0.10314 -0.00291 -0.00126 0.01802 -0.01564 0.00849 0.00939 -0.02324 0.02724 -0.00475 -0.01159 0.02025 -0.02175 0.02010 0.01843 -0.01647 0.01829 -0.03542 -0.00051 -0.05345 -0.01322 -0.06080 0.02644 -0.05683 -0.05874 -0.03950 0.04793 
0.00866 -0.02528 0.07926 -0.05631 0.06434 -0.03918 0.04347 -0.06742 0.05926 -0.09798 0.10454 -0.09441 0.11802 0.00607 -0.00422 0.00141 0.00345 -0.01248 0.01424 -0.01546 0.00958 -0.00351 0.01875 -0.02575 0.00774 0.01959 0.00459 -0.00025 -0.02256 0.02534 -0.02256 -0.00778 0.03933 -0.06712 0.02479 0.02431 -0.05932 0.04882 -0.02266 
0.01406 -0.02708 0.05791 -0.03703 0.05493 -0.04112 0.04550 -0.07946 0.07920 -0.10764 0.08647 -0.08413 0.12273 0.00168 -0.00151 -0.00454 0.00970 -0.01407 0.00161 0.01610 -0.03988 0.02005 0.01272 -0.03907 0.02706 -0.00256 0.00597 -0.00970 0.02452 -0.02912 0.03655 -0.03929 0.05012 -0.06762 0.03376 -0.08633 0.09428 -0.04937 0.01692 
