0.01446 -0.01702 0.05185 -0.09151 0.08810 -0.05014 0.06309 -0.07813 0.07622 -0.07282 0.07900 -0.07694 0.10693 -0.42750 -0.45784 1.94783 -0.63016 0.92660 0.55498 1.18827 -1.63978 0.67809 -1.05992 -0.89477 -0.21582 0.94983 -0.44261 -0.82536 2.04983 -0.82971 0.67451 0.25175 1.17918 -1.29011 1.27204 0.26605 0.86592 0.79962 2.12419 
-0.41074 -0.47849 1.98719 -0.73907 0.99634 0.50093 1.24884 -1.71440 0.75068 -1.13220 -0.75117 -0.28517 1.05728 -0.52988 -0.63770 1.80826 -0.56987 0.56411 0.29774 1.02284 -1.34899 0.79662 -0.16627 -0.06946 0.18887 1.26503 0.85328 0.91703 -3.88560 1.28939 -1.83481 -1.10525 -2.38476 3.28282 -1.33988 2.10579 1.72924 0.41181 -1.88232 
-0.51542 -0.65473 1.86011 -0.66139 0.65222 0.24760 1.08593 -1.42712 0.87284 -0.23909 0.00954 0.11193 1.37196 0.42577 0.45919 -1.93776 0.65923 -0.90821 -0.55027 -1.19649 1.64304 -0.66178 1.04586 0.83447 0.19599 -0.93250 1.06269 1.27482 -3.61971 1.14668 -1.13356 -0.59191 -2.05185 2.70427 -1.59162 0.31957 0.15795 -0.38725 -2.53300 
0.01503 -0.01929 0.04943 -0.07984 0.08813 -0.04934 0.05235 -0.07136 0.08890 -0.08633 0.08331 -0.08918 0.12479 0.53281 0.63712 -1.81145 0.57681 -0.56945 -0.29417 -1.02901 1.35528 -0.79500 0.15330 0.08849 -0.19838 -1.26797 -0.42342 -0.45751 1.93699 -0.66397 0.90285 0.55303 1.20106 -1.64352 0.65073 -1.04532 -0.81975 -0.19326 0.91170 
0.01738 -0.01761 0.04866 -0.08458 0.08277 -0.04657 0.05692 -0.07184 0.07784 -0.08579 0.09803 -0.08645 0.10399 0.00235 0.00169 -0.00077 -0.00474 -0.00536 0.00277 0.00457 -0.00048 -0.01105 0.00054 0.01472 0.00273 -0.02080 -0.53281 -0.63712 1.81145 -0.57681 0.56945 0.29417 1.02901 -1.35528 0.79500 -0.15330 -0.08849 0.19838 1.26797 
0.01738 -0.01761 0.04866 -0.08458 0.08277 -0.04657 0.05692 -0.07184 0.07784 -0.08579 0.09803 -0.08645 0.10399 0.00000 0.00000 0.00000 0.00000 0.00000 0.00000 0.00000 0.00000 0.00000 0.00000 0.00000 0.00000 0.00000 -0.00575 -0.00652 -0.00665 -0.01559 -0.00410 -0.01130 -0.00646 -0.00365 0.02100 0.00914 0.01524 0.01559 0.04185 
0.01738 -0.01761 0.04866 -0.08458 0.08277 -0.04657 0.05692 -0.07184 0.07784 -0.08579 0.09803 -0.08645 0.10399 -0.00340 -0.00483 -0.00743 -0.02033 -0.00946 -0.00853 -0.00189 -0.00413 0.00994 0.00968 0.02996 0.01832 0.02105 -0.00052 0.00026 0.00027 -0.00204 0.00289 -0.00161 0.00131 -0.00028 -0.00130 0.00276 -0.00367 0.00264 -0.00140 
0.01399 -0.02244 0.04123 -0.10490 0.07331 -0.05511 0.05504 -0.07597 0.08779 -0.07611 0.12798 -0.06814 0.12504 -0.00052 0.00026 0.00027 -0.00204 0.00289 -0.00161 0.00131 -0.00028 -0.00130 0.00276 -0.00367 0.00264 -0.00140 0.00679 0.00966 0.01486 0.04065 0.01892 0.01707 0.00377 0.00826 -0.01989 -0.01936 -0.05992 -0.03663 -0.04211 
0.01686 -0.01735 0.04893 -0.08661 0.08566 -0.04818 0.05823 -0.07212 0.07654 -0.08303 0.09436 -0.08382 0.10259 0.00340 0.00483 0.00743 0.02033 0.00946 0.00853 0.00189 0.00413 -0.00994 -0.00968 -0.02996 -0.01832 -0.02105 -0.00137 -0.00479 -0.01131 -0.01391 -0.01312 -0.00614 -0.00688 0.00152 0.01116 -0.00199 0.04741 0.00934 0.01933 
0.01738 -0.01761 0.04866 -0.08458 0.08277 -0.04657 0.05692 -0.07184 0.07784 -0.08579 0.09803 -0.08645 0.10399 -0.00190 -0.00453 -0.01103 -0.01595 -0.01022 -0.00775 -0.00557 0.00124 0.00986 0.00077 0.04374 0.01198 0.01793 -0.00340 -0.00483 -0.00743 -0.02033 -0.00946 -0.00853 -0.00189 -0.00413 0.00994 0.00968 0.02996 0.01832 0.02105 
0.01497 -0.02188 0.03789 -0.10256 0.07544 -0.05593 0.05266 -0.07088 0.08640 -0.08226 0.13810 -0.07184 0.12052 0.00000 0.00000 0.00000 0.00000 0.00000 0.00000 0.00000 0.00000 0.00000 0.00000 0.00000 0.00000 0.00000 0.00431 0.00881 0.02180 0.03394 0.01756 0.01711 0.00983 -0.00220 -0.01841 -0.00430 -0.08382 -0.02659 -0.03447 
0.01738 -0.01761 0.04866 -0.08458 0.08277 -0.04657 0.05692 -0.07184 0.07784 -0.08579 0.09803 -0.08645 0.10399 0.00242 0.00427 0.01076 0.01799 0.00733 0.00936 0.00426 -0.00096 -0.00856 -0.00353 -0.04007 -0.01462 -0.01654 0.01124 -0.01050 0.03849 -0.03834 0.05110 -0.02235 0.03857 -0.05809 0.05336 -0.06243 0.02573 -0.07599 0.06829 
0.01738 -0.01761 0.04866 -0.08458 0.08277 -0.04657 0.05692 -0.07184 0.07784 -0.08579 0.09803 -0.08645 0.10399 0.01124 -0.01050 0.03849 -0.03834 0.05110 -0.02235 0.03857 -0.05809 0.05336 -0.06243 0.02573 -0.07599 0.06829 -0.00538 -0.00689 0.00142 -0.02096 -0.02614 0.00114 -0.00288 -0.01416 0.01738 0.01458 0.02100 0.01302 0.04349 
0.02863 -0.02811 0.08714 -0.12291 0.13387 -0.06893 0.09550 -0.12993 0.13121 -0.14822 0.12376 -0.16244 0.17227 -0.00296 -0.00261 0.01219 -0.00298 -0.01881 0.01050 0.00138 -0.01512 0.00883 0.01104 -0.01907 -0.00160 0.02696 -0.01158 0.00880 -0.04645 0.01807 -0.05017 0.01250 -0.04133 0.06646 -0.05776 0.06563 0.01044 0.09215 -0.07166 
0.01443 -0.02022 0.06084 -0.08756 0.06396 -0.03607 0.05830 -0.08697 0.08667 -0.07475 0.07895 -0.08805 0.13094 -0.00034 -0.00171 -0.00796 -0.02027 0.00093 -0.00986 -0.00276 0.00838 -0.00440 0.00320 0.03618 0.01616 -0.00338 0.01682 -0.00699 0.00616 -0.05265 0.08965 -0.05322 0.03306 -0.01946 0.03132 -0.08132 0.10005 -0.05664 0.01100 
0.02829 -0.02982 0.07918 -0.14319 0.13480 -0.07878 0.09274 -0.12155 0.12681 -0.14502 0.15993 -0.14628 0.16890 0.01386 -0.00960 0.01834 -0.05563 0.07084 -0.04271 0.03444 -0.03459 0.04014 -0.07027 0.08098 -0.05823 0.03795 -0.01197 0.01375 -0.02015 0.07784 -0.05600 0.04317 -0.03071 0.03588 -0.04245 0.06102 -0.10649 0.04554 -0.05450 
0.02829 -0.02982 0.07918 -0.14319 0.13480 -0.07878 0.09274 -0.12155 0.12681 -0.14502 0.15993 -0.14628 0.16890 -0.01231 0.01204 -0.02811 0.05757 -0.05507 0.03331 -0.03346 0.04426 -0.04684 0.06422 -0.07031 0.06169 -0.05788 -0.02477 0.02181 -0.04887 0.11424 -0.12287 0.07492 -0.07026 0.08430 -0.08911 0.12950 -0.14289 0.11807 -0.10286 
0.01598 -0.01777 0.05107 -0.08562 0.07973 -0.04547 0.05928 -0.07729 0.07997 -0.08080 0.08962 -0.08459 0.11101 -0.01091 0.01221 -0.03053 0.05861 -0.05203 0.03221 -0.03582 0.04971 -0.04897 0.05923 -0.06191 0.05983 -0.06491 0.01010 -0.01514 0.03098 -0.04371 0.04217 -0.02875 0.03108 -0.05669 0.06900 -0.06508 0.05011 -0.06757 0.09576 
0.01738 -0.01761 0.04866 -0.08458 0.08277 -0.04657 0.05692 -0.07184 0.07784 -0.08579 0.09803 -0.08645 0.10399 -0.00222 -0.00310 0.00287 0.01385 -0.01290 0.00456 -0.00238 -0.01243 0.02216 -0.00086 -0.02020 -0.00588 0.03788 0.01091 -0.01221 0.03053 -0.05861 0.05203 -0.03221 0.03582 -0.04971 0.04897 -0.05923 0.06191 -0.05983 0.06491 
0.01376 -0.02087 0.05394 -0.07177 0.06682 -0.04091 0.05690 -0.08972 0.10213 -0.08166 0.06942 -0.09047 0.14889 0.00000 0.00000 0.00000 0.00000 0.00000 0.00000 0.00000 0.00000 0.00000 0.00000 0.00000 0.00000 0.00000 0.01756 -0.00894 0.01760 -0.07379 0.09588 -0.04764 0.02381 -0.01196 0.02474 -0.07095 0.08693 -0.04974 0.00903 
0.01738 -0.01761 0.04866 -0.08458 0.08277 -0.04657 0.05692 -0.07184 0.07784 -0.08579 0.09803 -0.08645 0.10399 0.01534 -0.01204 0.02047 -0.05993 0.08298 -0.04308 0.02143 -0.02438 0.04689 -0.07181 0.06673 -0.05562 0.04691 0.00000 0.00000 0.00000 0.00000 0.00000 0.00000 0.00000 0.00000 0.00000 0.00000 0.00000 0.00000 0.00000 
0.02911 -0.03291 0.07441 -0.13170 0.14980 -0.08399 0.07834 -0.11410 0.14902 -0.15348 0.13616 -0.14608 0.19580 0.00000 0.00000 0.00000 0.00000 0.00000 0.00000 0.00000 0.00000 0.00000 0.00000 0.00000 0.00000 0.00000 -0.02707 0.02733 -0.04622 0.10705 -0.15001 0.08049 -0.04285 0.06665 -0.11807 0.13950 -0.10486 0.11525 -0.13872 
0.01738 -0.01761 0.04866 -0.08458 0.08277 -0.04657 0.05692 -0.07184 0.07784 -0.08579 0.09803 -0.08645 0.10399 -0.01172 0.01530 -0.02575 0.04712 -0.06703 0.03741 -0.02141 0.04226 -0.07118 0.06769 -0.03813 0.05963 -0.09182 -0.00151 -0.00516 -0.00045 -0.00762 -0.00621 0.01047 0.01163 -0.01483 0.00836 -0.00604 -0.04353 0.01232 0.05951 
0.01738 -0.01761 0.04866 -0.08458 0.08277 -0.04657 0.05692 -0.07184 0.07784 -0.08579 0.09803 -0.08645 0.10399 -0.00151 -0.00516 -0.00045 -0.00762 -0.00621 0.01047 0.01163 -0.01483 0.00836 -0.00604 -0.04353 0.01232 0.05951 0.01172 -0.01530 0.02575 -0.04712 0.06703 -0.03741 0.02141 -0.04226 0.07118 -0.06769 0.03813 -0.05963 0.09182 
0.01588 -0.02277 0.04821 -0.09220 0.07656 -0.03610 0.06855 -0.08667 0.08621 -0.09183 0.05449 -0.07413 0.16350 0.00000 0.00000 0.00000 0.00000 0.00000 0.00000 0.00000 0.00000 0.00000 0.00000 0.00000 0.00000 0.00000 0.00503 0.00597 0.00014 -0.03094 0.00738 -0.02983 0.00340 0.01226 -0.05915 -0.07347 0.08528 -0.00905 -0.06944 
0.01738 -0.01761 0.04866 -0.08458 0.08277 -0.04657 0.05692 -0.07184 0.07784 -0.08579 0.09803 -0.08645 0.10399 0.00352 0.00081 -0.00031 -0.03856 0.00117 -0.01937 0.01504 -0.00257 -0.05079 -0.07950 0.04175 0.00327 -0.00993 -0.00052 0.00026 0.00027 -0.00204 0.00289 -0.00161 0.00131 -0.00028 -0.00130 0.00276 -0.00367 0.00264 -0.00140 
0.01939 -0.02196 0.04790 -0.13076 0.07773 -0.05547 0.08359 -0.08924 0.03542 -0.17133 0.09624 -0.07086 0.15356 -0.00052 0.00026 0.00027 -0.00204 0.00289 -0.00161 0.00131 -0.00028 -0.00130 0.00276 -0.00367 0.00264 -0.00140 -0.00553 0.00354 0.00106 0.08474 0.00387 0.02826 -0.04171 0.01996 0.09321 0.16505 -0.03996 -0.01886 -0.03964 
0.01686 -0.01735 0.04893 -0.08661 0.08566 -0.04818 0.05823 -0.07212 0.07654 -0.08303 0.09436 -0.08382 0.10259 -0.00201 0.00435 0.00075 0.04618 0.00504 0.00890 -0.02667 0.01739 0.04242 0.08554 0.00179 -0.01559 -0.04958 0.17790 0.16824 0.36921 0.24398 -0.07008 -0.15057 -0.29072 -0.95293 -0.99929 -1.27405 -1.34082 -0.87227 -0.68709 
0.01738 -0.01761 0.04866 -0.08458 0.08277 -0.04657 0.05692 -0.07184 0.07784 -0.08579 0.09803 -0.08645 0.10399 0.17737 0.16850 0.36948 0.24194 -0.06719 -0.15218 -0.28941 -0.95321 -1.00059 -1.27128 -1.34449 -0.86963 -0.68848 1.80361 1.01038 1.51132 0.25239 -0.03850 -1.52430 -0.76748 -2.07093 -1.28364 -2.35677 -1.09602 -1.82201 -0.52459 
0.19423 0.15115 0.41840 0.15533 0.01847 -0.20036 -0.23117 -1.02534 -0.92405 -1.35432 -1.25013 -0.95345 -0.58589 1.80160 1.01473 1.51207 0.29857 -0.03346 -1.51540 -0.79415 -2.05353 -1.24122 -2.27122 -1.09424 -1.83761 -0.57417 1.50926 0.45222 0.54744 -0.74086 -0.52500 -1.60408 -0.20354 0.35263 1.56885 1.35813 2.53769 0.66309 1.11524 
1.81898 0.99712 1.56073 0.21400 0.04931 -1.56198 -0.73723 -2.12537 -1.16337 -2.35702 -0.99621 -1.92406 -0.47018 1.68663 0.62072 0.91692 -0.49892 -0.59219 -1.75626 -0.49294 -0.60058 0.56826 0.08684 1.19320 -0.20654 0.42676 -1.69278 -1.30195 -1.89752 -1.07298 -1.07440 0.82110 0.41220 2.84629 2.05564 3.03080 2.49013 3.07905 0.76913 
1.88087 0.77187 1.33532 -0.34359 -0.57372 -1.95663 -0.72411 -1.62592 -0.35579 -1.26747 -0.05694 -1.15999 -0.15913 0.10881 -0.28722 -0.38545 -0.77441 -1.10787 -0.69431 -0.38195 0.79276 0.81442 0.75958 1.39589 1.24145 0.19496 -1.58175 -1.06706 -0.72805 0.84235 -0.21889 0.75674 -0.04859 1.62293 -0.04200 -0.75172 -1.97861 1.03647 0.50232 
1.92779 0.70990 1.17528 -0.56041 -1.05856 -2.25628 -1.11918 -1.33261 -0.34895 -1.59744 0.39968 -0.68261 -0.27522 0.10489 -0.44634 0.18887 0.34343 -0.81108 -0.99952 -0.54153 1.02235 0.52626 -0.66488 -0.78541 0.82993 0.92907 -0.05872 -0.41329 0.70927 2.54627 0.68962 -0.77401 0.14807 0.43561 -1.18962 -1.71277 -1.72012 -0.48441 1.10603 
1.98575 0.32553 1.52419 -0.00016 -1.38480 -2.95615 -1.26565 -0.60356 0.17048 -1.93235 -0.84235 -0.33006 0.76994 0.05009 -0.70051 0.32382 1.77186 -0.41825 -1.46832 -0.23388 1.22837 -0.37520 -0.95319 -0.32423 0.75704 1.30099 -0.04393 -0.07663 -0.11113 0.46672 0.51513 -0.33008 0.25577 -0.14468 -1.54762 0.15256 1.15067 -0.91863 0.53060 
1.97789 0.00939 1.49910 1.21145 -1.47681 -3.72460 -1.35306 -0.10424 -0.72416 -2.55063 0.07545 0.07443 1.02577 0.06096 -0.52297 0.07774 0.81015 -0.29595 -1.32961 -0.28576 0.87767 -1.02136 -0.51232 0.36525 -0.08871 1.45968 0.43038 -0.08361 -1.54080 -3.04062 -0.71513 1.46335 1.53351 -0.90699 -0.37156 1.60615 -0.22013 -2.04905 0.14690 
2.04671 -0.19744 1.60193 0.80999 -1.68075 -4.28576 -1.55141 0.27411 -0.85089 -2.44467 -0.47710 -0.41877 2.22962 0.48048 -0.78412 -1.21697 -1.26875 -1.13338 -0.00497 1.29963 0.32138 -0.74676 0.65296 -0.54436 -1.29202 1.44789 0.44659 -0.71133 -2.23479 -2.30137 -0.97568 2.53819 2.39043 -1.33254 0.75756 2.30758 -0.90570 -2.03740 -1.82049 
2.45836 -0.77473 0.28212 -0.05730 -2.61018 -3.72957 -0.05343 0.21714 -1.47092 -1.89767 -0.46891 -1.21759 2.47366 0.50755 -1.23431 -2.15705 -1.49122 -1.27163 1.20858 2.10467 -0.45487 -0.26380 1.79526 -0.54044 -2.12610 -0.36081 -0.45186 -0.11387 0.00398 0.20235 1.02535 0.80912 -0.26997 -0.19937 1.74405 0.64242 0.37606 -0.90679 -2.58033 
2.55426 -1.43175 -0.55513 -0.68123 -2.95238 -3.07718 0.55326 -0.18076 -1.11468 -0.64941 -1.01754 -2.54487 1.86881 0.02862 -0.89799 -1.21299 -1.06640 -0.10803 0.80415 1.02966 0.12201 0.99729 1.29538 -0.16830 -2.19881 -1.13244 -0.52819 0.98244 1.81985 1.20930 2.34764 -0.61452 -1.04120 1.23141 1.88444 -1.33987 0.41901 2.07794 0.92488 
2.48698 -1.67272 -0.93087 -1.12370 -2.71821 -2.92543 0.97623 0.33915 -0.47364 -0.60229 -0.63721 -3.41640 1.34123 -0.02064 -0.25187 -0.33721 -0.28192 1.07601 0.59406 1.06348 0.77654 1.62064 0.45539 -0.12143 -0.04816 0.56408 -0.47129 0.97096 0.78717 1.62763 -0.37599 0.47388 -0.73624 -0.23428 -0.03018 -1.83459 -0.92239 4.08495 1.68631 
2.53362 -1.68362 -0.89234 -0.96315 -1.87637 -2.48312 1.61674 0.59578 0.50595 -0.19402 -1.13897 -2.59303 2.43289 -0.44267 0.07297 -0.42582 0.56123 -0.48402 1.27803 0.29342 -0.11227 0.96711 -0.53922 -1.09069 1.88614 0.55387 -0.50809 0.32824 0.07853 0.36143 -1.93413 0.39197 -1.18234 -0.85700 -1.86013 -1.06095 -1.03837 1.16967 -1.56588 
2.04431 -1.59976 -1.35669 -0.56247 -3.20223 -1.64739 1.26965 0.22689 0.49347 -1.14151 -1.72790 -1.53026 1.89510 -0.52874 0.07637 -0.25868 0.07951 -0.85812 0.98603 -0.11887 -0.08046 -0.23949 -0.60556 -1.15980 1.12151 -1.00180 0.25692 -0.37262 -0.02326 -1.23010 0.69731 -1.67146 0.13527 -0.54869 -2.58565 0.50120 -0.48615 -2.08916 -2.23984 
2.00488 -1.60725 -1.15102 -0.88365 -2.73449 -1.49709 1.49787 0.51531 0.26646 -0.79958 -2.29878 -1.47152 1.43109 -0.18575 -0.29965 -0.44909 -0.66887 0.21329 -0.39343 0.42869 -0.66095 -1.61854 -0.03802 -1.57684 -0.20302 -1.68597 0.46183 -0.34539 0.54263 -0.67268 2.50802 -1.03655 0.67530 -1.52179 0.15815 -1.19247 1.83191 -1.72352 0.33618 
1.85856 -1.89941 -1.80578 -1.23134 -2.98894 -2.04082 1.69834 -0.43407 -1.12507 -1.17953 -3.30474 -1.73328 0.20913 -0.06691 -0.26902 0.28395 -0.59318 1.64990 -0.05052 0.55644 -1.60225 -0.08134 -1.79803 0.67211 -0.60201 -0.66562 0.33965 0.30071 1.67841 0.83487 2.30988 1.29737 -0.07909 -0.49506 2.96495 -0.83565 3.23941 0.21026 2.56348 
1.93797 -1.87627 -0.86707 -1.47682 -1.08459 -1.54761 2.05431 -1.08694 0.18512 -2.59762 -1.62667 -2.07354 0.76546 0.15390 0.00106 1.22933 0.16601 2.52316 0.90395 0.34960 -1.15601 1.34641 -0.87367 1.66256 0.00724 0.87752 0.16718 0.20177 -0.45251 0.60558 -0.99285 0.26987 -0.67816 0.79794 -0.17367 2.14156 -0.67448 0.60329 0.47147 
2.01246 -1.89835 -0.57645 -1.06533 -0.46578 -1.13688 2.04794 -1.59008 0.22134 -2.05320 -1.64218 -1.72604 1.08665 0.10027 -0.06725 -0.16857 0.01240 0.65705 0.21935 -0.12173 -0.80432 -0.25502 0.34352 -0.00238 0.00128 -0.19416 -0.01261 -0.00085 -1.77362 -0.28648 -1.53176 -1.62341 -0.07430 0.94551 -2.35751 1.51181 -1.44261 -0.30946 -0.53063 
2.03824 -1.94351 -1.03564 -1.46442 -0.42754 -1.32826 1.93258 -1.89126 -0.06989 -2.25409 -1.62905 -2.07226 0.57131 0.14129 0.00021 -0.54429 -0.12048 0.99141 -0.71946 0.27530 -0.21050 -1.01110 0.63814 0.21995 -0.30222 0.34688 0.01724 -0.03584 -0.61393 -0.62919 -0.42304 -1.00780 -0.05467 0.33982 -0.32580 0.02423 -0.75641 0.08322 -0.12933 
2.15375 -1.89814 -1.12074 -1.18581 0.52563 -1.85634 2.32325 -1.80058 -0.78976 -1.41506 -1.42223 -2.02825 1.43353 0.11751 -0.10308 -0.78249 -0.61679 0.23401 -0.78845 -0.17640 -0.46450 -0.58081 0.36776 -0.75879 0.08449 -0.32349 -0.05124 0.00335 -0.10551 -0.15186 -1.39374 0.57358 -0.39946 -0.29137 1.88163 -1.09321 -0.63722 1.38117 -2.51903 
2.15574 -2.04660 -1.81813 -2.08121 -0.19353 -2.11671 1.75619 -2.35576 -0.65071 -1.88634 -2.38784 -1.98776 0.24782 0.09005 0.00356 -0.64980 -0.27234 -0.40233 -0.14588 -0.12416 -0.50188 0.87053 -0.45507 -0.41727 1.07896 -2.17215 0.04692 0.11167 0.57529 1.34472 -0.98579 0.73239 0.11131 -0.08101 1.39773 -0.66014 0.36617 0.92728 -1.32557 
2.24380 -1.89458 -1.77055 -1.45815 0.12330 -2.00222 2.19909 -2.30246 0.08077 -1.87012 -1.83950 -0.94930 -0.73861 0.16442 0.00859 -0.20720 0.72794 -0.75179 -0.05607 -0.06508 -0.54550 0.81692 -0.29239 -0.39262 1.01177 -1.64906 0.03781 -0.06583 0.53284 0.46895 -0.01230 0.21319 -0.23087 0.35876 -0.58498 0.21848 0.27465 -0.88631 1.68164 
2.32017 -2.03801 -2.02533 -1.35327 -0.94532 -2.17278 1.69111 -2.90126 0.16621 -2.17872 -2.78046 -0.97599 -1.40124 0.12785 -0.06227 -0.11696 0.19661 -0.41463 0.06731 -0.35503 -0.14311 0.28555 -0.23658 -0.14261 0.19265 -0.49050 -0.19859 -0.00616 0.22790 -0.98813 0.95765 -0.08750 -0.28245 1.35120 -0.72711 0.06698 0.80418 -1.70124 1.84432 
2.37165 -1.95685 -1.88751 -1.26154 -0.29134 -1.93491 1.84406 -2.44557 0.36633 -2.10670 -1.98211 -0.75665 -1.22911 -0.03416 0.00243 0.02070 -0.26019 0.20587 -0.14357 -0.34753 0.80570 0.08981 -0.22541 0.41156 -0.68947 0.19527 -0.16867 0.09838 0.33645 0.06628 0.59912 0.12509 0.18128 0.86385 -0.11057 0.48227 0.39343 -0.98597 1.52471 
2.28600 -2.03557 -2.00464 -1.61347 -0.73946 -2.31634 1.34358 -2.09556 0.25602 -2.40414 -2.36891 -1.66546 -1.20597 -0.04082 0.03611 0.21949 0.26289 0.18449 0.19240 -0.17375 0.72074 0.17498 0.24569 0.25082 -0.79332 1.03421 -0.00463 -0.02438 -0.07499 0.45683 0.29762 0.69593 1.13223 -1.14691 -0.50889 0.53506 -0.30000 0.98839 0.43326 
2.33084 -1.92074 -1.66802 -0.99864 -0.10685 -1.74250 1.67031 -1.72483 0.54131 -1.86102 -1.73129 -1.54997 -0.19491 -0.03880 -0.02195 -0.05429 0.19664 0.50348 0.55236 0.78470 -0.34121 -0.41908 0.30965 0.11156 0.29892 0.62853 -0.06519 -0.02335 -0.22649 -0.20121 0.47592 -0.08122 0.96065 -1.41371 -0.70071 -0.03557 -0.17268 1.28620 -1.25614 
2.24721 -2.05752 -2.05893 -1.41683 -0.23597 -1.76398 2.12828 -2.43677 -0.16306 -2.09449 -2.25735 -1.36654 -0.57744 -0.10601 0.01277 -0.00700 0.06168 0.66041 0.11118 0.78690 -0.69297 -0.52573 0.21012 0.07814 0.49288 -0.22193 -0.29144 0.20114 0.36814 -0.32834 -0.02823 -0.14412 -1.00843 0.97205 0.33003 -0.93964 1.00381 -0.74078 -0.26240 
2.22482 -1.90797 -1.67502 -0.93696 0.55356 -1.63133 2.45721 -2.41781 0.01558 -1.65090 -1.65316 -1.05709 -0.41684 -0.33024 0.17919 0.31385 -0.13171 0.47526 0.40824 -0.22373 0.63084 -0.08905 -0.62999 1.11537 -0.44186 0.36614 0.17880 0.06754 0.14983 0.03798 -0.56467 -0.12494 -0.77489 1.66793 0.49483 -0.20645 0.18640 -1.40843 0.43637 
1.91697 -1.87833 -1.74508 -1.54853 0.23928 -1.35574 1.90455 -1.80594 -0.25211 -2.72448 -1.14198 -1.80841 -0.21130 0.07279 0.08030 0.14283 0.09966 0.09574 -0.01376 0.01202 0.97496 -0.03090 0.00367 0.26453 -0.91556 0.21444 0.40136 -0.33156 -0.36335 -0.13413 -0.86262 -0.81998 0.23252 -1.08472 -0.42616 1.10228 -2.18373 0.12100 -0.58800 
2.29761 -1.82767 -1.53219 -0.83730 0.64930 -1.64509 2.46923 -1.44285 -0.01532 -1.64723 -1.38862 -1.97265 -0.20240 0.07112 -0.15237 -0.04950 -0.26583 -0.38736 -0.41174 0.00879 -0.45389 -0.51521 0.47228 -1.06836 -0.32086 -0.22186 -0.27704 -0.25661 0.03611 -0.73237 -0.67491 0.08904 -0.10782 -1.53649 -0.24683 -0.12693 -1.03275 1.19246 0.09856 
1.98809 -2.03070 -1.79458 -1.81437 -0.14808 -1.76748 1.91334 -2.25982 -0.76732 -2.25220 -2.21034 -2.12927 -0.43317 -0.20425 -0.17631 0.17893 -0.63271 -0.57917 0.07529 -0.09580 -0.56153 -0.27773 -0.12326 -0.76822 0.27690 0.31299 -0.02200 -0.07479 0.15958 -0.02052 -0.30393 0.19786 -0.11928 0.88073 0.24415 -0.45038 0.55081 0.46702 0.39013 
2.09336 -2.00398 -1.35325 -1.47001 0.07013 -1.56980 2.37343 -2.00438 -0.29305 -1.77050 -2.15684 -1.69575 0.11059 0.04912 -0.22717 0.11008 -0.28636 -0.69130 -0.21388 -0.11049 0.42685 -0.27106 0.02191 -0.51755 0.14616 0.16826 0.25696 0.03752 -0.57119 0.44957 -0.32619 -0.29808 0.11308 1.23248 0.00838 -0.22748 0.43182 -0.40517 -0.67563 
2.03722 -2.25787 -1.68450 -2.10072 -0.83938 -1.98136 1.80285 -1.83297 -1.03838 -2.23029 -2.72789 -1.98311 -0.26491 0.05271 -0.13878 -0.39226 -0.18314 -0.90537 -0.22279 0.01728 0.67094 -0.26935 -0.35074 -0.33640 -0.12827 -0.36264 -0.00297 0.42472 0.24848 0.72977 0.46842 0.48626 0.31865 0.14280 1.24823 0.39618 1.45746 -0.27899 -0.36756 
2.14608 -2.14276 -1.74551 -1.65315 -0.83524 -1.79259 2.39071 -1.33344 -0.56241 -2.12124 -2.49324 -1.82402 -0.25206 0.04615 0.19755 0.35857 0.44342 -0.22288 0.27237 0.20817 0.56965 0.97717 0.41809 0.93991 -0.13283 -0.19930 -0.00906 0.32067 0.91482 -0.07776 1.20985 0.51316 -0.09667 -0.40543 0.81953 0.93159 1.07007 0.57422 0.62778 
2.08337 -2.06032 -1.32593 -1.65730 -1.06226 -1.70899 2.01102 -1.26332 -0.06121 -1.81220 -1.78798 -2.11595 -0.46421 0.04365 0.18189 0.52256 -0.26091 0.30449 0.29037 -0.07939 0.26551 0.55018 0.58085 0.73367 0.44595 0.26514 0.05000 -0.17581 -0.27095 -1.25727 0.82035 0.01524 -0.02191 -0.34540 -1.50871 0.32515 -0.78184 0.47021 1.32680 
2.18972 -1.96088 -1.22295 -1.91406 -0.53075 -1.50222 2.31132 -1.06792 -0.01223 -1.54039 -1.75958 -1.37807 0.01308 0.09616 0.02174 0.08761 -0.81385 0.59746 0.28762 0.18625 0.22425 -0.53154 0.74324 0.15807 0.33737 1.12750 -0.18295 -0.40390 -0.94497 -0.33397 -1.59133 -0.43322 -0.51126 -0.49724 -1.76772 -0.56664 -0.40519 -1.92718 -0.01619 
2.17953 -2.03858 -1.23832 -2.47116 -0.46480 -1.42137 2.19727 -1.03907 -0.59275 -1.06896 -1.62991 -1.77857 0.66329 -0.13931 -0.22202 -0.42241 -0.59487 -1.28684 -0.14285 -0.59065 -0.23173 -1.21754 0.01421 0.32848 -1.48123 0.24895 -0.04448 0.02239 0.20882 1.52576 -1.36243 -0.23439 0.01959 -0.11109 0.93969 -0.14026 -0.05229 -0.76437 -0.81396 
2.05042 -2.18289 -1.64536 -2.50894 -1.81759 -1.64506 1.72067 -1.29965 -1.22977 -1.52618 -1.43110 -2.85930 0.26204 0.05168 0.04413 0.29643 0.71191 -0.76497 0.05323 0.20584 0.11316 0.40815 0.60298 0.10578 -0.42700 0.31353 0.15825 0.41901 0.68637 0.28303 2.00406 0.42340 0.88602 0.38555 1.75261 0.43801 -0.21464 2.16268 0.14816 
2.23121 -1.99445 -0.94188 -1.75925 -1.22976 -1.36814 2.40311 -0.92591 -0.18459 -0.46599 -1.52413 -2.20557 0.97682 0.01894 0.19699 0.26396 -0.31184 0.71722 0.28055 0.29537 0.15382 0.53507 0.45222 0.11384 0.68145 0.39712 -0.15842 -0.08808 -0.66565 -1.54364 1.00882 -0.15883 -0.62476 -0.59409 -0.95002 -1.35743 0.14426 0.75640 -0.82520 
2.06936 -1.98590 -1.38140 -2.82078 -1.10037 -1.36451 2.01604 -1.14583 -0.69469 -1.07396 -1.31725 -2.17785 0.65915 -0.10674 -0.04395 -0.36922 -0.83173 0.24385 -0.10560 -0.41892 -0.48093 -0.54187 -0.75445 0.25003 0.32940 -0.51167 -0.10962 -0.27932 -0.41684 0.56976 -0.47714 -0.76053 -0.82985 -0.63162 -1.35660 -0.87679 0.12282 -0.49279 -0.91559 
2.12446 -2.03840 -1.31111 -2.59098 -0.98591 -1.47374 1.98419 -1.40684 -0.72646 -1.22044 -1.27409 -1.87617 0.46515 -0.09067 -0.08233 -0.15288 0.25791 0.24008 -0.47998 -0.53448 -0.47780 -0.82153 -0.42457 0.23666 0.18866 -0.51847 0.07613 0.05663 0.81377 1.87666 0.51296 -0.00324 0.33584 -0.18957 -0.44041 1.60838 -0.31277 1.05968 1.82094 
1.97869 -2.06823 -1.53428 -2.56287 -0.86029 -1.84449 1.48157 -1.62362 -1.51622 -1.49853 -1.08059 -1.98920 0.14068 -0.03061 0.01268 0.44455 1.04493 0.75681 -0.10883 -0.08309 -0.67049 -0.98228 0.85393 -0.06274 1.38908 1.30928 0.14567 0.12890 0.49192 -0.43863 -0.08150 0.77738 0.53678 0.08380 0.13154 0.80585 -0.12130 0.39696 1.92554 
2.09386 -2.02572 -0.86656 -1.54604 -0.22910 -1.58257 1.90111 -2.07733 -1.70874 -0.36651 -1.33683 -0.48709 1.77443 0.05500 0.04657 0.33904 -0.18072 0.15858 0.29740 0.00230 -0.39399 -0.68999 0.38128 0.11536 0.58562 1.40707 0.17597 0.15017 -0.57658 -2.07613 -0.96928 0.19879 0.34181 1.28834 1.10959 -0.76365 1.22411 -1.69154 -1.44247 
2.03369 -2.02166 -1.19525 -2.74358 -0.70170 -1.54709 1.48387 -2.01762 -2.20621 -1.11725 -0.96523 -1.40358 1.54775 0.14537 0.16285 -0.13203 -1.03119 -0.21247 0.08996 0.25872 0.61785 0.12731 0.09028 1.16137 -0.30246 -0.13319 0.15641 0.13339 -0.09299 -0.05091 0.25739 -0.80401 0.74748 1.46300 0.78402 1.16645 0.26342 -0.54647 -0.79570 
2.23923 -1.86287 -0.99859 -2.57723 -0.44158 -1.49261 2.15983 -1.45948 -1.58143 -0.27623 -0.17546 -0.78955 1.64124 0.21141 0.17996 0.24605 -0.23163 0.41598 -0.50661 0.74978 1.06901 0.09403 1.54773 0.37878 0.03914 0.61137 -0.28512 -0.18022 0.25979 1.24860 0.24055 -0.91031 -0.38807 0.04540 -0.11724 0.28015 -1.40784 -0.73326 0.39754 
2.24510 -1.84170 -0.94919 -2.97522 -0.28573 -2.05370 2.23365 -0.94861 -2.11219 0.43047 -0.58645 -1.36444 2.15912 -0.13975 -0.01736 0.12776 0.21740 0.02808 -0.82036 -0.12935 0.66325 0.01007 0.37043 -0.24646 -1.03572 0.26435 -0.30206 -0.32223 -0.34212 0.50945 -0.72518 0.12570 -1.04646 -0.93194 0.28811 -1.65808 -0.78106 -0.46982 -1.21755 
2.09947 -1.88023 -0.87082 -2.35983 -0.41350 -2.31297 2.03048 -0.79623 -1.57137 0.09420 -0.42192 -1.82526 1.90559 -0.09065 -0.14227 -0.09607 0.27782 -0.30920 -0.38091 -0.29668 0.13707 0.38214 -0.11036 -0.40228 -0.43067 -0.60618 0.20534 -0.12904 -0.16518 -0.35392 0.20125 0.89982 -0.00464 -0.75521 0.14817 0.18221 -0.53736 1.23917 0.00819 
2.15445 -1.98397 -1.04526 -2.69740 -0.59492 -2.43461 1.93697 -0.81154 -1.73005 0.32011 -0.98873 -1.79511 1.55293 0.06558 -0.14641 -0.03741 -0.13652 0.22933 0.07946 -0.13399 -0.09196 0.15824 0.55263 -0.78382 0.20346 0.27255 -0.13704 -0.07462 -0.11649 -0.77582 -0.12750 0.37869 -0.08706 -1.15317 -0.94448 -0.11798 -0.16950 0.08411 0.46948 
2.16506 -2.02664 -0.90824 -2.49635 -0.18417 -2.23351 1.89649 -0.88819 -1.41313 0.64683 -1.20574 -1.62181 2.17814 -0.22769 -0.21689 -0.21255 -0.49800 -0.43670 -0.00223 -0.38374 -1.01611 -0.56234 -0.22834 -0.57179 -0.34656 -0.13670 -0.22566 0.14930 0.23620 -0.25079 0.14626 0.15385 0.42050 -0.31152 -1.57822 -0.47430 1.71782 0.32408 -0.15196 
1.92676 -2.20086 -1.25781 -3.19540 -1.03162 -2.43684 1.55324 -1.82765 -2.29238 0.09178 -1.56052 -2.14168 1.41624 -0.16007 0.00290 0.19879 -0.38731 0.37558 0.23332 0.28651 -0.40348 -1.41998 0.07833 0.93400 0.52754 0.12059 0.25502 0.28647 0.73917 1.11505 1.88920 0.19014 0.62658 1.31302 0.08000 0.95006 1.74209 1.46077 1.28101 
2.00498 -2.02374 -0.70945 -2.88365 0.19141 -2.00019 2.18300 -1.29167 -2.83311 0.72516 -0.27173 -1.09427 2.29873 0.02732 0.06958 0.52662 0.61705 1.45250 0.18792 0.24285 0.29691 -0.48233 0.72172 1.17030 1.11421 1.14432 -0.01274 -0.01524 -0.09165 1.15318 -0.32894 -0.33725 -0.92889 0.10590 1.78503 -0.42768 -0.68909 -0.52916 0.41695 
1.95408 -2.13128 -0.73119 -2.57835 0.42088 -2.24892 1.79608 -1.53073 -2.77472 0.81350 -0.39022 -1.02747 2.56055 -0.17282 -0.01234 0.10714 0.76587 0.04665 -0.10393 -0.64238 -0.29758 0.36504 -0.34935 0.24491 -0.00162 0.53754 -0.04847 0.08774 0.05210 0.05675 -1.62628 -0.01203 -0.39257 -0.56945 -0.03665 -1.28221 -1.45150 -1.04798 -0.67329 
1.83217 -2.03608 -0.60231 -2.11778 0.23806 -2.10412 1.54062 -1.58925 -2.46807 0.37581 -0.02683 -1.09589 2.83627 -0.02114 0.15732 0.57872 0.67381 -0.17378 0.17589 -0.14973 -0.27253 -0.51898 -0.56049 -0.28120 0.06623 0.47102 0.25385 0.07425 -0.05845 -0.45296 -0.84714 0.12851 0.15876 -0.17059 -0.97624 -0.44477 -0.51037 -0.45640 -1.01927 
1.93294 -1.97396 -0.15247 -1.90454 0.24710 -2.07303 1.64636 -1.80327 -3.29370 0.25302 -0.67142 -0.96124 3.03158 0.08104 0.06191 0.04869 0.31292 -0.80049 0.02458 -0.48362 -0.46817 -0.61120 -0.79412 -0.26547 -0.45802 -0.48173 0.15235 -0.15284 -0.87320 -0.12223 -0.04742 0.00326 -0.37024 -0.25892 0.86951 0.55599 0.60009 0.13503 -0.02028 
1.91321 -1.97417 -0.55362 -1.80487 -0.56243 -2.07954 1.05699 -2.05742 -3.07927 -0.41831 -0.29229 -1.55391 2.35454 0.13121 0.00447 -0.29449 0.55158 -0.22120 0.17915 -0.51996 -0.53146 0.35052 -0.00450 0.31889 0.20126 0.45074 0.11953 0.04979 -0.01813 0.64411 1.26490 0.24267 0.59626 0.03944 1.02617 1.63625 0.96567 0.70525 0.51312 
2.06414 -1.96949 -0.44696 -1.35296 0.02590 -1.89388 1.12639 -2.33472 -2.94318 0.24852 -0.35254 -0.75999 3.48232 0.20056 0.11170 0.03057 0.95703 0.46441 0.26725 0.11264 -0.42873 0.41497 0.84213 0.70020 0.24722 0.03139 -0.04148 0.15702 -0.15750 -0.18402 -0.40039 0.38481 0.21792 -0.00843 0.04861 -0.46420 0.16119 -1.43306 -2.38301 
2.11377 -1.86247 -0.52305 -0.84784 -0.09802 -1.81229 1.16963 -2.48615 -2.66429 0.42383 0.40791 -1.30669 2.38593 0.08973 0.16149 -0.45199 0.36756 -0.62159 0.56396 -0.30205 -0.53989 0.39913 -0.46870 0.48007 -1.23180 -1.93227 -0.31145 0.25114 -0.33174 -1.08699 -0.96498 -0.15046 -0.31824 -0.19899 -0.64818 -1.61192 -1.77912 -1.66285 -1.18808 
2.15387 -1.80800 -0.89895 -0.98540 -0.59568 -1.32992 0.82435 -2.87461 -2.54405 -0.22018 0.12754 -1.99179 1.55005 -0.11088 0.36284 -0.30117 -0.12996 -0.50056 0.11679 -0.20560 -0.62772 -0.23320 -0.76979 -1.07892 -1.41563 -1.15669 -0.33034 0.44831 1.18909 0.39924 1.85896 -0.34129 0.42296 0.36554 -0.88497 0.42859 -1.54595 0.00808 1.52998 
2.00289 -1.49963 -0.82422 -0.97780 -0.59858 -1.69550 0.96403 -3.11387 -2.89749 -0.34596 -0.67101 -2.72232 1.22924 -0.24061 0.60980 0.73710 0.76680 1.23737 0.22267 0.12091 -0.17435 -0.48584 -0.04011 -1.06588 -1.22372 -0.40229 -0.04019 0.34695 1.50249 1.75760 2.15141 0.56378 0.15295 0.86598 0.47256 0.49022 0.47489 0.78019 0.79393 
1.91326 -1.19820 -0.16184 -0.21860 0.64169 -1.10725 0.94526 -3.04896 -3.02989 -0.26029 -0.93835 -3.21551 1.14776 -0.15108 0.70979 1.20132 1.62764 1.65085 0.68057 -0.05265 0.23826 0.23936 -0.27957 -0.60403 -0.63544 -0.36276 0.07686 -0.05841 -0.10348 0.03210 -0.46195 -0.64712 -1.22434 0.04668 1.07651 -0.83335 0.18889 2.28662 0.46951 
1.85181 -0.78984 0.37710 0.64984 1.05227 -1.01493 0.91139 -2.87561 -2.65814 -0.62553 -1.27504 -3.35775 0.86648 -0.16375 0.55140 0.63363 0.79891 0.77542 -0.42445 -1.10343 -0.12767 0.59067 -0.87345 -0.87699 1.06290 0.06723 -0.08902 -0.44442 -1.02724 -1.49532 -1.44578 -1.11419 -0.81531 0.34839 0.88962 -0.17790 0.48353 2.24946 1.09027 
1.74951 -0.64680 0.47178 0.58031 1.41711 -1.53170 -0.15817 -3.17663 -2.43921 -1.13374 -1.81534 -2.15261 1.21499 -0.24010 0.26537 0.17408 0.13232 0.20507 -0.43362 -0.86795 0.58665 1.12898 -0.45747 -0.12050 1.61402 0.72751 0.08877 0.04604 -0.12078 -0.48789 -0.03830 0.52768 0.90091 0.64526 -0.57588 -0.32023 1.17631 -0.67060 -0.44616 
1.61172 -0.52447 0.55118 0.78216 1.25734 -1.44855 0.04343 -2.28896 -1.52915 -1.08300 -1.39554 -1.74373 1.59400 -0.07499 0.59744 0.51284 0.31102 0.73713 0.10323 -0.20252 0.51759 0.01479 -1.19369 0.29932 0.39230 -0.37893 0.30805 0.31384 0.30180 0.03779 1.04409 0.66453 0.35538 -0.95760 -1.43317 -0.98469 -0.47277 -1.20510 -1.19051 
1.67452 -0.04936 0.98463 0.89133 2.15424 -1.42847 -0.36069 -2.65904 -2.42443 -2.32743 -1.51603 -1.76032 0.83606 0.06796 0.57921 0.47588 0.17011 1.24916 0.23091 -0.51257 -0.37094 -0.30419 -1.44216 -0.59327 0.40893 -0.46300 -0.14344 -0.64742 -0.76332 -0.79228 -0.40539 -0.05526 -0.29553 -0.57475 0.65115 1.26941 -0.96405 0.24210 0.89628 
1.67967 0.05474 1.02707 0.95227 2.50650 -1.21764 -0.46914 -2.65990 -1.83334 -2.52516 -1.98881 -1.33480 1.13099 -0.21842 -0.04998 -0.25047 -0.48126 0.33174 0.04797 -0.49805 -0.05715 0.66594 0.07573 -0.66473 0.63439 0.51735 -0.32819 -0.58904 -0.53809 -0.75238 -1.93657 -0.44278 0.57528 1.26210 0.95410 2.14463 0.55708 -0.12929 1.16885 
1.45610 -0.09934 0.73415 0.41006 2.48598 -1.38049 -0.85874 -2.71620 -1.75849 -2.25170 -2.18076 -1.12593 1.35340 -0.26023 -0.00983 -0.06221 -0.58227 -0.68741 -0.21187 0.06271 0.89115 0.64991 0.70247 -0.03620 0.27964 0.70585 -0.02097 0.37465 0.92080 0.91620 -0.84478 0.27544 0.98446 0.67421 0.05904 0.05800 0.65473 -1.68975 -1.28062 
1.41944 0.04492 0.96486 0.37000 1.81909 -1.42952 -0.40643 -1.76875 -1.18343 -1.82268 -2.02501 -1.05516 1.83685 -0.23940 0.32467 0.67033 0.43494 -0.51304 0.32341 0.48641 0.61706 0.72497 0.13373 -0.01001 -1.05535 -0.76327 0.34921 0.65291 0.79287 0.45507 0.28744 0.45750 -0.20829 -1.33495 -0.73816 -1.54920 -0.17032 -1.28817 -2.84300 
1.21670 0.22533 1.40448 0.84500 1.97294 -1.05709 -0.37233 -2.09914 -1.03351 -2.11797 -2.19077 -2.18128 0.59013 0.08898 0.64309 0.73066 -0.12720 -0.39997 0.24562 -0.14558 -0.44380 -0.08825 -0.84672 -0.20652 -1.00853 -2.13715 0.31087 -0.15550 -0.76278 -0.85043 -0.11770 -0.71819 -0.54349 -0.05720 -0.88290 -0.87336 -0.03603 2.09041 0.87427 
1.50842 0.68800 1.69552 0.24281 1.41912 -1.18389 -0.55201 -2.21254 -1.27169 -2.66940 -2.23153 -2.06369 -0.30030 0.07148 0.16917 -0.09246 -0.41549 -0.63074 -0.39478 -0.05708 0.55986 -0.15793 -0.73963 -0.04604 1.03505 0.11100 -0.24365 -0.74819 -0.77435 0.24075 0.42073 -0.48026 0.18399 0.96719 0.26399 0.55665 -0.23036 0.42403 1.74871 
1.28818 0.39450 1.31202 0.42951 1.34220 -1.45187 -0.42941 -1.53928 -1.19144 -2.85761 -2.23680 -1.14623 0.70113 -0.15467 -0.10510 -0.04369 0.11356 0.02076 -0.23464 0.03840 0.52339 0.17574 -0.29007 -0.43688 -0.58450 -0.38844 -0.09563 0.04155 0.55404 0.64095 1.06491 0.65853 0.38954 -0.88503 0.07180 1.22863 -0.36122 -3.09219 -2.67974 
1.35375 0.58290 1.65183 0.35636 1.43988 -1.41853 -0.51361 -1.68915 -1.09595 -2.95947 -2.66841 -2.64820 -0.68874 -0.02416 0.21071 0.46158 0.22545 0.43417 0.26375 0.33246 -0.32517 -0.08612 0.48900 -0.40726 -2.05714 -2.56874 0.01282 0.13725 -0.18584 -0.75305 -0.45236 0.67675 0.21653 -0.90807 -0.47414 0.63576 0.16422 -0.34911 -0.57102 
1.26402 0.60521 1.77360 0.65496 1.77636 -1.18812 -0.09695 -1.86445 -1.27756 -2.36861 -2.64406 -3.20337 -1.86761 -0.14186 0.03214 -0.22953 -0.63949 -0.43160 0.44211 0.25493 -0.38468 -0.29840 0.34569 -0.27266 -0.93361 -0.95946 -0.07908 -0.19604 -0.61274 -0.84962 -0.82006 0.24033 -0.10411 0.65692 0.36983 -0.67341 0.40680 2.35309 3.00064 
1.21189 0.61505 1.42230 -0.28313 1.00829 -0.97642 -0.25868 -2.07383 -1.39435 -2.61378 -2.94107 -3.58181 -1.64820 -0.10323 0.01467 -0.15117 -0.62417 -0.38589 0.50408 0.22835 0.33175 0.28371 -0.18441 -0.00046 0.29595 0.43190 -0.08387 -0.06892 0.12290 0.30717 0.18826 -0.05682 0.26606 0.86904 0.92033 -0.25860 0.52554 1.77575 1.49856 
1.16079 0.61988 1.62243 0.03079 1.39047 -0.68404 0.13140 -1.53271 -0.99385 -2.55302 -2.64452 -2.90741 -1.43571 -0.22573 -0.03678 -0.10663 -0.33232 -0.24334 0.38530 0.52100 0.48435 0.62193 0.08709 0.25288 0.84213 0.53909 -0.37179 -0.14562 0.02171 0.33484 -0.13699 -0.59796 -0.17851 0.47405 0.16038 1.08580 0.93938 0.21028 -0.29243 
0.98616 0.57827 1.31567 -0.61545 0.76495 -0.59112 0.26232 -1.58948 -0.77241 -2.52669 -2.68819 -2.73968 -1.10911 -0.47502 -0.13096 -0.12946 -0.28933 -0.52289 -0.09387 0.04984 0.80580 0.44409 0.90140 0.93891 0.50624 0.13947 -0.72242 -0.47378 -0.92709 0.50593 -0.38724 -0.15221 -0.69413 1.08637 0.13282 1.68793 2.52384 1.79305 1.11095 
0.68577 0.48892 1.49297 -0.25854 0.86758 -0.77791 0.18125 -0.72691 -0.54976 -1.65162 -1.70561 -2.40118 -1.29624 -0.94815 -0.51055 -1.03372 0.17362 -0.63058 0.23308 -0.17313 1.57073 0.75475 1.77502 2.77672 2.63518 1.65004 0.00547 -0.22456 -0.97210 0.02117 -0.65986 0.75159 0.12453 -0.36028 0.23190 0.96677 0.44943 1.43832 1.90859 
0.03801 0.06772 0.28196 -0.44183 0.13436 -0.35804 0.08919 -0.01875 -0.01766 -0.75168 0.08853 -0.10449 0.54093 -0.46955 -0.35551 -1.10157 -0.26816 -1.18275 0.65771 0.17437 0.44552 0.67599 1.86817 1.38834 1.94456 2.04806 0.87468 0.42310 0.72784 -0.06003 0.67498 0.03821 0.38037 -1.69878 -0.75436 -1.14780 -3.04111 -2.31675 -1.81552 
0.21621 0.13341 0.39140 -0.52670 -0.31517 -0.12020 0.35562 -0.28139 0.12623 0.21655 -0.31727 -0.45662 0.75181 -0.07346 -0.08745 -0.30588 0.11359 0.04440 0.27129 0.20724 -0.12805 0.00040 0.62722 -0.26439 0.31843 -0.16548 0.20604 0.21641 0.80068 0.64357 1.49624 -0.62332 -0.46197 -0.19578 -0.74649 -2.18801 -0.75666 -1.69321 -2.61442 
-0.03545 -0.01974 -0.02392 -0.32824 0.17877 -0.08675 0.29643 -0.14680 -0.01726 -0.12446 -0.17585 0.21393 0.37545 -0.26351 -0.13910 -0.30088 0.37541 0.31349 0.03439 -0.28760 0.24974 -0.07050 -0.31984 0.63168 0.25135 -0.56636 0.10005 0.08999 0.41095 0.08637 -0.15287 -0.26786 -0.40214 0.14361 0.11124 -0.46700 0.40638 -0.52995 -0.05469 
-0.04730 -0.00569 0.09052 -0.15129 -0.00168 -0.08580 0.06802 -0.03165 0.05573 -0.10330 0.31441 -0.20527 0.18546 0.02659 0.00254 0.10507 0.19996 -0.10847 0.00342 -0.19490 0.01557 0.11164 0.16022 0.14200 -0.21152 -0.22017 0.25460 0.10175 0.35291 -0.16828 -0.26902 -0.06918 0.41313 -0.49211 0.26524 0.18066 -0.97625 -0.34049 0.69878 
-0.00886 -0.01719 0.08115 -0.12828 0.07030 -0.08333 0.10153 -0.13123 0.09438 0.03577 -0.03386 0.00241 0.15528 -0.00891 -0.03736 0.05202 0.20713 0.04447 -0.03478 0.12554 -0.24237 0.19474 -0.13918 -0.34457 -0.08914 0.13243 -0.03056 0.00568 -0.14022 -0.12963 0.04050 -0.05037 0.14801 -0.00968 -0.10102 -0.22872 0.05837 0.14554 0.18714 
-0.05621 -0.04305 0.14254 0.05584 0.04280 -0.12059 0.19356 -0.27402 0.25046 -0.24248 -0.03016 -0.29442 0.31788 -0.00398 0.00823 -0.03514 0.07033 -0.06796 -0.04695 -0.04689 0.00588 0.01061 -0.06849 0.20037 -0.06598 -0.03304 0.07628 0.05383 -0.10025 -0.37202 -0.05110 0.10885 -0.29237 0.31618 -0.41914 0.22316 0.37636 0.20784 -0.34741 
-0.01284 -0.00897 0.04601 -0.05795 0.00233 -0.13028 0.05464 -0.12535 0.10499 -0.03273 0.16651 -0.06357 0.12225 0.06737 0.01647 -0.04823 -0.16488 -0.00663 0.07407 -0.16684 0.07381 -0.22440 0.08398 0.03178 0.11870 -0.21498 0.02298 -0.02393 0.05100 -0.15883 0.10952 0.12924 0.06976 -0.00868 0.00525 0.00141 -0.29451 0.01884 0.05676 
0.01116 -0.02658 0.09431 -0.10904 0.03617 -0.04652 0.02672 -0.20021 0.02606 -0.15850 0.00162 -0.17572 0.10290 0.01900 -0.01571 0.01585 -0.08849 0.04156 0.08229 0.02288 -0.00280 0.01587 -0.06709 -0.09414 -0.04714 0.02373 -0.07412 -0.01555 -0.01912 0.22943 0.07411 -0.08128 0.18805 0.06604 0.29386 -0.03957 0.05736 -0.07087 0.33880 
0.00615 -0.02468 0.06186 -0.14644 0.04389 -0.04799 0.07752 -0.12815 0.12086 -0.09981 0.07237 -0.11071 0.14597 -0.00675 0.00092 -0.06735 0.06454 0.06748 -0.00721 0.02121 0.13984 0.06946 0.04441 0.08914 0.04783 0.12381 -0.01792 -0.00934 -0.05241 0.03041 0.06289 -0.07982 -0.02945 0.12279 0.00100 -0.16248 -0.00147 0.03639 0.28109 
0.00441 -0.02566 0.02696 -0.04450 0.10366 -0.05373 0.04794 -0.06037 0.09552 -0.11409 0.09076 -0.12789 0.22672 0.00108 -0.02505 -0.03656 -0.05808 0.10444 0.00246 -0.00657 0.11999 0.01686 -0.22957 -0.09561 -0.01075 0.30482 0.01393 0.00637 0.08176 -0.13262 -0.11233 0.01705 -0.00745 -0.18241 -0.05778 -0.00681 -0.07019 0.03381 -0.22614 
0.00723 -0.04973 0.02530 -0.20453 0.14834 -0.04553 0.07095 -0.00816 0.13772 -0.32939 -0.02324 -0.12147 0.45079 0.00718 0.00729 0.01440 -0.06807 -0.04484 0.00984 0.01376 -0.04256 0.01168 0.03760 0.01895 0.08164 -0.10232 0.00078 0.04538 0.07118 0.11644 -0.21882 0.05417 0.04097 -0.23815 -0.06992 0.42416 0.14241 0.09556 -0.53745 
0.01158 -0.01837 0.04136 -0.11257 0.05881 -0.04390 0.06170 -0.10293 0.10721 -0.07649 0.10971 -0.04625 0.12439 0.00186 0.02033 0.03462 0.05835 -0.11438 0.05664 0.03440 -0.11816 -0.05306 0.19459 0.04680 0.08481 -0.23263 -0.01005 -0.00570 0.01008 0.05652 0.09234 -0.01132 -0.03365 0.09732 -0.05808 -0.04660 -0.01055 -0.14584 0.09612 
0.00910 -0.02940 0.05992 -0.14617 0.03396 0.01111 0.10535 -0.12632 0.08466 -0.13480 0.02356 -0.03666 0.21816 -0.00287 0.00159 0.02448 -0.01156 0.04750 -0.00148 -0.01988 0.05475 -0.04640 -0.00900 0.00840 -0.06420 -0.00621 -0.00791 -0.01236 -0.04252 -0.01646 0.13686 -0.09880 -0.03834 0.15045 0.02277 -0.16598 0.01265 -0.11679 0.16051 
0.00871 -0.01678 0.06584 -0.12413 0.10631 -0.04538 0.04182 -0.04818 0.06081 -0.08549 0.11812 -0.11045 0.11818 -0.00604 0.00798 -0.00790 0.04189 0.02248 -0.04216 -0.00394 0.03229 -0.03029 0.02861 0.05945 -0.03198 -0.07213 -0.00165 -0.00385 -0.05003 0.04940 -0.10407 -0.01714 0.06602 -0.10056 0.06456 -0.00747 0.08391 0.05962 0.00374 
0.00305 -0.02142 0.05202 -0.10428 0.05644 -0.03105 0.10141 -0.09403 0.05437 -0.10619 0.08301 -0.06864 0.14603 -0.00452 -0.00226 -0.02555 0.03785 -0.05657 -0.01862 0.04614 -0.04581 0.01816 -0.01647 0.09231 -0.00458 -0.00247 0.01057 -0.02121 0.00384 -0.02549 0.01587 -0.00838 -0.02612 -0.03047 0.12222 0.01650 -0.04824 -0.00157 0.04830 
0.00420 -0.01903 0.04029 -0.08628 0.04974 -0.06399 0.08795 -0.09399 0.07897 -0.10196 0.21043 -0.11503 0.11572 0.00453 -0.01324 -0.00406 0.01640 0.03835 -0.05054 -0.03005 0.00182 0.09193 0.04511 0.01121 -0.03355 -0.02382 0.01682 0.00326 0.03606 -0.03515 0.08367 0.03875 -0.07612 0.06279 -0.01585 0.03487 -0.20945 0.03238 -0.00084 
0.00758 -0.03466 0.04796 -0.08788 0.09479 -0.08159 0.07135 -0.09221 0.14630 -0.06108 0.09423 -0.10219 0.12221 0.01230 0.00100 0.01051 0.00270 0.02710 0.02013 -0.02998 0.01698 0.00230 0.01840 -0.11714 0.02780 -0.00331 -0.00010 0.02632 0.01849 -0.01836 -0.05551 0.09264 0.00553 0.01698 -0.14847 -0.06359 -0.02770 0.03689 0.05112 
