0.01076 -0.04067 0.05818 -0.05346 0.07131 -0.04947 0.11428 -0.11725 0.07129 -0.07752 0.03162 -0.05752 0.13626 -0.00933 -0.00113 -0.05073 -0.01240 -0.01590 0.02798 0.09908 -0.02716 -0.03108 -0.10633 0.01584 0.02450 0.06921 0.09768 -0.31424 0.21923 -0.10803 -0.01973 -0.03493 0.01119 0.07344 0.31408 0.38027 0.50422 0.42834 0.60084 
0.00748 -0.03612 0.00760 -0.05532 0.04124 -0.01495 0.18081 -0.13340 0.05063 -0.19007 0.08266 -0.06574 0.18017 -0.00434 0.01500 -0.02122 0.02125 0.00257 -0.01301 -0.01617 -0.02452 0.06630 -0.04654 0.04163 -0.05048 0.00196 -0.55145 0.03411 0.29440 -0.83293 0.81413 -0.43531 1.39388 -1.05587 1.28294 -0.38985 0.54245 -0.41169 1.16465 
0.00642 -0.02567 0.03696 -0.03221 0.07387 -0.06248 0.09811 -0.14178 0.13759 -0.12405 0.07325 -0.10800 0.13822 -0.56079 0.03298 0.24368 -0.84533 0.79823 -0.40734 1.49296 -1.08303 1.25187 -0.49618 0.55830 -0.38719 1.23386 -0.61222 -0.52830 1.95839 -1.27084 0.62193 -0.52661 0.77861 -1.42879 0.79312 -0.55013 -0.39551 -0.57607 -0.11123 
-0.55331 -0.00314 0.25128 -0.90065 0.83947 -0.42228 1.67377 -1.21643 1.30249 -0.68625 0.64096 -0.45294 1.41403 -0.61657 -0.51329 1.93717 -1.24959 0.62450 -0.53962 0.76243 -1.45331 0.85942 -0.59667 -0.35389 -0.62655 -0.10927 1.12023 -0.06906 -0.44326 1.71007 -1.55644 0.77445 -3.12413 2.22514 -2.44104 1.09709 -1.17825 0.77988 -2.51747 
-0.61015 -0.53896 1.97413 -1.28180 0.69837 -0.60209 0.86054 -1.59509 0.99701 -0.72072 -0.28064 -0.73454 0.02895 0.55945 -0.03608 -0.19958 0.86474 -0.75821 0.36711 -1.63117 1.14211 -1.18917 0.60090 -0.61996 0.39269 -1.28361 1.24055 1.01637 -3.84570 2.48629 -1.26968 1.10199 -1.53826 2.92973 -1.76973 1.23879 0.69519 1.26946 0.20591 
0.00614 -0.03922 0.05170 -0.03591 0.08126 -0.05517 0.04260 -0.07432 0.11332 -0.08535 0.02100 -0.06024 0.13042 0.62398 0.50308 -1.90852 1.23670 -0.64518 0.56237 -0.77582 1.47642 -0.91031 0.64212 0.34130 0.64291 0.09664 -0.62074 -0.12086 0.33693 -0.87196 0.78769 -0.39195 2.06939 -1.14584 1.33772 -0.72982 0.97637 -0.10276 1.76117 
0.01384 -0.03588 0.06561 -0.04510 0.05318 -0.03972 0.08472 -0.11867 0.08670 -0.07861 0.06066 -0.09163 0.12559 -0.06130 -0.15694 0.13735 -0.00722 0.02949 -0.02484 0.43822 -0.00374 0.14855 -0.12891 0.35641 0.28993 0.47756 -0.71712 -1.50013 2.69961 -0.65774 1.76139 -1.39445 -0.25558 -1.40436 2.55350 -2.25060 -1.43354 -0.73460 1.24707 
-0.05515 -0.19615 0.18905 -0.04313 0.11075 -0.08001 0.48081 -0.07806 0.26187 -0.21426 0.37741 0.22968 0.60798 -0.09314 -0.99705 0.79108 0.57896 1.11621 -0.83207 -1.03141 0.07206 1.64319 -1.60848 -1.09224 -0.09169 1.34370 -0.12707 -0.89473 0.12428 0.48308 0.44730 -0.60940 -1.96862 0.09042 1.04185 -1.06253 -1.43884 -0.45388 0.59336 
-0.07930 -1.03293 0.85669 0.53387 1.16939 -0.87180 -0.94669 -0.04660 1.72990 -1.68708 -1.03158 -0.18332 1.46929 -0.18837 -1.05167 0.26163 0.47586 0.47678 -0.63424 -1.53041 0.08668 1.19040 -1.19144 -1.08243 -0.16395 1.07092 0.14769 2.03353 -1.24370 -1.18060 -2.31780 1.56103 2.46485 -0.00729 -3.31380 2.95390 2.07797 -0.14811 -2.88918 
-0.24353 -1.24782 0.45068 0.43273 0.58753 -0.71424 -1.04959 0.00862 1.45227 -1.40570 -0.70502 0.06573 1.67890 0.05456 1.03648 -0.45261 -0.60164 -1.20160 0.72896 1.43344 0.06477 -1.67060 1.34542 0.98573 -0.23979 -1.54547 0.39429 2.26098 -0.49187 -0.90380 -0.98708 1.17178 2.36047 -0.62525 -2.46552 2.13374 1.42900 -0.18242 -2.05992 
-0.02475 0.00355 0.40408 -0.06777 -0.03221 -0.14284 0.48675 0.01816 0.05929 -0.34167 -0.04584 -0.42311 -0.07618 0.20592 1.20932 -0.23024 -0.42794 -0.51029 0.53754 0.83006 -0.53857 -1.27513 0.94230 0.34657 -0.34638 -0.98900 -0.08898 -1.10933 0.07857 0.66499 1.41965 -0.68988 -2.07089 -0.30776 1.91722 -1.50678 -1.01924 0.33069 2.29267 
-0.03760 -0.03851 0.22043 0.00479 0.07724 -0.17670 -0.21954 -0.52995 0.17714 -0.46340 -0.35845 -0.28065 0.68990 -0.03443 -0.07285 -0.37404 0.06335 0.21806 0.03909 -0.63745 -0.24299 0.24661 -0.16136 -0.03351 0.09090 0.74720 -0.29061 -1.85568 -0.22166 0.35538 0.95410 -0.52018 -1.29896 0.92348 2.14802 -0.80919 -0.18508 0.09217 1.42464 
-0.05918 -0.06930 0.03004 -0.00442 0.18585 -0.10375 -0.15070 -0.22483 0.30591 -0.50303 -0.07935 -0.33221 0.67102 -0.08468 -0.64637 -0.45190 -0.07257 0.44381 0.01736 -0.46890 0.38491 0.87290 0.13311 0.16149 -0.25420 0.43564 0.10009 0.04090 0.34249 -0.14527 -0.26203 -0.02998 0.87148 0.30006 -0.47093 0.65186 0.25642 0.22872 -0.87667 
-0.12229 -0.68487 -0.23147 -0.06777 0.52105 -0.15933 -0.68844 -0.14504 1.05004 -0.33029 -0.19696 -0.53485 1.12554 0.06567 -0.03194 -0.03155 -0.08192 -0.04398 0.00911 0.23403 0.05707 -0.22432 0.49050 0.22291 0.31963 -0.12947 0.53704 -1.18478 1.47858 1.48578 -0.96135 -1.65720 0.09074 -0.62898 -0.19269 -1.89885 -1.56008 1.40915 1.49303 
0.00649 -0.10124 -0.00151 -0.08634 0.14187 -0.09464 0.08332 -0.16776 0.08159 -0.01254 0.14356 -0.01258 0.54155 0.45235 -1.83115 1.02667 1.41322 -0.51754 -1.63983 -0.37816 -0.24407 0.68021 -1.76574 -1.39859 1.15495 1.92867 -0.29527 -1.56516 0.10153 1.25234 0.59343 -1.30712 -0.62240 0.50090 1.29812 -2.13086 -0.37832 0.22055 1.71469 
0.33007 -2.51602 0.79520 1.34544 0.00350 -1.79917 -1.06660 -0.38911 1.73025 -2.09603 -1.59555 0.62010 3.05421 -0.22960 -1.59711 0.06998 1.17042 0.54945 -1.29801 -0.38837 0.55797 1.07381 -1.64037 -0.15541 0.54018 1.58522 -0.79351 2.81225 -2.50015 -2.44097 1.26595 2.52820 0.73314 0.85584 -2.06260 2.44722 2.80938 -3.24097 -4.39215 
-0.22311 -1.69835 0.06846 1.08408 0.69133 -1.39265 -0.30505 0.39021 1.15540 -1.65291 -0.01185 0.52760 2.12677 -0.34116 0.98111 -1.47348 -1.02775 0.74840 0.88837 0.35497 0.61177 -1.38239 0.68148 1.41079 -2.08602 -2.46348 0.39682 2.71379 -0.32021 -1.97552 -0.03259 2.30223 -0.19129 -1.14293 -1.23308 2.58609 -0.29413 -2.38481 -3.67107 
-0.01109 -1.53491 -0.67827 0.31770 0.75191 -0.91080 -0.71162 0.22266 0.34787 -1.41455 -0.18476 -1.46592 0.59074 0.16721 1.11668 -0.25024 -0.80511 0.51686 1.00421 -0.57967 -0.58497 -0.15927 0.94572 -0.44954 -1.84463 -2.08584 0.28908 0.28294 1.88306 0.80462 -1.06603 -0.22442 0.23478 -0.87377 1.40071 0.72196 -1.46963 3.18919 2.45877 
-0.05590 -0.58167 -0.18178 0.27897 1.20819 -0.38844 -0.88471 -0.19476 0.99613 -0.70719 -0.46139 -1.31703 0.04093 -0.05207 1.26404 0.40959 -0.22313 -0.31762 0.66395 0.58975 -0.26200 0.01832 1.40344 -0.05884 1.10318 -0.00470 -0.10910 -0.65559 0.40587 0.34420 -1.51854 -0.78406 1.54518 0.45205 -0.81836 -0.25126 0.88646 2.97153 2.09948 
-0.06316 -0.27087 -0.26869 0.09457 0.43428 -0.24685 -0.12187 -0.03935 0.36619 -0.01110 -0.24359 -0.36274 0.58603 0.05811 0.46109 0.15563 -0.46091 -1.00169 0.22016 0.96551 -0.13292 -0.97763 0.69446 0.43692 1.12689 0.01364 0.11054 -1.05551 -0.03445 0.02938 0.01652 -0.50295 -0.32187 0.14617 -0.23294 -1.56552 0.34005 -0.83607 -0.32344 
0.00222 -0.12058 -0.02614 -0.18194 0.20650 -0.16828 0.08080 -0.32767 0.01850 -0.01273 -0.02448 -0.19014 0.05457 0.05846 0.20853 0.37514 -0.19374 -0.30111 0.16100 0.26788 -0.11584 -0.21462 -0.16207 0.28121 0.26711 -0.32814 -0.06189 -0.37519 -0.09090 0.62437 0.89671 -0.13356 -1.00448 0.33978 1.07254 -0.80460 -0.46415 -1.04976 0.24289 
-0.00470 -0.06234 0.10645 -0.09917 0.13318 -0.08586 0.14600 -0.15518 0.15157 -0.17317 0.03762 -0.09563 0.25789 -0.00378 0.08590 0.06473 0.16347 -0.10498 0.08660 -0.03897 0.20686 0.09491 -0.11014 -0.02724 0.07714 0.25653 -0.04837 -0.21797 -0.36405 0.20538 0.36887 -0.18281 -0.31332 0.02396 0.09209 0.23747 -0.32542 -0.40078 0.25135 
-0.00156 -0.03468 0.03858 -0.01847 0.10152 -0.08167 0.04183 -0.12082 0.11341 -0.12287 -0.05171 -0.11300 0.31110 0.01009 -0.00944 0.01109 0.01164 0.06776 -0.02181 -0.04544 -0.09188 -0.12253 0.07540 -0.04420 -0.13367 -0.07679 0.01764 -0.09778 -0.14177 -0.28829 0.09067 -0.01370 0.25883 -0.22807 -0.26343 0.03090 0.01433 0.09820 -0.26601 
0.00539 -0.07178 0.11755 -0.08753 0.20094 -0.10767 0.10056 -0.24707 0.02904 -0.09778 -0.00658 -0.22930 0.18110 0.01387 -0.01188 -0.07705 -0.12482 -0.01430 0.07290 0.21986 -0.02121 -0.16852 -0.07924 -0.01291 0.17534 -0.00947 -0.00335 0.04283 -0.05757 0.03387 -0.22799 0.09587 0.03794 0.19321 0.19249 -0.04918 0.09981 0.27261 0.04510 
0.01231 -0.04656 -0.03846 -0.14329 0.08722 -0.00877 0.26169 -0.14203 -0.05511 -0.20212 -0.06462 0.06234 0.30163 0.00674 0.03339 -0.04647 0.04552 -0.16023 0.07406 -0.00751 0.10133 0.06996 0.02622 0.05561 0.13894 -0.03169 -0.13565 -0.33464 0.14795 0.04504 0.13474 -0.30415 -0.31296 -0.01037 -0.03984 -0.09786 0.07662 -0.73376 0.36588 
0.01213 -0.03839 0.07107 -0.04201 0.04071 -0.03360 0.09305 -0.14574 0.09900 -0.07156 0.04902 -0.09036 0.14941 -0.12179 -0.34653 0.07090 -0.07978 0.12044 -0.23125 -0.09310 -0.03158 -0.20835 -0.17710 0.06371 -0.55842 0.35641 -0.02863 -0.05545 0.07476 -0.06736 0.21951 -0.03203 -0.08011 0.07772 -0.06826 -0.17806 0.03749 -0.21371 -0.06157 
-0.10948 -0.39309 0.03244 -0.22306 0.20766 -0.24002 0.16859 -0.17361 -0.26346 -0.37922 -0.00092 -0.49609 0.65803 -0.02189 -0.02206 0.02828 -0.02185 0.05928 0.04203 -0.08762 0.17905 0.00170 -0.15185 0.09310 -0.07477 -0.09326 0.23206 0.66671 -0.07480 0.25171 -0.26595 0.45835 0.06299 0.06554 0.52675 0.42724 -0.00399 0.92141 -0.75217 
-0.00976 -0.06045 0.09936 -0.06386 0.09999 0.00843 0.00543 0.03331 0.10069 -0.22340 0.14213 -0.16513 0.05615 0.11028 0.32018 -0.00390 0.17194 -0.14551 0.22710 -0.03011 0.03395 0.31840 0.25014 0.05972 0.36299 -0.39576 0.03691 0.00045 0.01287 0.05134 -0.17878 -0.05143 0.19648 -0.47551 0.05342 0.37130 -0.28270 0.16522 0.32305 
0.00080 -0.07291 0.02854 -0.05112 0.06215 -0.01292 0.13847 -0.13966 0.05494 -0.12908 0.05880 -0.13310 0.26228 0.01502 -0.02161 0.04115 0.02949 -0.11949 -0.00940 0.10886 -0.29646 0.05512 0.21945 -0.18960 0.09045 0.22979 -0.10157 -0.29810 0.02423 -0.16346 0.17006 -0.26550 -0.05143 0.02800 -0.25876 -0.23256 -0.09155 -0.32053 0.34079 
0.00526 -0.08206 0.14051 -0.03437 -0.01950 -0.00097 0.11428 -0.26315 0.15581 -0.00395 -0.04748 -0.07468 0.28595 0.00871 0.02208 0.02033 0.00847 0.02455 -0.03840 -0.08154 0.06195 0.05964 0.01758 -0.03183 0.04245 -0.05496 -0.01316 0.05122 -0.11588 -0.02681 0.18055 -0.00925 -0.15531 0.37633 -0.09113 -0.27201 0.29843 -0.14206 -0.36241 
0.00951 -0.05083 0.04887 -0.04265 0.08670 -0.05132 0.05693 -0.07770 0.11458 -0.11150 0.02697 -0.09065 0.20731 0.00186 0.02961 -0.07473 0.00268 0.06106 -0.01866 -0.04645 0.07987 -0.03601 -0.05256 0.10882 -0.05162 -0.13262 0.00297 -0.02653 0.01749 -0.04179 -0.02831 0.01703 0.14848 -0.16648 -0.06768 -0.03199 0.08901 -0.08918 -0.00248 
0.00712 -0.05245 0.06578 -0.03168 0.04156 -0.01963 0.06783 -0.18327 0.11980 -0.05651 0.06135 -0.12630 0.15333 0.01168 -0.00445 0.03782 -0.03331 -0.00376 -0.02137 0.06693 -0.10453 -0.00804 -0.01441 0.05718 -0.04673 -0.05744 0.00485 -0.01521 0.06963 -0.01300 -0.04085 -0.00637 0.04982 0.00345 0.00732 0.02375 -0.11057 0.08092 0.11408 
0.02119 -0.05527 0.08669 -0.07596 0.08294 -0.07270 0.12386 -0.18223 0.10654 -0.12591 0.08416 -0.13738 0.14987 0.00671 0.01440 -0.00510 -0.01032 0.02021 -0.02502 0.00337 0.08332 -0.02870 -0.02881 -0.00174 0.02930 -0.01853 -0.01741 0.02440 -0.06330 0.06583 -0.02414 0.05216 -0.10568 0.17246 -0.01456 0.06145 -0.08024 0.09580 0.02603 
0.01383 -0.03806 0.06068 -0.04200 0.06176 -0.04465 0.07120 -0.09996 0.09110 -0.08532 0.05961 -0.09700 0.13480 -0.00573 0.01995 -0.02548 0.03252 -0.02790 0.03078 -0.03874 0.06793 -0.02260 0.04704 -0.02306 0.04907 -0.03141 -0.01407 -0.02907 -0.01864 0.00756 0.00002 0.01886 -0.00090 -0.07461 0.04786 0.02826 0.00040 -0.06446 0.01211 
0.01546 -0.03532 0.06122 -0.04344 0.05504 -0.04191 0.08512 -0.11430 0.08394 -0.07887 0.06109 -0.08830 0.11846 -0.00736 -0.01467 -0.02373 -0.00276 0.02022 -0.00617 0.00247 0.00870 0.01916 -0.00055 -0.00134 -0.03515 -0.00642 0.00658 -0.01911 0.02291 -0.03302 0.03200 -0.03328 0.03724 -0.06029 0.01901 -0.04922 0.02629 -0.04827 0.02242 
0.00647 -0.05273 0.03695 -0.04476 0.08199 -0.05082 0.07367 -0.09126 0.11026 -0.08587 0.05827 -0.13215 0.12838 0.00085 0.00084 -0.00257 -0.00050 0.00410 -0.00250 -0.00150 0.00765 -0.00360 -0.00218 0.00323 0.00081 -0.00899 0.01292 0.02950 0.04677 -0.00508 -0.05201 0.02686 0.03086 -0.05375 -0.04682 0.00079 -0.01691 0.10043 0.03146 
0.01631 -0.03447 0.05865 -0.04395 0.05913 -0.04441 0.08362 -0.10666 0.08034 -0.08104 0.06432 -0.08750 0.10947 0.00556 0.01483 0.02304 -0.00784 -0.03179 0.02069 0.03333 -0.04505 -0.02766 0.00024 -0.01825 0.06528 0.02504 -0.00035 -0.00136 0.00225 0.00154 -0.00609 0.00398 -0.00038 -0.00723 0.00496 -0.00052 -0.00073 -0.00356 0.01048 
0.01202 -0.03790 0.05999 -0.05260 0.05020 -0.03013 0.10699 -0.13631 0.08260 -0.08563 0.04002 -0.06687 0.15341 0.00051 -0.00051 -0.00032 0.00103 -0.00200 0.00148 -0.00188 0.00042 0.00137 -0.00270 0.00250 -0.00275 0.00149 -0.00096 -0.01152 -0.02535 0.01797 0.03817 -0.03310 -0.05926 0.07589 0.02627 0.00205 0.04481 -0.08847 -0.06755 
0.01682 -0.03499 0.05832 -0.04291 0.05714 -0.04293 0.08173 -0.10624 0.08171 -0.08374 0.06682 -0.09025 0.11096 0.00460 0.00331 -0.00231 0.01013 0.00637 -0.01241 -0.02593 0.03084 -0.00139 0.00230 0.02656 -0.02319 -0.04251 -0.00835 -0.01314 0.03658 -0.01396 -0.02673 -0.00993 0.00793 -0.04150 0.02691 0.06619 -0.03480 0.03180 0.08563 
0.01662 -0.03459 0.05768 -0.04246 0.05657 -0.04253 0.08106 -0.10547 0.08121 -0.08333 0.06659 -0.09006 0.11090 -0.00784 -0.01365 0.03626 -0.01293 -0.02873 -0.00844 0.00605 -0.04108 0.02828 0.06350 -0.03230 0.02904 0.08712 -0.10833 -0.27576 0.11049 -0.08973 0.26142 0.04362 -0.03286 -0.42142 0.29302 -0.32618 -0.46405 -0.55812 0.98469 
0.00898 -0.04864 0.09458 -0.05584 0.02841 -0.05137 0.08778 -0.14732 0.10999 -0.02024 0.03452 -0.06120 0.19808 -0.10373 -0.27245 0.10817 -0.07960 0.26779 0.03121 -0.05879 -0.39059 0.29163 -0.32388 -0.43748 -0.58131 0.94218 -0.22729 -0.61672 0.92288 0.26622 0.47564 -0.82619 0.10566 -0.20816 0.77518 -0.36003 0.40699 -0.36826 0.74045 
-0.08711 -0.30704 0.16585 -0.12206 0.32436 -0.01132 0.02227 -0.49606 0.37284 -0.40721 -0.37090 -0.67137 1.05308 -0.23513 -0.63037 0.95914 0.25330 0.44691 -0.83463 0.11171 -0.24924 0.80346 -0.29653 0.37469 -0.33922 0.82757 -0.05885 -0.52927 0.87028 0.02895 0.92878 -0.91162 0.63045 0.47600 0.24553 0.09722 0.67915 0.34319 0.01599 
-0.22616 -0.67902 1.05371 0.19746 0.47532 -0.88600 0.19949 -0.39656 0.91345 -0.31677 0.40920 -0.40042 1.02566 -0.16258 -0.80172 0.97845 -0.05065 1.19657 -0.88041 0.57165 0.08541 0.53716 -0.22666 0.24166 -0.23812 0.95817 0.15634 0.27033 -1.21776 -0.63450 0.79937 0.71992 1.18128 0.04440 -0.99816 -0.23648 -0.60305 0.55256 -0.45863 
-0.24969 -1.10876 1.14430 -0.17271 1.52094 -0.89173 0.59392 -0.41065 0.91000 -0.63388 -0.12923 -0.90949 2.01125 -0.07879 -0.36004 -0.25862 -0.38120 1.24627 -0.11471 1.29299 -0.20484 -0.19469 -0.53301 -0.22836 0.21335 0.36895 0.11304 1.30440 -1.10508 -0.34450 -1.07711 0.54835 0.07695 -0.44731 -0.37784 0.35176 -0.08586 0.65492 -2.37714 
-0.30495 -1.03906 0.79509 -0.18375 1.72160 -1.00071 1.49248 -0.60141 0.71875 -0.84979 0.18084 -0.18708 1.39461 -0.04954 0.50268 -0.12663 -0.39515 0.11946 -0.33205 0.64860 -0.36190 0.15932 0.12509 0.15580 0.41680 -1.41896 -0.13430 0.49794 0.20530 -0.20192 -1.78333 0.30537 -1.20224 0.18507 -0.04017 1.08673 0.24963 -0.73087 -0.75802 
-0.29922 -0.60608 1.01767 -0.56786 1.64040 -1.22378 1.24252 -0.77255 1.06932 -0.50878 0.02657 -0.49270 0.59229 -0.21310 0.13790 -0.05333 -0.58312 -0.53705 0.19066 0.09076 -0.01977 -0.23486 0.55372 0.02127 -0.51753 -0.38907 -0.10877 -0.48826 0.10135 0.50809 -0.31937 0.59867 -1.00771 0.18495 -0.13657 0.78195 0.32272 -0.83908 2.07649 
-0.51805 -0.90116 0.74176 -0.76687 1.18455 -0.81006 1.58324 -0.62118 0.48389 -0.29606 0.20211 -0.70460 1.00553 -0.15831 0.01442 -0.02529 0.11295 -0.19991 0.26662 -0.35911 -0.17695 0.02274 0.90704 0.47852 -0.42229 0.65753 0.28914 0.24340 0.41680 1.01870 0.86978 -0.52493 -0.31875 0.20063 0.33923 -0.46729 -0.16011 0.28824 0.74078 
-0.45753 -0.59166 0.99238 -0.45491 1.44049 -0.95716 0.88341 -0.94950 1.09206 0.39826 0.50509 -0.91498 1.24982 0.07605 0.38130 0.36347 0.43559 0.33273 -0.33427 -0.22799 0.18085 0.10437 0.08643 -0.13884 -0.22929 0.35170 -0.04899 -0.38010 0.67555 0.42853 0.97828 -0.78274 1.88878 0.45452 -0.00612 -2.51184 -0.96744 0.94466 -0.28524 
-0.44200 -0.51985 1.10523 -0.33128 1.51728 -1.14433 1.35525 -0.44033 0.58826 -0.20963 0.06326 -0.93389 1.35723 -0.20730 -0.36568 0.65026 0.54147 0.77837 -0.51612 1.52967 0.27758 0.01663 -1.60480 -0.48892 0.52238 0.37229 -0.63403 -1.27265 -0.09302 -0.69580 0.18377 -0.53612 0.32989 -2.15674 0.93263 -1.20446 -0.25469 0.53867 0.83551 
-0.66483 -0.95734 1.64264 0.08656 2.21887 -1.47328 2.41308 -0.67192 1.10869 -1.20654 0.01617 -0.39261 1.62211 -0.55799 -0.89135 0.27045 -0.26021 0.51651 -0.87040 0.10190 -1.97589 1.03701 -1.11803 -0.39353 0.30939 1.18721 -0.20119 -1.02631 -1.83944 -1.68865 0.54730 -0.18794 -2.13995 -1.84339 1.33757 1.61680 -0.40471 -1.51416 -0.36568 
-0.99999 -1.41120 1.37569 -0.59149 2.03379 -2.01473 1.45714 -2.41622 1.62527 -1.32767 -0.33026 -0.62450 2.54444 -0.40849 -1.39199 -1.18918 -1.14718 1.32567 -0.70406 -0.61028 -1.56582 1.35420 0.01200 -0.89363 -0.99178 0.00661 0.89103 -0.81767 -2.45063 -0.89299 -0.22131 0.75821 1.12322 3.63130 -1.05512 0.40216 0.02232 -2.47431 -1.76973 
-1.07332 -2.34932 0.45346 -1.06062 3.54453 -2.17735 1.80280 -2.23774 2.46289 -1.19453 -0.87746 -1.38439 1.62872 0.33304 -1.70902 -2.18018 -1.15320 0.29520 -0.11219 1.22511 1.65541 -0.01812 -0.71587 -0.37121 -2.16493 -0.58252 1.90213 1.86667 1.91825 1.36617 -3.41643 0.91900 0.10651 1.18933 -3.40403 -0.09407 1.10000 0.52783 0.89578 
-0.66694 -3.12022 -0.80449 -1.74470 2.32899 -2.12692 2.68225 -0.76081 1.60715 -2.04354 -0.70147 -2.78943 1.96191 1.49364 0.47469 0.72907 0.21899 -2.09076 0.21494 -0.50377 -0.37649 -2.04984 -0.08207 0.20637 -0.46395 0.90239 2.78747 3.61964 3.16444 1.64540 -3.73922 0.10751 -3.04858 -2.52406 -2.24019 0.42267 -0.56085 4.34496 1.27051 
0.42032 -1.87464 1.18253 -0.84163 1.45377 -1.96241 1.29904 -2.61422 0.41305 -1.27660 -0.67108 -1.84834 2.53110 3.12052 1.91062 0.98426 0.49220 -3.44402 -0.00468 -1.82347 -0.86865 -2.25830 -0.29321 -0.93206 2.18003 0.68799 0.46098 -0.33214 -2.25004 -1.03183 -1.04762 -0.36575 0.44627 0.80382 1.36856 -1.60353 -2.34086 1.78079 -0.10979 
2.45357 -1.20960 0.17978 -1.25249 -1.11503 -2.13160 0.85879 -1.62946 -0.65115 -2.33674 -1.63353 -0.60939 2.64990 1.95462 0.14254 -1.52097 -0.81284 -3.13838 -0.15081 -0.05750 0.42733 -0.68127 -1.68560 -2.13448 1.31684 0.79259 -3.16729 -2.32685 -0.99378 -1.00424 3.67799 0.59103 2.77666 0.97312 3.67142 0.15765 -0.02234 -1.52256 -0.35317 
2.37494 -1.73210 -0.33844 -1.65448 -1.68461 -2.11322 1.24154 -2.18689 -0.26822 -2.96219 -2.80557 -0.53150 3.32370 -0.04677 -0.41623 -0.00952 -0.51204 0.23398 0.58634 0.95319 0.10447 1.41312 -0.13555 -0.95439 0.65748 0.33482 -2.09584 -0.27183 1.66445 0.33283 3.88395 0.48806 1.13696 0.61134 1.04503 2.28104 1.89594 -1.11501 -1.60781 
2.40681 -1.62582 0.17025 -1.76454 -0.88106 -1.54526 1.81198 -1.52498 0.76197 -2.47229 -2.58793 0.04808 2.98472 -0.14122 -0.12929 0.14347 -0.48001 0.74557 0.33725 1.07947 1.03867 0.36376 0.59544 -0.23854 0.20183 -0.81522 -0.37310 -0.67098 -1.31382 0.05133 -0.61743 -0.92755 -1.42361 -0.93604 -2.57332 -0.65125 0.46475 -1.98580 -1.60424 
2.23373 -1.86139 -0.19497 -2.13449 -0.93904 -1.77597 2.32101 -1.14822 0.09554 -2.36675 -3.04411 -0.32967 2.50848 -0.41987 -1.08721 -1.32335 -0.46071 -0.38346 -0.34121 -0.47042 -0.83157 -1.16020 -0.78681 -0.48964 -1.32832 -1.26943 0.01587 -0.53242 -1.56792 0.44315 0.19271 -0.84238 -1.75343 -1.78576 -0.97979 -1.53330 -0.03705 -1.04784 -0.78547 
1.98694 -2.71303 -1.15309 -2.22525 -1.26451 -1.88647 1.34156 -2.35655 -0.39823 -3.25910 -3.07757 -1.28024 1.71529 -0.12535 -0.66171 -1.42444 -0.03686 0.93827 -0.50513 -0.67396 -0.74709 -0.61603 -0.93786 -0.27560 -0.84601 -1.60069 0.26883 1.69039 0.96335 0.40829 1.84121 -0.04791 0.98699 0.39193 1.80283 1.32769 0.63714 1.81751 -1.15089 
2.10838 -2.52310 -1.61942 -2.17135 -0.00077 -2.28109 1.64705 -1.89531 -0.52049 -3.30461 -3.31971 -1.17568 0.90779 -0.15104 0.60318 -0.35999 -0.05243 1.45776 -0.38912 0.51657 -0.43964 0.64264 0.54088 0.14750 0.48918 -2.42032 -0.10796 1.18694 1.50919 -0.43374 0.06384 0.10844 1.65941 0.07548 0.89637 1.64836 0.25608 1.71569 0.06471 
1.83590 -2.10986 -1.51308 -2.27767 0.19324 -2.27559 1.85814 -2.79619 0.24441 -2.71822 -2.93007 -0.79106 -0.70503 -0.23330 0.52523 0.08475 -0.47061 1.00211 -0.39668 0.98545 -0.67161 0.28034 0.71050 -0.01952 0.86969 -1.53598 0.23715 -0.04069 0.75341 0.12451 -0.37572 0.33166 0.64076 2.04273 -0.64075 -0.18349 0.39669 -0.38144 3.12156 
1.87507 -1.99787 -1.53467 -2.64195 1.00135 -2.67778 2.63250 -2.56691 -0.24016 -2.59411 -3.33923 -0.30599 -0.62818 0.08611 0.56248 0.39342 0.07208 1.08204 -0.05747 1.15733 1.60309 0.00189 0.35740 0.54419 0.10775 0.70124 0.30120 -0.16896 0.16076 0.67094 0.00161 0.43205 -1.23329 1.64029 0.38208 -0.39293 0.52017 -0.35676 1.75364 
1.92202 -1.54737 -1.11966 -2.20559 1.27528 -2.33306 3.01547 -1.19310 0.24629 -2.36082 -2.38588 -0.68331 -0.00379 0.06789 0.35627 0.24551 0.20033 1.00373 0.03536 -0.24784 0.96869 0.66242 0.31757 0.50065 0.51292 0.21766 -0.15734 -0.78476 -1.30677 -0.65471 -0.38084 -0.59507 -1.64656 -2.08227 -0.60872 -0.54914 -1.42496 0.24511 -1.23072 
1.94297 -1.64160 -1.28916 -2.44162 2.00507 -2.64241 2.38466 -1.59823 0.42226 -2.27654 -2.83858 0.20693 -0.41052 -0.07123 -0.22228 -0.91335 -0.58263 0.70120 -0.65254 -0.48923 -0.47918 -0.60683 -0.19174 -0.88077 0.35285 -0.52948 -0.13442 -0.42215 -1.31223 -0.64059 -0.89946 -0.66334 0.26778 -0.39437 -2.28200 -0.61027 -0.63209 -1.44874 -0.91498 
1.85079 -1.76965 -2.03301 -2.78822 1.97648 -2.98560 2.52624 -1.67228 -0.36054 -2.55256 -3.26665 -0.33046 -0.53327 -0.06653 -0.06588 -1.06672 -0.44026 0.10427 -0.62797 0.01993 0.57432 -1.61958 -0.29271 -0.13144 -0.93582 -0.69732 0.05266 0.20848 1.02188 0.05906 -0.60931 0.54292 0.14009 1.11305 -0.81787 0.37113 1.33575 -1.18678 0.02921 
1.87644 -1.70748 -2.35587 -2.88188 2.10935 -3.27039 2.40460 -1.02391 -1.19732 -2.56925 -2.97002 -0.72889 -1.10784 -0.01857 -0.01380 0.10853 -0.52357 0.09189 -0.10962 -0.34913 0.63387 -1.42470 0.17938 0.45498 -0.83393 -0.50026 0.15114 0.38728 1.89647 0.71677 -0.00303 1.33261 0.99769 -0.50391 1.79503 1.33428 0.41826 1.32398 1.65534 
1.83222 -1.78346 -1.92448 -3.31179 2.06837 -3.09522 2.17710 -1.03840 -1.78523 -2.37318 -2.81167 -1.16439 -1.03353 0.08460 0.32140 0.82975 0.27651 0.10124 0.70463 1.01763 0.07042 0.17545 1.04158 0.28682 0.38816 0.95802 0.00464 -0.06143 -0.15324 1.21720 -0.24418 0.32826 0.94218 -1.40542 1.72045 0.29222 -0.40001 0.78319 0.92266 
1.96104 -1.38608 -1.52612 -2.60537 2.21059 -2.56575 3.42222 -0.95349 -1.02187 -1.52767 -2.68320 -0.34073 -0.14982 -0.01393 -0.07523 -0.04471 0.69363 -0.15229 0.21863 0.59304 -0.77155 0.29576 0.47161 0.05498 -0.05074 0.42240 -0.14212 -0.66751 -1.17703 -0.33365 0.04772 -0.96265 -2.27662 0.76327 -0.96784 -1.32509 0.16135 -1.96221 -0.87126 
1.81829 -1.85869 -1.96919 -2.61817 1.91608 -2.87659 2.77015 -1.80995 -1.48948 -1.90157 -2.75669 -1.21512 -0.61113 -0.05752 -0.34610 -0.34728 -0.05714 0.14896 -0.25802 -1.25899 0.83369 -0.79239 -0.28351 0.44817 -1.57405 0.08676 0.09841 0.37660 0.06900 -0.76679 0.38080 -0.08443 -1.05196 1.59849 -0.32343 -0.44204 0.19606 0.32851 0.18986 
1.90352 -1.73218 -1.87340 -2.66251 2.35954 -2.82377 2.16323 -0.11980 -1.81426 -1.81118 -2.23503 -1.91478 -0.06306 0.08448 0.30137 0.02428 -0.07317 0.22852 0.13420 -0.45892 0.82694 -0.02767 0.02957 0.25104 0.27777 0.61226 0.07891 0.57120 0.50195 0.09140 -1.07377 0.60455 1.43751 -1.74887 1.94430 -0.00171 -0.80192 2.57920 0.12304 
1.90277 -1.55732 -1.94491 -2.69134 2.14460 -2.74238 2.31122 -0.98301 -1.51715 -1.87201 -2.50565 -0.93735 0.00113 0.02139 0.22510 0.15467 0.03426 -0.92481 0.34653 0.17852 -0.91519 1.15191 -0.28522 -0.35374 1.00515 0.20980 0.18521 -0.32702 -0.30370 0.02122 -1.00149 0.05484 0.21502 -0.90459 0.49905 -0.43735 -0.32211 0.05766 -0.49100 
1.92492 -1.50708 -1.71873 -2.62825 1.43473 -2.47724 2.34175 -1.03499 -0.66235 -2.09640 -2.58877 -0.90963 0.14674 0.26969 -0.02565 -0.27941 -0.05195 -0.77298 0.18904 -0.24391 -0.07765 0.47137 -0.40779 -0.07107 0.33543 0.12126 0.15895 -0.36027 -0.77469 -0.11516 0.47644 -0.50360 -0.85132 0.81436 -1.45504 -0.30367 0.81779 -1.00322 0.05004 
2.17246 -1.58297 -2.22432 -2.74329 1.37162 -2.55335 2.06732 -1.06066 -1.04578 -2.27980 -2.57673 -0.60192 0.12239 0.18035 -0.13517 -0.62002 -0.08090 -0.44837 -0.15707 -0.67280 -0.10082 -0.30313 -0.58888 0.46405 0.00193 0.25984 -0.28391 -0.03317 1.04834 0.07306 0.64545 0.11020 0.26174 1.09169 -0.54306 0.79853 0.94679 -0.96624 1.04674 
2.10526 -1.64226 -2.33875 -2.70915 0.98636 -2.63431 1.66895 -1.13581 -0.96548 -2.68528 -2.12472 -0.90771 0.40657 -0.01423 -0.05882 0.76893 0.02111 -0.12753 0.29924 0.01783 1.01404 -0.07168 0.39074 0.87572 -0.63081 1.16800 -0.24715 -0.23000 1.35665 0.42779 -0.03420 0.61129 0.45554 -0.22984 -0.16004 0.88212 0.34992 -0.25434 -0.46430 
2.15824 -1.64178 -1.45539 -2.72218 1.24410 -2.25410 2.08515 -0.04662 -1.11746 -1.88905 -1.70100 -1.23273 1.29039 -0.06681 -0.36518 0.73663 0.34689 -0.48257 0.45422 -0.21726 -0.33067 -0.46317 0.29324 0.81397 -0.25241 -0.20446 -0.16585 0.36056 -0.96458 0.31841 0.05468 -0.23918 0.69805 -2.29912 1.33510 -0.59049 -0.81590 1.42170 -2.66453 
2.03846 -2.00744 -1.60212 -2.36226 0.50378 -2.18009 1.45169 -1.46647 -1.42865 -2.39204 -1.31076 -1.16012 0.20211 -0.18008 0.30174 -0.19565 0.33952 -0.07285 0.06006 0.71588 -1.28508 1.26342 -0.19975 0.05982 0.79089 -1.49654 -0.03183 0.78829 -1.29811 -0.70693 1.62470 -0.85242 1.85053 0.04863 1.89659 0.38683 -1.92422 1.07524 -0.54041 
1.97816 -1.34004 -1.65105 -2.38266 1.17125 -2.19404 2.80103 -1.33170 0.14596 -2.08880 -1.64118 -0.44184 -0.20615 -0.09863 0.42311 -0.56148 -0.36003 1.14212 -0.39821 1.63327 -0.28204 1.43342 0.68007 -1.11025 0.82283 -0.74487 0.07196 -0.65356 -0.39002 -0.46167 0.73932 -0.18507 -0.67848 1.97073 -1.45426 0.49011 -0.12882 -1.09986 0.67574 
1.93982 -1.58433 -2.16359 -2.72229 1.64590 -2.57830 3.08495 -1.74851 0.00477 -1.71197 -2.42101 -0.33729 -0.54276 -0.10812 -0.35182 -0.58567 -0.12215 0.66647 -0.12502 0.03740 0.68565 -0.19084 0.29036 -0.06900 -0.30897 -0.82079 0.05171 -1.36018 0.38985 0.78336 -1.20651 0.79065 -2.62736 0.49147 -1.71644 -1.12410 2.13213 -0.79463 -0.69897 
1.87004 -1.69186 -2.23672 -2.50481 1.83772 -2.31906 2.83843 -0.64605 -0.04487 -1.79844 -1.71018 -0.75081 -1.02694 -0.04693 -0.93707 -0.17163 0.42333 -0.06439 0.39244 -0.99409 0.20944 -0.28301 -0.44403 1.02188 0.02820 -1.44384 0.24078 -0.53977 0.55582 0.19294 -0.74736 0.59064 -0.56732 -1.58320 -0.20466 -0.01325 0.65576 -0.00788 0.32198 
1.89290 -2.52140 -2.33522 -2.29897 1.58151 -2.18585 2.09086 -1.53907 -0.27824 -2.15600 -1.39913 -0.30909 -1.98661 0.13266 -0.89159 -0.02985 0.07079 -0.08089 0.46563 -0.52992 -0.89755 -0.39550 0.27711 0.58676 -0.31686 -0.49881 0.08757 0.60135 0.20257 -0.76809 -0.19201 -0.07794 1.05595 -1.01719 0.27657 1.04334 -0.86807 -0.59815 1.62667 
2.00270 -2.58345 -2.26657 -2.43402 1.75682 -1.85343 2.30850 -1.54359 -0.44037 -1.52134 -1.12342 -1.06767 -1.52575 0.04064 -0.33573 0.03094 -0.34476 -0.25640 0.31451 0.06186 -0.80775 -0.00644 0.59931 0.15381 -0.56995 0.18283 -0.08004 0.48067 0.24302 0.31919 -1.12992 -0.25401 0.36155 0.55150 0.44490 -0.01550 -0.08684 -0.58549 1.54307 
1.93354 -2.85713 -2.30429 -2.64373 1.32511 -1.87135 2.15272 -2.34683 -0.28468 -1.55670 -1.24532 -0.87904 -1.80378 0.05261 -0.41092 0.21317 0.38997 -1.21081 0.21162 -0.16837 -0.34605 0.04940 0.26161 0.49992 -0.90234 1.04426 -0.01489 0.17811 0.91886 1.31587 -0.66939 -0.05494 -0.10897 0.73518 -0.18763 0.42213 0.59789 -0.14855 2.18272 
2.05532 -2.99437 -2.05340 -2.04405 0.54601 -1.64182 2.14013 -1.88964 -0.39097 -1.25972 -0.62351 -1.97001 -0.48149 0.02575 -0.15761 0.94979 0.97111 -0.92579 0.25957 -0.04711 -0.07258 -0.19407 1.02144 0.75170 -0.71850 2.36555 -0.15647 0.31296 0.69097 -0.10426 1.69769 -0.85867 -1.02453 0.03892 -0.62394 1.21939 -0.56938 0.64902 0.84473 
1.95928 -3.01474 -1.35449 -1.67262 0.39932 -1.61178 2.10561 -2.41940 -0.47875 -0.53525 -0.49362 -1.59754 0.56177 -0.10386 -0.09796 0.90414 0.28571 0.48688 -0.64705 -1.19290 -0.30713 -0.57454 1.48100 -0.06946 -0.25333 1.88899 -0.16618 0.01775 -0.11058 -1.00373 1.43911 -1.08698 -1.24299 0.45528 -0.23190 0.79297 -0.70978 -0.41990 -0.81549 
1.95146 -3.09233 -1.14926 -1.75833 1.03289 -2.28887 0.94723 -2.19677 -0.96552 0.22128 -0.69297 -2.22334 1.40750 -0.14043 -0.13987 0.83921 -0.03262 0.51332 -0.82742 -1.29010 0.38270 -0.42597 1.81441 0.04192 -1.13840 1.55006 -0.02616 0.14073 -0.34266 -0.12925 -0.48629 0.30616 0.49864 0.60668 0.51076 -0.58017 0.62392 -0.24420 -1.27836 
1.81885 -3.15461 -0.51528 -1.70524 0.91264 -2.43920 0.81550 -2.03670 -0.90472 1.27915 -0.45170 -2.73595 2.11183 -0.13002 0.04277 0.56149 0.15646 0.00059 -0.34089 -0.69426 0.29956 -0.06378 0.90084 0.55446 -0.49752 0.61063 0.13291 0.05770 -0.46874 0.33020 -0.93772 0.70578 0.34644 -0.14026 -0.32867 -2.22697 0.44604 0.64965 -0.36952 
1.82144 -3.04956 -0.58777 -1.60187 1.03348 -2.62976 0.25297 -1.89721 -1.02930 1.12212 -0.13852 -2.72086 2.01812 -0.00752 -0.08217 0.37047 0.29758 -0.42440 -0.12164 -0.94367 0.24244 -0.75464 -0.41256 0.48797 -0.48876 1.18054 0.15301 -0.23472 -0.03062 0.37425 -0.03280 0.37550 0.34780 -0.31416 -0.69582 -1.06120 -0.48105 0.69392 0.46385 
1.81133 -3.23677 -0.14481 -1.40766 0.48823 -2.56083 -0.12816 -1.79426 -1.65936 0.86659 0.03627 -3.22470 3.29238 0.02300 -0.19195 0.53086 0.53071 -0.03221 0.03461 -0.34646 -0.01460 -0.75960 -0.16037 0.07341 0.19640 1.07447 0.12010 0.39203 -0.45932 0.27789 1.27348 0.01163 1.12599 -0.24399 0.25608 0.69225 -0.77797 0.99482 -1.03363 
1.84444 -3.24152 -0.05691 -1.07116 1.00126 -2.59515 -0.09349 -1.91181 -1.78890 0.96175 -0.06510 -2.52446 3.09259 0.11258 0.30986 -0.08885 0.57547 0.84908 -0.11000 0.18233 -0.00154 -0.49856 0.27969 -0.29000 0.50607 0.14691 0.00088 0.59035 -0.77802 -0.33452 0.51355 -0.08089 0.38867 -0.64798 0.49150 0.41110 -0.47235 -0.51301 -1.64097 
1.92391 -2.92691 -0.23366 -0.83219 1.33731 -2.67084 0.05416 -1.79580 -2.15792 1.14628 -0.25374 -2.71864 3.43929 0.02388 0.39839 -0.24715 0.19619 0.48134 -0.04628 0.04221 -0.66258 -0.26810 0.25073 -0.39894 -0.31661 -0.56649 -0.13810 -0.20282 -0.06314 -0.34275 -1.07427 0.14392 -0.47858 -1.00025 0.27777 -0.60531 -0.08431 -1.11046 -1.52598 
1.86832 -2.84313 -0.30406 -0.87497 1.48261 -2.64143 -0.05129 -2.57439 -2.05699 1.21248 -0.46405 -2.84107 2.52610 -0.02552 0.10704 -0.15198 0.23272 -0.22519 0.03391 -0.29625 -1.00179 -0.22080 -0.32562 -0.37432 -0.60439 -1.37907 -0.14566 -0.12506 0.70656 0.12069 -0.88858 0.25050 -0.00539 0.01467 -0.60158 -1.13856 0.16361 -0.13003 -0.16803 
1.89839 -2.81987 -0.38564 -0.59947 1.11212 -2.63693 -0.24209 -2.79759 -2.37871 0.82066 -0.62805 -3.32303 2.06022 -0.12178 0.27333 0.45941 0.31688 -0.40724 0.20423 0.03682 -0.64791 -0.86967 -0.88783 -0.23533 -0.44663 -0.73452 -0.11027 0.41273 0.93556 0.13728 0.52928 0.23674 1.15305 0.31426 0.09168 -0.08529 0.35736 1.24073 1.43150 
1.74653 -2.56979 0.15535 -0.55808 1.07537 -2.43721 -0.01447 -3.22230 -2.92667 0.32465 -0.69938 -3.28770 1.79157 -0.13578 0.51977 0.78358 0.37000 0.30409 0.27065 0.85679 -0.68752 -0.12911 -0.41092 -0.01696 0.63634 0.05243 0.13278 0.06401 -0.23392 0.05723 0.47049 -0.20209 0.51111 0.03609 1.00148 0.65659 0.04212 0.75369 1.17571 
1.76260 -2.30010 0.39794 -0.22946 1.41621 -2.36628 0.61470 -3.48512 -2.50783 0.40974 -0.64501 -2.68669 2.11265 0.01100 0.33734 0.22549 0.37411 0.06325 0.00214 0.54793 -0.61182 0.13181 -0.23125 -0.19321 0.30705 0.44118 0.10819 -0.17388 -0.75787 -0.48161 -0.19778 -0.29665 -0.45432 0.75720 -0.71908 0.40503 0.00639 -1.10014 -0.50532 
1.75753 -2.23245 0.38084 -0.18397 1.13862 -2.43507 0.53346 -3.83412 -2.79486 0.09341 -0.89259 -2.98065 2.23276 -0.02759 0.34589 0.02571 -0.11161 0.10631 -0.02600 0.40247 0.06968 -0.84819 -0.00589 -0.01057 -0.46381 -0.45289 0.07264 0.23265 -0.34708 -0.29568 -0.16179 0.65718 -0.24132 0.46936 -0.10872 -0.03145 0.50938 -0.60321 -1.49927 
1.73501 -1.95421 0.42365 -0.34107 1.52252 -2.39228 1.01717 -3.41544 -3.35602 0.40386 -0.65557 -3.15050 1.65976 0.08364 0.56999 -0.12159 0.07843 -0.09853 0.65932 0.30661 -0.14246 0.02309 -0.26269 0.31617 -0.29615 -1.05809 -0.02819 0.52958 0.10319 0.36460 -0.48933 0.84980 -0.76681 0.00635 1.83701 -1.40661 0.11589 0.19948 -0.36892 
1.84117 -1.66246 0.25924 -0.10554 1.04009 -1.77575 0.84007 -3.97658 -2.77178 -0.16929 -0.57642 -3.27680 1.17467 -0.05578 0.87548 0.12889 0.25299 -0.38302 0.82380 -0.36434 0.07603 0.98882 -1.41250 0.10533 -0.26433 -0.82181 -0.43511 0.63310 1.01150 -0.30608 -0.14379 -0.24457 -0.98569 0.92953 0.40974 -1.28021 -0.29618 0.31133 0.25652 
1.67923 -1.07873 0.55254 -0.08809 1.13950 -1.56848 0.65284 -3.33940 -2.36720 -1.00864 -0.55025 -3.41483 0.83794 -0.35147 1.20309 0.88991 -0.22765 -0.24233 0.41475 -0.67907 0.78707 0.43283 -1.54290 0.01998 0.01518 -0.80157 -0.44589 -0.18889 0.57102 0.00972 0.67697 -0.51547 -0.66648 0.25913 0.08799 0.80015 0.08847 1.77830 0.15226 
1.48970 -0.45938 1.14915 -0.33319 0.79776 -1.36100 0.16100 -3.18952 -2.33895 -1.71219 -0.55644 -3.26163 0.37310 -0.50167 0.68659 0.69991 0.26271 0.29395 0.30833 -1.03082 0.33517 1.07681 -0.61234 0.19379 1.51397 -0.66956 -0.71787 -1.96528 -0.63628 0.64820 0.94326 -0.17446 1.02295 -0.02028 0.83252 1.43437 0.72795 2.02871 1.46779 
1.17756 -0.39214 1.25245 0.17462 1.43344 -1.26015 -0.37798 -3.00424 -1.29039 -1.62099 -0.35646 -1.90086 0.16838 -1.06934 -0.76219 0.25363 0.42055 0.70094 0.24029 0.34387 0.76679 1.26535 -0.10854 0.74794 2.04389 0.66623 -0.06032 -1.36545 -1.03275 -1.65993 -0.27164 -0.28838 2.37539 0.81209 -1.08468 0.16378 -0.43303 -1.53489 1.90744 
0.42036 -1.22157 1.40278 0.08736 1.49870 -1.12071 0.50487 -2.42273 -1.07359 -1.82072 0.19150 -1.21774 1.03933 -0.56200 -0.67886 -0.33283 -1.39722 0.02231 0.01995 1.34458 1.14725 -0.00786 -0.44856 -0.23924 -0.02092 1.23788 0.89175 0.71339 -0.43659 -1.14141 0.14331 -0.42311 0.08166 0.48725 -0.68064 -0.13525 -1.76467 -3.78643 -0.52874 
0.61556 -1.07100 0.91962 -1.22259 1.45575 -1.24020 0.96660 -1.85699 -1.29825 -2.06955 -0.59569 -1.92179 1.40627 -0.17760 -0.04880 -0.18296 -0.72086 0.84424 -0.18282 0.42554 1.25404 0.58471 -0.24379 -1.01673 -1.74254 0.13749 -0.24516 0.38377 1.33827 2.17914 1.42288 -0.31953 -1.57068 -1.27559 0.57685 1.34881 0.46877 -1.27897 -1.54899 
0.24276 -1.27037 1.21982 -0.63350 2.34294 -1.30353 0.93041 -1.16868 -0.48888 -2.06451 -0.82523 -2.96028 1.17682 -0.80715 -0.29509 1.00543 0.78192 1.44519 -0.29958 -0.22610 -0.12834 0.56898 0.90025 0.22953 -1.29989 -0.31111 -0.45269 -0.53914 0.06913 0.80288 -0.01213 -0.02865 -0.71365 -2.50563 0.09389 1.24898 1.66802 1.70231 -0.04009 
-0.19159 -1.36609 1.92506 -0.44067 2.90094 -1.53978 0.74050 -1.98532 -0.72927 -1.16930 -0.36617 -3.22168 1.09516 -0.63028 -0.58795 -0.11383 0.08202 0.83212 -0.21148 -0.28812 -1.25158 0.67860 1.00520 0.65129 -0.04023 0.09740 0.32364 -0.23262 -1.45557 -1.03352 -0.74282 0.20309 1.11874 0.35472 0.31756 -0.98752 -0.06864 1.75222 -0.28676 
-0.38752 -1.85832 1.10599 -0.55147 3.17506 -1.51501 0.64229 -2.42027 0.18972 -1.05932 -0.17395 -3.00051 1.27421 -0.48351 -0.52772 -0.45014 -0.25160 0.70237 -0.09649 0.89264 0.22638 0.88654 -0.08728 0.16089 0.45233 -0.59787 0.34903 0.33863 0.70223 0.04887 -0.71883 0.38290 1.45338 2.29848 -0.29594 -0.40882 -0.78745 0.81090 -0.07540 
-0.67510 -1.89381 1.47492 -0.69227 3.60330 -1.63627 1.63315 -1.75894 0.15727 -1.25658 -0.20528 -2.76935 0.49729 -0.28125 -0.24932 0.58840 0.13089 0.11329 0.17142 1.16527 1.04689 0.38267 0.59638 -0.13617 0.77067 0.02200 0.42891 0.17855 -0.08500 0.20807 -0.77905 0.24638 -0.47796 0.52459 -0.84279 0.38163 0.46397 0.44509 1.01482 
-0.66877 -2.10764 1.69439 -0.42058 3.28835 -1.34358 1.80756 -1.37337 0.57239 -0.46294 -0.31011 -2.22983 1.29621 -0.05459 -0.34916 -0.53513 -0.04353 -0.07669 0.14990 0.41468 0.75097 0.04375 0.29436 0.62486 0.89742 0.41696 0.27369 0.25405 -1.49135 -0.91943 -0.15689 -0.28999 -1.62394 -1.34990 -0.39382 -0.84851 1.27724 0.01131 -0.21538 
-0.72969 -2.24297 0.93979 -0.73581 3.52662 -1.48637 2.04783 -1.00797 0.20102 -0.96222 0.41958 -1.87193 0.91425 -0.00756 0.00474 -0.90295 -0.78853 -0.04359 -0.11857 -0.45867 -0.30301 -0.01116 -0.25213 1.14108 0.78198 -0.19338 0.08834 0.55387 1.02079 -0.17314 -0.39786 0.22106 -0.87850 -1.28529 -0.01600 -0.21913 -1.02896 -0.40198 -0.29368 
-0.67633 -2.10290 0.79144 -1.20911 3.24475 -1.46215 1.34889 -1.67638 0.56123 -0.71507 0.83096 -1.44785 1.10283 0.03375 0.20471 0.48566 -0.21668 -0.47455 0.37096 -0.46381 -0.53431 0.02775 0.07523 -0.40410 0.49544 0.12328 0.13587 0.24079 1.21556 1.28281 -0.49915 0.32124 0.92824 0.56044 0.43053 0.16161 -1.88283 -0.01411 -0.65997 
-0.69594 -2.03826 1.42545 -0.95248 3.05207 -1.11542 1.58401 -1.54228 0.22876 -0.88700 0.01548 -1.37650 1.03752 0.12831 0.24553 0.31261 0.49428 -0.54274 0.20268 0.46957 0.25743 0.41937 -0.09053 -0.74176 0.76787 -0.85335 0.23181 -0.15583 -0.88542 0.85757 -0.61962 -0.40470 1.22339 2.07081 1.13907 -0.40371 -0.16184 -0.03368 0.20055 
-0.54802 -1.85738 1.10405 -0.71483 2.70201 -1.25948 1.81846 -1.41896 0.98060 -0.80560 0.08921 -0.67998 0.24947 0.26556 0.04888 -0.39976 0.64089 -1.09417 -0.03374 0.75957 1.53650 1.16681 -0.32848 -0.56595 0.46175 0.32383 0.09093 -0.23542 -0.76598 -0.13019 -0.30680 0.17118 -0.96590 0.43661 -0.12934 0.17409 0.67423 -0.96371 2.18163 
-0.43038 -1.98938 1.02568 -0.31159 1.95790 -1.14916 2.34359 -0.00578 1.39557 -1.21548 -0.55046 -0.91474 1.36135 0.21924 0.01011 -0.45337 0.36409 -0.84954 0.37386 -0.49633 0.69403 0.29003 0.08356 -0.06753 -0.19583 1.32827 -0.07722 0.25114 -0.01019 -0.62105 0.71665 0.09525 -2.01510 -1.80477 -1.32271 1.32824 1.05645 -0.35029 -0.09219 
-0.32878 -1.84727 0.65069 -0.35074 1.85247 -0.88562 1.32213 -0.72492 1.27063 -0.72204 0.02168 -0.87581 1.57775 0.18834 0.30002 -0.40996 0.01984 -0.37752 0.06151 -1.25553 -0.26827 -0.15590 0.99975 0.49050 0.11147 0.23164 -0.04347 0.60539 0.49033 -0.19622 0.46955 0.01624 0.99265 0.05141 -1.27905 -0.05915 0.16843 0.30730 -2.11056 
-0.24203 -1.68936 0.61573 -0.29175 1.58039 -1.08765 1.08806 -0.27404 1.23967 -0.21573 -0.05996 -0.80328 1.59299 0.17577 0.61550 0.03697 0.16787 -0.38000 0.39010 0.49632 0.74544 -0.98902 0.02442 0.10090 0.11146 -0.78229 -0.04381 0.25871 0.45079 0.10433 -0.48895 0.30761 0.76405 -0.21725 -0.86955 -1.34183 -0.14779 0.44823 -0.81807 
-0.15301 -1.23177 0.68765 -0.18287 1.47247 -0.49552 1.81845 0.02052 0.28162 -0.69762 0.12258 -0.76435 0.79546 0.14453 0.55873 0.04083 0.12417 -0.86647 0.36911 -0.49147 -0.48552 -1.02545 -0.34208 0.34271 0.55970 -0.58643 -0.24221 -0.52094 -0.45756 0.27324 -1.06407 -0.41632 -1.75681 -1.47243 0.62013 0.00225 -0.12038 0.23253 0.89308 
-0.09750 -1.13062 0.65655 -0.16758 0.71392 -0.71854 0.59659 -0.75956 0.21422 -0.55781 0.28275 -0.24358 1.00656 -0.06644 0.09456 -0.42059 0.44111 -1.44406 -0.02622 -1.26049 -0.72699 -0.36889 0.02666 -0.01948 0.34399 0.11079 -0.11234 0.04926 -0.47705 -0.06264 0.15650 0.27325 0.62076 1.37270 0.99867 0.57676 -0.35962 -0.82751 -0.20645 
-0.21945 -1.13721 0.26706 0.25824 0.02841 -0.52175 0.55796 -0.70647 -0.08727 -0.67096 0.10309 -0.42036 0.90625 0.03220 0.60799 -0.43623 0.06153 -0.70997 0.64236 0.12929 0.88718 -0.02678 0.23468 -0.01691 -0.26781 -0.79288 0.20251 0.62324 0.46066 -0.63047 1.81781 0.50151 1.17655 1.07334 0.58198 0.44086 -0.26875 -0.63392 -0.77366 
-0.06530 -0.52263 0.22033 -0.10605 0.00395 -0.07618 0.72588 0.12762 0.18744 -0.32312 0.26584 -0.51139 0.21368 0.13606 0.71780 0.04007 -0.18936 0.37375 0.47529 -0.08393 0.34635 0.21309 0.46752 -0.28823 -0.28993 -0.66287 -0.06530 -0.49966 0.44463 0.29447 1.02086 -1.07045 -1.31786 -1.47215 0.48359 -0.07959 -0.14411 0.77838 1.47784 
-0.08339 -0.41941 0.30713 0.06888 0.40216 -0.04646 0.47403 -0.36013 0.12582 -0.20344 -0.18514 -0.71029 0.24338 -0.03310 0.10833 0.00840 0.35600 0.31089 -0.42809 -1.18857 -0.58497 0.45682 0.15509 -0.16102 0.51057 0.68497 -0.04094 -0.44834 -0.00943 0.14837 -0.67814 -0.60129 -0.41312 -0.67836 -0.16469 -0.51246 0.44055 0.60539 0.95090 
-0.09840 -0.41430 0.22873 0.24996 0.31484 -0.50427 -0.46268 -0.45735 0.64426 -0.16803 0.10482 -0.00082 0.89865 0.09512 0.26946 0.03064 -0.04099 -0.30439 -0.12600 -0.49705 -0.33201 0.04840 -0.04494 0.15232 0.31547 0.28803 0.05562 0.06551 -0.39031 -0.72446 -0.61938 0.28686 1.63750 0.87596 -0.41090 0.18987 0.26439 -1.25322 -1.67142 
0.01173 -0.14995 0.33777 0.02789 0.09777 -0.17246 -0.02302 -0.69214 0.17421 -0.24838 -0.03282 -0.39482 0.53140 0.02252 0.17385 -0.38191 -0.36846 -0.30849 -0.14123 0.44893 0.29099 0.04591 0.34497 0.10337 -0.74265 -0.98646 -0.08086 -0.37687 -0.09977 -0.03388 0.63925 0.08739 0.85033 0.88630 -0.16983 0.01545 0.10566 -0.45098 -1.05929 
-0.07588 -0.24045 -0.15318 -0.11850 0.00635 -0.64550 -0.01375 -0.16636 0.69017 0.17694 0.20819 -0.74347 -0.08781 0.01426 -0.10742 -0.06913 -0.07487 0.33486 -0.03861 0.35328 0.55429 -0.12144 -0.02949 0.25798 -0.13551 -0.77126 -0.04366 -0.90053 1.43883 0.73014 0.40688 0.21621 0.57628 -1.05509 -0.65577 -1.09119 -0.95207 0.76078 1.43964 
0.02599 -0.25737 0.26864 -0.04698 0.43263 -0.21107 0.33026 -0.13785 0.05278 -0.27787 0.22516 -0.53034 -0.23986 -0.02114 -0.72668 1.05692 0.36168 0.09839 0.07498 1.02522 -0.76409 -0.60985 -0.74623 -0.84870 0.01812 0.45318 -0.04764 0.08321 -0.14242 0.18451 -0.68959 -0.21241 -0.64475 -0.91421 -0.02190 -0.07608 -0.51685 0.58708 1.09677 
-0.09702 -0.96713 0.90374 0.24318 0.10474 -0.57051 1.01147 -0.93045 0.08032 -0.56929 -0.64052 -0.72535 0.36537 -0.03338 -0.02421 -0.21155 0.10964 -0.35473 -0.25102 -0.29147 -0.35991 -0.14334 -0.10557 -0.25887 0.45157 0.32550 0.08699 1.60081 -1.84025 -0.68421 0.17187 0.41744 -1.52514 1.77520 0.16869 0.79215 1.44216 0.60296 -0.73356 
-0.00739 -0.28158 0.05709 0.06267 0.07790 -0.46209 0.03879 -0.49777 -0.09056 -0.38344 -0.03372 -0.07877 0.08564 0.06585 0.87413 -0.78332 -0.32253 0.27026 0.49242 -0.49992 1.01111 -0.44116 0.04592 0.59345 0.62108 -0.28038 -0.61708 0.38812 1.34944 -1.50938 2.12281 -0.62954 1.94151 -0.17567 0.11765 1.20882 -0.19424 -0.92619 -0.33427 
-0.03117 -0.09300 0.12042 -0.07935 0.37500 -0.07809 0.51154 0.08066 -0.36084 -0.52336 -0.04706 -0.10427 0.08500 -0.65046 0.36391 1.13790 -1.39974 1.76809 -0.88056 1.65004 -0.53558 -0.02569 1.10324 -0.45312 -0.47462 -0.00876 -0.48681 -0.70686 1.73207 -0.95611 0.85003 -1.64977 1.76224 -1.50748 0.68608 1.08918 -0.89337 -0.84619 0.67091 
-0.65785 0.08233 1.19499 -1.33708 1.84598 -1.34265 1.68882 -1.03335 -0.11626 0.71980 -0.48683 -0.55338 0.07688 -0.42096 0.16726 0.94874 -1.27864 1.12029 -1.15735 1.26231 -0.49637 0.24492 1.13510 -0.29992 -0.22511 0.39054 1.25342 -0.54730 -2.15687 2.64338 -3.27735 2.06561 -3.21449 1.43458 0.25350 -2.26237 0.72732 0.72102 0.61141 
-0.45212 0.07426 1.06916 -1.35799 1.49529 -1.23544 1.77386 -0.41572 -0.11592 0.61174 -0.34698 -0.32938 0.47553 0.60296 -0.18339 -1.01897 1.24364 -1.50926 1.18505 -1.56446 0.89900 0.22780 -1.15913 0.27420 0.24641 0.60265 0.76288 -0.59231 -2.16018 2.39007 -2.10432 2.47534 -2.96163 0.75472 -0.09540 -1.85014 0.97467 0.26267 -0.90556 
-0.05489 -0.10105 0.17602 -0.09344 0.33672 -0.15761 0.12436 -0.13435 0.11154 -0.43933 -0.21263 -0.30698 0.67953 0.34193 -0.42505 -1.21143 1.11143 -0.98403 1.31799 -1.69932 0.25835 0.14952 -0.71504 0.67476 0.03756 -0.51503 -0.59109 0.21932 0.92006 -1.22315 1.46908 -1.27662 1.41317 -1.11045 -0.24445 1.81320 -0.12891 0.02078 -1.25178 
-0.11020 -0.35079 -0.14227 -0.24656 0.51126 0.08255 0.07454 -0.15737 0.03359 -0.10330 0.32778 -0.29182 -0.03950 0.01187 0.03593 -0.09892 0.02049 -0.04018 -0.09157 -0.15129 -0.21145 -0.01665 0.65407 0.14529 0.26719 -0.64913 -0.30949 0.63067 1.55711 -0.87051 0.51668 -1.56006 1.66750 -0.38665 0.00283 0.47471 -1.06891 0.07331 0.80302 
-0.04302 -0.06512 0.07710 -0.07295 0.29654 -0.24918 -0.02692 -0.34580 0.09489 0.21475 -0.06734 -0.03979 0.03040 0.03243 0.20562 0.34567 0.24092 -0.46735 -0.24207 -0.03182 -0.12830 0.15235 -0.24033 -0.39415 0.11086 0.28799 -0.03914 0.01717 0.19549 -0.19216 -0.29791 0.26934 0.18136 0.21317 0.24645 -0.94325 -0.02200 -0.08235 1.11125 
-0.07776 -0.14517 0.20340 -0.00564 0.04391 -0.15952 0.04271 -0.28567 0.18594 -0.34362 -0.06637 -0.18096 0.24850 -0.02727 0.05311 0.09657 -0.17167 -0.33809 0.17777 0.03007 0.00173 0.22980 -0.28917 0.12329 0.18484 0.46211 0.00409 -0.04867 -0.55893 -0.27112 0.53552 0.28219 0.10741 0.29380 -0.17571 0.45345 0.55255 -0.09998 -0.18295 
-0.07029 -0.01202 0.17368 -0.24462 -0.04155 -0.07141 0.00315 -0.34407 0.32469 -0.07443 0.05596 0.14505 0.49251 0.03652 0.15695 -0.21326 -0.03020 0.06817 0.04012 0.07559 0.16550 -0.02336 0.21313 0.15840 0.01089 0.10504 0.15946 -0.00736 -0.01361 0.20497 0.26768 -0.14608 0.33722 -0.34216 -0.28423 0.50272 -0.32334 -0.29883 -0.25392 
-0.04124 0.01179 -0.00986 -0.03584 0.11208 -0.11940 0.11830 -0.12017 0.16258 -0.13049 0.09203 -0.17008 0.35354 0.13219 0.04574 0.08296 0.03330 -0.07041 0.03170 0.36729 -0.34044 -0.05443 0.21355 -0.20004 -0.11400 0.20819 -0.05895 -0.28155 0.19241 -0.07818 -0.25838 0.07002 0.47262 -0.42516 -0.19604 -0.74688 -0.28982 -0.13120 0.19673 
0.06189 0.03373 0.25664 -0.21132 -0.11196 -0.03971 0.37044 -0.68451 0.27025 0.13912 -0.14409 0.03105 0.70070 -0.02242 -0.12459 -0.02085 -0.10838 -0.19021 0.11014 0.54821 -0.25967 -0.21941 -0.53375 -0.13142 -0.12031 0.30177 -0.21830 -0.19725 -0.21603 0.18259 0.21675 -0.06005 -0.56095 0.76461 -0.30322 -0.32928 0.32079 -0.23657 -0.63984 
-0.06366 -0.11281 -0.03071 -0.14422 -0.07813 -0.00926 0.66651 -0.37984 -0.05683 -0.66425 -0.03939 -0.29039 0.65531 -0.08611 -0.15150 -0.13307 0.21589 0.14635 -0.02835 -0.19366 0.42418 -0.35765 -0.11573 0.12074 -0.35056 -0.43165 0.07116 0.20054 0.15395 0.14491 0.33338 -0.20140 -1.08538 0.44924 0.35910 1.23225 0.15931 0.50431 -0.88357 
-0.02422 -0.11778 0.12356 0.00457 0.03438 -0.06806 0.17677 -0.26033 -0.08740 0.02339 -0.02335 -0.31952 0.26905 0.04873 0.07595 0.13310 0.03653 0.14317 -0.09126 -0.53717 0.18958 0.13969 0.69850 0.02788 0.38400 -0.58180 0.10602 0.25272 0.06882 -0.33781 -0.10778 -0.02072 0.13366 -0.28396 0.60081 0.00605 -0.00877 0.77795 0.23714 
-0.01493 -0.03686 0.10239 -0.10770 0.06504 -0.10053 0.12933 -0.19026 0.08286 0.03425 -0.01151 0.09361 0.07351 0.01991 0.10121 -0.06425 -0.12191 0.03856 -0.04907 -0.06000 0.14021 0.24316 -0.10968 0.11197 0.42739 -0.19451 -0.03265 -0.06104 -0.17895 0.01648 -0.11622 0.12299 0.51155 -0.11047 -0.14760 -0.78541 0.01693 -0.55631 0.65546 
-0.00430 -0.01656 0.05931 -0.11735 0.07294 -0.11714 0.11677 -0.12012 0.15576 -0.08630 0.08863 0.10787 0.07454 0.01608 0.01490 -0.04585 0.05301 0.02695 0.03172 -0.02562 0.07911 -0.00790 -0.08691 0.04482 -0.17231 0.07366 -0.00412 -0.12563 0.04489 0.17026 -0.01068 0.08671 0.00167 -0.14739 -0.30368 0.08409 -0.15594 -0.65848 0.23899 
