0.01501 -0.01948 0.07312 -0.07018 0.03863 -0.03909 0.04931 -0.08182 0.07618 -0.08894 0.06619 -0.09127 0.08670 -0.22044 0.01488 0.37881 -0.61322 0.13188 -0.15954 0.26008 -0.24661 -0.18153 -0.46822 0.04490 -0.11020 0.27512 -0.11106 -0.43570 1.89853 -0.45160 0.41163 -0.13683 0.70470 -0.70795 0.73849 0.07129 -0.14634 -0.37938 0.47065 
-0.20813 -0.00915 0.46524 -0.68038 0.16745 -0.19766 0.31169 -0.34617 -0.08806 -0.54206 0.08103 -0.19264 0.38632 -0.15519 -0.27808 1.56519 -0.31339 0.35550 -0.14245 0.60469 -0.82923 0.49069 -0.31588 -0.49935 -0.87617 0.10624 0.44182 -0.02548 -0.77868 1.23242 -0.25711 0.31317 -0.52494 0.51184 0.35702 0.91572 -0.06607 0.20775 -0.56074 
-0.14017 -0.29755 1.63831 -0.38356 0.39413 -0.18154 0.65400 -0.91105 0.56687 -0.40481 -0.43316 -0.96744 0.19294 0.22138 -0.01060 -0.39988 0.61919 -0.12522 0.15364 -0.26486 0.26524 0.17549 0.44750 -0.02117 0.09756 -0.28563 0.31070 0.55689 -3.13308 0.62423 -0.70656 0.28104 -1.20915 1.66365 -0.98581 0.63232 0.99946 1.75590 -0.22006 
0.01325 -0.01975 0.06536 -0.06119 0.04223 -0.04403 0.04682 -0.08093 0.08743 -0.09456 0.05986 -0.09508 0.10069 0.15551 0.27881 -1.56789 0.31084 -0.35106 0.13860 -0.60446 0.83442 -0.49512 0.31644 0.50011 0.87974 -0.11381 -0.22009 0.01115 0.40803 -0.62989 0.12308 -0.15013 0.26847 -0.26642 -0.18796 -0.43894 0.02490 -0.09099 0.27056 
0.01534 -0.01874 0.07043 -0.07272 0.04307 -0.04294 0.04954 -0.07662 0.07175 -0.08837 0.06695 -0.08771 0.07913 0.00129 0.00055 0.00815 -0.01070 -0.00215 0.00350 0.00360 -0.00118 -0.01247 0.00856 0.00373 0.00656 -0.01507 -0.15558 -0.28121 1.55774 -0.32043 0.34589 -0.14230 0.61346 -0.81862 0.51466 -0.32026 -0.51980 -0.90454 0.11118 
0.01454 -0.01920 0.07351 -0.07189 0.04009 -0.04052 0.05043 -0.08212 0.07496 -0.08600 0.06359 -0.08852 0.08562 -0.00007 -0.00240 -0.01015 -0.00959 -0.00517 -0.00370 0.00900 0.01581 0.01954 -0.00382 -0.01969 -0.02481 -0.00264 -0.00001 -0.00037 -0.01163 0.01157 0.00368 -0.00448 -0.00561 0.00698 0.01048 -0.01388 0.00223 -0.00851 0.00965 
0.01527 -0.02114 0.06028 -0.08231 0.03789 -0.04665 0.05854 -0.06082 0.09130 -0.09219 0.04726 -0.11251 0.07649 0.00128 0.00018 -0.00348 0.00088 0.00153 -0.00098 -0.00201 0.00579 -0.00199 -0.00531 0.00596 -0.00195 -0.00542 -0.00247 -0.00070 0.00921 0.00383 0.00414 0.00124 -0.02072 -0.03570 -0.02855 0.01500 0.06323 0.06602 0.02259 
0.01582 -0.01902 0.07004 -0.07101 0.04162 -0.04151 0.04842 -0.07632 0.07297 -0.09131 0.06955 -0.09046 0.08020 -0.00254 -0.00310 -0.00094 -0.00576 -0.00104 -0.00247 -0.01172 -0.01990 -0.00900 0.01118 0.04355 0.04122 0.01995 -0.00128 -0.00018 0.00348 -0.00088 -0.00153 0.00098 0.00201 -0.00579 0.00199 0.00531 -0.00596 0.00195 0.00542 
0.01273 -0.02424 0.05934 -0.08808 0.03686 -0.04911 0.04682 -0.08071 0.08229 -0.08101 0.09080 -0.07130 0.09644 0.00000 0.00000 0.00000 0.00000 0.00000 0.00000 0.00000 0.00000 0.00000 0.00000 0.00000 0.00000 0.00000 0.00563 0.00832 0.01163 0.02283 0.00579 0.01007 0.01333 0.02428 -0.00032 -0.02149 -0.06480 -0.06038 -0.03619 
0.01582 -0.01902 0.07004 -0.07101 0.04162 -0.04151 0.04842 -0.07632 0.07297 -0.09131 0.06955 -0.09046 0.08020 0.00309 0.00522 0.01069 0.01707 0.00476 0.00761 0.00160 0.00439 -0.00932 -0.01030 -0.02126 -0.01917 -0.01624 0.00000 0.00000 0.00000 0.00000 0.00000 0.00000 0.00000 0.00000 0.00000 0.00000 0.00000 0.00000 0.00000 
0.01582 -0.01902 0.07004 -0.07101 0.04162 -0.04151 0.04842 -0.07632 0.07297 -0.09131 0.06955 -0.09046 0.08020 0.00000 0.00000 0.00000 0.00000 0.00000 0.00000 0.00000 0.00000 0.00000 0.00000 0.00000 0.00000 0.00000 -0.00357 -0.00494 -0.01030 -0.01878 -0.00330 -0.00904 -0.00049 -0.00469 0.00810 0.01324 0.01865 0.02192 0.01516 
0.01582 -0.01902 0.07004 -0.07101 0.04162 -0.04151 0.04842 -0.07632 0.07297 -0.09131 0.06955 -0.09046 0.08020 -0.00048 0.00028 0.00039 -0.00171 0.00145 -0.00144 0.00112 -0.00030 -0.00122 0.00294 -0.00260 0.00276 -0.00108 0.00000 0.00000 0.00000 0.00000 0.00000 0.00000 0.00000 0.00000 0.00000 0.00000 0.00000 0.00000 0.00000 
0.01534 -0.01874 0.07043 -0.07272 0.04307 -0.04294 0.04954 -0.07662 0.07175 -0.08837 0.06695 -0.08771 0.07913 0.00000 0.00000 0.00000 0.00000 0.00000 0.00000 0.00000 0.00000 0.00000 0.00000 0.00000 0.00000 0.00000 -0.00036 -0.02247 0.00550 -0.06275 0.01453 -0.01824 0.03690 -0.02617 0.04368 -0.08657 0.01994 -0.05894 0.08410 
0.01582 -0.01902 0.07004 -0.07101 0.04162 -0.04151 0.04842 -0.07632 0.07297 -0.09131 0.06955 -0.09046 0.08020 -0.00084 -0.02219 0.00589 -0.06446 0.01598 -0.01967 0.03801 -0.02647 0.04246 -0.08363 0.01734 -0.05618 0.08302 0.00729 -0.01460 0.05121 -0.03580 0.02553 -0.01558 0.04107 -0.05643 0.02591 -0.08471 0.05127 -0.08803 0.02399 
0.01450 -0.04093 0.07631 -0.13718 0.05905 -0.06262 0.08755 -0.10309 0.11421 -0.17200 0.08428 -0.14388 0.16215 0.00729 -0.01460 0.05121 -0.03580 0.02553 -0.01558 0.04107 -0.05643 0.02591 -0.08471 0.05127 -0.08803 0.02399 -0.00050 0.04473 -0.00757 0.12481 -0.03074 0.03760 -0.07190 0.04655 -0.08522 0.17813 -0.04557 0.11955 -0.16269 
0.02311 -0.03362 0.12124 -0.10681 0.06714 -0.05708 0.08949 -0.13276 0.09888 -0.17602 0.12082 -0.17850 0.10419 -0.00134 0.02254 -0.00168 0.06035 -0.01475 0.01793 -0.03388 0.02009 -0.04276 0.09450 -0.02823 0.06338 -0.07967 -0.01458 0.02921 -0.10242 0.07161 -0.05105 0.03115 -0.08214 0.11286 -0.05181 0.16942 -0.10254 0.17606 -0.04798 
0.01316 -0.01839 0.07463 -0.07684 0.04430 -0.04469 0.05367 -0.08300 0.07145 -0.07750 0.05605 -0.08051 0.08247 -0.00729 0.01460 -0.05121 0.03580 -0.02553 0.01558 -0.04107 0.05643 -0.02591 0.08471 -0.05127 0.08803 -0.02399 0.00362 -0.02275 -0.00428 -0.05341 0.01160 -0.01449 0.02859 -0.01375 0.04498 -0.10963 0.04301 -0.07530 0.07933 
0.01582 -0.01902 0.07004 -0.07101 0.04162 -0.04151 0.04842 -0.07632 0.07297 -0.09131 0.06955 -0.09046 0.08020 0.00228 -0.00021 -0.00596 0.00694 -0.00315 0.00344 -0.00529 0.00634 0.00222 -0.01512 0.01478 -0.01192 -0.00034 0.00151 -0.01618 0.04410 -0.05015 0.03657 -0.02233 0.05770 -0.05723 0.01308 -0.08157 0.02042 -0.05962 0.04210 
0.01544 -0.01860 0.06868 -0.06990 0.04115 -0.04125 0.04838 -0.07666 0.07368 -0.09263 0.07083 -0.09243 0.08213 -0.00579 -0.00158 -0.00711 -0.01434 0.01104 -0.00675 0.01663 -0.00080 -0.01283 0.00313 -0.03085 0.02842 0.01811 -0.01075 -0.00276 0.01768 -0.00967 0.01258 -0.01321 0.00675 -0.01757 0.01564 0.03865 -0.05936 0.02424 0.03507 
0.01003 -0.02060 0.06293 -0.08535 0.05266 -0.04825 0.06505 -0.07713 0.06014 -0.08818 0.03869 -0.06205 0.09831 -0.00847 -0.00297 0.01173 -0.00273 0.00943 -0.00977 0.00145 -0.01123 0.01787 0.02352 -0.04458 0.01232 0.03472 0.01157 0.00316 0.01422 0.02868 -0.02209 0.01350 -0.03326 0.00161 0.02566 -0.00627 0.06171 -0.05683 -0.03622 
0.00697 -0.02156 0.08040 -0.07262 0.05058 -0.05102 0.04983 -0.08790 0.09154 -0.06910 0.02626 -0.08011 0.11685 0.00579 0.00158 0.00711 0.01434 -0.01104 0.00675 -0.01663 0.00080 0.01283 -0.00313 0.03085 -0.02842 -0.01811 0.01526 0.00489 -0.01563 0.00429 -0.02284 0.02261 0.00002 0.01166 -0.03131 -0.03812 0.07866 -0.02156 -0.05959 
0.01582 -0.01902 0.07004 -0.07101 0.04162 -0.04151 0.04842 -0.07632 0.07297 -0.09131 0.06955 -0.09046 0.08020 0.00678 0.00192 -0.00391 0.00157 -0.01341 0.01285 0.00147 0.00043 -0.01345 -0.01459 0.03408 -0.00925 -0.02486 -0.00579 -0.00158 -0.00711 -0.01434 0.01104 -0.00675 0.01663 -0.00080 -0.01283 0.00313 -0.03085 0.02842 0.01811 
0.01375 -0.01964 0.07650 -0.07105 0.03717 -0.03817 0.05130 -0.08747 0.07809 -0.08370 0.06034 -0.08936 0.09199 0.00000 0.00000 0.00000 0.00000 0.00000 0.00000 0.00000 0.00000 0.00000 0.00000 0.00000 0.00000 0.00000 -0.00552 -0.00176 0.00053 -0.00069 0.01487 -0.01376 -0.00346 0.00523 0.01154 0.00935 -0.02824 0.00733 0.01957 
0.01582 -0.01902 0.07004 -0.07101 0.04162 -0.04151 0.04842 -0.07632 0.07297 -0.09131 0.06955 -0.09046 0.08020 0.00126 0.00016 -0.00337 0.00088 0.00146 -0.00092 -0.00199 0.00566 -0.00191 -0.00524 0.00585 -0.00191 -0.00529 0.00559 -0.00940 0.02673 -0.03218 0.00957 -0.01409 0.01760 -0.04782 0.03153 -0.02430 0.00189 -0.03045 0.03969 
0.01501 -0.01948 0.07312 -0.07018 0.03863 -0.03909 0.04931 -0.08182 0.07618 -0.08894 0.06619 -0.09127 0.08670 0.00559 -0.00940 0.02673 -0.03218 0.00957 -0.01409 0.01760 -0.04782 0.03153 -0.02430 0.00189 -0.03045 0.03969 0.00279 -0.02232 -0.09872 -0.15403 0.00571 0.05038 0.07225 0.04987 -0.09804 -0.17246 -0.01430 0.02403 0.13412 
0.02140 -0.02842 0.09677 -0.10319 0.05118 -0.05560 0.06602 -0.12415 0.10450 -0.11561 0.07144 -0.12091 0.11989 0.00405 -0.02216 -0.10210 -0.15316 0.00717 0.04946 0.07026 0.05553 -0.09995 -0.17770 -0.00846 0.02212 0.12883 -0.02883 -0.16679 -0.19534 0.28534 0.19617 -0.03373 -0.00574 -0.22475 0.03759 0.14562 -0.17479 -0.02193 0.13412 
0.01907 -0.04164 -0.02897 -0.22333 0.04580 0.01037 0.11957 -0.02629 -0.02377 -0.26664 0.05773 -0.06916 0.21553 -0.02324 -0.17619 -0.16860 0.25316 0.20574 -0.04783 0.01186 -0.27257 0.06912 0.12131 -0.17290 -0.05238 0.17381 -0.15502 -0.79574 -0.24792 1.21372 0.98650 -1.01469 -0.15778 -0.13523 0.09843 -0.90343 -0.27285 -0.32530 0.39468 
-0.00184 -0.20461 -0.07184 0.14997 0.25692 -0.10342 0.07788 -0.39672 0.17362 0.00570 -0.10146 -0.17330 0.29371 -0.15097 -0.81790 -0.35002 1.06056 0.99368 -0.96523 -0.08752 -0.07970 -0.00152 -1.08113 -0.28130 -0.30318 0.52351 0.02416 -1.09055 -0.37924 0.65729 1.48339 -0.93072 -0.64794 0.12081 0.73829 -0.72747 0.32818 -0.35018 0.77233 
-0.13190 -0.85954 -0.37899 0.83723 1.03948 -0.95485 0.03205 -0.10599 -0.02529 -1.34777 -0.22357 -0.37234 0.73903 0.00092 -1.26674 -0.54785 0.91045 1.68913 -0.97854 -0.63609 -0.15177 0.80741 -0.60615 0.15528 -0.40256 0.94615 0.22333 0.33757 0.45805 -1.72466 0.13007 0.90606 -0.69974 -0.71076 0.70834 2.48300 1.48891 -0.16943 -0.38915 
-0.00092 -1.47135 -0.61968 1.06042 1.94605 -1.08197 -0.55821 -0.54849 0.98103 -0.60046 0.05382 -0.57586 1.23985 0.07236 -0.48033 0.10803 -0.66410 1.12374 -0.05917 -0.78726 -0.79046 0.70682 1.40187 1.20761 -0.47261 0.13436 -0.51229 1.10059 2.46814 -3.09106 -1.04514 0.92150 1.16224 1.47953 -2.93326 1.02851 0.58915 -1.06254 0.17597 
-0.05954 -1.33987 -0.27096 0.17313 2.16322 -1.01402 -0.75521 -0.89645 0.68154 0.05410 0.98403 -0.84495 0.87339 -0.51137 -0.16614 1.92029 -2.18061 0.64399 -0.05704 0.52615 1.32776 -2.12585 0.42236 0.74443 -1.46510 1.12211 -0.63851 0.09337 1.52910 -2.26197 -0.20374 -0.44010 1.54393 2.13274 -3.68039 -1.83782 -2.06152 -0.11228 1.26648 
-0.51229 -1.63749 1.30060 -1.12018 2.59004 -1.13901 -0.03205 0.77928 -1.14482 -0.17810 0.79825 -2.04097 2.36197 -0.56615 -0.38696 1.63714 -2.92606 0.92000 -0.49927 0.75667 1.34228 -2.97357 -0.43594 -0.85392 -0.58489 1.40083 0.06980 0.18376 -1.22618 0.94297 -0.00783 -0.10712 -0.10825 -2.33256 2.16739 -0.01793 -1.55598 2.77653 -1.77746 
-0.62569 -1.72683 1.36618 -2.75293 3.08322 -1.51329 0.00146 0.44583 -2.29203 -0.38184 0.13012 -1.42984 2.27422 -0.44157 0.01762 0.69411 -1.23764 0.63616 -0.16416 0.41790 -1.00480 0.04154 0.40443 -0.81155 1.31143 -0.65535 -0.00006 0.24358 -2.09943 3.99361 -0.29303 0.07083 -0.52575 -2.51976 4.48896 1.84557 0.80618 1.49172 -1.12393 
-0.95386 -1.61987 1.99471 -2.35782 3.22620 -1.30317 0.38585 -0.22552 -1.10328 0.22633 -0.01330 -0.72954 1.70662 -0.56621 -0.14338 -0.46229 1.06754 0.62697 -0.42843 0.23092 -1.17748 1.51539 1.40963 -0.04774 0.90683 0.27690 0.16057 -0.22511 -0.70960 2.20332 -0.47975 -0.68914 -0.41243 0.85243 0.73998 -0.52483 1.32339 -1.94113 0.48310 
-1.19190 -1.87021 0.90388 -1.68538 3.71018 -1.94172 0.23239 -0.73165 -0.77664 1.02779 0.08238 -0.52301 2.55112 -0.28101 -0.20749 -0.01549 0.96568 0.15641 -0.85330 0.00547 -0.15237 0.78152 -0.12040 0.51185 -0.62970 -0.17225 0.40471 -0.34428 0.45528 -1.60726 -0.82019 0.61577 0.81841 0.84274 -1.53315 -1.96035 0.65384 -1.53761 -1.62821 
-1.23487 -1.82736 1.97922 -1.39215 3.38260 -2.15646 0.39132 -0.37790 -0.32176 0.10593 0.49855 -1.35924 1.53437 -0.16150 -0.48766 -0.00701 -0.53972 -0.19323 0.18733 1.04934 -0.33474 -0.01776 -0.55072 0.60610 -0.63078 -1.35131 0.59373 -0.49479 -1.85311 -2.92903 -0.23107 1.48879 0.84722 -0.69382 -0.99950 -0.53686 -1.28739 0.45458 -0.73708 
-1.35340 -2.35787 0.89687 -2.22510 3.51696 -1.75439 1.28172 -1.06639 -0.79440 0.47707 0.68848 -1.15379 1.19982 0.31272 -0.70227 -1.86860 -1.96335 -0.07467 0.63550 0.85269 -0.84619 -0.21799 -0.65726 -0.77554 -0.17512 -0.90933 0.48530 0.21560 -0.63342 -0.56792 -0.08005 0.03416 -0.62559 0.56804 0.76014 -0.06252 -1.60822 0.96235 0.87715 
-0.92214 -2.52963 0.11062 -3.35550 3.30793 -1.52096 1.24401 -1.22409 -0.53975 -0.55133 -0.27699 -1.53436 0.62504 0.32380 -0.27206 -0.64043 -1.10764 -0.27328 0.22149 0.42375 0.23329 0.74238 -0.61324 -1.00212 0.33157 -0.47415 0.03780 0.99112 1.97873 2.98757 -0.47180 -0.98471 -0.26606 1.16932 0.35636 1.67288 0.52549 1.37903 1.05505 
-1.02960 -2.62993 0.25644 -3.33274 3.24367 -1.53289 1.70547 -0.83310 -0.05202 -0.13617 -0.31364 -0.82222 0.72567 0.35052 0.28885 0.11013 1.02422 -0.54647 -0.34921 0.58663 0.32313 0.13837 1.01562 -0.25006 1.20391 0.14572 2.16042 1.96804 0.47309 1.63616 -2.37783 -1.52302 -1.13403 -0.38701 -2.20161 0.04025 0.01319 -0.95150 0.55286 
-0.57162 -2.24078 0.22075 -2.33128 2.76146 -1.87017 1.83064 -0.90096 -0.40138 0.46429 -0.52705 -0.33045 0.77076 2.48422 1.69598 -0.16734 0.52852 -2.65112 -1.30152 -0.71028 -0.15371 -1.45922 -0.57299 -0.98893 -0.61993 0.07870 2.36147 0.02946 -2.22916 -0.92121 -2.79522 -0.63334 -1.43778 -1.47689 -2.26998 -2.69241 -1.09400 -2.41705 -0.09231 
1.45462 -0.93395 0.08910 -2.80422 0.59256 -2.83442 0.99519 -0.98681 -1.51124 -0.70917 -1.30257 -1.44215 0.80437 2.71199 0.31831 -2.11902 0.10301 -3.34169 -0.98255 -0.85115 -1.15376 -2.13161 -1.67679 -1.34406 -1.21314 0.05341 -1.99831 -2.68566 -1.49311 0.62280 1.57579 2.01441 0.98618 -1.25693 1.14280 -0.15668 0.83418 -0.03517 -0.58358 
2.14037 -1.92248 -1.89827 -2.22827 -0.58023 -2.85272 0.97949 -2.05472 -2.53299 -1.21251 -1.87111 -1.54359 0.82417 0.48591 -0.98968 -1.66045 1.15132 -1.07533 0.71289 0.27590 -1.41065 -0.31642 -0.72967 -0.15475 -0.65510 -0.50488 -2.73914 -0.39997 2.86246 0.53396 3.25815 2.03247 1.90177 1.00199 3.63158 2.53288 0.98091 1.26675 -0.79067 
1.94053 -1.92363 -1.57135 -1.65290 -0.48277 -2.12153 1.27110 -2.39746 -1.82766 -1.43884 -1.45732 -2.09726 0.29949 -0.02715 -0.08167 0.74344 0.63697 -0.08354 1.04992 1.05063 -0.15177 1.49996 0.85609 -0.36315 0.05361 -0.73726 -0.75358 1.15087 1.52645 0.13955 0.56692 0.07064 -0.05310 2.59486 1.26704 1.24794 -0.27383 1.23429 -0.02101 
2.11322 -2.00415 -1.15484 -1.59130 -0.66377 -1.80280 2.03012 -2.20649 -1.03302 -0.35642 -2.23426 -1.48998 0.08691 -0.26767 0.16119 -0.13400 1.29087 -0.50840 0.78353 0.22281 1.18421 0.95062 0.51827 -0.42858 0.57919 -0.52590 -0.25185 0.23589 -1.52215 1.02840 -0.46095 -0.65972 -1.38461 0.50390 -1.59121 -1.34719 0.07818 0.74656 -0.02866 
1.67286 -1.76245 -1.70536 -0.36203 -0.99117 -1.33800 1.49390 -1.21325 -0.87705 -0.92057 -1.88589 -1.51807 -0.22641 -0.27900 0.15422 -0.77871 1.66536 -0.54449 0.39020 -0.33399 0.35213 -0.09124 -0.49110 -0.28497 0.80017 -0.76592 0.15918 -0.22758 -0.24479 -2.00208 0.55310 -1.09645 -0.26923 -1.55162 -1.45764 -0.74804 -0.43525 -0.17235 -0.34907 
1.83422 -1.84993 -1.93354 0.07406 -1.20826 -1.41260 1.69613 -1.85436 -1.12427 -0.84752 -2.51922 -0.68981 -0.67901 -0.10849 -0.06639 -0.37879 -0.71121 0.04470 -0.31292 -0.04642 -0.36741 -0.50702 -0.22977 -0.86383 0.40684 -0.87496 0.30701 -0.04129 1.37651 -3.79523 1.68498 -1.07142 1.28625 -1.11590 0.53049 0.53070 0.34883 -1.13271 0.26703 
1.56437 -1.82884 -2.08415 -1.07324 -0.94647 -1.65092 1.44748 -1.58066 -1.38407 -1.15035 -2.74972 -1.11123 -1.10137 0.02801 0.11293 0.59780 -2.12987 1.14049 -0.68122 0.95226 -0.76377 0.43924 0.03960 0.06386 -0.33254 -0.49889 0.39803 0.07504 1.07314 -0.25610 0.76585 -0.05390 1.18825 -0.58822 0.86969 0.67253 1.02579 -0.48794 1.33078 
1.86222 -1.73700 -1.33574 -2.05580 -0.06777 -2.09381 2.64839 -2.61812 -0.68503 -0.80792 -2.45536 -1.02235 -1.17789 0.28954 0.00865 0.69435 -0.96731 0.81055 -0.36682 1.14183 -0.95563 0.36267 0.44276 0.16196 -0.08110 0.45581 -0.24305 -0.21549 -0.26503 1.76005 -1.18386 0.62781 -1.55367 1.38530 -1.07540 -0.84305 -0.11953 -0.11068 1.62637 
1.85391 -1.82019 -1.38980 -2.04055 -0.13592 -2.01774 2.58931 -2.53629 -1.02140 -0.70758 -2.58776 -1.19233 -0.64556 -0.21504 -0.10256 0.33277 -0.36982 -0.04336 -0.05341 -0.60141 0.62153 -0.63616 -0.80345 -0.05567 -0.44321 1.12749 -0.29754 0.12124 0.00347 1.24457 -0.46886 0.22794 -1.30418 2.08366 -0.83793 -0.65972 0.32492 -0.09081 0.91174 
1.64718 -1.83956 -1.00297 -2.42562 -0.11113 -2.14722 2.04698 -1.99660 -1.32119 -1.61136 -2.51103 -1.46556 -0.05041 -0.00799 0.12989 0.69782 0.27725 0.34169 -0.13888 -0.16235 1.12803 -0.47526 -0.21696 0.48687 -0.17191 1.36755 0.38591 0.28758 0.44720 0.56221 0.27628 0.37430 0.80017 0.26597 0.94485 1.41234 0.45667 0.50761 -0.47329 
1.84592 -1.69030 -0.69198 -1.76330 0.20577 -2.15662 2.42696 -1.40827 -1.49667 -0.92455 -2.10089 -1.36423 0.72200 0.17086 0.18503 0.77997 0.19239 0.23292 0.32089 0.19876 0.88750 0.30869 0.60889 0.40101 0.06440 0.65420 -0.09455 -0.14625 -0.60845 -1.45091 -0.97208 0.18672 -0.16161 -1.44748 1.03892 -0.25093 -1.12316 0.23479 -2.64377 
1.81804 -1.65453 -0.22300 -2.23323 0.12179 -1.82633 2.24574 -1.10909 -1.01249 -1.00247 -2.11002 -1.40117 0.60379 -0.10254 -0.01636 0.08937 -1.17365 -0.63039 0.04784 -0.32396 -0.31945 0.56366 -0.46789 -0.63629 0.06289 -1.27622 -0.21569 -0.43341 -2.02589 -0.98680 -1.07503 -0.78609 -0.50308 -2.34739 -0.61214 -1.39066 -1.49949 -0.03739 -2.51361 
1.74338 -1.70666 -0.60261 -2.93695 -0.42462 -2.10879 2.10300 -1.72772 -0.93300 -1.39244 -2.73718 -1.30135 -0.55422 -0.04483 -0.24839 -1.24592 -0.79440 -0.84211 -0.46520 -0.30432 -1.45989 -0.30344 -0.78177 -1.09848 0.02700 -1.85941 0.37528 -0.15147 -1.07312 1.92111 0.38835 -0.04050 0.51845 0.17665 -1.08351 0.34426 0.62423 -0.90521 1.33595 
1.77322 -1.90292 -1.46892 -3.02763 -0.72032 -2.29153 1.94142 -2.56898 -1.31594 -1.78424 -3.20851 -1.37416 -1.25562 0.27274 -0.16783 -0.98375 0.74745 -0.24204 0.00733 0.19449 -0.14281 -0.51985 -0.12363 -0.01206 -0.84232 0.05973 0.49497 0.44621 1.49963 2.63462 1.30906 0.83923 1.06322 3.06387 0.21244 1.69734 2.50439 -0.66396 3.79762 
2.01612 -1.87449 -1.58636 -2.18950 -0.66666 -2.10145 2.29749 -1.87053 -1.45285 -1.51607 -2.74924 -2.14367 -0.49449 0.45014 0.19782 0.25371 1.84022 0.46695 0.37402 0.75890 1.60398 -0.09101 0.91557 1.40591 -0.63695 1.93821 -0.38374 0.05701 0.61060 -0.62175 -0.08802 -0.21879 -0.42451 0.03530 0.58746 -0.55498 0.62248 0.35769 -0.08783 
2.22336 -1.70509 -1.21521 -1.18741 -0.25336 -1.91751 2.70031 -0.96500 -1.40694 -0.86867 -1.80259 -2.01111 0.68259 -0.11101 -0.11082 -0.37315 0.12570 -0.33006 -0.21145 -0.23002 -0.10750 0.06761 -0.67862 0.61042 -0.48463 -0.02810 -0.64905 -0.40622 -0.06098 -2.07658 -0.72233 -0.54220 -1.15246 -2.60130 0.95668 -1.32105 -1.90204 0.99637 -3.46004 
1.90511 -1.98531 -1.95950 -2.06379 -0.99671 -2.31291 2.06748 -1.97803 -1.38525 -2.19469 -2.13881 -2.62830 -0.52259 -0.19891 -0.20840 0.19273 -0.23636 -0.25538 -0.16818 -0.39357 -0.99731 0.86567 -0.40548 -0.49612 0.35941 -1.52183 0.21265 0.19867 0.47265 0.53901 1.09977 0.46901 0.46821 0.39691 0.53922 0.74176 -0.17750 1.55231 0.22109 
2.02445 -1.91350 -1.02248 -1.42377 -0.50874 -2.08568 2.30675 -1.96231 -0.54127 -1.27415 -2.29872 -1.65170 -0.83925 0.10164 0.08785 0.09951 0.66472 0.76971 0.25756 0.23819 0.28941 0.60683 0.06314 0.43292 1.06768 0.19300 0.22941 0.25048 -0.84528 0.71067 0.83781 0.29862 0.66407 1.27390 -0.68670 0.25102 1.17753 0.28460 2.13475 
2.00675 -1.89746 -1.86000 -1.39908 -0.22701 -2.05535 2.30567 -1.68862 -0.77842 -2.13155 -1.70589 -1.56063 -0.32959 0.03050 0.04208 -0.65256 0.47431 0.58244 0.13044 0.27051 0.27659 0.17898 -0.15446 0.68140 0.64401 0.61292 -0.34883 0.03168 0.06652 -1.25362 0.30023 -0.98726 0.75061 -0.98707 -0.72461 2.12419 -1.29556 0.45389 -0.41771 
2.05495 -1.87142 -1.67503 -0.94947 0.07370 -1.95525 2.57726 -1.68572 -0.36230 -1.42861 -1.61732 -1.00769 -0.22633 -0.24719 0.11953 0.16603 -0.58890 1.06994 -0.72971 0.98880 -0.69766 -0.11778 2.18734 -0.86264 1.52157 -0.22472 -0.27215 0.11251 1.17268 -1.30916 0.44119 -1.23315 0.56988 -0.43770 -0.73604 2.82552 -1.35357 0.26955 -1.18680 
1.75957 -1.77793 -1.69397 -1.98798 0.84293 -2.78506 3.29447 -2.38628 -0.89621 0.05579 -2.56854 -0.03906 -0.55430 -0.24166 0.15459 0.52012 -0.83486 1.02363 -1.10271 0.84038 -0.16111 -0.55707 2.67106 -0.67217 0.91356 -0.57388 0.69219 -0.39323 -0.49603 1.99952 -2.17867 1.68125 -1.90144 1.86829 0.25478 -3.43842 2.57343 -2.73403 0.82162 
1.81329 -1.71682 -1.15491 -1.78432 1.09733 -3.05796 3.41764 -1.84684 -0.91937 1.24245 -2.28949 -0.09413 -0.80021 0.44501 -0.27370 -0.33000 1.41062 -1.10873 0.95154 -0.91264 1.17063 0.13700 -1.25108 1.71078 -1.21247 0.59690 0.51676 -0.60347 -1.33615 1.78768 -2.57304 2.48163 -1.65735 0.48709 0.69956 -5.16090 1.63328 -2.28252 1.79898 
2.20458 -2.05163 -2.02397 -0.57736 -0.26579 -1.83352 2.38183 -1.21566 -0.75921 -1.19529 -0.85775 -1.25153 0.04260 0.27510 -0.44887 -0.81603 0.95282 -1.54941 1.37892 -0.81696 0.32598 0.14249 -2.48983 0.96111 -1.36896 1.22510 -0.68436 0.08764 0.20135 -1.80362 0.91223 -1.32797 1.13513 -1.01440 0.09419 1.53519 -2.87352 0.85797 -0.60487 
2.08840 -2.16570 -1.97095 -0.83151 -0.45208 -1.67903 2.60068 -1.52086 -0.77687 -1.24739 -1.32837 -1.46308 0.42489 -0.23935 -0.18606 -0.12865 -0.39300 -0.19650 -0.37642 0.22249 0.15623 0.23118 0.28411 -1.16274 -0.35450 -0.00797 -0.45882 0.19040 0.35776 -1.79015 1.23224 -1.72663 0.42883 0.13555 0.14508 2.26144 -1.61063 0.99855 -1.54750 
1.96522 -2.23769 -2.15262 -0.97036 -0.46229 -2.20994 2.60432 -1.05943 -0.52803 -0.91118 -2.02049 -1.60602 0.03463 -0.18371 -0.25848 -0.45827 -0.83733 -0.31718 -0.34771 -0.38813 0.46152 0.28757 -0.22840 -0.64952 -0.37040 -0.32240 0.31322 0.17199 0.53159 0.59217 0.02239 0.66767 -0.41482 0.07640 0.38956 0.32822 1.63907 0.13014 0.31564 
1.90469 -2.42417 -2.42922 -1.66884 -0.76926 -2.02674 2.21255 -1.05934 -0.48930 -1.47578 -1.97790 -1.83349 0.10250 0.07386 -0.01406 0.40294 0.19917 -0.17411 0.29125 -0.19233 0.23262 0.62074 0.61232 0.47633 -0.22435 0.30768 0.29195 0.29572 0.40341 1.28786 0.34534 0.12546 0.24770 -0.06654 -0.27765 1.43374 1.08512 -0.86285 0.96193 
2.03909 -2.25175 -1.74969 -0.77119 -0.63640 -1.91869 2.41200 -0.82681 0.09271 -0.29886 -1.54416 -1.83038 0.34231 0.10824 0.03724 -0.05486 0.45052 0.02817 -0.22224 -0.14043 0.39498 0.00993 1.20535 0.43560 -1.23325 0.63954 -0.14609 -0.04359 -1.33627 -0.50675 0.51473 -0.43116 -0.16417 -0.07072 -1.13722 -0.24294 -0.00579 -0.63633 0.26451 
2.01293 -2.38693 -2.48408 -1.21832 -0.74110 -2.24898 2.07211 -0.66435 -0.47938 -0.27044 -1.54230 -3.06674 0.74203 -0.07222 -0.05766 -0.93333 -0.30758 0.34062 -0.13991 -0.35649 0.16190 -0.51648 0.36938 0.47055 -0.86069 0.57218 -0.22132 -0.09139 0.28114 -0.74203 0.48535 0.40765 -0.12997 -0.51745 -0.47910 -1.05069 -0.07527 1.62965 -0.45215 
1.96687 -2.30940 -2.68302 -1.07877 -0.29578 -2.05860 2.05550 -0.66491 -0.42377 0.07053 -1.07361 -2.69106 0.91449 -0.11308 -0.05415 0.22627 -0.29151 0.51351 0.18541 -0.27041 -0.12246 -0.46918 0.15465 0.36033 0.39640 0.18739 0.01692 -0.09965 1.72063 0.28461 -0.25334 0.16324 0.50546 -0.63450 -0.46846 -0.10102 -0.32353 1.33717 -0.10768 
1.89984 -2.44108 -2.25781 -1.50983 -0.22758 -2.06358 1.80171 -0.78682 -0.94855 -0.11578 -1.18197 -2.67034 0.92942 -0.05531 -0.15730 0.78729 -0.02297 0.08729 0.02333 0.14896 -0.47260 -0.98495 0.26836 0.14702 0.47648 0.46451 0.13062 -0.04546 0.25163 -0.03708 -0.57750 -0.08150 0.21966 -0.16441 0.10615 0.64980 -0.23214 -0.15648 0.28888 
1.91156 -2.46671 -1.89573 -1.10175 -0.20849 -2.03527 2.20446 -1.13751 -1.40872 0.33888 -0.92659 -2.21458 1.37899 0.01753 -0.09960 0.47791 -0.32858 -0.06398 0.10391 -0.05075 -0.28687 -0.36302 0.80445 0.12819 0.23991 0.47627 -0.23818 0.42522 -1.65258 -0.31255 -0.51273 0.30280 -1.24589 1.08855 0.19885 1.28741 -0.99797 -0.55459 0.11792 
1.91738 -2.54068 -1.77991 -1.83841 -0.29157 -1.95967 1.75096 -1.07369 -1.31158 0.68867 -1.05378 -2.43043 1.40570 -0.29349 0.26791 -0.86529 -0.33553 -0.42544 0.32613 -1.09693 0.61595 -0.78610 1.55577 -0.85096 -0.07810 0.58243 -0.19299 0.36888 -0.75095 0.91126 -0.32668 0.36698 -0.58410 1.43279 0.17776 0.78525 -0.19084 -0.05066 -0.08650 
1.61808 -2.19879 -2.76102 -1.43727 -0.63393 -1.70915 1.10753 -0.52156 -2.19482 1.89465 -1.77755 -2.29268 1.96142 -0.17545 0.26928 -0.27304 0.58268 -0.39067 0.47089 -0.63485 1.14592 -0.18527 1.58970 -0.06266 0.18925 0.38977 0.43352 -0.40587 1.78282 0.67040 0.36116 0.06592 0.72972 -0.38928 1.65057 -1.15827 1.89148 0.03605 -0.60483 
1.74192 -2.27140 -2.05295 -1.25573 -0.68223 -1.48878 1.11611 0.07223 -1.49685 2.27837 -1.11644 -2.24118 1.79547 0.14003 -0.13796 0.91753 0.33487 -0.06428 0.39205 -0.36721 0.22667 0.86447 0.39749 1.04052 -0.04205 -0.02241 0.31074 -0.55560 1.22077 -0.48207 0.71088 -0.79138 0.42402 -2.67823 1.35905 -2.56502 1.10526 -0.51644 -0.14687 
1.75811 -2.33675 -1.84349 -1.10240 -0.69821 -1.31710 0.74033 -0.29489 -1.33035 2.29214 -0.73703 -2.33473 1.93901 0.13528 -0.28632 0.94772 0.10061 0.32021 -0.32049 -0.21083 -1.53231 1.17378 -0.97532 1.04261 -0.32719 0.24290 -0.26402 0.07013 -1.07830 0.72116 -0.03327 -0.68202 -0.19568 -1.41607 -1.35390 -0.68176 -0.21399 0.82125 -0.13775 
1.87721 -2.55771 -1.10523 -1.15512 -0.36202 -1.80926 0.90528 -1.46008 -0.32306 1.30305 -0.07383 -2.56836 2.03837 -0.12399 -0.06782 -0.16077 1.05604 -0.09755 -0.28997 -0.56288 -1.18941 -0.48943 -0.28427 0.82653 0.77920 -0.16016 -0.37814 0.44421 -1.95025 1.41275 -0.84577 0.31011 -0.72090 1.00413 -2.83663 1.20063 -0.51672 1.45393 -0.55035 
1.63411 -2.40457 -2.00426 -0.04636 -0.79576 -1.60707 0.17744 -1.48430 -1.81978 2.00787 0.08951 -1.55553 1.77885 -0.24286 0.15789 -1.00252 1.51335 -0.52556 -0.01038 -0.93173 -0.52817 -1.66285 0.22531 0.52588 1.12674 -0.30745 0.17638 -0.11372 0.54555 -0.94171 0.29068 -0.23785 0.10402 -0.03613 0.19847 0.26324 -0.78791 -0.94067 0.63785 
1.63435 -2.39982 -2.10775 0.35823 -0.88757 -1.81965 -0.02645 -1.98825 -1.98591 1.52836 0.45205 -1.44162 1.73092 0.05238 -0.18154 0.38478 0.11432 0.19314 -0.52782 -0.45886 -1.22553 -0.29096 -0.02103 0.03862 -0.16147 0.47769 0.12208 0.01729 1.64979 -1.36268 1.18084 -0.26718 0.38748 0.01965 1.08830 0.60832 -0.70031 -0.59692 0.89657 
1.68650 -2.58611 -1.61948 0.06796 -0.60262 -2.13489 -0.28142 -2.70983 -2.11074 1.98684 0.12812 -1.71700 2.25655 -0.12078 0.17518 0.64727 0.15068 0.65528 -0.27756 -0.54425 -0.50853 -0.57454 0.83363 -0.17443 0.52983 0.58912 -0.03479 0.32358 0.73267 -0.42731 0.64407 -0.04938 0.21491 0.64623 -0.29473 -1.08736 0.29524 0.11559 -0.38860 
1.51357 -2.22464 -1.46048 0.50891 -0.23229 -2.09721 -0.57070 -2.49678 -2.56046 2.36199 0.27762 -0.91179 2.32004 0.01760 0.14203 1.11745 -0.31298 0.83720 -0.57720 -0.24395 -0.57930 -0.58569 -1.10839 0.33386 -0.04587 0.08909 0.52725 -0.00554 0.05907 -0.21098 0.26993 -0.52276 0.72106 0.04606 0.33193 -1.21309 0.02133 -1.14438 0.45074 
1.70409 -2.44408 -0.50203 -0.24502 0.23459 -2.71209 -0.52537 -3.28914 -2.69643 0.87845 0.46198 -1.76287 2.34564 0.40647 0.16964 0.70634 -0.06030 0.92522 -0.80032 0.17681 -0.46246 -0.24262 -0.37946 -0.15310 -0.61455 1.03986 -0.08151 0.10752 -1.27344 0.87040 -0.54185 0.40742 0.31447 0.50411 0.35522 1.33142 -1.18526 -0.46445 0.51723 
1.92004 -2.05500 -0.75415 0.44861 0.69293 -2.89753 -0.39390 -2.95924 -2.80307 1.98253 0.12452 -1.52634 3.35991 -0.06391 0.24956 -0.15599 0.55742 0.29536 -0.16978 0.07051 -0.07519 -0.23047 0.22304 -0.85140 -0.51032 0.60632 -0.61604 -0.29058 -0.18340 0.69753 -0.78232 1.01908 0.26673 0.14264 -0.04777 -0.10641 -0.05995 0.02840 -1.67286 
1.64018 -2.19452 -0.65801 0.31240 0.52994 -2.88186 -0.45486 -3.36432 -2.92690 1.10149 -0.38942 -2.27320 2.95197 -0.20957 -0.12094 0.52294 0.63723 0.14290 0.21876 0.44354 -0.31982 -0.29038 -0.48587 -0.21305 -0.58615 -0.63299 0.01510 -0.18388 0.61446 -0.12555 -0.20608 0.51236 0.35032 0.03326 -0.62762 -0.92524 1.07147 0.42050 -0.49262 
1.71046 -2.17594 -0.23121 1.08584 0.83582 -2.67877 0.04965 -3.27906 -3.09346 1.49666 -0.08853 -2.11250 2.72691 -0.04881 0.06568 0.45848 0.43187 0.08927 0.34258 0.42083 -0.04193 -0.85809 -0.70220 0.22007 -0.08982 0.11370 0.13801 0.34504 -0.81130 -0.79608 -0.36937 0.10658 -0.21691 -0.04380 -0.37657 -1.66502 -0.05371 0.80012 0.80956 
1.59137 -2.12885 -0.19954 0.74427 0.61922 -2.53929 -0.03403 -3.40626 -3.78499 0.39929 -0.16935 -2.36302 3.06567 -0.07157 0.22410 -0.28836 -0.15885 -0.22648 0.32533 0.22663 -0.36363 -0.66695 -2.15089 -0.26676 0.21397 0.17656 0.17792 0.35444 -0.47189 -0.16411 -0.46298 -0.04203 0.08685 0.15279 1.32990 -0.90619 -1.05282 0.39580 -0.28714 
1.63890 -1.95184 -0.51957 0.92699 0.60935 -2.35343 0.27627 -3.64269 -3.76041 -0.65423 -0.35529 -1.89853 2.90348 0.12911 0.42012 -0.01342 0.26776 -0.37371 0.30055 0.50768 0.11086 0.47181 -1.60839 -0.83275 0.30598 -0.17343 0.19718 0.27616 1.11804 0.08535 -0.31251 -0.02548 0.17473 1.43728 1.69442 0.96938 -0.91965 -0.41972 -0.16043 
1.72049 -1.70873 -0.21296 1.01203 0.24551 -2.23874 0.47365 -3.29540 -3.31318 -1.20910 -1.00210 -2.05704 2.89223 0.12561 0.50026 0.82967 -0.07349 -0.53899 0.29986 0.40136 1.07365 1.02747 -1.18151 -1.18641 -0.20575 0.01613 -0.27205 -0.02492 0.60618 -0.58860 0.10164 -0.21132 0.01467 1.32797 0.31330 1.31095 0.29762 -1.47721 -0.27127 
1.76451 -1.45158 0.31011 0.85350 0.07036 -2.05358 0.67763 -2.56904 -2.73294 -1.83575 -1.54170 -2.10428 2.91961 -0.14294 0.39520 0.59276 -0.32084 -0.27206 0.08923 0.52235 1.43882 0.78511 -0.29743 -0.53513 -1.17123 -0.44470 -0.38728 -0.19350 -1.58540 -1.20525 0.20788 0.03524 -0.01941 0.47189 0.11347 1.34962 0.68100 -1.20794 -1.86835 
1.57755 -1.31353 0.37980 0.69119 -0.02655 -2.14951 0.99600 -1.85658 -2.52808 -1.50653 -1.53723 -3.22827 2.44753 -0.26167 0.30676 -0.75573 -1.27874 -0.33111 0.33510 0.38195 1.54554 1.14093 0.16811 -0.50541 -1.41369 -1.85222 -0.04731 0.27552 -0.75711 -1.22075 -0.40295 0.54672 -0.86641 -1.28621 0.55950 0.01801 0.44007 0.71067 -1.28384 
1.50284 -1.14482 -0.44562 -0.42524 -0.26075 -1.71848 1.05959 -1.02349 -1.59201 -1.66764 -2.04712 -3.51798 1.06739 -0.19024 0.67072 -0.16435 -1.54159 -0.67502 0.63595 -0.34406 0.15262 1.34461 -0.27942 -0.09506 -0.46056 -1.72854 -0.02913 0.42862 1.12361 1.27078 1.07467 0.47736 -1.04589 -1.49834 -0.40462 -1.29388 0.49222 1.06871 0.85464 
1.38730 -0.64281 0.21545 -0.85040 -0.70157 -1.51356 0.65194 -1.70396 -1.18347 -1.78596 -1.63229 -3.68883 0.71900 -0.29080 0.73539 0.36788 -0.00796 0.74356 0.81245 -0.66394 0.04720 0.73631 -1.12577 -0.01319 -0.34498 -0.99759 -0.00334 -0.11691 0.11199 1.49589 1.89512 0.04416 -0.32396 0.70947 -0.32953 -0.26662 -0.03503 1.06445 0.96192 
1.21204 -0.40943 -0.07774 -0.43320 0.48281 -0.90603 0.39565 -0.97629 -0.85570 -2.79341 -2.06031 -3.86296 0.06980 -0.19359 0.55382 -0.05235 -0.04570 1.22010 0.68011 -0.66802 0.86209 1.01508 -0.54605 -0.13009 0.60389 -0.76662 -0.33887 -0.36156 -0.32018 -0.81568 -0.82389 -0.37060 0.39525 -0.22338 -0.51158 2.15718 1.04960 2.39478 0.17833 
1.19372 -0.08899 0.16310 -0.89611 0.51853 -0.83345 -0.01608 -0.84187 -0.16839 -2.33200 -1.76238 -3.08494 -0.04762 -0.62967 0.37382 0.04770 -0.82364 -0.08033 0.44185 -0.26868 -0.17617 0.22473 1.03141 1.03641 2.04980 -0.81926 -0.63283 -0.48005 -0.12905 0.32176 -1.31125 0.29486 0.93087 -0.99913 -1.42887 1.16637 0.90590 1.09875 0.52063 
0.58236 -0.03561 -0.03005 -1.25685 0.40248 -0.46418 0.12697 -1.15246 -0.63097 -1.76201 -1.02390 -1.81317 -0.74946 -0.82642 0.07377 -0.18141 0.27605 -0.09115 0.97497 0.26285 -0.13704 -0.41379 0.62032 0.77580 1.70264 -0.24599 0.19263 -0.37101 0.02673 2.21843 0.36798 -0.25610 0.13850 0.68676 -0.00328 -0.60310 -1.51224 -1.47149 1.70057 
0.36730 -0.01522 -0.01831 -0.62006 0.42738 0.14152 0.24677 -0.97891 -0.58218 -1.71168 -0.98658 -1.38230 -0.29361 -0.43705 0.00282 0.07442 1.39479 0.28764 0.18576 -0.13018 0.51059 0.22145 0.42831 -0.47583 0.57831 0.88131 0.47514 -0.10944 0.11639 -0.15028 -0.20795 -1.74407 -0.76210 0.80938 0.84774 -0.31476 -0.42933 -1.55317 0.64709 
0.14532 -0.03279 0.04438 0.13794 0.69012 -0.27842 -0.00321 -0.64187 -0.40953 -1.33370 -1.49973 -1.23485 0.13185 -0.35129 -0.03567 -0.06502 0.12577 -0.29910 -0.76910 -0.49926 0.67234 0.43395 0.30556 0.34647 0.14947 0.40110 0.25111 0.02580 -0.07730 -1.84225 -0.88103 -0.02718 0.31332 -0.07046 0.09129 0.55810 1.76633 0.53091 -0.74759 
0.01601 -0.05089 -0.08333 -0.49428 0.12828 -0.62759 -0.25249 -0.30657 -0.14823 -1.40612 -0.64010 -1.23284 0.10749 -0.18594 0.02862 -0.00288 -0.44747 -0.59338 0.15857 0.18314 0.44013 0.31274 0.98641 1.29050 1.10923 0.13372 0.29230 -0.05297 0.21031 0.50343 0.40835 1.15624 0.54401 -0.38811 -0.13164 0.29288 0.19597 0.91459 -0.12131 
-0.04062 -0.00417 0.04150 -0.30953 0.09674 -0.11985 0.17992 -0.20174 -0.09679 -0.34728 -0.20923 -0.12563 0.26557 -0.05898 -0.08864 0.14530 0.62920 0.10925 0.38714 0.04475 0.28422 0.30231 0.59844 0.54244 1.06405 0.27979 0.26063 -0.09855 0.01592 0.57575 0.69541 -0.12408 -0.29384 -0.45859 0.01217 -0.67401 -1.04805 -1.29246 -0.39253 
-0.04297 -0.13954 0.06197 0.13491 0.23753 -0.24045 -0.20774 -0.02234 0.15408 -0.80768 -0.09766 -0.16878 0.38728 0.07469 -0.06993 0.01304 0.12828 0.10203 0.03449 -0.11070 -0.01846 0.32490 0.31241 0.24245 -0.18323 -0.25881 0.03625 0.18035 -0.04098 -0.80646 -0.25294 -0.24594 0.19587 -0.44534 -0.22669 0.06731 -0.56106 -1.06582 -0.28124 
0.03407 -0.07410 0.05453 -0.18124 0.19877 -0.08536 0.06922 -0.22021 0.22811 -0.03488 0.03322 -0.30886 0.00676 -0.02273 0.09170 0.10432 -0.17727 -0.14369 0.14120 0.24062 -0.16112 0.07562 0.66575 -0.01861 -0.00177 -0.00145 -0.10993 0.11832 -0.00638 -0.02528 -0.25333 0.01298 0.10809 0.13881 -0.45081 -0.41119 -0.23397 0.36688 0.44084 
-0.06570 -0.04783 0.16629 -0.04236 0.09384 -0.09926 0.03288 -0.18346 0.22971 -0.14193 -0.11627 -0.17056 0.38583 -0.03523 0.04840 0.00665 0.10300 -0.15130 0.04748 -0.00261 0.12035 -0.12591 -0.09878 0.00848 0.18364 0.18203 0.10319 -0.05148 -0.12018 0.03659 0.14092 -0.14912 -0.20819 0.21563 -0.30301 -0.68794 0.22998 -0.06561 -0.18733 
-0.00117 -0.02570 0.06119 -0.07824 0.04747 -0.03788 0.06661 -0.09986 0.10220 -0.13366 0.04170 -0.12522 0.18879 0.08046 0.04022 -0.01586 -0.14068 -0.00277 -0.00793 0.03243 0.05451 -0.22738 -0.02219 0.21137 -0.06738 -0.18878 0.00266 -0.08220 -0.01976 -0.21333 0.22065 0.02318 -0.06222 -0.07216 0.09182 -0.06027 0.09520 -0.14300 -0.26656 
0.01476 -0.00761 0.15043 -0.18304 0.09107 -0.10718 0.06531 -0.12896 0.00233 -0.16412 0.09510 -0.23794 0.19706 -0.03257 -0.03380 -0.01310 -0.11033 0.06934 0.07065 -0.06484 0.04819 -0.03410 -0.15906 0.10368 0.04065 -0.08453 -0.11781 -0.07729 0.06706 0.25898 -0.09432 0.06620 0.03040 -0.17856 -0.05427 -0.31691 -0.15641 0.01895 -0.00493 
-0.03374 -0.05950 0.04808 -0.18858 0.11681 0.03277 0.00177 -0.05167 0.06810 -0.29272 0.14538 -0.08457 0.10426 -0.03735 -0.03707 0.05120 0.11830 -0.09709 0.05827 0.06283 -0.12406 -0.28165 -0.33910 0.05496 -0.04843 -0.19371 0.05141 0.07824 0.03596 0.10668 -0.09173 -0.20499 0.18715 -0.05837 -0.02689 0.35093 -0.18078 0.01245 0.10911 
-0.02259 -0.04468 0.20163 -0.06474 -0.00603 -0.04891 0.12814 -0.25301 -0.27933 -0.50322 0.15006 -0.28636 0.00334 0.01883 0.04444 0.02286 -0.00365 -0.02238 -0.13433 0.12231 -0.01018 -0.06098 0.19187 -0.07710 0.05310 0.02458 0.10341 0.11338 0.08879 -0.51638 -0.11319 -0.11032 0.06650 0.04756 0.83490 1.33043 -0.04171 0.56671 0.73218 
-0.01490 -0.01506 0.07094 -0.19223 0.09443 -0.10156 0.12408 -0.06184 0.00712 -0.10085 0.06828 -0.03147 0.12884 0.06606 0.07631 0.13999 -0.39808 -0.21028 -0.05205 0.12933 -0.07650 0.55325 0.99132 0.01325 0.51828 0.53846 0.01147 -0.05199 -0.03066 0.13750 -0.02249 0.18543 -0.20483 0.00174 0.14391 -0.18645 0.06014 -0.11054 -0.05550 
0.04347 0.03163 0.34162 -0.46282 -0.21630 -0.10096 0.25747 -0.32951 0.27392 0.48810 0.16331 0.23192 0.54181 0.03031 -0.00755 -0.00780 0.13385 -0.04487 0.05109 -0.08252 -0.00843 0.08293 0.00542 -0.01696 -0.05744 -0.03093 -0.09114 -0.14036 -0.36925 0.74849 0.52768 0.04440 -0.32251 0.29368 -0.66612 -1.61643 -0.12896 -0.88254 -0.92151 
0.01541 -0.02261 0.06313 -0.05837 0.04956 -0.05047 0.04156 -0.07028 0.09005 -0.09543 0.05133 -0.08890 0.09791 -0.02508 -0.06405 -0.22925 0.35041 0.31740 -0.00765 -0.19318 0.21718 -0.11287 -0.62510 -0.11571 -0.36426 -0.38304 -0.04060 0.00578 -0.01933 -0.12893 0.05644 -0.05231 0.08969 -0.00285 -0.08524 0.00170 -0.00079 0.05257 0.06217 
0.01840 -0.03241 0.11237 -0.11241 0.10109 -0.10861 0.06430 -0.11233 0.16104 -0.13700 0.04760 -0.13234 0.15876 -0.01029 -0.00177 -0.02713 0.00492 0.01157 -0.00122 0.00717 -0.01128 -0.00231 0.00712 -0.01775 -0.00486 0.03125 0.01428 0.07574 0.19242 -0.31343 -0.39738 0.09946 0.19321 -0.22316 0.04244 0.66519 0.10937 0.41151 0.36940 
0.00512 -0.02439 0.03600 -0.05345 0.06113 -0.05169 0.04872 -0.08156 0.08775 -0.08831 0.03358 -0.09377 0.12916 -0.01080 0.01169 -0.03683 0.03699 -0.07999 0.09181 0.00003 -0.00597 -0.07044 0.04009 -0.00634 0.04725 -0.01364 0.01449 0.00420 0.08368 -0.01752 -0.05175 0.02772 0.00034 -0.02431 0.00995 0.01001 0.02711 0.00365 -0.03260 
0.00760 -0.02072 0.07554 -0.07542 0.02110 -0.01680 0.06432 -0.11830 0.09061 -0.09691 0.04126 -0.08509 0.14512 0.00419 0.00242 0.05655 -0.01260 -0.04018 0.02650 0.00751 -0.03559 0.00764 0.01713 0.00936 -0.00121 -0.00135 0.02387 -0.02368 0.06385 -0.08990 0.14058 -0.13763 0.04209 0.00281 0.09687 -0.07330 0.07374 -0.09772 -0.01301 
0.00931 -0.02196 0.09255 -0.06605 0.02094 -0.02519 0.05623 -0.11715 0.09538 -0.07119 0.04293 -0.09498 0.12781 0.01307 -0.01199 0.02702 -0.05291 0.06059 -0.04582 0.04211 -0.00316 0.02643 -0.03321 0.06741 -0.05047 -0.02665 0.00151 0.00006 -0.07597 0.00847 0.05787 -0.04041 -0.01442 0.07093 -0.02684 -0.03488 0.01390 0.00491 -0.03975 
