-0.20068 -0.38577 0.98736 0.36928 0.35366 -0.35270 0.75911 -0.32861 0.33605 0.17924 0.51615 -0.30569 1.76233 -0.25213 -0.93079 1.18858 0.06268 0.15307 -0.04544 2.42037 -1.62910 0.84856 -0.52312 -1.58395 -0.78637 1.22678 0.39807 0.28766 -1.62445 -0.96331 -0.86822 0.78347 -0.75336 0.03903 -0.14262 -0.03430 -1.05062 1.03446 -1.42617 
-0.25842 -0.96851 1.23915 0.03078 0.15359 -0.05097 2.58896 -1.80022 0.96540 -0.57260 -1.64052 -0.85498 1.56293 0.11425 0.15525 -0.75415 -0.46738 -0.66351 0.50468 -0.03565 -0.30680 -0.11022 -0.08924 -1.41526 0.34289 -0.64745 0.52449 1.87529 -2.39743 -0.12903 -0.25660 0.06721 -4.90887 3.35885 -1.75224 1.01609 3.37181 1.56478 -2.67187 
-0.08643 -0.23052 0.23321 -0.09810 -0.30986 0.15198 0.72347 -0.63540 0.22584 0.09000 -0.89911 0.03719 1.11487 0.27235 0.94450 -1.20886 -0.06635 -0.10353 0.02177 -2.48849 1.72975 -0.90367 0.49297 1.78785 0.77841 -1.44508 -0.01612 0.04784 0.55844 0.52858 1.01399 -0.68160 -0.57489 0.85108 -0.04507 -0.06723 2.42057 -0.45100 -0.32600 
0.01393 -0.02401 0.03030 -0.03557 0.05005 -0.02920 0.10047 -0.07047 0.06173 -0.07963 0.14734 -0.07657 0.11785 0.09813 0.20309 -0.19571 0.06119 0.35048 -0.17692 -0.61054 0.54428 -0.15528 -0.15647 1.00532 -0.10811 -0.97346 -0.27235 -0.94450 1.20886 0.06635 0.10353 -0.02177 2.48849 -1.72975 0.90367 -0.49297 -1.78785 -0.77841 1.44508 
0.01170 -0.02743 0.03750 -0.03691 0.04062 -0.02494 0.11293 -0.09112 0.07056 -0.06647 0.10621 -0.07092 0.14142 0.00000 0.00000 0.00000 0.00000 0.00000 0.00000 0.00000 0.00000 0.00000 0.00000 0.00000 0.00000 0.00000 -0.09623 -0.19913 0.18792 -0.05930 -0.34161 0.17284 0.59798 -0.52395 0.14705 0.14217 -0.96146 0.10080 0.95272 
0.01393 -0.02401 0.03030 -0.03557 0.05005 -0.02920 0.10047 -0.07047 0.06173 -0.07963 0.14734 -0.07657 0.11785 0.00190 0.00396 -0.00779 0.00189 0.00887 -0.00408 -0.01256 0.02033 -0.00823 -0.01431 0.04385 -0.00731 -0.02074 0.00925 -0.01615 0.01766 -0.02401 0.03229 -0.02053 0.06049 -0.04551 0.03812 -0.05869 0.10296 -0.05513 0.07024 
0.01360 -0.02347 0.02971 -0.03501 0.04949 -0.02902 0.10037 -0.07078 0.06233 -0.08078 0.15006 -0.07823 0.12068 0.00925 -0.01615 0.01766 -0.02401 0.03229 -0.02053 0.06049 -0.04551 0.03812 -0.05869 0.10296 -0.05513 0.07024 -0.00156 -0.00449 0.00838 -0.00245 -0.00831 0.00390 0.01265 -0.02002 0.00763 0.01545 -0.04657 0.00898 0.01791 
0.02319 -0.04016 0.04795 -0.05958 0.08235 -0.04974 0.16096 -0.11598 0.09985 -0.13833 0.25030 -0.13170 0.18809 0.00033 -0.00053 0.00059 -0.00056 0.00056 -0.00018 0.00009 0.00031 -0.00060 0.00115 -0.00272 0.00166 -0.00283 -0.02004 0.02215 -0.03732 0.05793 -0.04930 0.03280 -0.15906 0.10504 -0.04924 0.10935 -0.26985 0.10303 -0.07575 
0.01393 -0.02401 0.03030 -0.03557 0.05005 -0.02920 0.10047 -0.07047 0.06173 -0.07963 0.14734 -0.07657 0.11785 -0.01079 0.00600 -0.01967 0.03393 -0.01701 0.01227 -0.09857 0.05953 -0.01112 0.05066 -0.16688 0.04790 -0.00552 -0.00033 0.00053 -0.00059 0.00056 -0.00056 0.00018 -0.00009 -0.00031 0.00060 -0.00115 0.00272 -0.00166 0.00283 
0.01239 -0.03416 0.02829 -0.02565 0.06534 -0.03747 0.06239 -0.05645 0.08873 -0.08767 0.08342 -0.08380 0.18257 0.00000 0.00000 0.00000 0.00000 0.00000 0.00000 0.00000 0.00000 0.00000 0.00000 0.00000 0.00000 0.00000 0.01233 0.00416 0.02168 -0.04385 0.00172 -0.00401 0.13664 -0.07354 -0.01587 -0.04263 0.23080 -0.04066 -0.05920 
0.01393 -0.02401 0.03030 -0.03557 0.05005 -0.02920 0.10047 -0.07047 0.06173 -0.07963 0.14734 -0.07657 0.11785 0.00154 0.01016 0.00201 -0.00992 -0.01529 0.00826 0.03808 -0.01402 -0.02699 0.00803 0.06392 0.00723 -0.06472 -0.00416 -0.00307 0.00666 0.00217 -0.01363 0.00349 0.01850 -0.01807 0.00296 0.01238 -0.01807 -0.00733 0.03451 
0.01393 -0.02401 0.03030 -0.03557 0.05005 -0.02920 0.10047 -0.07047 0.06173 -0.07963 0.14734 -0.07657 0.11785 -0.00416 -0.00307 0.00666 0.00217 -0.01363 0.00349 0.01850 -0.01807 0.00296 0.01238 -0.01807 -0.00733 0.03451 -0.00196 -0.00980 -0.00184 0.00906 0.01704 -0.00927 -0.03576 0.01374 0.02596 -0.00547 -0.06943 -0.00490 0.06314 
0.00977 -0.02708 0.03696 -0.03341 0.03642 -0.02572 0.11897 -0.08854 0.06469 -0.06725 0.12927 -0.08390 0.15236 -0.00042 0.00035 0.00017 -0.00086 0.00175 -0.00101 0.00232 -0.00028 -0.00103 0.00256 -0.00551 0.00233 -0.00158 0.00791 0.00650 -0.01316 -0.00519 0.02902 -0.00798 -0.03469 0.03586 -0.00695 -0.02220 0.03063 0.01700 -0.07061 
0.01351 -0.02365 0.03046 -0.03643 0.05180 -0.03021 0.10278 -0.07075 0.06070 -0.07707 0.14182 -0.07423 0.11627 0.00375 0.00343 -0.00649 -0.00302 0.01538 -0.00450 -0.01619 0.01779 -0.00399 -0.00982 0.01256 0.00967 -0.03610 0.00084 -0.00070 -0.00034 0.00171 -0.00350 0.00202 -0.00463 0.00055 0.00206 -0.00513 0.01102 -0.00467 0.00316 
0.01351 -0.02365 0.03046 -0.03643 0.05180 -0.03021 0.10278 -0.07075 0.06070 -0.07707 0.14182 -0.07423 0.11627 0.00042 -0.00035 -0.00017 0.00086 -0.00175 0.00101 -0.00232 0.00028 0.00103 -0.00256 0.00551 -0.00233 0.00158 -0.00333 -0.00378 0.00633 0.00388 -0.01713 0.00551 0.01387 -0.01751 0.00502 0.00726 -0.00705 -0.01200 0.03768 
0.01393 -0.02401 0.03030 -0.03557 0.05005 -0.02920 0.10047 -0.07047 0.06173 -0.07963 0.14734 -0.07657 0.11785 0.00042 -0.00035 -0.00017 0.00086 -0.00175 0.00101 -0.00232 0.00028 0.00103 -0.00256 0.00551 -0.00233 0.00158 -0.00042 0.00035 0.00017 -0.00086 0.00175 -0.00101 0.00232 -0.00028 -0.00103 0.00256 -0.00551 0.00233 -0.00158 
0.01393 -0.02401 0.03030 -0.03557 0.05005 -0.02920 0.10047 -0.07047 0.06173 -0.07963 0.14734 -0.07657 0.11785 0.00000 0.00000 0.00000 0.00000 0.00000 0.00000 0.00000 0.00000 0.00000 0.00000 0.00000 0.00000 0.00000 -0.00084 0.00070 0.00034 -0.00171 0.00350 -0.00202 0.00463 -0.00055 -0.00206 0.00513 -0.01102 0.00467 -0.00316 
0.01393 -0.02401 0.03030 -0.03557 0.05005 -0.02920 0.10047 -0.07047 0.06173 -0.07963 0.14734 -0.07657 0.11785 -0.00042 0.00035 0.00017 -0.00086 0.00175 -0.00101 0.00232 -0.00028 -0.00103 0.00256 -0.00551 0.00233 -0.00158 0.00000 0.00000 0.00000 0.00000 0.00000 0.00000 0.00000 0.00000 0.00000 0.00000 0.00000 0.00000 0.00000 
0.01351 -0.02365 0.03046 -0.03643 0.05180 -0.03021 0.10278 -0.07075 0.06070 -0.07707 0.14182 -0.07423 0.11627 0.00000 0.00000 0.00000 0.00000 0.00000 0.00000 0.00000 0.00000 0.00000 0.00000 0.00000 0.00000 0.00000 -0.00019 -0.00742 -0.00169 -0.00200 -0.00146 0.00553 0.00522 0.00810 -0.00517 -0.01971 -0.01119 0.00033 0.04116 
0.01393 -0.02401 0.03030 -0.03557 0.05005 -0.02920 0.10047 -0.07047 0.06173 -0.07963 0.14734 -0.07657 0.11785 -0.00061 -0.00707 -0.00152 -0.00286 0.00028 0.00452 0.00754 0.00783 -0.00620 -0.01715 -0.01670 0.00267 0.03958 -0.00205 -0.00204 0.00023 0.00217 0.00318 -0.00182 -0.00733 -0.00035 0.00973 -0.00202 -0.01891 -0.00422 0.02644 
0.01290 -0.03072 0.02894 -0.03929 0.05208 -0.02569 0.11032 -0.06292 0.05450 -0.09421 0.12513 -0.07157 0.15585 -0.00205 -0.00204 0.00023 0.00217 0.00318 -0.00182 -0.00733 -0.00035 0.00973 -0.00202 -0.01891 -0.00422 0.02644 0.00009 0.00865 -0.00087 0.00110 0.00364 -0.01090 -0.01087 -0.02559 -0.00684 -0.02370 -0.02670 -0.04048 -0.07755 
0.01188 -0.02605 0.03053 -0.03340 0.05323 -0.03103 0.09314 -0.07082 0.07146 -0.08166 0.12842 -0.08079 0.14429 -0.00052 0.00158 -0.00239 -0.00176 0.00392 -0.00638 -0.00334 -0.01776 -0.01304 -0.04085 -0.04340 -0.03782 -0.03798 0.00354 0.00056 0.00020 -0.00168 -0.00388 0.00171 0.00908 -0.00025 -0.01132 0.00759 0.00435 0.01145 -0.03315 
0.01238 -0.02914 0.02656 -0.04105 0.05601 -0.03207 0.10698 -0.08068 0.04146 -0.13506 0.08173 -0.10938 0.11787 0.00148 -0.00149 0.00043 0.00050 -0.00070 -0.00011 0.00175 -0.00060 -0.00159 0.00556 -0.01456 0.00723 -0.00671 0.00047 -0.02310 0.02647 -0.00734 0.00618 -0.00075 0.04597 -0.05206 0.08121 0.07254 0.02939 0.01156 0.15575 
0.01336 -0.02754 0.03096 -0.03290 0.05253 -0.03113 0.09489 -0.07142 0.06987 -0.07609 0.11386 -0.07356 0.13758 -0.00005 -0.02151 0.02408 -0.00910 0.01010 -0.00713 0.04264 -0.06982 0.06817 0.03170 -0.01401 -0.02625 0.11777 -0.05772 -1.13519 -0.26816 -1.54284 1.61580 0.41622 -0.38060 0.18998 -0.50921 0.48169 2.35143 -0.88634 2.90204 
0.01233 -0.05065 0.05064 -0.05014 0.06611 -0.03920 0.14962 -0.15050 0.10963 -0.10336 0.06772 -0.13564 0.23564 -0.05623 -1.13667 -0.26773 -1.54234 1.61510 0.41612 -0.37885 0.18938 -0.51080 0.48725 2.33687 -0.87912 2.89533 -0.30768 -2.09031 0.30438 -1.83014 3.12186 0.68035 0.76586 -0.50636 -1.73422 -0.57320 2.77888 -0.71394 3.49793 
-0.04287 -1.16421 -0.23677 -1.57524 1.66762 0.38498 -0.28396 0.11796 -0.44093 0.41116 2.45073 -0.95268 3.03290 -0.30773 -2.11182 0.32847 -1.83924 3.13196 0.67322 0.80850 -0.57618 -1.66605 -0.54151 2.76488 -0.74019 3.61571 -0.45342 0.27811 1.77376 1.43071 -0.62202 -0.44657 0.39703 -1.11427 0.26146 -0.40339 -3.64866 1.78451 -2.93000 
-0.29540 -2.16248 0.37911 -1.88938 3.19807 0.63402 0.95812 -0.72667 -1.55642 -0.64487 2.83260 -0.87583 3.85135 -0.50966 -0.85857 1.50603 -0.11163 0.99308 -0.03046 0.01818 -0.92489 -0.24934 0.08386 -1.31179 0.90539 -0.03467 -0.43098 2.31292 1.50511 1.56185 -4.12891 -1.15706 -1.11042 0.50426 3.10112 2.65095 -6.10707 1.15579 -4.40640 
-0.55252 -2.02278 1.26925 -1.68688 2.66070 0.35453 -0.26579 -0.80693 -0.69027 0.49502 1.13895 -0.04729 2.99823 -0.73871 0.20110 1.83358 -0.27739 -0.99695 -0.48384 -0.30192 -0.07192 1.43506 2.10945 -3.34219 0.41560 -0.79069 -0.32370 1.10501 -0.07471 -0.70990 -1.17773 -0.23043 0.98023 -0.16020 0.42866 1.28980 -1.31732 -1.19172 -0.36799 
-1.03411 -1.96138 2.21268 -2.16678 2.20112 0.15018 0.65619 -0.79859 -0.12136 1.46458 -0.50960 -0.46023 3.06066 -0.83336 0.24645 1.43132 -0.82154 -0.18465 -0.26088 0.99840 -1.08509 0.17932 1.37366 -2.62910 -0.28633 -0.40266 0.40471 0.16457 -1.35309 0.01203 0.93602 0.07496 1.36653 -0.95628 -1.73094 -1.65483 3.12263 -0.92950 -0.41461 
-1.38588 -1.77633 2.70057 -2.50841 2.47605 0.09364 0.73262 -1.89202 -0.51096 1.86868 -1.49016 -0.33362 2.59557 -0.33400 0.36566 0.48048 -0.26536 -0.06093 -0.40888 1.06461 -1.02820 -0.29587 0.45462 -0.21956 -0.51389 -1.20530 0.79286 0.01020 -1.47514 1.20706 0.30475 -0.56862 0.32498 1.47511 0.43532 -2.48617 3.98339 0.41578 -0.19876 
-1.36811 -1.59572 2.69317 -2.43214 2.14018 -0.25870 1.72080 -1.82679 -0.41724 1.91920 -0.72916 -0.97412 1.85535 -0.04050 0.25665 -0.04383 0.38552 0.12010 -0.82951 1.32339 0.39002 0.61464 -1.11251 1.35429 0.12945 -0.60142 0.03381 -0.57257 -0.59756 0.46443 0.73942 -0.12292 -0.54406 1.19335 0.40656 -2.55530 0.73056 1.30356 1.02252 
-1.42638 -1.51969 2.65674 -2.12289 2.59615 -0.73587 2.05600 -1.50200 0.10368 0.75617 -0.13587 -0.20418 1.99415 -0.30019 -0.20690 -0.11708 0.19907 0.67849 -0.53180 0.52054 0.16515 0.11068 -2.10068 0.51100 0.78967 -0.18278 0.17762 -0.23803 0.30069 -0.53294 -0.38366 0.69802 -0.97749 -0.33548 -0.59485 1.08987 -2.80196 -0.21376 1.01420 
-1.66829 -1.80262 2.57609 -2.23307 2.81867 -0.79050 2.24134 -1.66165 -0.30655 -0.18148 -0.21816 -0.18445 1.67257 0.13713 0.01862 0.25686 -0.14742 -0.26356 -0.13149 0.34590 0.05454 0.01979 -0.02264 -1.44767 -0.08432 0.41278 0.29943 -0.04248 0.23151 0.19157 -0.75492 0.40967 -0.32961 0.08446 0.41719 3.20084 -1.37906 -1.00832 -0.72183 
-1.28925 -1.50107 2.91361 -2.27031 2.33259 -0.86736 2.40190 -1.44746 0.12347 0.73353 -1.58354 -0.28849 2.40693 -0.00076 -0.24938 0.11444 0.39063 -0.07644 -0.12213 0.19093 0.24961 0.52787 1.10017 -0.86806 -0.21865 -0.90461 -0.11538 -0.33619 -0.50737 0.64634 0.18187 -0.05244 0.16944 -0.30353 0.13483 0.29138 2.13505 -0.13139 -1.24754 
-1.66905 -2.05200 2.69053 -1.84244 2.74224 -0.91263 2.43227 -1.41204 0.22132 0.91869 -1.08622 -0.40311 0.76796 0.02175 -0.31757 -0.25051 0.49893 -0.08169 -0.18393 0.51534 -0.24899 0.15461 0.26875 0.68738 -0.21571 -0.83476 0.36271 0.32959 -0.24205 -0.37172 -0.29112 -0.18518 -0.37470 -0.15242 -0.15846 -1.49527 0.66860 0.09720 2.04935 
-1.26750 -1.81864 2.66310 -1.77138 2.25090 -1.05128 2.91724 -1.69646 0.27808 1.00227 -0.89616 -0.50420 1.57217 0.36195 0.08020 -0.12761 0.01891 -0.36756 -0.30731 -0.18377 0.09719 0.36941 -0.39510 -0.19946 -0.12146 1.14473 -0.22625 -0.16165 0.28672 -0.30171 0.52807 0.09677 -1.28829 0.69809 -0.32224 -1.52449 -0.33612 1.02257 0.82274 
-1.30710 -1.97180 2.56292 -1.82353 2.37468 -1.21993 2.24850 -1.31485 0.59073 0.52359 -1.28568 -0.52456 1.91269 -0.20450 -0.47922 0.03621 0.19722 0.44638 -0.08715 -0.77295 0.44909 -0.16763 -1.25574 0.35126 0.80686 -0.01202 -0.12264 -0.53751 -0.08378 0.29777 0.40741 0.33928 0.36002 0.19380 -1.01787 0.29406 1.78886 -0.05623 -1.84501 
-1.47200 -2.29786 2.69931 -1.57416 2.69727 -1.13844 2.14429 -1.24736 0.11045 -0.25347 -0.54489 0.30266 1.56015 0.23931 -0.45730 -0.21139 0.31668 0.03985 0.03198 0.17625 0.29099 -0.64846 -0.10104 1.58939 -0.17768 -0.70028 1.52006 0.99204 -0.51902 0.65528 -0.52485 0.02020 0.24309 -1.55503 -2.53864 0.48136 -1.30312 -2.63204 -1.91039 
-1.06779 -2.42910 2.35153 -1.50685 2.41453 -1.18796 2.42475 -1.02386 -0.05773 0.42255 0.30371 -0.70225 1.21241 1.31557 0.51282 -0.48281 0.85250 -0.07847 -0.06695 -0.52986 -1.10594 -2.70627 -0.77439 -0.95185 -1.82519 -1.92241 1.85657 1.16856 -1.31454 0.42066 -0.63572 -0.71816 -3.69775 -1.20865 -2.56805 -2.87326 -5.05741 -0.29310 0.56377 
-0.15643 -1.78504 2.21649 -0.72167 2.61880 -1.20539 1.61442 -2.35331 -2.59582 -1.02786 -1.49675 -1.52253 -0.36226 2.09588 0.71126 -1.52593 0.73735 -0.59587 -0.68619 -3.52150 -0.91766 -3.21651 -2.97430 -3.46802 -0.47078 -0.13651 0.34145 -0.64512 -1.72902 -0.00888 -0.49658 -0.37165 -0.92732 2.46379 2.71701 0.03782 -0.38167 2.33748 4.61075 
1.02810 -1.71784 0.82559 -0.76950 1.81866 -1.87415 -1.09675 -1.94151 -3.27424 -2.55175 -3.16430 -1.17303 1.07590 1.65702 -0.13230 -2.21183 0.84362 -0.57505 -0.43861 -1.45719 1.35785 0.01074 -0.73657 -1.33352 0.51229 2.68834 -1.36562 -0.96819 0.30137 -0.03092 -0.22913 1.09894 4.88116 1.39377 3.77388 3.52698 6.31159 0.18798 0.57771 
1.50058 -1.91734 0.00466 0.12195 2.04375 -1.64399 0.15723 -0.99545 -2.58507 -1.76443 -2.83027 -1.01024 2.32608 0.73026 -0.25693 -1.22457 0.70643 -0.82500 0.41275 1.35966 0.47612 0.55737 0.55268 2.84357 -0.28280 0.44121 -1.18500 0.24236 1.67920 -1.10460 -0.80562 0.75167 2.09948 -1.97533 -0.08352 0.91476 4.49706 -1.57601 -3.93783 
1.75836 -1.97477 -0.39898 -0.06307 0.99366 -1.46140 0.26291 -1.46540 -2.71686 -1.99908 -0.32073 -1.45583 1.51711 0.47201 0.11006 -0.53263 -0.26098 -1.38067 0.31306 0.64229 -0.61748 -0.07278 0.17818 3.16354 -1.06372 -1.24949 -0.51686 0.47337 0.64249 -1.00424 0.37215 -0.38611 -1.25467 -0.95758 -0.21511 -0.19490 -3.49694 -1.18277 -0.22695 
1.97260 -1.80729 -0.52797 -0.13903 0.66309 -1.33093 0.79953 -1.61293 -2.65785 -1.58625 0.33327 -2.07396 1.07659 0.21340 0.21644 -0.58208 -0.29781 -0.45284 0.02664 0.10499 -0.48146 0.34226 0.35778 -0.65337 -1.46556 0.21425 -0.44416 0.08398 0.15583 -0.48628 1.33495 -0.35404 -1.37869 0.94791 0.23430 -0.73408 -4.83366 0.47772 2.53068 
1.97176 -1.75833 -0.98106 -0.36089 0.54082 -1.43476 0.36790 -1.94686 -2.37460 -1.64130 -0.97410 -2.92139 1.73136 0.02785 0.19404 -0.37680 -0.74726 -0.04572 -0.04097 -0.73639 0.33043 0.16153 -0.55589 -1.67012 -0.58599 1.28118 -0.13973 0.22774 0.33894 -0.36364 0.69558 -0.14718 -0.43020 1.37139 -0.26702 -1.73205 1.21596 2.08102 0.20643 
2.00045 -1.61325 -0.90477 -0.88630 0.61736 -1.37190 0.06313 -1.28250 -2.49632 -2.14214 -1.33685 -2.65995 2.35777 0.07367 0.44418 -0.24314 -0.66146 0.24274 -0.12054 -0.32521 0.88993 0.07524 -1.37427 0.56259 0.61546 0.42068 0.02045 0.36152 0.43440 0.27347 0.59087 0.06512 0.74058 0.15716 0.35613 -0.11084 2.88371 1.74265 -1.50725 
2.04543 -1.31415 -1.22420 -1.02234 0.78355 -1.55529 0.04269 -1.05693 -2.29936 -3.01556 -0.41152 -2.30593 2.15204 0.04830 0.55555 0.05760 -0.47380 0.54514 0.02415 0.00419 0.48759 0.51765 -0.66673 1.21359 1.15665 -0.22606 -0.15631 -0.23511 0.59018 -0.20173 0.40289 0.24478 -0.82329 -0.53915 -0.09117 1.92756 -0.41012 -0.75749 0.57696 
2.04875 -1.05769 -0.84717 -1.36009 1.16251 -1.34776 0.06733 -0.79491 -1.97867 -2.80887 -0.12325 -1.50330 2.13171 -0.08264 0.20907 0.34704 -0.86318 0.64563 0.12424 -1.14850 0.35078 -0.01593 0.55329 0.15246 -0.14203 0.99764 -0.07641 -0.57673 -0.07718 0.20702 -0.01389 -0.00805 -1.51637 -0.36729 -0.43140 1.25838 -0.69273 -1.76383 1.19561 
1.96278 -1.10508 -0.87715 -1.88553 1.42918 -1.43106 -1.10581 -0.70615 -2.31529 -2.46227 -0.25905 -2.44796 3.14969 -0.02811 -0.02117 -0.01958 -0.26678 0.53125 0.01610 -1.51217 0.12030 0.08625 0.59165 0.52086 -0.60718 0.96955 0.12498 -0.06479 -0.47896 1.02348 0.28434 -0.52156 0.31375 -0.13084 0.32702 0.16331 -0.62518 1.20108 -1.68303 
2.02065 -1.07887 -0.86676 -1.62687 1.69376 -1.33166 -1.44485 -0.67461 -1.89242 -2.21723 0.39760 -2.11047 3.10126 0.04233 0.14427 -0.13192 0.16030 0.92997 -0.39732 -0.83475 0.21993 0.31109 0.71660 -0.47272 1.05905 -0.68538 -0.06410 0.11242 -0.02082 0.19889 -0.18046 -0.79877 1.38326 -0.44551 -0.48158 0.71843 -2.11015 1.09597 -1.39753 
2.00511 -0.96081 -1.00907 -1.72523 2.35915 -1.82838 -1.94055 -0.48622 -2.00420 -1.74567 -0.73177 -1.38891 2.46431 -0.09221 0.09124 -0.04040 -0.06788 0.35080 -0.78267 -0.12891 -0.32521 -0.39533 1.31007 -1.58929 0.48879 -0.42798 -0.13022 -0.04455 0.49567 0.08140 -0.96252 0.14199 2.00588 -1.00370 -0.06554 1.07458 -0.22866 -0.51458 0.81263 
1.92843 -0.98763 -0.90716 -1.69475 2.04456 -2.11433 -1.57376 -0.99982 -2.28775 -0.90715 -1.19168 -1.62168 2.67327 -0.08789 0.09973 0.36375 0.24170 -0.03255 -0.25534 1.17113 -0.78377 0.24555 1.79119 -0.70138 0.54448 0.12724 -0.14052 -0.31651 0.13952 -0.14797 -0.34067 0.54100 0.26461 -0.66245 0.65272 -0.76644 0.75061 -0.52986 -0.93364 
1.91723 -0.86108 -0.64532 -1.48353 2.32660 -2.08372 -0.76942 -1.26999 -1.75865 0.04552 -1.43316 -0.84443 2.59155 -0.23273 -0.22527 0.09912 -0.21585 0.01012 -0.24167 0.13569 -0.98766 0.25739 0.54364 -0.83868 -0.04106 -1.36162 -0.08742 -0.33537 -0.57527 -0.42435 0.43738 -0.14129 -0.16451 0.31625 -0.35139 -1.47907 1.00794 -1.06149 -1.57802 
1.69570 -1.21290 -0.80803 -1.91061 2.05468 -2.35600 -1.43807 -1.98748 -2.03036 -0.36351 -2.03037 -1.66274 1.31165 -0.17531 -0.23564 -0.21152 -0.18266 0.40483 -0.39662 1.00662 -0.46752 -0.10584 0.31212 0.30655 -0.51702 -1.45077 0.25408 0.14833 -0.03508 0.36011 0.67844 0.12673 1.54265 1.51786 -0.15793 0.44668 1.65704 0.57246 1.14870 
1.74192 -1.09672 -0.85684 -1.66619 2.73143 -2.48034 0.23720 -1.73750 -1.86449 0.35764 -1.12660 -1.36145 1.14077 0.02134 -0.07694 0.06404 0.14426 0.68857 -0.11494 1.67835 0.53019 0.09946 0.99031 0.81836 0.53140 -0.21292 0.13300 -0.23617 -0.01248 0.14165 -0.82735 0.07237 -1.06986 0.71543 -0.66820 -0.10989 0.04050 0.01058 1.63422 
1.71705 -1.28984 -0.74399 -1.76635 2.74325 -2.47094 0.24028 -1.45729 -1.93089 0.62680 -1.21201 -1.13134 1.09873 -0.04231 -0.47181 -0.22400 -0.04101 -0.42252 -0.32425 -0.06323 0.24792 -0.77404 0.20223 0.34705 -0.50643 0.18345 0.07704 -0.32245 -0.10962 0.37623 -1.01103 0.07107 -1.37991 -0.03435 -0.23632 -0.83873 0.36916 -0.90664 0.75243 
1.69961 -1.56853 -1.08084 -1.70720 2.30891 -2.80459 0.17397 -1.48959 -2.63853 0.55987 -0.77955 -1.86788 1.32422 0.09838 -0.39940 -0.04558 0.52049 -0.32247 -0.04387 0.29843 0.49584 -0.13686 0.15158 1.18751 -0.37525 0.53951 0.06940 0.27113 0.36186 0.64667 0.42165 0.46821 0.79433 -0.24590 1.67412 -0.17168 0.28445 0.46161 -0.49224 
1.81543 -1.68924 -0.78958 -1.24586 2.42078 -2.51482 0.53871 -0.96145 -2.06775 0.77838 -0.02449 -1.50659 1.63823 0.02709 -0.20068 0.13785 0.60566 -0.00087 0.14396 0.73110 0.00201 0.90008 0.03055 0.63150 -0.04482 -0.30879 -0.29511 0.25220 0.03913 -0.50015 0.40696 -0.15674 -0.06122 -0.78071 0.35623 -0.09384 -1.78556 -0.10803 -1.26700 
1.72671 -1.76921 -0.94299 -1.10154 2.30804 -2.66064 0.90507 -1.48758 -1.73845 0.59043 -0.14805 -1.91270 1.01543 -0.19673 -0.14720 -0.00645 0.02034 0.08450 -0.20061 0.23721 -0.28487 0.21938 0.05774 -0.59804 -0.48327 -0.72749 -0.08962 0.26431 0.26100 -0.72789 0.16243 -0.09137 0.03523 0.26563 -1.25200 0.99489 -0.93357 -0.34095 0.75359 
1.61870 -1.83643 -0.79603 -1.22552 2.50528 -2.71543 0.77592 -1.24631 -1.84837 0.83612 -0.62254 -1.98986 0.91074 -0.06252 0.06363 0.39886 -0.12223 0.16156 0.05259 0.76632 0.26764 -0.35192 1.02545 -0.30207 -0.38577 0.44480 0.16368 0.11073 0.15881 -0.12164 -0.88114 0.46982 -0.21041 -0.36508 -0.55713 0.66265 -0.92752 -0.05752 1.46778 
1.66418 -1.70558 -0.54413 -1.22377 2.46960 -2.60805 1.67139 -1.21994 -2.09037 1.61587 -0.45012 -2.29847 1.46023 -0.03305 -0.03647 0.15236 -0.10130 -0.79665 0.26921 0.02680 -0.64995 -0.33775 0.72039 -1.52557 -0.54080 0.74028 -0.11001 0.05013 -0.65187 0.79246 -1.58172 0.41672 -1.68463 -0.22956 -0.17091 -0.20822 -1.52070 -0.00500 0.50249 
1.58565 -1.87290 -0.64367 -1.32682 1.70863 -2.44622 0.80273 -1.89627 -2.18612 1.55651 -2.14811 -2.53066 1.65103 -0.17253 0.11376 -0.25301 0.67024 -1.42015 0.46931 -0.91830 0.03808 -0.52283 0.81722 -1.82276 -0.39077 0.94729 0.09798 -0.17647 -0.12779 0.64032 0.43062 -0.31493 0.71509 0.32668 0.44638 -0.79048 1.92954 0.18421 -0.25542 
1.49165 -1.59182 -0.79715 -0.55353 1.04945 -2.13874 0.75309 -1.18186 -2.61321 2.43310 -2.27288 -2.68924 2.40751 0.06493 -0.21294 0.02457 0.53902 -0.36603 -0.04573 0.74189 -0.32327 0.10863 -0.07009 0.40397 -0.35659 0.48486 0.40749 -0.59490 0.38937 -0.56763 1.64854 -0.80998 2.32227 -1.24981 1.52169 -2.20033 2.18895 0.95249 -2.13202 
1.65058 -2.08584 -0.61910 -0.78780 1.34261 -2.49195 1.54461 -2.21954 -2.07749 1.48642 -1.74414 -2.88725 2.13589 0.23496 -0.48114 0.13636 0.10261 0.22838 -0.34067 1.40396 -1.21173 0.99886 -1.38310 0.36619 0.56172 -1.18473 -0.14529 0.07407 -0.42705 -0.54478 0.65096 -0.25968 -1.00996 0.02422 -0.13035 -0.79303 -1.37231 0.55015 -1.57139 
1.72661 -2.07296 -0.66079 -0.45092 1.27783 -2.47941 2.15705 -2.39359 -1.61434 1.05000 -1.90669 -2.12753 1.22278 -0.08036 -0.13887 -0.40249 -0.00575 0.28494 -0.30541 -0.26807 -0.29905 -0.02172 -0.86312 -0.96834 0.19356 -1.08653 -0.30523 0.30152 -0.00619 0.11047 -0.08396 0.61722 -1.62790 1.20822 -0.32393 0.79219 -1.01425 -0.32760 1.32833 
1.57022 -2.22471 -1.02159 -0.79356 1.62754 -2.79735 1.27654 -2.51859 -2.09921 0.62329 -2.71248 -2.69369 1.04936 -0.07028 -0.17962 0.13017 0.21308 0.14442 0.27655 -0.22394 -0.00350 0.67493 -0.59091 -0.64807 0.23412 0.14360 0.09719 -0.14423 0.60380 0.66764 -1.31741 0.75749 0.33670 -0.19349 1.07041 -0.19541 1.24673 -0.12568 1.12048 
1.65633 -2.25258 -0.53062 -0.23784 1.42225 -2.20286 1.93311 -2.39709 -0.93942 0.45909 -2.55476 -1.89341 1.36638 0.01683 -0.28310 0.20132 0.66189 -1.03247 0.45208 0.06863 -0.49254 1.04869 -1.05854 0.27838 0.06787 0.03395 -0.00841 -0.16581 -0.50637 0.19789 -1.00551 -0.22479 -1.41153 -1.23041 -0.32829 -0.14734 1.61097 -1.28627 -0.52903 
1.58704 -2.50781 -0.82027 -0.13167 0.59507 -2.34527 1.34517 -3.01113 -1.05052 -0.43524 -2.43410 -2.62581 1.08331 -0.07869 -0.34543 -0.37621 0.41097 -0.86109 0.05176 -1.63547 -1.23391 0.34664 -0.73825 0.96291 -1.05216 -0.38543 -0.07930 0.08834 -0.14439 0.04779 1.08598 -0.00693 -0.82133 -0.13920 -0.75888 1.02030 0.71959 -0.14100 0.54751 
1.57765 -2.59801 -0.90683 0.17312 0.56116 -2.15110 0.29764 -3.63100 -0.59278 -0.27916 -1.59185 -2.94557 0.98095 -0.06247 -0.19476 0.05693 0.70967 0.05351 0.44515 -0.75270 -0.63174 0.28981 -0.03823 0.99798 -0.07312 0.58146 -0.04851 0.24987 0.62219 -0.35056 1.25962 -0.11834 2.35673 2.13588 -0.40118 1.67670 -2.02061 1.62102 1.10005 
1.52457 -2.70257 -0.76334 0.57800 0.64857 -1.90012 0.59247 -3.64287 -0.76071 -0.47348 -1.43612 -2.69894 1.66477 -0.12719 -0.09556 0.24598 0.06041 0.39853 -0.06658 0.72126 0.90197 -0.05454 0.93845 -1.05770 0.56886 0.71462 0.03024 0.31746 0.13194 -0.96717 0.59705 -0.74517 1.18993 1.57827 0.07971 1.61713 -1.09010 0.87355 -0.62129 
1.45046 -2.69357 -0.66085 0.23353 0.95968 -2.21768 1.01889 -2.72904 -0.64732 0.65929 -2.64955 -2.37671 1.69556 -0.03223 0.12270 0.18887 -0.25750 0.65055 -0.30002 0.43723 0.94653 0.36952 1.57890 -0.09212 0.80043 -0.03983 0.09391 0.35675 -0.38056 0.73146 -0.93276 0.49565 -1.92426 -0.44298 -0.26317 -0.65008 3.02279 0.34652 -1.00286 
1.49234 -2.57987 -0.57447 0.32050 1.29913 -2.20014 1.02970 -2.69634 -0.39119 1.10542 -1.52824 -1.89851 1.62494 -0.03329 0.26120 -0.13458 0.79186 -0.53424 0.42907 -1.20301 0.45899 -0.31771 0.28837 1.96509 0.91538 -0.28824 -0.19249 -0.12733 -0.23553 0.98453 -1.43378 0.89494 -1.75504 -0.73361 -1.40696 -1.44984 0.61857 -0.19660 0.56255 
1.41717 -2.43237 -0.79543 1.02540 0.42545 -1.78861 -0.18411 -2.27005 -0.96503 0.94765 -0.68446 -1.46133 1.40732 -0.22472 -0.00463 -0.04666 0.72703 -0.78323 0.59492 -1.31781 0.21292 -1.03744 0.12906 0.52645 0.60383 0.52272 0.17482 -0.76413 0.69142 -0.98195 0.62818 -0.51530 2.64439 -0.60783 0.51956 -0.37993 -1.70951 -1.10790 1.69563 
1.26761 -2.58450 -0.62113 1.04753 0.51590 -1.60521 -0.28811 -2.48342 -1.42863 1.23449 -1.00179 -1.29468 2.14766 0.14154 -0.50294 0.55684 -0.19009 0.09394 -0.08623 1.44139 -0.14884 0.20185 -0.09156 0.25558 -0.19252 1.40739 0.18634 -0.22559 -0.04173 -0.62506 -0.54808 -0.54808 0.31934 -0.01326 1.73559 -0.29560 -1.01539 -1.42117 -0.38138 
1.55870 -2.93531 -0.23859 0.83531 0.51939 -1.87483 1.25728 -2.41889 -0.76318 0.85609 -0.42888 -1.65384 2.81471 -0.03839 -0.23022 -0.08839 0.10197 -1.33132 0.04684 -0.99846 0.19966 0.69814 -0.16654 -0.48893 -0.81735 0.14134 -0.42929 0.37621 -0.16063 0.27074 -0.59073 0.10849 -2.75156 0.14050 0.07090 0.12524 0.34626 -0.26065 -1.00358 
1.22922 -2.81472 -0.70953 1.14951 -0.81542 -1.55837 -1.28658 -2.28376 -0.73049 1.06795 -1.49073 -2.11203 2.28900 -0.28775 -0.12673 0.39620 0.08066 -0.49679 0.02226 -1.31018 -0.00834 0.27275 0.03368 0.60184 -0.45317 0.40380 -0.11472 -0.07695 1.04997 -0.25308 2.39184 -0.66444 1.83745 -0.88390 -0.79969 -0.29746 1.65849 1.21300 0.90291 
1.27095 -3.06204 0.15761 0.91597 0.02260 -1.85257 -0.05290 -2.42723 -0.49043 0.88977 0.17296 -2.10701 3.21851 -0.15311 -0.30717 0.96158 -0.15110 1.06052 -0.61759 0.83898 -0.68424 -0.10155 -0.46399 1.16955 0.39565 1.04425 -0.00448 0.28157 -0.16962 0.08719 0.78351 -0.30947 0.20481 -0.59525 -0.72960 -0.84037 -1.58652 0.32126 -0.73160 
1.07611 -3.12189 0.25205 0.99840 0.24510 -2.17597 -0.44759 -2.96801 -0.83204 0.60396 -0.32117 -1.71638 3.33325 -0.29223 0.15484 0.22659 0.16785 0.28672 -0.28721 -1.10537 -0.60359 -0.45685 -0.80669 -0.98468 -0.13191 -0.32780 0.19077 0.96604 -0.49964 0.70340 -1.01643 0.58516 -1.36849 1.04556 0.12307 -0.39505 -3.14074 -1.21373 -2.20134 
0.97872 -2.90720 0.38420 1.08381 0.30931 -2.13979 -1.15826 -3.03082 -0.94728 0.08307 -0.81172 -2.23892 2.89071 0.03766 0.65887 0.46194 0.55230 0.04409 -0.03243 -0.52950 0.36132 0.02153 -0.85904 -1.97118 -0.81808 -1.15709 0.41427 0.67860 0.15109 0.22554 -0.25241 0.29087 0.44859 0.99668 0.54614 -0.15711 0.34099 -0.11148 -1.09150 
1.11378 -2.46302 0.71399 1.55070 0.28919 -2.20840 -0.97710 -2.60668 -0.81051 -0.25509 -2.29236 -2.53446 2.17616 0.12204 0.83344 0.37768 0.39339 0.03431 0.00366 -0.65678 0.39309 0.08929 -0.96380 -0.64369 -0.24338 -1.41929 -0.28047 -0.20168 -0.41629 -0.30976 0.08989 0.08164 -0.33969 -0.30217 -0.69456 -0.53441 2.61730 0.79784 -0.17602 
1.10076 -2.07376 0.76188 1.47720 0.34362 -2.13613 -1.81505 -2.63773 -0.85799 -0.88073 -1.45541 -2.48230 1.47142 -0.24281 0.45718 0.04565 0.24254 0.13399 0.04920 -0.86919 0.05916 -0.67304 -1.39345 0.64612 -0.02024 -1.33311 -0.53465 -0.73381 -0.36574 0.14371 0.23486 0.16916 1.35360 0.51388 -0.12451 0.37420 0.75954 0.44184 0.54586 
0.87097 -2.00584 0.75964 1.79324 0.42318 -2.15920 -1.84629 -2.54753 -1.48355 -1.64854 -1.64624 -2.55470 0.84305 -0.41261 0.09963 0.01194 0.53710 0.26918 0.17282 0.69682 0.90697 -0.03522 -0.58960 0.11585 0.19845 -0.87344 -0.02478 -0.01200 0.13014 0.19289 0.44711 0.39373 0.89953 0.46753 1.43188 1.38541 -0.69362 -0.34143 1.06342 
0.68815 -1.97413 0.77382 2.01430 0.61280 -1.96331 -1.11822 -1.73076 -0.89320 -1.47033 -1.33956 -2.28385 0.59798 -0.26758 0.44518 0.17579 0.43543 0.58109 0.44294 0.03034 0.52669 0.75884 -0.00804 -0.04751 -0.36167 -0.26969 0.07357 0.78696 -0.25950 -1.47662 -0.28818 0.66552 -0.12160 -0.58658 0.28712 0.56745 -0.07952 -0.23517 0.59987 
0.60339 -1.56065 0.93543 2.22867 1.00427 -1.71626 -1.81595 -2.02084 -0.72471 -1.65658 -1.69375 -2.91637 0.57336 -0.33903 0.88659 -0.24756 -0.93952 -0.01900 0.83834 0.57522 0.32038 0.25190 -0.02215 0.03633 -0.03672 -0.27356 -0.30518 0.47281 -0.73215 -1.97297 -0.90223 0.27203 1.47886 1.05966 -0.08564 0.46132 0.48039 1.62320 0.42246 
0.34912 -1.08754 0.52625 1.07478 0.59380 -1.12497 -0.54300 -1.41038 -0.64130 -1.49247 -1.30323 -2.32057 0.32442 -0.57277 0.91799 -0.55636 -1.53754 -0.32114 0.71497 1.50920 1.58635 0.67320 0.45328 0.43289 1.26153 0.15277 0.14768 -0.16632 -0.20418 -0.14029 -0.09328 -0.31217 -1.10648 0.58484 0.44244 0.56411 0.96830 2.09064 0.88482 
0.03062 -0.64267 0.37908 0.69113 0.68313 -1.00130 -0.30675 -0.43449 -0.05151 -1.20330 -1.26086 -1.65485 0.72613 -0.19135 0.72027 -0.45174 -1.07981 -0.11228 0.52617 -0.53125 0.90522 0.69434 0.54197 1.00463 2.05392 0.61126 0.47440 -0.42505 0.17013 0.81587 -0.16797 0.24442 -1.25119 -1.99225 -0.52979 0.75433 0.58421 -0.10720 -0.46335 
0.15776 -0.36726 0.07451 -0.00503 0.48152 -0.59880 -1.07426 -0.50516 0.05304 -0.95051 -0.29860 -0.26664 0.93568 -0.09836 0.49294 -0.38623 -0.72168 -0.48911 0.95938 0.25800 -0.40590 0.14341 1.20761 1.01710 1.15433 -0.31058 -0.00616 -0.38980 0.42244 0.96242 -0.21357 0.07938 2.20696 -0.31541 -0.57422 0.12473 -0.67646 -2.33544 -1.62278 
-0.06775 -0.14973 -0.00715 -0.03055 0.19402 -0.04191 -0.04874 -0.84038 0.09191 0.00431 -0.24376 -0.50052 0.41555 -0.19751 0.33047 -0.02931 -0.11739 -0.32585 0.60555 1.67571 0.58982 0.12012 0.66669 0.32817 -0.28152 -1.01152 0.10395 -0.44071 0.37872 0.71981 0.49542 -1.01973 -0.03449 1.13483 0.07015 -1.42548 -1.08975 -0.68825 0.16432 
-0.03975 -0.03679 0.04520 -0.12242 0.15568 0.00675 0.60145 0.08466 0.17317 -0.28381 0.02957 -0.54817 -0.07584 0.00559 0.05222 -0.00751 -0.00187 0.00631 -0.06035 0.22351 0.72893 0.21356 -0.21787 -0.07265 0.46608 -0.14626 0.23697 -0.42050 -0.04742 0.14980 0.24728 -0.54760 -2.08434 -0.61781 -0.15433 -0.61549 -0.73518 0.61804 2.20419 
-0.06216 -0.09751 -0.01466 -0.03242 0.20033 -0.10226 0.17477 -0.11145 0.30547 -0.21355 -0.31640 -0.03444 0.26929 0.03946 -0.09003 -0.07673 0.03241 -0.07856 0.05794 -0.40863 -0.02799 -0.03420 0.05120 -0.40700 0.33651 1.19267 -0.03497 0.01012 0.03657 0.01610 -0.08923 0.06126 -0.05063 -0.76893 -0.33935 0.25693 0.24638 -0.53497 0.42825 
-0.00029 -0.12682 -0.03153 -0.09000 0.07711 0.06470 0.19282 0.05667 0.13896 -0.23261 -0.37744 -0.21165 1.11683 -0.02938 0.06234 0.02907 0.01423 -0.08293 0.00091 0.17288 -0.04000 -0.12579 0.03906 0.17373 -0.06890 0.28199 -0.02307 0.16569 0.16138 -0.01320 0.11079 -0.17250 0.35410 -0.14527 -0.00958 0.05378 1.11652 -0.34588 -2.08618 
-0.09154 -0.03517 0.01441 -0.01819 0.11740 -0.10135 0.34764 -0.15145 0.17967 -0.17449 -0.14267 -0.10334 0.55128 0.01639 0.07566 0.08465 0.01921 0.03223 -0.11456 -0.05453 -0.17326 -0.04378 0.10498 0.70951 -0.00937 -0.89351 0.15028 -0.07285 -0.03477 -0.02209 0.07394 0.03769 -0.34740 0.00563 -0.05913 -0.29894 -0.43589 0.02580 -0.38298 
0.01609 -0.05116 0.05313 -0.07079 0.10934 -0.04986 0.13829 -0.11659 0.09518 -0.12763 0.33208 -0.22102 0.22332 0.12090 -0.01051 -0.00570 -0.00785 -0.00898 0.03860 -0.17452 -0.03437 -0.18492 -0.25987 -0.26216 -0.04310 -0.10099 -0.03983 -0.10565 -0.20636 -0.04457 -0.09158 -0.00231 -0.16851 0.32221 0.20694 0.02636 -1.01384 0.12674 1.34088 
0.02936 -0.04568 0.00870 -0.02604 0.10842 -0.06274 0.17313 -0.18582 -0.00525 -0.43436 -0.40483 -0.14644 0.45028 -0.02344 -0.02999 -0.12171 -0.02536 -0.05935 -0.11687 -0.22304 0.14895 0.16315 0.13134 -0.30432 0.11737 0.44737 -0.17657 0.02050 0.08746 -0.06694 0.00113 0.00240 -0.05872 0.18789 0.29639 0.46050 0.91266 0.00553 -0.21019 
-0.00735 -0.08115 -0.06858 -0.09615 0.04999 -0.16673 -0.08474 0.03236 0.25833 0.00370 0.02775 -0.10366 0.67069 -0.05567 0.00998 0.08175 -0.07479 -0.00785 0.04101 -0.23324 0.15352 0.11146 0.20063 0.65050 -0.03757 -0.31119 0.02997 0.05111 0.24828 0.10312 0.08458 0.22828 0.49912 -0.31358 -0.32592 -0.27608 0.26856 -0.16113 -0.89914 
-0.02631 -0.03570 0.09046 -0.10084 0.10057 -0.02174 -0.06012 -0.03230 0.10622 -0.23374 0.24567 -0.18400 0.13910 0.00652 0.02113 0.12658 0.07776 0.02523 0.11141 0.27609 -0.16463 -0.16277 -0.14474 -0.03576 -0.04377 -0.45177 0.08877 -0.00420 -0.13961 0.06212 -0.03365 -0.06709 0.57641 -0.38863 -0.25933 -0.05429 -0.39963 0.19303 0.39885 
-0.00082 -0.06002 0.05800 -0.01839 0.07522 -0.05533 0.19134 -0.13226 0.09556 -0.14104 -0.00801 -0.14742 0.21893 0.03310 0.00579 -0.05785 -0.01268 -0.04149 -0.02608 0.34317 -0.23510 -0.14787 0.14634 0.25087 0.15546 0.08766 -0.03467 -0.04464 -0.12092 -0.07485 -0.04392 -0.11822 -0.34953 0.18650 0.19079 0.25119 -0.00771 0.20622 0.44550 
0.00679 -0.02992 0.03261 -0.11351 0.05908 -0.04782 0.28305 -0.26740 -0.04165 -0.08740 0.49654 -0.02854 0.22676 -0.02814 -0.02351 0.00565 0.00291 -0.01869 -0.00682 -0.07344 0.02188 0.02802 0.10645 -0.04347 0.16245 -0.00627 0.04356 -0.03476 0.03522 0.17539 -0.00258 -0.01752 -0.65632 0.27678 0.12710 -0.18375 -1.12565 -0.26493 0.05213 
-0.02897 -0.08353 0.06366 -0.01548 0.05652 -0.06214 0.11790 -0.11039 0.12358 -0.03458 -0.05148 0.01503 0.21265 0.07666 -0.02897 -0.02264 0.16271 -0.04408 -0.04360 -0.31316 0.04167 -0.02077 -0.03741 -0.87478 -0.10946 0.13979 0.05997 0.07251 0.02958 -0.08179 0.09368 0.04001 0.09857 -0.03648 -0.13470 -0.17667 0.34252 -0.29070 0.01464 
0.08345 -0.05889 0.00997 0.04920 0.01500 -0.09142 -0.03011 -0.22573 -0.06242 -0.12481 -0.37823 -0.13800 0.36655 0.03183 0.04900 0.03523 -0.07887 0.07499 0.03320 0.02512 -0.01461 -0.10667 -0.07022 0.29905 -0.12825 0.00837 -0.16113 0.04203 0.04701 -0.24214 0.14433 0.08286 0.30345 0.17623 0.22145 0.01538 1.35556 0.09924 -0.21116 
0.00286 -0.03453 0.09889 -0.09435 0.13151 -0.02894 0.14302 -0.12499 0.01691 -0.10480 0.24757 -0.11323 0.22102 -0.08447 0.01306 0.02437 -0.07942 0.10025 0.03926 -0.00971 0.21790 0.20068 -0.02203 0.48078 -0.01022 -0.07137 -0.02322 -0.03838 -0.10947 0.13446 -0.15920 -0.02816 -0.04693 0.07152 0.14225 0.07003 -0.37769 0.16311 -0.08841 
-0.00102 -0.04583 0.03434 -0.03022 0.11525 -0.05216 -0.03982 -0.00783 0.13826 -0.14684 0.10255 -0.14822 0.29517 0.00861 0.01062 -0.07424 0.05559 -0.08421 0.00503 -0.02181 0.05691 0.03558 -0.00019 -0.07864 0.03486 -0.08004 0.04087 -0.02038 0.01924 0.06642 -0.14522 -0.04692 0.22017 -0.26273 -0.27981 0.04009 -0.42691 0.08782 -0.02814 
0.01147 -0.02391 0.02465 -0.03876 0.04730 -0.02391 0.12122 -0.06808 0.05249 -0.10499 0.16893 -0.07837 0.14099 -0.04360 -0.00733 0.04361 -0.01300 -0.04497 -0.00766 0.21046 -0.04483 -0.07913 0.01806 0.05388 0.07760 -0.09952 -0.07506 -0.03306 0.14689 -0.05168 0.04917 -0.02657 0.13966 -0.14522 0.02029 0.04340 -0.10136 -0.01495 0.24218 
-0.04462 -0.05316 0.07795 -0.04322 0.07027 -0.05982 0.17065 -0.05266 0.05913 -0.12878 0.15643 -0.07062 0.19565 -0.06646 -0.02244 0.07265 0.00391 -0.03504 -0.02153 0.11786 -0.08831 0.05586 0.04321 -0.18000 0.01991 0.16214 0.10128 0.03528 -0.09308 0.01462 0.01760 0.02985 -0.29819 0.02021 0.09173 0.06131 -0.00574 -0.06934 0.00724 
