-0.05303 -0.13426 0.04675 0.00238 0.06066 0.02189 -0.02389 -0.30622 0.49759 -0.05039 0.09079 -0.09189 0.40609 -0.00707 0.00239 -0.01215 0.00300 -0.03355 -0.03273 -0.08538 0.06943 -0.07086 0.00976 0.08167 -0.04300 -0.08726 0.13498 -0.09891 0.10697 -0.30220 0.13399 -0.20256 0.74046 0.69378 0.13825 0.21069 1.07980 0.31715 1.07019 
-0.00694 -0.05746 0.08116 -0.07637 0.00147 -0.07026 -0.05089 -0.09216 0.24567 0.01033 0.16384 -0.13484 0.19692 0.07092 0.08714 -0.06804 -0.13634 0.03442 -0.07556 0.10688 0.18278 -0.44179 -0.03285 0.05922 0.06565 -0.08842 0.03654 -0.03861 0.10001 0.00669 0.21798 -0.01242 0.26799 -0.26347 0.25618 -0.26668 -0.20638 -0.20611 0.00420 
0.01789 -0.04713 -0.02128 -0.13396 0.09508 -0.05368 0.08299 -0.12344 0.05579 -0.08324 0.15002 -0.02624 0.31767 0.02947 -0.03622 0.08786 0.00969 0.18443 -0.04514 0.18261 -0.19404 0.18532 -0.25693 -0.12471 -0.24911 -0.08306 -0.13179 -0.10377 0.17712 0.20154 0.01721 0.03592 -0.18083 -0.07376 0.63819 -0.01109 -0.12453 -0.24987 0.26503 
0.02253 -0.09367 0.16902 -0.06668 0.18590 -0.11540 0.13172 -0.28620 0.43098 -0.24659 0.03913 -0.38394 0.11386 -0.06087 -0.01664 0.10908 0.06519 0.05163 -0.03965 -0.07395 0.10902 0.19640 -0.04394 -0.06531 -0.18422 0.17661 -0.05815 0.06983 -0.20138 0.04474 -0.28531 0.07365 -0.25409 0.33609 -0.35697 0.39442 0.24961 0.51646 0.24901 
-0.04299 -0.06376 0.08780 -0.06877 0.14671 -0.09333 0.00904 -0.01442 0.25219 -0.12717 0.08471 -0.21046 0.49428 -0.02867 0.03361 -0.11352 0.05443 -0.10089 0.02850 -0.07148 0.14205 -0.17166 0.13749 0.12490 0.26735 0.16595 0.10608 0.01087 -0.17788 -0.08876 -0.01547 0.03768 0.22101 -0.18824 -0.22997 0.04087 -0.21928 0.32409 0.03955 
-0.00614 -0.06007 0.05550 -0.01224 0.08501 -0.08690 0.06025 -0.14415 0.25933 -0.10910 0.16404 -0.11659 0.27980 0.04520 -0.00577 -0.06880 -0.02357 0.03616 -0.00197 0.14706 -0.07922 -0.03357 -0.00306 -0.28459 0.13987 0.21615 0.02193 0.08108 0.04249 -0.18972 0.19685 -0.18108 -0.15221 -0.42652 -0.12931 -0.00174 -0.10981 -0.22680 -0.24005 
0.00222 -0.06953 0.01900 -0.09234 0.18287 -0.09529 0.15610 -0.09364 0.21862 -0.13024 -0.19987 -0.07058 0.71044 -0.00675 0.11469 -0.07103 -0.13528 0.09597 -0.15258 -0.22368 -0.28447 -0.30096 0.13575 0.01509 0.04055 -0.07410 -0.06796 0.03764 0.13512 -0.01693 -0.12719 -0.01220 -0.18413 0.11435 -0.06266 0.15258 0.53353 -0.11609 -0.67007 
-0.01289 0.05462 -0.01553 -0.14752 0.18098 -0.23948 -0.16343 -0.42862 -0.04163 0.02665 0.17913 -0.07604 0.20570 -0.02276 0.03187 0.06632 -0.04050 -0.09104 -0.01417 -0.03707 0.03513 -0.09623 0.14951 0.24894 0.02379 -0.45392 0.00837 -0.24561 0.24696 0.19189 -0.23400 0.38147 0.34624 0.71930 0.68433 -0.24060 -0.16910 -0.17936 0.38079 
-0.02054 -0.03765 0.08532 -0.13284 0.09184 -0.10946 0.11903 -0.05851 0.12239 0.01927 0.04907 -0.04680 0.25652 0.00162 -0.13092 0.17593 0.05661 -0.13803 0.22890 0.12256 0.43483 0.38337 -0.10484 -0.15400 -0.13881 0.30669 0.02769 -0.18225 -0.06608 0.16891 0.20425 -0.03048 -0.34164 -0.38445 0.24085 -0.51693 -1.14107 -0.91950 0.63619 
-0.01126 -0.07630 0.16041 -0.09092 0.04295 -0.01058 -0.04088 0.00621 0.34174 -0.07819 0.02512 -0.21485 0.51238 0.00494 -0.15038 0.00024 0.12841 0.11322 -0.04464 -0.37871 -0.34932 0.14462 -0.36742 -0.89213 -0.89571 0.18227 -0.04016 0.07599 -0.42405 0.01721 0.24027 -0.38022 -0.00888 -0.47267 -0.08514 -0.07605 -0.07897 0.11133 -0.28121 
-0.01560 -0.18803 0.08555 -0.00442 0.20505 -0.15411 -0.25969 -0.40783 0.26700 -0.34814 -0.84306 -0.94251 0.43879 -0.03854 -0.05493 -0.24812 0.07382 0.10224 -0.15132 0.11368 -0.03785 0.29823 -0.18089 -0.23298 -0.02748 0.02547 -0.03584 0.07015 0.05643 -0.10797 -0.39462 0.10973 0.92406 0.51133 -0.01812 0.57765 1.58228 1.48650 -0.13554 
-0.04980 -0.13123 -0.08771 -0.01710 0.14518 -0.16190 0.07280 -0.03164 0.63996 -0.25908 -0.20785 -0.24233 0.53786 -0.03091 -0.08023 0.05667 0.02044 -0.28140 0.06509 0.54535 0.16201 0.12650 0.21023 0.69015 0.59078 0.04673 0.09426 0.08511 0.23729 -0.09117 -0.11218 0.23417 -0.19586 0.10843 -0.56221 0.21756 0.34778 -0.06953 0.13519 
-0.04651 -0.26826 0.14222 0.01602 -0.07635 -0.08902 0.28566 -0.24582 0.39350 -0.13791 -0.15291 -0.35173 0.48552 0.05572 0.03018 -0.01083 -0.01735 -0.00994 0.08285 -0.08218 0.07058 -0.26398 0.03667 0.11480 -0.09701 0.16066 0.07987 0.26811 -0.19115 -0.09107 0.46734 -0.06961 -0.84323 0.09589 -0.29876 -0.20814 -0.64999 -0.32100 0.11186 
0.00592 -0.10105 -0.09854 -0.03445 0.13525 -0.07905 -0.00938 0.03894 0.37598 -0.22241 -0.09305 -0.33934 0.69852 0.04897 0.18788 -0.13448 -0.07063 0.18594 -0.00453 -0.29788 0.25790 -0.17226 0.00209 0.04016 0.26979 0.15859 -0.07245 -0.00791 0.23799 -0.04422 -0.18443 -0.10908 0.20644 -0.22369 0.32958 0.12631 0.34264 0.47508 -0.57707 
0.00246 -0.08038 0.00774 -0.05461 0.10959 -0.09355 -0.01222 0.01208 0.22124 -0.13582 -0.11274 -0.08194 0.64412 -0.01673 0.02226 0.22716 -0.06157 -0.19437 -0.02623 0.12426 -0.15311 0.06560 0.16298 0.45745 0.37807 -0.41641 -0.08755 -0.19588 0.09739 -0.14919 -0.27522 0.17632 0.76462 -0.53652 -0.11412 -0.00796 -0.04062 -0.08230 0.30644 
-0.01081 -0.07879 0.12863 -0.09603 -0.05913 -0.10527 0.11488 -0.11417 0.44158 -0.05943 0.36440 0.03873 0.28211 -0.03858 -0.00800 -0.03709 -0.21982 -0.08928 0.17179 0.46674 -0.27862 -0.28639 -0.00587 -0.00046 0.18749 0.46504 -0.07137 -0.44161 -0.29770 0.24903 0.22312 -0.06001 -0.18250 0.24972 -0.05951 -0.17883 -0.78117 -1.11783 1.07950 
-0.03612 -0.08838 -0.02934 -0.27442 0.02032 0.07824 0.45452 -0.26655 -0.06515 -0.14168 -0.11320 0.10555 1.10916 -0.08810 -0.41935 -0.07054 0.18745 0.02875 -0.08624 -0.05825 0.09661 0.00609 -0.01585 -0.32372 -0.73976 0.66310 0.05120 -0.73036 0.34814 0.81547 0.14645 -0.55629 -0.00927 0.34309 -0.17567 -0.00587 1.79308 -0.97688 -1.37466 
-0.09891 -0.49813 0.05809 0.09143 -0.03038 -0.19152 0.05663 -0.01756 0.44767 -0.07527 0.04068 -0.70103 0.94521 0.01262 -0.73836 0.31106 0.59565 0.05717 -0.38450 0.45746 0.06446 -0.46206 -0.01174 1.79262 -0.78939 -0.90962 -0.06230 -0.86840 0.99735 0.54278 0.08570 -0.64039 1.80201 -0.31325 -2.19956 0.10518 3.06995 -0.43504 -3.27998 
-0.02350 -0.82674 0.28171 0.32123 0.07749 -0.30625 0.91198 -0.20208 -0.52721 -0.15342 1.67941 -0.68385 0.19953 -0.15040 -1.28775 0.92681 0.73024 0.11445 -0.72664 1.74377 -0.21664 -2.19347 0.08934 2.74623 -1.17480 -2.61689 -0.17520 -0.15166 -0.05792 -0.27653 0.01201 -0.37851 0.03999 -0.08134 -0.31326 -0.11692 -1.62144 0.39424 0.47833 
-0.24930 -1.78588 0.98490 0.82166 0.08407 -0.91815 1.80040 -0.23420 -1.74580 0.01406 2.78691 -1.87583 -1.67168 -0.16258 -0.89002 0.25313 0.31912 0.06918 -0.76300 0.49745 -0.01688 -0.77532 -0.12866 0.17118 -0.39515 -0.43129 0.21479 1.45760 -1.27541 -0.75266 -0.21760 0.50983 -2.51620 0.03731 3.03028 -0.74200 -5.17855 1.90586 4.82701 
-0.18608 -1.71676 0.53484 0.64034 0.14667 -1.06925 1.40943 -0.21896 -1.30253 -0.28207 1.85059 -1.07900 -0.23176 0.06440 0.16986 -0.34860 -0.02243 -0.10315 -0.21681 -0.77243 -0.17932 0.83681 -0.65267 -2.43232 0.73106 2.21013 0.19518 0.94961 -0.67030 -0.12728 0.30146 0.73071 -1.35224 0.69814 1.70789 -0.40949 -1.08252 0.91297 2.36396 
-0.18491 -1.61602 0.63630 0.79923 -0.01908 -1.13496 1.02797 -0.41352 -0.90898 -0.63861 0.35458 -1.14477 0.53845 0.03260 0.05959 -0.41717 0.19184 0.37064 -0.03229 -0.85478 0.68126 0.93257 -0.53814 -0.91134 0.51782 1.93266 0.00918 -0.13426 -0.25541 -0.01786 1.17806 0.41857 0.19759 0.39907 0.29774 0.48257 2.53739 -0.33041 -0.48212 
-0.15348 -1.65717 0.11767 0.83218 0.51730 -1.10155 0.55465 0.46230 -0.36995 -0.82022 0.93925 -0.56119 1.70090 0.07358 0.03560 -0.60401 -0.04028 1.07491 0.20176 -0.57484 0.21975 1.13455 -0.17010 0.10507 0.40064 1.72801 0.05192 0.38114 0.52539 -0.16257 0.21873 0.61096 0.62422 -0.63796 0.93790 0.84373 -0.69580 -1.23917 -0.44027 
-0.11133 -1.58043 0.03229 0.75895 1.05583 -0.93320 0.45313 -0.19377 0.22557 -0.80871 0.45965 -0.74413 2.26646 0.08452 0.44073 0.10822 0.02927 0.58936 0.57866 -0.23056 0.04330 1.87047 0.30559 -1.60714 -0.72135 1.49240 0.00880 0.54283 0.43482 -0.25235 -1.67997 0.10659 0.17787 0.60217 -0.43945 0.61536 -1.60150 -0.03952 -2.09652 
-0.06896 -1.21644 0.22590 0.86144 1.10667 -0.52289 0.32409 0.50559 1.50052 -0.51463 -0.66789 -1.28254 3.19330 0.08238 0.57843 -0.16918 -0.29263 -0.60506 0.30835 -0.39697 0.82192 0.69510 0.44526 -1.49642 0.36112 -0.36851 0.00382 0.51943 -0.43989 -0.99779 -1.34394 -0.36339 0.21731 -0.39406 -3.60160 -0.00589 1.97696 2.01488 -3.48335 
-0.02895 -1.00200 -0.13689 0.46631 0.45077 -0.62485 0.05616 0.62815 0.92067 -0.36344 -1.03677 -0.38301 1.89795 0.08834 0.96016 -0.33167 -0.96852 -0.75458 0.21527 -0.01324 -0.35077 -1.73113 0.29970 0.36982 1.29353 -1.99096 -0.07428 0.41405 0.37885 -0.20031 0.19559 0.27565 0.29203 -1.66232 -1.53285 -0.23977 2.45567 -0.31756 -0.79667 
0.01938 -0.25628 -0.10577 -0.10708 0.35209 -0.30762 0.31085 0.15483 -0.23061 -0.21493 -0.29807 0.01100 1.20234 0.00810 0.99247 0.20967 -0.49294 -0.40947 0.58400 -0.10494 -0.84040 -0.83775 0.20549 0.95924 0.04356 -1.16518 -0.11205 -0.78339 0.43337 0.98296 0.37431 0.04571 -0.09580 0.21522 2.36102 -0.14737 -0.24863 -1.63875 0.99991 
-0.02085 -0.00953 0.07278 -0.02663 0.04130 -0.04084 -0.04878 -0.21225 0.08292 -0.15795 -0.07752 -0.33945 0.73277 -0.02370 0.17677 0.10170 0.01444 -0.38026 0.26098 -0.10904 -0.13554 0.62989 0.15233 0.12119 -0.34521 -0.99105 0.01588 -1.03542 -0.21735 0.45978 0.38256 -0.57941 0.25350 0.92618 1.00706 -0.11885 -0.74989 0.16840 0.72799 
-0.00432 -0.07951 -0.00407 -0.09264 -0.02818 -0.04663 0.20181 0.01928 0.39927 -0.06260 -0.17687 -0.33422 0.21129 0.02398 -0.04295 -0.00768 -0.03316 -0.02691 0.00459 0.14856 0.08578 0.16931 0.08664 0.20935 0.21196 -0.43720 0.04547 -0.22349 -0.02106 0.05196 0.50226 -0.30327 -0.11682 0.20032 -0.85581 -0.15375 0.18319 0.41457 1.31152 
0.00312 -0.05247 0.06510 -0.05978 0.01439 -0.03625 0.09979 -0.12647 0.25223 -0.07130 0.13183 -0.12749 0.29557 0.02177 -0.04672 0.08064 0.06640 0.12200 -0.04228 -0.22586 0.06478 -0.22592 -0.00142 0.30439 0.06935 0.32047 -0.02131 0.03895 0.01755 0.05300 0.05531 -0.00570 -0.18042 -0.06926 -0.21646 -0.04876 -0.37391 -0.16837 0.48033 
0.01745 -0.12623 0.07656 -0.02624 0.09382 -0.08892 -0.02405 0.08407 0.17335 -0.06402 0.12751 -0.26487 0.53176 0.00266 -0.00400 0.00987 0.01984 0.02840 -0.00111 -0.03185 0.01652 -0.04715 0.03788 -0.16456 0.04359 0.04313 -0.05011 0.12700 -0.10134 -0.09736 -0.11286 0.05948 0.30216 -0.18224 0.22426 -0.04832 -0.28527 -0.02403 -0.46618 
0.00579 -0.05647 0.07497 -0.03995 0.04279 -0.03737 0.06794 -0.10995 0.20508 -0.03342 -0.03273 -0.08389 0.33870 -0.02833 0.08028 -0.02070 -0.03096 0.00914 0.01720 0.07630 -0.11746 -0.00166 -0.04974 0.01911 0.04532 -0.14571 0.00948 -0.02474 -0.05737 -0.05105 0.04063 -0.03973 0.06839 -0.01049 0.09425 -0.15768 0.18050 -0.09258 0.23378 
-0.01088 -0.04595 0.05586 -0.05719 0.10297 -0.07172 0.05226 -0.03339 0.17170 -0.11376 0.14663 -0.21955 0.38605 0.01215 -0.02873 -0.04750 -0.03121 0.06903 -0.04084 0.03654 0.00604 0.04710 -0.11980 0.01594 -0.04899 0.27691 -0.00981 -0.11951 -0.14711 0.11163 0.07813 -0.08477 -0.08084 0.13244 0.38768 -0.03404 -0.40463 -0.06653 0.85712 
0.01793 -0.08520 0.02746 -0.07116 0.11182 -0.07821 0.10447 -0.10392 0.25217 -0.15322 -0.01679 -0.13288 0.61561 -0.03814 -0.03923 -0.16782 0.08068 0.08728 -0.06758 -0.00454 0.01498 0.38603 -0.08377 -0.38552 -0.02121 0.71141 -0.80561 -0.38281 1.55055 -1.99260 1.90241 -1.59198 1.03489 0.60697 -1.57037 0.38449 -0.37098 -1.94783 2.61148 
-0.04902 -0.08518 -0.11196 0.02349 0.19025 -0.13930 0.04772 -0.01841 0.55773 -0.19753 -0.23890 -0.24076 1.09745 -0.79346 -0.41155 1.50305 -2.02381 1.97145 -1.63282 1.07143 0.61301 -1.52328 0.26469 -0.35504 -1.99682 2.88838 -1.11621 -0.27123 1.97312 -2.28775 3.27083 -2.13218 1.37743 -0.68061 -1.49251 0.02719 0.57092 -1.30284 -0.14021 
-0.77553 -0.49675 1.53051 -2.09497 2.08327 -1.71103 1.17591 0.50909 -1.27110 0.11148 -0.37184 -2.12970 3.50399 -1.15435 -0.31047 1.80531 -2.20707 3.35811 -2.19976 1.37289 -0.66563 -1.10648 -0.05658 0.18539 -1.32405 0.57119 0.22412 -0.33907 -0.94876 2.20106 -0.72462 0.93938 -0.06270 -1.37907 2.59182 -0.93797 1.88477 2.94918 -4.99085 
-1.20337 -0.39565 1.69335 -2.18359 3.54835 -2.33906 1.42061 -0.68405 -0.54875 -0.25411 -0.05350 -1.56482 1.66864 -0.56934 -0.75062 0.55429 0.17725 1.24683 -0.69344 1.00873 -0.76606 1.06855 -0.67328 1.52973 0.95236 -2.10247 1.10502 -0.52504 -1.54529 2.34779 -3.34497 1.88994 -0.24151 1.45693 2.83795 -0.24105 -0.21885 2.23938 0.88876 
-1.34487 -1.24737 2.08480 -1.91772 3.33010 -2.40447 2.18464 -0.25697 -0.20256 -0.56180 1.15789 -1.17734 1.40153 -0.04933 -0.83551 0.26002 0.14072 0.01313 -0.30983 1.13138 0.79130 1.73147 -0.29763 -0.03346 0.91533 1.45995 0.55580 0.48885 -0.84408 -0.08080 -0.85743 -0.11192 -1.08279 0.72670 -0.71939 0.54889 -2.77363 -0.18227 3.88274 
-1.25271 -1.23116 1.95337 -2.04287 3.56148 -2.64889 2.55199 0.10725 1.18272 -0.55173 -0.08696 -0.64949 3.12859 -0.01354 -0.26177 -0.28979 0.09645 0.38940 -0.80536 -0.07406 -0.03935 0.34916 -0.12439 -1.24390 0.77010 1.78027 0.41250 0.41306 -0.77224 0.66035 -0.26841 0.29023 -1.20055 -0.61752 -2.91110 0.42434 -0.46228 -0.78891 -2.88593 
-1.35841 -1.50914 1.79501 -1.82127 3.71950 -3.20983 2.11058 -0.29632 0.14660 -0.68619 -0.08600 -0.40724 3.18180 0.36317 -0.42245 -0.51222 0.80107 -0.25528 -0.01959 -0.06917 0.17378 -1.17963 0.12672 -0.49574 0.12642 -1.42598 0.58632 -0.37704 -0.71888 0.80377 -1.09566 1.43820 -0.78875 0.60912 -0.69559 0.55013 0.50270 -1.15689 -3.37775 
-0.88953 -1.65361 1.44115 -1.24179 3.30620 -2.66848 2.48282 0.28103 0.00309 -0.42502 -0.58270 -0.52307 1.70261 0.57278 -0.63881 -1.00867 0.90022 -0.70625 0.63284 -0.86281 0.56977 -0.34643 0.42574 -0.74120 -0.38679 -1.59748 0.89561 1.20150 1.30102 0.74983 -0.49238 0.43440 -2.82666 -1.59865 -2.26535 -0.94118 -0.36272 -1.39196 -0.68934 
-0.78563 -2.14794 0.78633 -0.92105 3.01325 -2.57698 1.24777 0.27344 -0.19983 -0.26045 -0.82720 -0.79403 1.58432 1.25878 0.77905 0.78880 1.55090 -0.74767 0.41481 -2.89583 -1.42488 -3.44498 -0.81446 -0.85846 -1.26554 -2.11532 1.49411 0.94629 1.07654 -0.52182 -0.42065 0.21967 -2.80655 -3.41709 -3.28235 -2.67235 0.13911 -1.47467 -0.14598 
0.36925 -0.87456 2.22995 0.30911 2.55854 -2.25368 -0.41301 -1.14385 -3.44189 -1.23947 -1.44116 -1.78861 -0.41271 2.06689 0.30748 0.06787 0.37841 -1.12690 0.85251 -3.66936 -2.84733 -3.62878 -2.24661 -0.60209 -1.86146 -1.74345 -0.18148 -2.15596 -2.01062 -2.46135 -0.44997 0.50455 1.26266 0.10386 5.61718 -0.13780 2.09771 -0.52895 3.13760 
1.28126 -1.84046 0.85420 -0.54264 1.88635 -1.72447 -2.42159 -2.57388 -3.82860 -2.50705 -1.42930 -2.65549 -0.15913 1.07730 -1.37691 -1.22183 -0.91045 -1.19763 0.91935 -1.63317 -1.32102 2.17220 -0.95226 1.23925 -1.79449 1.02228 -2.11666 -1.17031 -0.17482 -1.34054 0.24368 -0.98709 3.66261 2.86106 5.15141 2.33177 1.53385 0.36870 1.52337 
1.44655 -2.25147 1.00813 -0.60134 1.36091 -1.33432 -2.04617 -2.46486 -1.26969 -2.19173 -0.20191 -3.58310 0.60957 -0.04978 -0.86283 -0.10695 -0.96214 -0.88322 -0.13458 -0.00675 0.01373 1.52263 0.08516 0.93176 -1.49276 -0.22008 -1.17951 0.91856 1.36291 0.35999 1.49384 -1.09238 1.98425 1.41037 -2.10449 1.46401 -0.54978 1.28824 -0.38735 
1.23148 -2.70329 0.74725 -1.50478 1.00313 -1.85905 -2.42834 -2.56015 -2.30597 -2.42189 -0.49754 -4.14825 -0.37921 -0.10221 -0.45836 0.14109 -0.55046 0.29621 -0.17303 0.35108 0.08935 0.06771 0.51175 0.68947 -0.50625 0.63493 -0.02369 0.82173 0.12366 0.90587 1.54001 -0.09343 0.56846 -0.29387 -0.83307 0.83026 -1.27445 1.51095 2.25706 
1.34434 -2.70983 1.14921 -1.15180 1.65712 -1.50735 -1.69510 -2.37551 -1.20198 -1.67998 0.48756 -4.08935 1.24450 -0.07347 -0.04109 0.01670 -0.05626 0.65679 -0.22801 0.56171 -0.28014 0.68956 0.91543 -0.34269 0.01819 2.03698 0.07966 0.70354 -0.02330 0.20402 -0.15460 -0.19353 -0.49611 0.09930 0.91798 -0.03442 -1.81695 0.88595 1.00041 
1.15801 -2.74438 0.76395 -1.56104 1.65992 -2.08706 -1.86663 -2.84029 -1.61641 -1.50646 -0.84023 -4.13006 1.65777 -0.02255 0.24518 0.11779 -0.34644 0.14161 -0.36656 -0.14503 0.18865 0.98569 0.47733 -1.12748 0.37970 1.63534 0.09485 -0.08965 0.08108 -0.24306 -1.36539 0.00312 -1.21155 0.14506 -0.62636 -1.02313 -0.38887 0.11719 -1.60016 
1.32178 -2.46464 1.26700 -1.49824 1.79873 -1.87391 -1.84013 -2.18686 -0.21629 -1.20265 -0.63992 -3.70965 2.87983 0.02138 -0.13074 0.09779 -0.29932 -0.70861 -0.22489 -0.64984 -0.13508 0.06320 -0.10771 -0.73156 0.13537 0.43682 0.08199 -0.49530 -0.04800 0.43254 -0.57227 0.10733 0.23603 -0.23255 -1.68040 -0.09603 0.62128 0.50223 -1.63431 
1.17939 -2.87512 0.86174 -1.86036 0.95132 -2.31195 -2.51647 -2.97537 -1.55321 -1.61417 -1.57179 -3.99469 2.09459 0.05944 -0.25012 0.06979 0.08610 -0.43066 -0.25923 0.09100 -0.04390 -0.69471 0.38130 -0.50620 0.88193 0.00102 0.24658 0.16466 0.22191 0.80768 1.11755 0.21498 1.11576 1.00941 0.29653 1.16604 1.17827 0.92834 0.25362 
1.38122 -2.71476 1.33679 -1.41214 1.36806 -2.13314 -1.74913 -2.23075 -0.91100 -0.82135 -1.14613 -2.82771 2.88086 0.26795 0.03392 0.31970 0.50836 0.40895 -0.00991 0.46592 0.87433 0.35973 1.05833 0.44671 1.06372 0.69044 0.00997 0.27795 -0.01471 -0.09710 0.22218 0.03459 -0.23057 0.40538 0.47264 -0.18558 0.84788 -0.40825 0.08905 
1.44735 -2.84120 1.18144 -1.35200 1.36026 -2.32186 -2.05056 -2.10104 -1.19348 -0.55584 -1.12509 -2.93097 2.78503 0.06940 0.02784 0.05508 -0.01100 -0.20848 -0.22464 -0.13957 0.36148 -0.22207 0.19572 0.34167 0.47369 0.09008 -0.16005 -0.08954 -0.80244 -0.63829 -1.01496 0.12054 -0.76948 -0.80823 -0.11586 -1.49233 0.15082 -0.73165 -1.71399 
1.45062 -2.68693 1.39187 -1.42313 1.15958 -2.35778 -1.88870 -1.86928 -1.13308 -0.62563 -0.80446 -2.35403 2.97093 0.10791 -0.05562 -0.48274 -0.12993 -0.60602 0.11063 -0.30356 0.06610 0.24387 -0.43400 0.59752 0.33206 -1.02354 -0.06307 -0.00772 -1.65145 0.37761 -0.98228 1.10763 -0.58704 0.38365 -0.33364 -0.22962 -0.10997 -1.08700 -0.46458 
1.55525 -2.89682 0.69870 -1.48193 0.75425 -2.21122 -2.35412 -2.03494 -0.94961 -0.98984 -0.52756 -2.59891 1.76149 0.00633 0.02012 -1.59637 0.36661 -1.19076 0.88300 -0.72661 0.74513 -0.55571 -0.03390 0.23170 -0.61331 -0.37451 -0.05864 -0.35310 -0.41841 -0.01201 0.29754 0.01370 1.13817 -0.12098 -0.65969 0.08339 -0.53261 -1.59961 0.26214 
1.45695 -2.66681 -0.20450 -1.05653 -0.03118 -1.47479 -2.61531 -1.12415 -1.68879 -0.65953 -0.57276 -2.96734 2.59642 0.04927 -0.40872 -0.90115 -0.14194 -0.30847 0.12433 0.83461 -0.05488 -0.41582 -0.35062 0.06492 -1.26755 -0.76140 0.17469 -0.65156 1.65762 -1.11405 2.00775 -1.63468 2.41957 -1.63326 1.68500 -0.27911 -0.74107 1.72387 -2.46849 
1.60452 -3.30554 -0.20245 -1.62387 0.44577 -2.08689 -1.51952 -2.08983 -1.36543 -1.34046 -0.46265 -3.86646 1.00009 0.18102 -0.63145 0.06126 -0.74744 0.81699 -0.75168 1.69296 -0.88813 1.12928 -0.31301 -0.50937 1.11056 -2.84300 0.14915 0.56335 0.53980 0.27696 0.53809 -0.37992 0.61234 0.05929 1.12971 1.40992 -1.17146 3.74401 -0.11870 
1.63797 -3.29825 -0.14325 -1.80397 0.78582 -2.22647 -0.92235 -2.01228 -0.55951 -0.97254 -1.08213 -1.85678 -0.24658 0.19842 0.15462 -0.36135 0.13502 0.22961 -0.25559 1.44695 0.00440 0.71389 1.05930 -1.10654 2.47646 -0.88010 -0.22363 0.95241 -0.90671 0.82309 -1.03687 0.51986 -0.75807 0.53945 -1.65544 0.64962 0.62042 -1.21913 3.56112 
1.80294 -3.15092 -0.56380 -1.48885 0.67539 -2.34248 -0.07257 -2.08543 -0.65154 -0.28116 -1.56919 -1.39001 0.11999 -0.04261 0.32096 -0.84545 0.07564 -0.21988 -0.23183 0.93489 -0.34868 -0.52616 0.33661 0.11105 -0.10857 0.71812 -0.27116 0.24614 0.35720 -0.29572 0.27643 0.35645 -0.06314 0.29273 -0.85282 -0.76467 1.39950 -2.62761 2.38341 
1.59536 -2.97729 -0.98870 -1.72833 0.56594 -2.45830 0.01254 -2.36096 -1.08567 -0.63593 -0.97108 -1.96535 0.47154 -0.07275 0.40076 -0.00415 -0.16070 0.50605 0.10087 1.38381 0.29713 -0.13893 0.29463 0.29296 -0.15115 1.50331 0.02131 0.19644 0.65457 -0.18956 0.70249 0.28290 0.62617 0.94396 1.23060 0.07282 -0.81604 0.49526 -0.47907 
1.73020 -2.75016 -0.56795 -1.64955 1.18144 -2.24161 1.31124 -1.78830 -0.79047 0.01347 -1.27623 -1.54116 1.62330 -0.02130 0.51740 -0.19088 -0.11392 0.48261 0.05108 1.56106 0.59528 0.70444 0.40943 -0.70499 0.38669 0.23905 -0.13871 -0.36766 -0.92529 -0.62504 -0.81050 -0.90575 -1.05839 -0.57572 -1.37692 -0.72677 -1.69304 0.02214 -3.66546 
1.57407 -2.45989 -1.17958 -1.84225 1.04855 -2.40722 1.57360 -1.76568 -0.38123 -0.22650 -1.67607 -1.57865 0.71059 -0.21146 0.03310 -0.92944 -0.78574 -0.30446 -0.80488 0.32542 -0.27859 -1.51586 -0.43214 -1.40008 -0.12901 -2.16215 0.09398 -0.41757 -0.25198 -0.00944 -0.76490 -0.46078 -1.24589 -0.50169 -1.16516 -0.84386 0.09835 -0.02430 -1.52099 
1.51874 -2.71706 -1.49738 -2.43530 0.87698 -3.04650 1.63665 -2.06689 -2.30633 -0.41867 -2.67631 -1.67017 -0.53885 0.07268 0.09983 -0.44286 -0.12336 -0.28229 -0.40970 0.31516 0.09359 -0.46071 -0.43443 -0.60664 0.36239 -1.28194 0.52015 0.56456 1.08280 1.46236 0.46972 1.66510 -0.35498 1.94917 3.66870 -0.47103 3.09674 0.62216 3.06591 
1.64675 -2.36006 -1.62244 -1.96562 0.76626 -2.81692 1.88876 -1.67210 -0.84194 -0.66093 -2.28271 -1.21627 -0.57135 0.30869 0.59766 0.15336 0.67661 0.16527 0.86022 -0.02957 1.67058 2.15284 -0.90317 1.69666 0.49315 0.90376 0.10437 0.04062 0.76799 0.26125 0.50197 1.24122 -1.63018 1.50021 0.84197 -0.99033 2.84056 -0.74518 2.43308 
1.82743 -2.11940 -1.34402 -1.75868 1.04224 -2.18628 1.60709 -0.39631 -0.15349 -1.32184 -0.97965 -1.17702 0.36491 0.17705 0.14045 0.32513 0.13789 0.21968 0.83152 -1.31502 1.59379 0.38125 -1.42476 2.23392 -0.38279 1.15114 -0.29054 -0.59264 -0.34710 -0.74923 -0.30987 -0.50572 -1.49937 -1.25850 -2.34501 -0.30827 -0.06905 -1.12368 -0.94372 
1.82381 -2.21961 -1.29732 -1.82773 0.98594 -1.98540 0.57374 -0.07830 -0.46069 -2.08569 -0.04879 -1.59905 0.57979 0.01815 0.00502 -0.19373 -0.07261 -0.14460 0.35451 -1.52894 0.41209 -0.19217 -1.21144 1.62761 -0.63053 -0.03996 -0.11401 -0.01566 -0.99752 -0.64334 -0.18079 -0.76812 0.08143 -1.09735 -0.29251 0.42525 -1.92718 0.00633 -1.75231 
1.84558 -2.11437 -1.53775 -1.83130 0.89764 -1.83177 0.07815 0.01578 -0.34565 -2.53329 0.64796 -1.80755 0.32495 0.06305 0.12479 -0.67239 -0.50545 0.03889 0.06340 -1.23359 0.49644 0.08874 -0.99952 0.30674 -0.37646 -0.60117 -0.00171 0.19208 -0.11610 -0.42021 0.23391 -0.46120 0.10854 0.19534 1.05034 0.31432 -2.16330 0.23904 -0.05615 
1.88685 -2.09482 -1.96971 -2.33318 1.02483 -1.92199 -0.65985 0.41814 -0.37195 -3.08521 0.25795 -1.97551 -0.02137 0.01644 0.19710 -0.30984 -0.49282 0.08931 -0.10669 -1.42039 0.60743 0.85818 -0.89712 -0.53568 -0.39149 -0.09612 0.01500 0.21249 0.90897 0.63058 0.05656 -0.07939 0.81252 -0.01968 0.77062 0.82692 -0.93619 0.55419 1.15651 
1.86202 -1.91727 -1.84759 -2.32412 0.98695 -1.93846 -1.34224 0.62321 0.51252 -3.43041 0.11227 -2.19904 0.22884 0.07805 0.33728 0.23658 0.12513 0.09545 -0.01598 -0.42107 0.47677 0.85936 -0.17260 -0.62945 0.17773 0.55535 0.06371 0.21742 0.29891 0.41023 -0.02010 0.19336 1.52762 -1.19136 -1.58155 1.19416 -0.54987 0.74781 0.55098 
1.96490 -1.75754 -1.73313 -2.20805 1.12028 -1.93798 -1.08092 0.89491 0.48741 -3.25781 -0.37150 -1.79777 0.53397 0.08014 0.41452 -0.01093 -0.08260 0.06921 0.08667 0.10723 -0.58393 -0.72338 0.29703 -1.08556 0.35632 0.45486 -0.07273 0.30119 -0.26855 -0.37753 0.36394 0.50273 0.25865 -1.93795 -0.96795 0.63888 0.11755 0.42558 -0.42681 
1.94216 -1.50276 -1.85852 -2.40672 1.05616 -1.85179 -1.23501 0.03928 -0.21085 -3.13337 -0.97328 -1.84272 0.68369 0.00532 0.63847 -0.03197 -0.25240 0.45940 0.48675 -0.16242 -1.46119 -0.10859 0.46628 -0.51190 0.60331 0.12854 0.01757 0.19932 0.18544 -0.17770 0.53458 0.74713 -0.40356 -0.34176 0.74913 0.58533 1.23895 0.19951 -0.64723 
1.97022 -1.11907 -1.76511 -2.46045 1.57968 -1.45123 -1.24334 -0.56628 0.37882 -2.79153 -0.88339 -1.19446 0.66251 0.09771 0.61383 0.17451 -0.26030 0.60379 0.83380 -0.29633 -0.92570 0.02575 0.88236 0.15340 0.55582 -0.19237 0.04729 -0.15346 -0.04270 -0.17266 -0.86757 -0.06207 0.37226 0.31200 -1.82606 -0.18489 0.13967 -0.81744 -1.60177 
2.03987 -0.88893 -1.68401 -2.66701 1.65995 -1.01799 -1.53134 -0.88641 -0.18510 -2.25101 -0.81988 -1.28690 0.49132 0.05261 0.48501 -0.07467 -0.42507 -0.40817 0.42468 0.20985 -1.14919 -1.93465 0.28139 -0.37223 -0.21413 -1.47323 -0.00661 0.08030 -0.18895 0.18077 -0.94488 -0.41495 1.41993 0.03611 -0.75411 -0.69449 0.13543 -0.12382 -0.36598 
2.02282 -0.63406 -1.83978 -2.88552 1.17151 -1.02654 -1.03349 -1.71547 -1.55583 -2.51014 -1.25562 -1.40859 -0.81072 0.09110 0.69414 -0.01444 -0.07953 -0.34109 0.41885 1.12360 -0.88959 -0.72835 0.18787 0.28883 0.43200 -0.55835 0.03733 -0.05903 -0.06499 0.12762 0.15638 0.01754 0.13312 0.53527 1.96701 -0.15299 0.77638 0.22614 0.90026 
2.13097 -0.19479 -1.69846 -2.74654 1.31886 -0.59913 -0.40774 -1.77600 -0.91345 -2.06314 -0.53105 -0.85490 -0.06703 0.08994 0.42598 -0.13967 -0.29744 -0.25180 0.44223 0.34297 -0.61392 0.03236 0.12840 0.40415 0.01201 -0.57297 -0.02289 -0.74057 -0.12727 -0.16261 -0.01221 -0.40331 -1.14961 0.73187 0.24607 -0.29932 -0.33235 -0.67503 -0.19969 
2.11276 -0.20808 -1.97945 -3.18296 0.91971 -0.58432 -0.69052 -2.32939 -1.52347 -2.38174 -0.85147 -1.39658 -1.38368 0.06821 -0.04643 -0.14171 -0.24214 -0.35331 0.01554 -0.02601 -0.15772 -0.48228 -0.11145 -0.04352 -0.24303 -0.75804 -0.08068 -0.66966 -0.07412 0.20041 -0.03905 -0.71891 -0.45094 0.45850 -0.73803 0.03475 -0.53628 -0.14172 -0.16474 
2.19918 -0.24122 -1.84017 -2.98867 0.96555 -0.58359 -0.43375 -1.93372 -1.39574 -2.17459 -0.57457 -1.09793 -0.82507 0.00926 -0.24368 -0.21379 -0.09704 -0.29085 -0.27668 -0.10796 -0.15542 -0.70567 0.16315 -0.13213 -0.12971 -0.73771 -0.09153 -0.11509 -0.30937 -0.03503 0.30092 -0.26462 -0.32804 -0.50784 0.83628 0.69789 -0.61304 -0.04605 0.10288 
2.12203 -0.45176 -2.19324 -3.28000 0.62886 -0.86100 -0.79848 -2.48481 -2.22914 -2.21859 -0.98360 -1.52630 -2.12139 -0.02332 -0.16153 -0.45108 -0.27716 -0.05239 -0.24907 -0.35405 -0.66556 0.35399 0.58644 -0.65656 -0.28909 -0.65516 0.09562 0.01495 0.22159 0.48806 0.72289 0.41551 -0.01253 0.49142 2.80900 0.82387 1.04886 0.37973 2.78866 
2.17587 -0.40275 -2.29125 -3.26584 0.91316 -0.83266 -0.78780 -2.59928 -1.04174 -1.58815 -1.23113 -1.38702 -1.48023 0.10488 -0.22873 0.00780 0.39103 0.43204 0.13883 -0.12049 0.33600 2.10333 0.98702 0.91673 0.25002 2.05095 -0.04466 -0.69843 0.50049 0.95723 -0.00531 -0.17296 -0.02224 1.53220 1.36228 -0.88840 1.30622 1.00232 3.01690 
2.22691 -0.68049 -2.18543 -2.88897 1.06090 -0.72218 -0.91897 -2.14881 -0.12581 -1.23157 -0.06687 -1.27628 -0.07044 -0.06797 -0.85995 0.04940 0.68006 -0.05769 -0.42203 -0.37629 0.86664 1.71627 -0.30196 0.64965 0.71323 2.36174 -0.24907 -0.75603 0.16916 -0.06990 -0.77965 -1.26478 0.00618 1.13796 -1.22078 -1.92144 -1.86321 0.87308 -1.48742 
2.10789 -1.26270 -2.24185 -2.58578 0.85547 -1.25469 -1.16409 -1.73264 0.67452 -1.89011 -0.58148 -0.67379 0.88151 -0.14419 -0.98477 0.17697 0.32113 -0.34761 -1.12595 -0.11431 1.47395 0.88255 -0.93442 -0.94648 1.12310 0.56353 0.03587 0.38229 0.32101 -0.30762 -0.11957 -0.22099 0.93342 1.00585 -1.02880 0.29749 -0.65235 -0.33925 -1.83011 
2.08271 -1.66526 -2.00846 -2.56784 0.71329 -1.84813 -1.03328 -0.67486 0.75674 -2.16599 -1.01335 -0.15318 0.49309 -0.03210 -0.47766 0.37041 0.37244 -0.17726 -0.64302 0.55713 1.87249 0.68747 -0.00447 -0.00270 0.37398 0.53162 0.15958 0.85029 -0.10932 0.05402 0.10876 0.95995 0.67258 -0.66232 -0.50224 0.97988 1.25170 -1.65033 -0.80779 
2.07579 -1.74036 -1.87144 -2.21333 0.67821 -1.89771 -0.60696 0.13985 1.36200 -1.89458 -0.58418 -0.29981 1.41313 0.01539 -0.13447 0.06765 0.37515 -0.23885 -0.16601 0.55827 0.81163 0.38031 0.04546 0.30522 -0.52723 -0.24426 0.08598 0.38005 -0.26274 0.04708 0.02962 0.43366 -0.11550 -1.64833 -0.89936 0.10325 -0.10830 -0.71278 -1.33103 
2.09810 -1.79973 -1.94082 -2.19269 0.47444 -2.01414 -0.47501 0.13677 1.13705 -2.12053 -0.70812 -0.68041 0.24882 0.05388 -0.09761 0.10767 0.41952 -0.14764 -0.20936 0.44163 0.22416 -0.21189 0.09878 -0.11100 -0.33880 -0.79941 -0.04512 -0.04805 0.39604 0.43326 -0.25674 -0.00776 0.23647 -0.30604 -0.73862 -0.11484 0.16360 -0.18400 0.07076 
2.12967 -1.83798 -1.76377 -1.79381 0.53057 -2.10707 -0.16533 0.36401 1.15011 -1.79580 -0.69518 -0.63860 0.61372 -0.02973 -0.18252 0.46368 0.80841 -0.49558 -0.17377 0.79474 0.50559 -0.35831 -0.06938 0.46882 -0.71123 -0.17351 -0.08451 -0.00057 0.12867 0.19920 -0.50141 0.11718 0.30750 0.38961 0.23367 -0.66859 0.64358 -0.28566 0.77763 
2.06837 -1.98226 -1.47713 -1.38429 -0.02114 -2.18791 0.31974 0.64236 0.77874 -2.18991 -0.23930 -1.39164 0.07532 -0.03063 -0.09818 0.23634 0.61873 -0.64905 -0.09218 0.74913 0.61377 0.02178 -0.56981 0.53258 -0.62446 -0.02178 -0.13682 -0.15249 -0.50930 -1.12007 -0.31840 -0.18077 -1.43931 -0.80762 -0.14127 -0.81806 -1.74999 -0.24057 -1.25905 
2.09904 -1.93616 -1.52743 -1.17509 -0.11848 -2.19925 0.58380 0.97779 1.17189 -2.36562 -0.16259 -1.26306 0.59194 -0.16654 -0.33502 -0.04562 -0.31166 -0.81398 -0.35454 -0.64457 -0.30203 -0.49958 -0.88744 -1.28117 -0.95180 -1.43255 -0.13581 -0.10127 0.58662 -0.88472 0.24198 -0.04057 -1.21686 -0.75363 -0.17946 0.40476 -1.38005 -0.18899 -1.09775 
1.90183 -2.31727 -1.52275 -1.69594 -0.83513 -2.54245 -0.32483 0.34033 0.27915 -3.07735 -1.52047 -2.34345 -1.35724 -0.16645 -0.19946 0.82296 -0.26600 -0.40707 -0.13275 -0.46773 -0.13985 -0.15768 -0.16505 -0.84747 -0.81345 -1.11953 0.15027 0.60656 0.91134 0.60589 0.97004 0.71093 1.44833 0.75527 0.94658 1.44382 1.66092 1.22950 2.79244 
1.93260 -2.13562 -0.70447 -1.44108 -0.52555 -2.33200 0.11608 0.83793 1.01421 -2.53066 -1.01006 -2.07650 -0.52758 -0.01628 0.27155 0.86572 0.29423 0.15605 0.35639 0.80377 0.45324 0.44699 0.55638 0.37975 0.27770 1.35989 0.16093 0.49372 -0.63965 0.36645 0.03876 0.26010 0.98484 0.04440 -0.21148 0.43202 0.63470 1.03956 1.89918 
1.88555 -2.04573 -0.65703 -1.40171 -0.67907 -2.18607 0.47894 0.79357 0.72614 -2.52098 -1.14073 -2.06575 0.00265 -0.00552 0.29426 0.18331 0.10045 -0.36831 0.12735 0.51712 -0.09545 -0.36916 0.26698 -0.21277 0.22611 0.77965 0.14366 -0.02544 -0.77990 0.17505 -0.17345 -0.41555 -0.54368 -0.25435 -0.83429 -0.42734 -0.16164 0.56486 -0.81143 
1.92708 -1.84135 -0.52117 -1.34063 -0.89386 -2.20465 0.63320 0.74248 0.64505 -2.26369 -1.22283 -1.85039 0.25207 0.12738 0.24611 0.08582 0.46928 -0.01739 -0.05917 0.26009 0.19889 -0.38729 0.12903 0.21811 0.84256 0.54846 0.02510 -0.43573 -0.51636 -0.01893 0.33791 -0.31165 -0.69764 -0.07112 -0.93432 -0.62540 -0.25944 -0.27575 -0.73050 
2.01293 -1.79962 -0.57121 -0.93243 -0.69647 -2.24523 0.73902 0.99246 0.33885 -2.39194 -0.92261 -1.22319 0.55111 0.01959 -0.14147 -0.33306 0.08153 -0.03039 -0.18430 -0.18052 -0.16657 -1.30348 -0.35843 -0.47221 -0.04964 0.04915 -0.14347 -0.09203 -0.21674 -0.82650 -0.09935 0.16724 -0.37760 -0.37621 0.50489 -0.09302 -0.79019 -0.85169 -0.22330 
1.94667 -1.98282 -0.85422 -1.25910 -0.92425 -2.38895 0.45268 0.57591 -0.65843 -2.62211 -1.69504 -1.90003 0.30123 -0.01609 0.15407 -0.13091 -0.35722 -0.11674 0.10807 -0.11752 -0.17732 0.11760 0.03602 -0.57208 -0.00913 0.32516 0.02627 0.68052 0.29220 -0.36071 -0.16833 0.37758 0.23259 0.44228 2.51491 0.46234 0.69731 0.60607 -0.05974 
1.99683 -1.64555 -0.70212 -1.28965 -0.81321 -2.13716 0.62150 0.81514 0.45645 -2.35593 -1.49469 -1.23232 0.87627 0.04585 0.53906 -0.04086 -0.27919 -0.19873 0.19329 0.05207 0.27571 1.21144 0.10391 0.22510 0.55644 -0.01058 0.07581 0.33902 -0.10625 0.31152 -0.19020 -0.26890 0.19579 0.41430 0.00143 -0.12756 0.62228 -0.00753 -0.22268 
1.99252 -1.44376 -0.89508 -1.53829 -1.12298 -2.19566 0.50475 0.85162 0.55301 -2.51820 -1.46995 -1.34359 0.29064 0.05972 0.49309 -0.23717 -0.04569 -0.30694 -0.16083 0.07828 0.23698 0.11903 -0.09155 0.05020 -0.01666 0.10248 -0.09472 -0.27462 0.06642 0.21970 -0.35629 -0.62587 -0.07963 -0.51744 -1.65726 -0.31318 -0.70066 -0.86607 -0.23356 
2.05655 -1.15245 -0.93929 -1.33534 -1.12015 -2.29799 0.69978 1.05212 0.57548 -2.44747 -1.44449 -1.24897 0.97875 -0.04887 0.26444 0.02556 -0.05949 -0.55502 -0.43259 -0.02756 -0.24173 -0.44582 -0.20927 -0.47556 -0.30964 -0.24414 -0.10407 -0.36566 0.51236 0.15220 0.01104 -0.05920 0.08156 -0.51353 0.09717 0.03473 -0.47596 0.00311 0.12207 
1.94366 -1.17932 -0.86952 -1.59778 -1.67800 -2.62825 0.47719 0.60989 0.10719 -2.72747 -1.94551 -1.65323 0.04650 -0.04435 0.12743 0.27520 0.10651 -0.29590 -0.22003 0.15983 -0.27655 0.21620 -0.05682 -0.42575 -0.01354 0.22455 0.00928 -0.09373 0.73674 0.38031 0.70512 0.62606 0.29225 0.56144 1.05785 0.45490 0.65669 0.73284 1.22308 
2.01220 -1.02502 -0.66409 -1.22883 -1.41605 -2.51803 0.85961 0.77557 0.79167 -2.50429 -1.87024 -1.26252 1.20331 -0.03958 0.17071 0.76230 0.32082 0.15010 0.19347 0.26469 0.31972 0.61203 0.24563 0.18112 0.42320 0.97894 -0.07722 0.14697 0.29927 -0.35487 0.46491 0.25901 -0.35838 0.57939 -0.41982 0.12218 0.50646 0.15125 -0.52868 
1.90407 -1.00861 -0.10723 -1.27696 -1.52789 -2.43478 0.74188 0.92961 0.71921 -2.48184 -1.76438 -1.23003 1.02544 -0.12158 0.27440 0.57447 -0.24837 0.16901 0.03898 -0.19854 0.30284 -0.20363 0.06536 0.08071 0.13771 -0.30413 -0.00221 0.12046 -0.81189 -0.52154 -0.11917 -0.43164 -0.58247 -0.22454 -0.40207 -0.23336 -1.46865 -0.57795 -0.34436 
1.89062 -0.75062 -0.08962 -1.47720 -1.24704 -2.47905 0.66107 1.07841 0.58804 -2.43893 -1.78953 -1.12481 0.89918 -0.04180 0.29117 -0.04959 -0.20072 0.03093 -0.23817 -0.31777 0.09517 0.20996 0.01227 -1.28753 -0.15475 0.63458 0.05356 0.05446 -0.69416 0.07677 -0.21244 -0.10849 -0.21060 -0.71152 0.88324 0.09835 -1.84414 -0.66510 1.60641 
1.86227 -0.71744 -0.15682 -1.47768 -1.49696 -2.67294 0.42410 1.02478 0.92917 -2.46957 -3.05191 -1.38477 1.66002 -0.06802 0.32887 -0.11969 -0.17160 -0.04343 -0.06951 -0.40914 -0.40868 0.67961 0.16371 -1.76343 -0.52739 1.30228 0.02919 0.29877 0.01341 -0.10821 0.32971 0.66784 -0.03661 -0.44043 0.58621 0.09706 0.81221 0.03195 -0.51564 
1.82261 -0.42175 -0.20932 -1.64880 -1.29046 -2.54856 0.25193 0.66972 1.26765 -2.27523 -3.55296 -1.65220 2.20145 -0.01261 0.58994 -0.03618 -0.30893 0.36065 0.42967 -0.35438 -0.34526 0.79617 0.10933 -0.47532 -0.12280 0.11894 0.06992 0.18864 0.22943 0.31203 0.42063 0.38469 0.55139 0.58399 0.14299 -0.03986 2.04731 0.55920 -2.13608 
1.84966 -0.12750 -0.19300 -1.78661 -1.13631 -2.24327 0.06972 0.67952 1.72534 -2.36024 -3.52723 -1.50758 1.77896 0.00190 0.51751 0.10973 0.14043 0.37720 0.31518 0.14225 0.17530 0.82259 0.12385 0.28388 0.03181 -0.83380 -0.25634 -0.18795 0.25984 0.12850 -0.29075 -0.24064 0.35030 -0.00613 -1.37399 0.15888 1.15640 -0.51225 -2.46168 
1.82450 0.09576 -0.09958 -1.50837 -0.91326 -2.23338 0.39418 0.84502 2.09025 -2.15138 -3.26908 -1.62039 1.36765 -0.26895 0.40199 0.22366 -0.18043 0.06990 0.18903 -0.00409 -0.35139 -0.57783 0.26821 0.68108 -0.63506 -2.34274 -0.37828 0.08683 0.41977 -0.43320 -0.31417 0.29942 0.24075 -0.69824 -2.45878 0.37977 0.82526 -0.66830 0.34036 
1.58071 0.27449 0.03065 -1.96705 -1.06641 -2.05424 0.06564 0.32813 1.14751 -2.09203 -2.84615 -2.14264 -0.56378 -0.37638 0.60434 0.52951 -0.29278 0.06303 0.61460 0.38300 -0.52294 -1.63618 0.50362 1.10915 -0.63650 -0.49344 -0.18320 -0.08933 0.33465 0.91798 0.87452 0.59968 0.74179 0.13990 0.19689 0.92196 0.66874 0.35546 2.83111 
1.44812 0.70009 0.42992 -1.80115 -0.85023 -1.61878 0.77718 0.32208 0.45406 -1.64776 -2.15993 -2.25688 0.87421 -0.45215 0.31267 0.55831 0.73755 0.94442 0.78871 0.73770 -0.21149 -0.38094 1.19017 1.34982 -0.27959 0.48837 -0.30410 -1.16976 -0.28314 0.97168 0.44728 0.11343 -0.14769 0.66637 2.65426 0.64513 -0.06111 0.46974 0.26146 
1.12856 0.58716 0.58896 -1.22950 -0.12199 -1.26553 0.80334 0.11664 0.76657 -0.90187 -1.49633 -2.42223 -0.07540 -0.68047 -0.56542 0.24636 0.67890 0.51031 0.72803 0.23531 0.14343 1.01807 1.14875 1.04803 -0.16676 -0.23198 -0.21223 -0.93855 -0.30021 -0.72666 -1.03818 -0.10519 0.16757 0.72824 1.11238 -1.14983 -1.14470 0.91490 1.11042 
0.76765 0.13467 0.67629 -1.12225 -0.33992 -0.89075 1.01249 0.46551 1.47214 -0.49901 -1.11190 -2.42364 0.64223 -0.66439 -0.62589 0.25809 0.01089 -0.09376 0.68352 0.90528 0.51675 0.73144 0.04034 0.20511 0.63530 1.59879 0.34989 -0.44202 -0.19054 -1.14899 -1.16876 -1.04664 -0.68992 -1.12789 -1.57401 -1.61927 -2.35063 0.34382 0.94815 
0.46417 -0.03872 0.84705 -1.21861 -0.21575 -0.58201 1.70861 0.63339 1.49801 -0.86153 -1.29122 -1.78693 1.52338 -0.33058 -1.00744 0.05583 -0.47009 -0.65845 -0.31861 -0.45461 -0.98447 -0.55594 -0.47052 -1.30260 0.17707 0.71617 0.42159 -0.14728 -0.89653 -0.50631 -0.29521 -0.62702 -1.42472 -0.57796 0.51186 -0.04171 0.72539 -0.44334 -4.37291 
0.43707 -0.87277 0.73211 -1.59234 -0.99837 -1.20936 0.55788 -0.51896 0.91620 -0.96953 -2.41449 -2.24658 1.35839 -0.24280 -0.77317 -0.63844 -0.49543 -0.38897 0.05650 -0.51945 -0.06121 1.24330 -0.00137 0.93050 0.19196 -2.77412 0.08487 0.84205 0.20906 0.98360 1.41057 1.06918 0.57388 1.30525 1.66845 0.82153 3.61905 0.38401 -3.02685 
0.22137 -0.81189 0.20862 -1.71403 -0.60472 -0.52551 1.18916 0.57217 2.74131 -0.86289 -0.36072 -1.59497 -1.25074 -0.24571 -0.16540 0.26488 0.51351 0.75212 0.75057 0.11927 0.32078 1.11251 0.35101 2.31645 0.56108 -2.31068 -0.02661 0.39896 1.59205 1.12144 0.68200 0.13970 0.24140 -0.44657 -1.75684 0.40334 -0.08450 0.08408 4.18221 
0.19136 -1.03817 0.99700 -1.07883 -0.24625 -0.45879 0.67716 -0.19819 2.02871 -0.61852 -0.09804 -1.68550 -0.95229 -0.26940 -0.37421 0.95361 0.62601 0.29303 0.19620 -0.27805 -0.50778 -0.51355 0.40197 0.84599 0.27604 1.40809 -0.17739 -0.30060 0.13741 -0.08530 -0.06119 -0.40942 -0.17579 -0.03588 -2.04027 -0.47259 -1.08404 -0.01568 4.33724 
-0.04803 -1.18610 1.16223 -1.08802 -0.31169 -0.32932 0.91112 0.06439 2.22776 -0.46092 0.48528 -1.31893 0.15735 -0.42310 -0.46600 0.40230 0.42821 0.69092 0.34115 -0.05651 0.28489 -0.92775 -0.12158 1.23241 0.54539 2.02656 0.45224 -0.22965 -1.52338 -0.09803 1.10263 -0.07810 0.05741 -0.58152 -1.59797 -0.35407 -0.14178 -0.35389 -1.55373 
-0.23175 -1.50417 1.39930 -0.65062 0.44467 -0.11764 0.62064 0.08671 1.10096 -0.74010 1.13437 -1.14011 1.07427 0.18283 -0.60386 -0.56977 0.52798 1.39566 0.11810 -0.22063 -1.08930 -2.11151 0.04790 0.70422 -0.07785 -0.14563 0.54118 0.44141 -1.06915 -0.37752 -0.39764 -0.64759 -0.78613 -1.56242 0.38770 0.34681 -1.29751 -0.80837 -3.34872 
0.13481 -1.78996 0.59246 -0.56004 1.08397 -0.21121 0.69048 -1.02491 0.11625 -0.41302 1.18949 -1.39678 0.01172 0.11807 -0.02458 -0.66685 0.05070 0.29328 -0.30644 -0.84265 -1.27753 -0.54006 0.22523 -0.06509 -0.26297 -1.32216 -0.48038 1.02998 0.59478 -0.45756 -1.75448 -0.20378 -0.19559 1.43625 2.54317 0.02493 -0.65915 0.23187 -0.12060 
-0.11367 -1.52875 0.73244 -0.59993 0.73795 -0.42408 -0.22200 -1.19082 0.56090 -0.51488 1.06928 -1.40308 -0.24790 -0.29754 0.42612 0.02501 0.07043 -0.35882 -0.08568 -0.41622 0.34695 0.43166 0.07284 0.04507 0.15402 -0.26624 -0.11818 0.76171 0.58705 0.04965 -0.20078 0.73834 1.38921 1.69576 -0.10709 -0.88327 -0.92480 0.17650 1.85317 
-0.16274 -1.36384 0.61747 -0.48961 0.72515 -0.29689 0.27426 -0.67796 0.54791 -0.34019 1.23456 -1.24276 -0.25452 -0.00010 0.73713 -0.07981 0.10034 0.09250 0.43189 0.54656 0.41824 -0.64714 -0.65804 -0.98989 -0.08648 0.53100 0.22747 0.15620 -0.16101 -0.19259 -0.09741 -0.03533 0.50035 0.28578 -1.00258 -0.88168 -1.55874 0.64456 1.80859 
-0.11378 -0.79162 0.65264 -0.49958 0.83046 0.00781 0.32456 -0.77258 -0.08624 -1.17292 0.07939 -1.48956 0.28311 -0.07007 0.58232 -0.13600 -0.12216 -0.45623 -0.12101 0.08412 0.63273 -0.57092 -0.80884 -1.51367 0.79858 1.54235 -0.04132 -0.85768 -0.66318 0.22669 -0.47470 -0.55889 -0.41799 0.00208 1.07747 1.09382 1.49319 1.50165 1.10308 
-0.23281 -0.78151 0.48147 -0.61177 0.26892 -0.41790 0.35838 -0.04523 -0.02302 -1.14903 -0.27911 -0.44418 1.28784 -0.04142 -0.12055 -0.74298 0.32703 -0.38220 -0.12700 0.12857 0.42031 0.43033 0.43578 0.50330 1.41517 1.63408 0.15689 -0.33766 -0.34111 0.81725 0.54848 0.69471 0.13482 -1.30730 1.36097 1.79230 1.52464 -0.73663 -1.28725 
-0.15520 -0.91217 -0.09034 -0.17256 0.44826 -0.11919 0.45313 -0.35227 0.34409 -0.73714 0.58269 -0.07439 1.91719 0.08682 0.24466 -0.47711 0.69509 0.09225 0.57370 0.21895 -0.67457 0.79004 0.98346 0.01097 0.06195 0.25510 0.16927 0.79228 0.69281 -0.68123 0.37777 0.08288 0.07669 0.15542 -0.54847 0.57939 -1.36091 -1.92091 -3.06206 
-0.14599 -0.53685 0.00436 0.08332 0.36117 0.15580 0.57733 -0.71981 0.76703 -0.16557 -0.26815 -0.38223 1.54294 0.12785 0.67173 -0.05018 -0.35420 -0.00443 -0.04412 0.20525 0.57573 -0.11815 1.01517 -0.85761 -0.50573 -1.42797 0.08343 0.30850 0.87968 -0.83810 -0.10863 -0.73804 -0.61328 1.01871 -1.78087 -1.27856 -0.20830 -0.04984 -1.71490 
-0.02735 -0.24044 -0.14052 -0.52676 0.44384 -0.16331 0.65838 0.22346 0.22594 0.27804 -0.27493 -0.58012 0.48922 0.17024 0.55316 0.40257 -0.14301 -0.01638 -0.16433 -0.39433 0.34414 -0.99082 -0.29510 -0.19733 0.01211 -1.45980 -0.13203 -0.42011 0.44885 0.70775 -0.54627 0.06264 -0.80578 -1.29576 -0.39237 -1.61387 0.98116 0.59271 0.59859 
0.02425 0.01630 0.40694 -0.05969 0.34478 -0.00853 0.18300 -0.37567 -0.22380 -0.46066 -0.46548 -0.37011 0.08314 -0.00418 0.25163 0.39868 0.35354 -0.55069 0.01852 -0.60053 -0.72003 -0.51052 -0.59869 0.12354 0.08698 -0.82938 -0.23873 -0.71784 -0.65183 0.22642 -0.14363 0.06568 0.47449 -0.35551 1.43558 0.62931 0.74229 -0.04223 0.81379 
-0.03154 0.01119 0.25815 -0.17321 -0.10686 -0.14479 0.05785 -0.49657 -0.28458 -0.32066 -0.15138 -0.49314 -0.34016 -0.06849 -0.16469 -0.24926 0.08341 -0.16001 -0.09866 0.08016 -0.01137 0.44475 0.33421 0.54496 -0.03012 -0.64602 -0.02001 -0.28386 -0.57855 -0.27106 0.84885 0.03822 0.55744 1.11809 1.11033 0.73524 0.02736 0.15537 1.28158 
-0.04424 -0.14838 0.15768 0.02371 0.18477 -0.10719 0.26316 -0.38704 0.22096 -0.12645 0.07948 -0.40023 -0.56288 -0.02419 -0.03223 -0.17987 0.08249 0.29816 0.05674 -0.04308 0.39806 0.59981 0.13655 0.15090 0.24235 0.45219 0.11494 0.28172 0.18911 -0.18925 0.09581 0.14383 -0.21472 0.24975 -0.49688 -0.29868 -0.31803 0.18788 1.50422 
-0.05573 -0.02104 0.07828 -0.09073 0.19130 -0.08805 0.01477 -0.09850 0.31523 -0.18411 -0.00048 -0.25079 0.11203 0.04645 0.11703 -0.06015 -0.10584 -0.06421 0.04517 -0.13456 0.23838 -0.05213 0.03553 0.22693 0.15777 0.85820 0.08177 -0.03779 0.16564 0.00521 -0.37507 -0.08721 0.03745 -0.39040 -0.89786 -0.23594 -0.41054 -0.36374 -0.48284 
0.00221 -0.03135 0.09753 -0.08213 0.12056 -0.06201 0.12859 -0.14866 0.16882 -0.09092 0.30641 -0.24246 0.29532 0.05758 -0.07002 -0.01423 0.08770 -0.07691 -0.03047 -0.00563 0.00766 -0.29805 -0.09940 -0.25964 -0.12139 -0.03065 -0.13024 -0.13767 0.07639 -0.13962 0.13904 -0.08728 0.22619 0.08618 -0.32308 -0.00022 -0.45532 -0.06429 0.00840 
0.00185 -0.09106 0.06405 -0.00303 0.11439 -0.11852 0.00914 -0.09084 0.01717 -0.28351 -0.26012 -0.37218 0.08138 -0.08379 -0.02064 0.01624 -0.24546 0.07484 -0.04210 0.09163 0.32456 -0.37522 0.03532 -0.22840 0.09348 0.86660 -0.09247 0.12265 0.10633 -0.12886 0.14766 -0.05665 0.04169 -0.22814 -0.07918 0.02424 0.37939 0.01252 0.12463 
-0.08158 -0.05199 0.11377 -0.32759 0.19540 -0.10412 0.22022 0.17590 -0.20639 -0.05560 0.07802 -0.14898 1.16192 -0.03489 0.05263 0.09209 -0.04116 0.07075 -0.08711 0.03605 -0.22048 -0.37723 -0.07515 0.11975 -0.10887 0.09399 0.17480 0.02611 -0.06985 0.45362 0.00807 0.01345 -0.18797 -0.50490 1.08747 -0.12505 -0.26245 -0.20165 -0.89551 
-0.03304 -0.03842 0.15614 -0.04419 0.18514 -0.20563 0.04519 -0.31132 -0.36006 -0.35866 -0.14036 -0.48105 0.17537 0.09101 0.00547 -0.05361 0.20816 0.08291 -0.02865 -0.09635 -0.18035 0.71225 -0.08973 -0.49084 -0.10817 -0.02891 0.05263 -0.06541 -0.14418 0.15236 0.01582 0.12091 -0.03194 0.38536 0.83887 0.25512 -0.37511 0.44202 0.06749 
0.00944 -0.04652 0.06017 -0.11943 0.27831 -0.13277 0.12387 -0.00445 0.50586 -0.14533 -0.41283 -0.25714 1.13301 0.01774 -0.01277 -0.05208 0.11119 0.08657 0.03379 0.00411 0.16488 0.46164 0.17996 -0.25536 0.33315 0.16148 -0.09152 -0.06888 -0.15424 -0.23579 -0.23556 0.21953 0.19725 0.04370 -1.10462 0.09740 1.02205 0.07389 -0.95857 
-0.01530 -0.05120 0.10406 0.06701 0.27170 -0.17184 0.04930 -0.14644 0.10158 -0.17870 -0.39572 -0.14790 0.33685 -0.00051 -0.06341 -0.20785 -0.02763 -0.15265 0.19088 0.10090 -0.13665 -0.39237 0.00767 0.53121 -0.03428 -0.98748 0.02111 -0.08905 -0.09283 -0.18692 -0.19005 0.01625 -0.01611 0.06817 -1.00437 -0.75837 0.31260 -0.34169 0.19012 
0.00893 -0.10993 -0.14768 -0.14706 0.12565 0.05812 0.22477 -0.14109 0.11349 -0.13766 0.11838 -0.29142 0.14553 0.03885 -0.10183 -0.14492 -0.07572 -0.10349 0.05004 -0.01200 0.23305 -0.54273 -0.57841 0.05725 -0.00855 0.35160 -0.00572 0.12120 0.47308 0.12541 0.10965 -0.32094 -0.17834 0.16456 0.18750 -0.06543 -0.46335 0.08561 1.00800 
0.02356 -0.15302 -0.04085 -0.00872 0.16822 -0.12180 0.03729 0.08662 -0.44115 -0.75710 -0.33847 -0.15645 0.68845 -0.00623 0.05779 0.26523 0.09778 -0.04301 -0.13006 -0.07745 0.02792 -0.20487 -0.05776 0.06785 0.05133 0.02052 -0.05896 0.22607 0.21606 -0.00127 0.01028 0.02198 0.06818 -0.41674 1.10518 1.27409 0.44401 0.08222 -0.83702 
0.00270 -0.05214 0.11755 -0.04928 0.08265 -0.07194 0.14732 -0.11318 -0.09138 -0.19543 0.18623 -0.24009 0.16605 -0.02011 0.12424 0.07114 -0.07699 -0.09321 0.07202 0.05618 -0.18369 0.56245 0.69568 0.50126 0.07367 -0.48542 0.00609 -0.03197 -0.34027 -0.12773 0.02978 0.12731 0.03432 -0.02127 0.35155 0.21142 -0.22211 0.12418 -0.08987 
0.00345 -0.02878 0.03029 -0.08571 0.07501 -0.04978 0.09347 -0.09707 0.12129 -0.06142 0.16279 -0.08278 0.20303 -0.00014 0.02582 -0.07503 -0.02995 -0.01323 -0.00275 -0.04312 0.00664 0.14668 0.15366 -0.15426 0.17551 -0.06935 0.03278 -0.13800 -0.02223 0.08728 0.11448 -0.11299 -0.01781 0.18505 -0.47040 -0.71007 -0.49568 -0.07805 0.53345 
