0.02377 -0.02562 0.10851 -0.15084 0.11716 -0.09205 0.10127 -0.13819 0.14949 -0.21142 0.27578 -0.14735 0.21941 -0.07616 -0.25451 0.32877 0.36933 -0.23648 -0.16031 0.42727 -0.64647 -0.04218 0.11621 -0.28739 -0.20206 0.05784 -0.58618 -1.16734 0.89614 -2.06692 0.72383 -0.29214 1.83323 -1.13018 -0.07281 0.01175 0.61918 0.64179 3.19803 
-0.06529 -0.27063 0.40147 0.25626 -0.14629 -0.22352 0.50438 -0.73219 0.03361 0.03141 -0.19884 -0.26112 0.21143 -0.56765 -1.14059 1.15123 -1.91006 0.63986 -0.40769 1.71869 -1.11040 0.04867 0.15125 0.96257 0.47210 2.81003 0.19964 0.22277 -0.19683 -0.72922 0.43404 -0.01390 -0.14283 0.75957 -0.19384 -0.50663 0.31053 0.14753 0.83035 
-0.54387 -1.16620 1.25973 -2.06090 0.75702 -0.49974 1.81996 -1.24859 0.19816 -0.06017 1.23834 0.32475 3.02944 0.12348 -0.03174 0.13194 -0.35989 0.19756 -0.17421 0.28445 0.11310 -0.23602 -0.39042 0.02314 -0.05453 0.88819 1.12645 2.28845 -2.34128 3.87646 -1.32752 0.85859 -3.47356 2.27594 -0.15944 -0.20911 -2.06702 -0.87659 -5.66750 
0.05819 -0.30237 0.53341 -0.10362 0.05127 -0.39773 0.78883 -0.61909 -0.20241 -0.35901 -0.17570 -0.31565 1.09962 0.55881 1.14787 -1.19005 1.96640 -0.68766 0.45090 -1.75487 1.16554 -0.11077 -0.05785 -1.10446 -0.40449 -2.85748 -0.16543 0.31595 -0.59896 0.37016 -0.17682 0.52192 -1.01078 0.42879 0.52350 0.62412 0.29900 0.28869 -1.82673 
0.01493 -0.01834 0.06969 -0.09450 0.06936 -0.04884 0.06509 -0.08306 0.08739 -0.11802 0.13389 -0.07974 0.17196 -0.04195 0.28420 -0.46702 0.01027 0.02074 0.34770 -0.72633 0.54189 0.28748 0.23370 0.32214 0.23416 -0.93854 -0.55749 -1.14769 1.18675 -1.96525 0.69031 -0.45208 1.75228 -1.15968 0.10844 0.05056 1.11701 0.40273 2.84659 
0.01624 -0.01817 0.06639 -0.09335 0.07201 -0.05003 0.06250 -0.07720 0.08507 -0.12531 0.14644 -0.08150 0.16108 0.00131 0.00017 -0.00329 0.00115 0.00265 -0.00118 -0.00259 0.00586 -0.00232 -0.00729 0.01255 -0.00176 -0.01089 0.04195 -0.28420 0.46702 -0.01027 -0.02074 -0.34770 0.72633 -0.54189 -0.28748 -0.23370 -0.32214 -0.23416 0.93854 
0.01624 -0.01817 0.06639 -0.09335 0.07201 -0.05003 0.06250 -0.07720 0.08507 -0.12531 0.14644 -0.08150 0.16108 0.00000 0.00000 0.00000 0.00000 0.00000 0.00000 0.00000 0.00000 0.00000 0.00000 0.00000 0.00000 0.00000 -0.00393 0.00101 0.00642 -0.01327 0.00838 -0.00459 0.00510 -0.00290 -0.00555 0.02134 -0.02751 0.00782 0.00485 
0.01624 -0.01817 0.06639 -0.09335 0.07201 -0.05003 0.06250 -0.07720 0.08507 -0.12531 0.14644 -0.08150 0.16108 -0.00261 0.00119 0.00313 -0.01212 0.01102 -0.00577 0.00251 0.00296 -0.00787 0.01405 -0.01496 0.00607 -0.00604 0.00000 0.00000 0.00000 0.00000 0.00000 0.00000 0.00000 0.00000 0.00000 0.00000 0.00000 0.00000 0.00000 
0.01363 -0.01698 0.06952 -0.10547 0.08303 -0.05579 0.06501 -0.07424 0.07719 -0.11127 0.13148 -0.07543 0.15504 0.00000 0.00000 0.00000 0.00000 0.00000 0.00000 0.00000 0.00000 0.00000 0.00000 0.00000 0.00000 0.00000 0.00523 -0.00237 -0.00626 0.02424 -0.02205 0.01154 -0.00502 -0.00591 0.01575 -0.02809 0.02992 -0.01213 0.01208 
0.01624 -0.01817 0.06639 -0.09335 0.07201 -0.05003 0.06250 -0.07720 0.08507 -0.12531 0.14644 -0.08150 0.16108 0.00261 -0.00119 -0.00313 0.01212 -0.01102 0.00577 -0.00251 -0.00296 0.00787 -0.01405 0.01496 -0.00607 0.00604 -0.00179 0.00009 0.00366 -0.00336 -0.00017 -0.00052 0.00401 -0.00616 0.00093 0.01125 -0.01793 0.00420 0.00875 
0.01624 -0.01817 0.06639 -0.09335 0.07201 -0.05003 0.06250 -0.07720 0.08507 -0.12531 0.14644 -0.08150 0.16108 -0.00179 0.00009 0.00366 -0.00336 -0.00017 -0.00052 0.00401 -0.00616 0.00093 0.01125 -0.01793 0.00420 0.00875 -0.00261 0.00119 0.00313 -0.01212 0.01102 -0.00577 0.00251 0.00296 -0.00787 0.01405 -0.01496 0.00607 -0.00604 
0.01445 -0.01808 0.07005 -0.09671 0.07184 -0.05054 0.06650 -0.08336 0.08600 -0.11406 0.12851 -0.07730 0.16983 0.00000 0.00000 0.00000 0.00000 0.00000 0.00000 0.00000 0.00000 0.00000 0.00000 0.00000 0.00000 0.00000 0.00063 -0.00370 -0.01314 -0.00492 0.00971 0.00011 0.00702 0.01363 -0.01212 -0.03274 -0.00974 0.00942 0.02126 
0.01624 -0.01817 0.06639 -0.09335 0.07201 -0.05003 0.06250 -0.07720 0.08507 -0.12531 0.14644 -0.08150 0.16108 -0.00117 -0.00361 -0.00949 -0.00828 0.00954 -0.00041 0.01102 0.00748 -0.01119 -0.02149 -0.02767 0.01362 0.03001 -0.00049 0.00027 0.00037 -0.00225 0.00252 -0.00173 0.00144 -0.00030 -0.00142 0.00403 -0.00548 0.00248 -0.00216 
0.01328 -0.02168 0.06056 -0.10499 0.08137 -0.05095 0.07753 -0.07588 0.07481 -0.13555 0.10083 -0.06368 0.19984 -0.00049 0.00027 0.00037 -0.00225 0.00252 -0.00173 0.00144 -0.00030 -0.00142 0.00403 -0.00548 0.00248 -0.00216 0.00413 0.00712 0.01532 0.01991 -0.01890 0.00133 -0.02605 -0.00879 0.02145 0.03173 0.07328 -0.03144 -0.06877 
0.01575 -0.01790 0.06676 -0.09560 0.07453 -0.05176 0.06394 -0.07750 0.08365 -0.12128 0.14096 -0.07901 0.15891 0.00296 0.00352 0.00583 0.01164 -0.00936 0.00092 -0.01503 -0.00132 0.01026 0.01024 0.04561 -0.01782 -0.03876 0.00098 -0.00053 -0.00074 0.00450 -0.00503 0.00346 -0.00288 0.00060 0.00284 -0.00807 0.01096 -0.00497 0.00433 
0.01624 -0.01817 0.06639 -0.09335 0.07201 -0.05003 0.06250 -0.07720 0.08507 -0.12531 0.14644 -0.08150 0.16108 0.00049 -0.00027 -0.00037 0.00225 -0.00252 0.00173 -0.00144 0.00030 0.00142 -0.00403 0.00548 -0.00248 0.00216 -0.00296 -0.00352 -0.00583 -0.01164 0.00936 -0.00092 0.01503 0.00132 -0.01026 -0.01024 -0.04561 0.01782 0.03876 
0.01624 -0.01817 0.06639 -0.09335 0.07201 -0.05003 0.06250 -0.07720 0.08507 -0.12531 0.14644 -0.08150 0.16108 0.00000 0.00000 0.00000 0.00000 0.00000 0.00000 0.00000 0.00000 0.00000 0.00000 0.00000 0.00000 0.00000 0.00677 -0.01060 0.03810 -0.07230 0.04373 -0.03567 0.03846 -0.04993 0.03688 -0.06600 0.07477 -0.04271 0.08391 
0.01624 -0.01817 0.06639 -0.09335 0.07201 -0.05003 0.06250 -0.07720 0.08507 -0.12531 0.14644 -0.08150 0.16108 0.00726 -0.01086 0.03773 -0.07006 0.04121 -0.03394 0.03702 -0.04963 0.03830 -0.07004 0.08024 -0.04519 0.08607 -0.00082 -0.00044 0.00293 0.00109 -0.00516 0.00291 0.00115 -0.00556 0.00375 0.00326 -0.00707 -0.00073 0.01305 
0.02350 -0.02903 0.10412 -0.16341 0.11322 -0.08397 0.09951 -0.12683 0.12337 -0.19535 0.22668 -0.12669 0.24715 -0.00082 -0.00044 0.00293 0.00109 -0.00516 0.00291 0.00115 -0.00556 0.00375 0.00326 -0.00707 -0.00073 0.01305 -0.00627 0.00784 -0.02140 0.09059 -0.03209 0.01975 -0.05138 0.05466 0.00992 0.05923 -0.12793 0.03663 -0.01874 
0.01542 -0.01860 0.06932 -0.09226 0.06685 -0.04711 0.06365 -0.08275 0.08881 -0.12205 0.13937 -0.08223 0.17412 0.00099 -0.00303 0.01632 0.02053 0.00912 -0.01419 -0.01436 0.00503 0.04822 -0.01081 -0.04769 -0.00856 0.06733 0.00165 0.00088 -0.00585 -0.00219 0.01033 -0.00582 -0.00230 0.01111 -0.00749 -0.00651 0.01415 0.00146 -0.02609 
0.02449 -0.03206 0.12044 -0.14288 0.12235 -0.09816 0.08515 -0.12180 0.17159 -0.20616 0.17899 -0.13524 0.31448 0.00082 0.00044 -0.00293 -0.00109 0.00516 -0.00291 -0.00115 0.00556 -0.00375 -0.00326 0.00707 0.00073 -0.01305 0.00044 0.00686 -0.02331 -0.02370 -0.02352 0.02523 0.02847 -0.01863 -0.08033 0.02741 0.12635 -0.00371 -0.14531 
0.01624 -0.01817 0.06639 -0.09335 0.07201 -0.05003 0.06250 -0.07720 0.08507 -0.12531 0.14644 -0.08150 0.16108 0.00143 0.00384 -0.00699 -0.00317 -0.01439 0.01103 0.01411 -0.01361 -0.03211 0.01660 0.07866 -0.01227 -0.07797 0.00931 -0.01300 0.04504 -0.06603 0.04367 -0.03487 0.04388 -0.06022 0.05372 -0.07119 0.06749 -0.04862 0.10608 
0.02593 -0.02822 0.11345 -0.14605 0.10795 -0.08712 0.09926 -0.13541 0.13949 -0.18956 0.25766 -0.14752 0.23651 0.01013 -0.01256 0.04211 -0.06712 0.04883 -0.03778 0.04273 -0.05467 0.04997 -0.07444 0.07457 -0.04789 0.09303 -0.01112 0.00622 -0.04008 0.05587 -0.02155 0.02607 -0.05088 0.07181 -0.02231 0.04765 -0.18988 0.07829 0.00254 
0.02637 -0.03073 0.10850 -0.16047 0.12084 -0.08781 0.10523 -0.13186 0.13504 -0.19975 0.22101 -0.12939 0.25411 -0.00968 0.01006 -0.04706 0.05270 -0.03594 0.03710 -0.03677 0.05821 -0.05442 0.06425 -0.11122 0.06602 -0.07544 -0.02158 0.02494 -0.08093 0.13309 -0.10030 0.07675 -0.08287 0.10348 -0.09763 0.15617 -0.16169 0.09754 -0.17518 
0.01624 -0.01817 0.06639 -0.09335 0.07201 -0.05003 0.06250 -0.07720 0.08507 -0.12531 0.14644 -0.08150 0.16108 -0.01144 0.01239 -0.03882 0.06597 -0.05148 0.03897 -0.04014 0.04881 -0.04765 0.08173 -0.08712 0.04965 -0.08215 0.00749 -0.01180 0.04812 -0.04746 0.04060 -0.04007 0.03175 -0.05769 0.06650 -0.06504 0.08923 -0.06859 0.10765 
0.01493 -0.01834 0.06969 -0.09450 0.06936 -0.04884 0.06509 -0.08306 0.08739 -0.11802 0.13389 -0.07974 0.17196 -0.00220 -0.00174 0.00106 0.00523 0.00466 -0.00297 -0.00502 0.00052 0.01208 -0.00079 -0.02199 -0.00257 0.03222 0.01085 -0.01117 0.03696 -0.07357 0.06393 -0.04690 0.04318 -0.04415 0.03981 -0.07333 0.07833 -0.04170 0.06277 
0.01405 -0.01991 0.06745 -0.08812 0.07667 -0.05300 0.05748 -0.07668 0.09715 -0.12610 0.12445 -0.08407 0.19329 -0.00060 0.00121 -0.00186 -0.00760 0.01245 -0.00793 0.00304 0.00466 -0.00784 0.00840 -0.00879 0.00794 -0.01938 0.00390 0.00374 -0.00174 -0.01272 -0.00681 0.00421 0.01148 -0.00134 -0.02558 0.00561 0.03850 0.00763 -0.06660 
0.01433 -0.01713 0.06782 -0.10211 0.08181 -0.05677 0.06812 -0.07840 0.07955 -0.10962 0.12510 -0.07180 0.15259 0.00171 0.00201 -0.00069 -0.00748 -0.00214 0.00124 0.00646 -0.00082 -0.01350 0.00482 0.01651 0.00506 -0.03438 0.01269 -0.01485 0.04209 -0.04834 0.02301 -0.01992 0.03067 -0.05687 0.06687 -0.11061 0.12262 -0.07404 0.12841 
0.01575 -0.01790 0.06676 -0.09560 0.07453 -0.05176 0.06394 -0.07750 0.08365 -0.12128 0.14096 -0.07901 0.15891 0.01210 -0.01364 0.04022 -0.05594 0.03546 -0.02785 0.03370 -0.05222 0.05903 -0.10220 0.11383 -0.06610 0.10904 -0.00171 -0.00201 0.00069 0.00748 0.00214 -0.00124 -0.00646 0.00082 0.01350 -0.00482 -0.01651 -0.00506 0.03438 
0.02643 -0.03076 0.10805 -0.15804 0.11728 -0.08462 0.10183 -0.13062 0.13858 -0.21182 0.23893 -0.13790 0.26162 0.00000 0.00000 0.00000 0.00000 0.00000 0.00000 0.00000 0.00000 0.00000 0.00000 0.00000 0.00000 0.00000 -0.02229 0.02624 -0.08188 0.12063 -0.08073 0.06245 -0.07303 0.10563 -0.11254 0.18871 -0.20631 0.12250 -0.20958 
0.01575 -0.01790 0.06676 -0.09560 0.07453 -0.05176 0.06394 -0.07750 0.08365 -0.12128 0.14096 -0.07901 0.15891 -0.01019 0.01260 -0.04166 0.06469 -0.04526 0.03460 -0.03933 0.05342 -0.05351 0.08651 -0.09249 0.05640 -0.10054 0.00049 -0.00027 -0.00037 0.00225 -0.00252 0.00173 -0.00144 0.00030 0.00142 -0.00403 0.00548 -0.00248 0.00216 
0.01624 -0.01817 0.06639 -0.09335 0.07201 -0.05003 0.06250 -0.07720 0.08507 -0.12531 0.14644 -0.08150 0.16108 0.00049 -0.00027 -0.00037 0.00225 -0.00252 0.00173 -0.00144 0.00030 0.00142 -0.00403 0.00548 -0.00248 0.00216 0.00976 -0.01344 0.04587 -0.06506 0.04091 -0.03200 0.04054 -0.05863 0.05644 -0.08145 0.08271 -0.05536 0.10972 
0.01624 -0.01817 0.06639 -0.09335 0.07201 -0.05003 0.06250 -0.07720 0.08507 -0.12531 0.14644 -0.08150 0.16108 -0.00043 -0.00084 0.00422 -0.00037 -0.00435 0.00260 0.00121 -0.00521 0.00292 0.00506 -0.00978 0.00104 0.00918 -0.00049 0.00027 0.00037 -0.00225 0.00252 -0.00173 0.00144 -0.00030 -0.00142 0.00403 -0.00548 0.00248 -0.00216 
0.01581 -0.01901 0.07061 -0.09372 0.06766 -0.04742 0.06370 -0.08241 0.08799 -0.12025 0.13666 -0.08046 0.17025 0.00000 0.00000 0.00000 0.00000 0.00000 0.00000 0.00000 0.00000 0.00000 0.00000 0.00000 0.00000 0.00000 0.00019 0.00216 -0.00880 -0.00052 0.01051 -0.00647 -0.00149 0.01068 -0.00779 -0.00548 0.01357 0.00057 -0.02060 
0.01624 -0.01817 0.06639 -0.09335 0.07201 -0.05003 0.06250 -0.07720 0.08507 -0.12531 0.14644 -0.08150 0.16108 -0.00024 0.00132 -0.00458 -0.00089 0.00616 -0.00387 -0.00028 0.00547 -0.00486 -0.00042 0.00379 0.00161 -0.01142 1.18617 0.89070 1.81721 0.43935 0.40456 -0.81586 -0.71690 -0.93184 -0.20314 -1.05753 -2.51065 -1.94180 -1.60393 
0.01556 -0.01769 0.06603 -0.09462 0.07381 -0.05130 0.06342 -0.07694 0.08313 -0.12067 0.14045 -0.07884 0.15883 1.18617 0.89070 1.81721 0.43935 0.40456 -0.81586 -0.71690 -0.93184 -0.20314 -1.05753 -2.51065 -1.94180 -1.60393 1.62926 0.92959 2.02907 0.04741 0.02455 -1.30273 -0.80443 -2.01051 -1.30108 -3.59226 -2.26232 -1.84444 -0.42321 
1.20242 0.87253 1.88360 0.34600 0.47657 -0.86588 -0.65440 -1.00904 -0.11808 -1.18284 -2.36421 -2.02330 -1.44286 1.62902 0.93090 2.02449 0.04651 0.03070 -1.30660 -0.80471 -2.00504 -1.30595 -3.59268 -2.25853 -1.84283 -0.43463 -0.73963 -0.86310 -1.71411 -1.22275 -1.39994 -0.40156 0.33727 -0.03587 -0.53160 -0.13761 4.14557 2.49850 2.76350 
1.64458 0.91321 2.09051 -0.04810 0.10451 -1.35790 -0.74129 -2.08199 -1.22282 -3.71335 -2.11808 -1.92167 -0.27580 0.44655 0.02760 0.10310 -0.78340 -0.99538 -1.21741 -0.37963 -0.96770 -0.73475 -1.19514 1.63493 0.55670 1.15957 -1.38477 -1.22849 -2.33871 -0.80848 -1.51820 0.39306 0.02222 1.57313 2.28084 5.07999 2.62672 2.68690 1.15992 
1.64897 0.90013 1.98670 -0.43740 -0.51881 -2.08329 -1.03403 -1.97674 -0.85282 -2.37799 -0.72928 -1.46660 -0.28328 0.24425 -0.29759 -0.31422 -0.76196 -1.48750 -0.91354 -0.78250 -0.43192 0.97489 1.48731 0.36820 0.84407 0.72529 0.00724 -0.39046 -0.73643 0.33383 0.09806 0.44554 -0.10828 1.93650 1.84814 1.07604 -2.28990 -0.54292 0.70309 
1.88883 0.61562 1.77629 -0.81007 -1.38298 -2.27144 -1.52379 -2.51390 -0.24793 -2.22604 -1.74988 -1.07761 0.44949 0.45379 -0.36286 -0.63333 -0.44957 -0.89732 -0.77187 -0.48792 0.96880 1.11339 -0.11911 -0.65498 0.01378 1.86266 0.09520 -0.25081 -0.71715 1.61411 0.83022 -0.77482 1.24097 3.02207 -1.26323 -3.08305 0.65827 -1.41088 -0.57608 
2.10276 0.53727 1.35337 -0.88697 -1.41613 -2.85517 -1.52195 -1.00794 0.26057 -2.49709 -1.38426 -1.45282 1.57938 0.33945 -0.54840 -1.03137 0.85215 -0.65728 -1.68836 0.45848 2.59015 -0.28834 -1.59574 1.02647 -0.56682 0.14921 -0.21667 -0.54746 -0.56607 0.78875 -0.10327 -0.67299 1.09056 1.04699 -1.56200 -1.31549 1.82496 -0.36542 -2.47201 
2.22828 0.06723 0.74492 0.04208 -2.04026 -3.95980 -1.06531 0.07624 -0.53627 -3.82178 -0.72341 -1.64443 0.59870 0.23713 -0.91032 -1.19940 0.33918 -1.00059 -1.44486 0.60264 2.01579 -0.44861 -1.43459 1.16998 -0.35164 -0.60935 -0.13168 -0.47275 0.11370 -1.21409 0.65777 2.61936 0.78463 -2.11678 0.43971 2.21665 -0.22434 0.84044 2.12127 
2.33989 -0.37305 0.15396 -0.54779 -2.41672 -4.30003 -0.91931 1.00785 -0.18805 -3.93169 -0.21428 -1.80446 0.97004 0.20777 -1.02114 -0.91767 -0.36195 0.00049 0.93100 1.24311 0.47337 0.15137 0.62090 0.80213 0.27362 2.27049 -0.26705 -0.06796 0.40126 -0.85218 1.59950 3.00068 0.78362 -2.76979 -0.05455 2.60542 -0.81047 0.27098 2.59551 
2.43605 -0.95392 -0.17275 -0.31987 -2.03977 -3.02880 0.17779 0.54962 -0.38490 -3.20088 0.07872 -1.37081 2.86919 -0.02992 -0.97828 -0.79814 -0.51300 0.59891 1.55581 1.38626 -0.75400 -0.50317 1.17082 0.35951 -0.08066 1.98616 -0.30197 0.30021 0.33591 -0.80396 0.05456 -0.47357 -0.63528 -0.79622 -0.29106 1.06421 -1.65031 -0.88812 -2.38323 
2.30996 -1.35134 -0.64418 -1.06079 -1.81781 -2.74421 0.46695 0.25385 -0.69121 -2.76086 0.14524 -1.88511 2.95620 -0.09419 -0.72094 -0.58176 -1.16591 0.05505 0.45743 0.60782 -0.32285 -0.13969 1.68512 -0.84818 -0.61449 -0.11275 0.01482 0.50310 0.66399 0.65101 -0.61123 -1.19376 -0.38530 0.31547 0.50359 0.22870 -0.99319 0.23269 -2.17468 
2.34186 -1.67486 -0.75451 -1.48578 -1.98471 -2.57137 0.78562 0.22676 -0.52458 -1.51576 -0.76946 -1.98530 2.75644 -0.01510 -0.47518 -0.13415 0.13801 -0.01232 0.36206 1.00096 -0.43853 0.00043 1.39952 -0.63367 0.15203 -0.18852 -0.09263 0.47723 0.24852 0.69077 0.19050 -0.35117 0.40190 -0.17494 -0.13175 -1.74670 0.30252 0.52547 -0.21759 
2.29486 -1.82652 -0.77834 -0.92278 -1.83013 -2.38216 1.46791 -0.18468 -0.69079 -1.36134 -0.48843 -1.73309 2.76768 -0.18682 -0.24370 -0.33324 -0.47515 0.24556 0.10626 1.00972 -0.49779 -0.27144 -0.06159 -0.54566 -0.08902 -0.33033 -0.18900 0.31659 -0.15865 -1.71879 0.40006 -0.11895 -0.76796 0.47696 -0.25812 -1.46498 0.04861 -0.76525 -0.93017 
2.15504 -1.91856 -1.08775 -1.96093 -1.73916 -2.46511 1.79534 -0.27103 -0.79602 -1.57735 -1.31512 -2.07432 2.42611 -0.20411 -0.15859 -0.29280 -1.58078 0.38774 0.24311 0.23300 0.03843 -0.25770 -0.06547 -0.58506 -0.61323 -1.11869 -0.00359 -0.01754 0.41570 -1.10908 0.24760 0.35220 -1.61555 0.93352 -0.34362 -0.22787 1.07291 -1.00365 -0.72516 
2.09075 -1.98512 -1.07114 -2.50356 -1.44239 -2.13905 1.70091 -0.14625 -0.94848 -1.42681 -1.07349 -2.34631 1.64898 -0.19041 -0.26124 0.08246 -1.58423 0.49316 0.45845 -0.60583 0.43573 -0.61505 -0.28946 0.52726 -1.09268 -1.05549 0.06639 -0.06715 0.32156 0.73869 -0.03492 -0.04501 -0.31869 0.00965 0.24779 0.66535 0.72709 -0.19945 0.65183 
1.96463 -2.17981 -1.00529 -3.54515 -1.24600 -2.00666 1.18951 0.16471 -1.41107 -1.86680 -0.78787 -3.16700 1.37062 -0.13771 -0.22574 0.02875 -0.84209 0.35282 0.19809 -0.08569 0.04809 -0.00991 0.59989 0.14203 -0.81267 -0.46686 0.19970 0.31789 0.34397 2.03919 -0.12395 0.16470 1.14920 -0.65919 1.66663 1.15817 0.18829 1.52065 1.80746 
1.95304 -2.21086 -1.04238 -3.34565 -1.08957 -1.94096 1.61522 -0.09816 -0.95839 -0.82692 -0.93146 -3.15898 1.18212 0.00929 0.05665 0.42643 0.45496 0.36920 0.62316 0.54337 -0.22346 1.05158 0.86871 0.71554 0.42797 0.75197 0.04183 0.15114 -0.30773 0.41441 -0.49430 -0.12936 -0.00809 -0.62938 -0.37802 -1.86673 -0.32156 1.05894 -0.24301 
1.97392 -2.12316 -0.57886 -3.09019 -0.87680 -1.38350 1.73288 -0.05875 -0.35950 -0.99809 -0.07233 -2.73903 2.12259 -0.09588 -0.07460 -0.27897 -0.42768 -0.14148 0.06873 -0.09378 -0.58129 -0.38793 -1.26685 -0.17953 0.24626 -0.70987 -0.03147 -0.18763 -1.34578 -0.38524 -0.52907 -1.00389 -0.34290 -0.31946 -1.83006 -2.13191 -1.83682 -0.08540 -2.31470 
1.85716 -2.28545 -1.32136 -3.77334 -1.23106 -1.87222 1.52144 -0.67945 -1.34632 -2.09377 -1.11100 -2.91272 0.47224 -0.02218 -0.13098 -0.91935 0.06973 -0.15987 -0.38073 0.20047 -0.54292 -0.77848 -1.26319 -1.12128 0.34257 -1.56273 0.33968 0.27263 0.53321 2.13400 0.75632 0.36625 1.03044 1.07489 0.96112 1.66375 0.82007 0.70524 2.01549 
1.95175 -2.25414 -1.49821 -3.02046 -1.03666 -1.76423 1.93335 -0.60167 -1.13798 -2.26128 -1.19361 -2.39646 0.55986 0.24380 0.19804 0.25424 1.70631 0.61484 0.43498 0.93666 0.49360 0.57319 0.39691 0.64054 0.95150 1.30562 0.18923 0.31614 1.49232 0.81120 0.99266 0.74475 0.30233 0.73884 0.82345 2.13427 1.09473 0.37022 3.13840 
2.10095 -2.08742 -1.06712 -2.06702 -0.61621 -1.43724 2.45810 -0.18586 -0.77313 -1.69687 -0.47046 -1.96122 1.77786 0.16705 0.18516 0.57297 0.88093 0.83280 0.36402 0.50280 0.19593 0.04497 0.87108 -0.02654 0.71279 1.57567 -0.26325 -0.14932 -0.62328 -1.41830 -0.39147 -0.44234 -0.99840 -1.17040 -0.30049 -0.52640 -1.66816 -0.62895 -1.98770 
2.11880 -2.06898 -0.92524 -2.13953 -0.20387 -1.40022 2.43615 -0.40574 -1.09301 -1.39020 -1.22015 -1.68367 2.13553 -0.01945 0.04871 -0.36904 0.28802 0.22337 -0.00736 -0.06174 -0.67680 0.27270 -0.12949 -1.02762 0.32255 -0.68208 -0.23539 -0.28797 -1.73252 -1.05732 -1.43150 -0.73015 -0.71886 -1.17292 0.04764 -1.41479 -1.29698 -0.86458 -3.30067 
2.08150 -2.03870 -1.43616 -1.77900 -0.39284 -1.44460 2.39636 -0.86266 -0.50042 -1.82636 -1.49807 -1.63867 1.09578 -0.06834 -0.10281 -1.15955 -0.17640 -0.59871 -0.36614 -0.21605 -0.97700 0.09261 -0.54371 -1.32352 -0.15179 -1.72500 -0.05949 -0.33129 -0.56037 -1.05915 -1.04060 -0.38642 0.02682 -0.25973 -1.11364 0.33158 -0.40612 -0.52608 -0.04043 
2.05046 -2.17180 -2.08479 -2.31593 -0.80257 -1.76635 2.22010 -1.38274 -1.00040 -1.93392 -2.54367 -1.83546 0.41053 -0.07894 -0.28258 -0.92942 -0.77113 -0.81723 -0.39378 -0.03492 -0.93653 -0.84094 0.20208 -1.43373 -0.20353 -0.72251 0.09297 0.08318 1.34741 0.49952 0.59087 0.57423 0.50841 0.83456 -0.16271 1.32066 2.02470 0.16931 2.38765 
2.00256 -2.32128 -2.36558 -2.55014 -1.21007 -1.83838 2.36144 -1.79919 -1.34136 -1.62428 -2.93181 -1.84221 0.37327 0.02463 -0.01963 0.18787 0.32313 -0.00783 0.20809 0.29236 -0.14244 -0.07010 0.77695 0.70117 0.01752 0.66265 0.05659 0.43040 1.19007 0.70369 1.30382 0.46691 0.01385 1.38407 0.71820 0.04209 3.02551 -0.44036 0.76914 
2.07509 -2.19143 -1.89692 -1.99281 -0.81040 -1.55826 2.51246 -1.52518 -1.07050 -1.15697 -1.84250 -1.81794 1.07318 -0.02235 0.14783 0.26065 -0.06745 0.48659 0.07313 -0.02107 0.44754 -0.12273 0.24417 1.59177 -0.64390 0.04663 0.00826 0.03350 0.04651 0.09593 0.12652 -0.39411 -0.18877 0.53918 0.23484 -0.09806 -0.58211 -0.39557 -1.27464 
1.98020 -2.17345 -2.10493 -2.61758 -0.72348 -1.76525 2.34037 -1.35165 -1.46410 -1.38011 -1.34003 -2.48610 0.41990 0.03289 0.01386 0.23438 0.41905 0.11869 -0.18601 0.10358 0.39674 0.16474 0.67888 0.11906 -0.37805 -0.61199 0.00746 -0.19552 -0.23876 0.31995 -0.76886 -0.27931 -0.30546 -0.44448 0.44215 -0.07115 -2.83217 0.51859 -0.39533 
2.10799 -2.17756 -1.66254 -1.57375 -0.69171 -1.74427 2.61604 -1.12843 -0.90575 -0.47808 -1.72344 -2.19599 0.46119 -0.01490 -0.04769 0.02189 0.25250 -0.28228 -0.20617 -0.32653 0.00305 0.31941 0.17302 -1.24040 -0.12531 -0.34871 -0.15579 -0.13064 -0.68681 -1.52370 -0.34556 0.27280 -0.65434 -0.60600 -0.46592 -1.62002 -0.78866 0.27260 0.60967 
1.96530 -2.22115 -2.08304 -2.36509 -1.00576 -1.97142 2.01384 -1.34860 -1.14468 -1.20709 -2.58043 -2.61141 0.07119 -0.12290 -0.11678 -0.45243 -1.10465 -0.22687 0.08679 -0.55076 -0.20926 -0.30118 -0.94113 -0.66960 -0.10545 -0.00232 0.00110 -0.04467 -0.01792 -0.13226 0.21964 0.60668 0.58120 -0.25486 0.13821 -0.43010 1.79080 0.75736 -0.20117 
1.98509 -2.29434 -2.11498 -2.67840 -0.91858 -1.65749 2.06528 -1.33769 -1.20693 -1.41922 -2.39304 -2.30144 0.45886 -0.01380 -0.09236 0.00397 0.12024 -0.06264 0.40051 0.25467 -0.25181 0.45762 -0.25708 0.55040 0.63206 -0.54988 0.27434 0.14897 0.38381 2.56090 0.65714 -0.00050 0.83090 0.08380 0.72412 1.33163 1.61793 0.87712 0.26389 
1.95151 -2.31351 -2.07907 -2.24485 -1.06839 -1.57092 2.26851 -1.60041 -0.68706 -1.46417 -2.03002 -1.97935 -0.47869 0.15145 0.03219 -0.06862 1.45625 0.43027 0.08629 0.28014 -0.12546 0.42295 0.39050 0.94833 0.77167 0.26157 -0.00113 0.03479 0.38543 0.55473 0.47621 -0.63571 -0.18480 0.18880 -1.17967 1.07993 -0.23980 -0.62480 1.90362 
2.13654 -2.26215 -2.18360 -1.22216 -0.48831 -1.57120 2.34543 -1.46315 -0.78398 -1.02872 -1.44470 -1.52977 0.72043 -0.01492 -0.05758 0.38940 0.67497 0.41357 -0.23521 0.06987 -0.06301 -0.72205 0.82284 0.31060 0.00726 1.35374 -0.39103 -0.12185 1.07010 -1.60524 0.05553 -0.38756 -0.11803 -0.11048 -1.38099 0.06986 -0.57897 -0.71755 1.31791 
1.93658 -2.37109 -1.68966 -1.56988 -0.65482 -1.80612 2.33838 -1.66342 -1.40911 -0.64133 -1.71942 -1.97209 0.87505 -0.23958 -0.08966 1.00148 -0.14899 0.48580 -0.30128 0.16212 -0.23593 -0.95805 0.46036 0.36937 0.05412 1.57948 -0.05885 0.06290 -0.12246 -0.92758 0.06834 0.02031 -0.36013 -0.14960 0.01230 -0.96489 0.13481 0.44801 -0.43736 
1.89695 -2.35181 -1.18212 -1.37115 -0.00251 -1.87248 2.50755 -1.69908 -1.74203 -0.56836 -1.07533 -1.47565 2.29992 -0.07377 0.00533 0.26694 -0.25261 0.48191 -0.21490 -0.29027 -0.21261 -0.70976 -0.14205 0.44541 0.45527 0.91638 0.33183 0.14580 -1.32640 0.05742 -0.68613 -0.02244 -0.36415 0.12376 0.68479 -0.04850 -0.43839 0.16645 -2.12110 
1.86282 -2.36576 -1.42272 -1.82249 -0.17291 -2.02102 2.04811 -1.87602 -2.11887 -0.78338 -1.27401 -1.51682 1.79144 0.09225 0.05614 -0.32493 -0.09158 -0.20033 -0.32372 -0.20203 -0.11217 -0.27325 0.41186 -0.06902 0.22057 -0.54161 0.24330 0.17053 -0.66884 -0.47797 -1.07594 -0.16199 0.60060 0.61969 0.63653 0.20277 -0.61300 -0.62148 -1.27302 
1.98920 -2.29567 -1.50705 -1.46272 -0.20284 -2.19620 2.30552 -1.81125 -2.01528 -0.15650 -1.14435 -1.25508 1.75830 0.16953 0.17586 -0.40190 -0.73059 -0.59403 -0.37689 0.31034 0.40709 -0.07322 0.06072 -0.16758 -0.16621 -0.35664 0.09593 0.10005 0.15000 -0.17667 -0.52921 0.34059 0.38274 0.42270 0.17587 -0.47119 -0.06172 -0.76517 1.20335 
2.03234 -2.18990 -1.82462 -2.55308 -0.76694 -2.39791 2.35845 -1.46894 -2.19209 -0.72265 -1.44159 -1.68303 1.43480 0.18818 0.15618 -0.17493 -0.26825 -0.72954 0.01688 0.18071 0.31053 -0.09738 -0.05933 -0.13074 -0.54460 0.66174 -0.06970 -0.17357 0.67115 1.84003 0.10342 0.55407 -0.59233 -0.31394 0.54757 -0.13901 0.30599 -0.33250 0.51468 
2.17738 -2.13949 -1.68198 -1.73097 -0.93239 -2.17932 2.48622 -1.50073 -2.11267 -0.21583 -1.27509 -1.79968 2.42004 0.09983 0.00229 0.26925 1.10944 -0.49061 0.17719 -0.28200 0.09315 0.47435 -0.07828 0.13840 -0.49871 0.15804 -0.04695 -0.20102 -0.13596 0.66654 0.74759 -0.07752 -0.62015 0.38280 0.32937 -0.02783 0.81062 0.22167 -1.47562 
2.13217 -2.18761 -1.55537 -1.44364 -1.25755 -2.22073 2.07645 -1.37579 -1.71775 -0.80094 -1.30319 -2.18174 1.59284 0.14123 -0.04484 -0.31089 0.39830 0.01805 -0.06065 -0.43944 0.69332 0.23199 -0.08716 0.67988 -0.32293 -0.81388 -0.02313 -0.01787 -0.90465 -1.12694 0.66590 0.03670 -0.20990 0.00725 -0.44067 -0.21321 0.80864 0.19639 0.13018 
2.31861 -2.18433 -1.99287 -1.33268 -0.91434 -2.23996 2.04678 -0.80741 -1.88068 -0.30299 -0.59521 -2.12261 1.60616 0.07669 -0.01557 -0.63540 -0.01750 0.17529 0.21388 -0.49190 0.10040 0.03368 -0.29149 0.94705 -0.30232 0.28822 -0.27072 0.07094 0.14799 -0.57641 -0.06987 0.20245 0.29873 -1.54329 -1.03326 -0.52395 0.07498 0.29322 0.36569 
2.20886 -2.20318 -2.19076 -1.46114 -1.08226 -2.00684 1.58455 -1.27539 -1.68406 -1.09243 -0.35614 -2.48406 1.88106 -0.12949 0.02611 -0.16291 -0.17812 -0.05182 0.14181 -0.14071 -0.84997 -0.80127 -0.61112 0.75485 -0.02971 -0.44819 -0.15314 0.06141 0.64039 -0.10144 0.21272 -0.21821 0.60840 -0.67169 -0.95657 -0.16131 -0.44059 1.37089 -0.24876 
2.18912 -2.15822 -2.15578 -1.51079 -0.96616 -2.09816 1.90607 -1.65738 -2.68194 -0.91410 0.15965 -2.15232 1.15797 -0.07645 0.04583 0.00499 -0.11894 0.38801 -0.00432 0.11650 -0.57129 -0.92289 -0.45280 0.50646 1.06857 0.03946 0.21261 0.12420 0.37097 0.71008 0.65069 0.08392 -0.11879 0.89980 1.49721 1.02502 -0.19520 0.74870 2.17256 
2.13241 -2.15735 -2.18577 -1.58008 -0.69425 -2.01117 1.70105 -1.84668 -2.60696 -1.54522 0.15031 -1.41549 1.92052 0.08312 0.15031 0.20807 0.53196 0.59886 0.22573 -0.25950 0.04984 0.69595 0.41390 0.55965 0.71899 1.72437 0.09189 0.10889 0.28986 0.66321 0.05524 -0.05448 -0.54517 0.82748 1.19818 0.79310 0.20352 -1.29434 0.53173 
2.27224 -2.00792 -1.94771 -0.97883 -0.36730 -1.87243 1.64657 -1.60754 -1.98600 -0.50020 0.71930 -1.43333 2.88234 0.01544 0.15472 0.29486 0.54426 0.44325 -0.05881 -0.42868 0.25619 0.27529 0.34031 0.70997 -0.22577 0.57119 -0.23125 0.02985 0.06064 -0.16772 -0.15536 -0.49575 -0.29403 -0.34399 -0.84971 -1.37633 -0.88088 -0.66439 -2.43016 
2.14785 -2.00262 -1.89091 -1.03581 -0.25100 -2.06997 1.27237 -1.59048 -2.33166 -1.20492 0.86029 -1.64126 2.49171 -0.14813 0.18015 0.26870 0.36424 0.44351 -0.27002 -0.55353 -0.29416 -0.15376 -0.96242 -0.32122 0.05460 -0.70579 -0.13432 0.08567 0.10715 -0.61440 0.19969 0.50449 0.15723 -1.10302 -0.97757 -0.90763 -1.16549 0.36175 -0.31440 
2.12411 -1.82776 -1.67901 -0.61459 0.07621 -2.14245 1.09304 -1.90169 -2.13976 -1.46263 0.39808 -1.37873 2.17655 -0.11889 0.24039 0.40201 -0.07014 0.64294 0.44568 -0.27144 -0.84683 -0.70227 -0.56732 -0.45552 0.13598 0.25679 0.08248 -0.06218 0.28282 -1.08468 -0.10638 0.73868 0.31751 -0.48669 -0.97337 1.01622 -0.57422 -0.45030 1.93099 
2.02896 -1.76223 -1.48890 -1.10595 0.39194 -1.62429 1.00093 -2.43731 -3.03394 -1.77223 0.40477 -1.50529 2.74850 -0.06565 0.11797 0.55153 -0.72044 0.33713 0.46866 -0.23602 -0.78084 -1.12713 0.05380 -0.89544 -0.39571 1.22520 0.15179 -0.09665 -0.15360 -0.14399 -0.68883 -0.73237 0.15064 0.41538 0.49995 0.66514 -0.30453 -0.12972 -0.55401 
2.05846 -1.70979 -1.12748 -1.33503 0.41333 -1.67379 0.85701 -2.68254 -3.26689 -1.40883 -0.49737 -1.77444 3.40174 0.03291 0.14374 0.24841 -0.21413 -0.04589 -0.28669 -0.12081 -0.43145 -0.20232 0.09782 -0.76004 0.00625 -0.29722 0.02887 0.16623 -0.64251 0.42885 0.05056 -0.60336 -0.01335 0.64159 1.11805 -0.52233 0.61834 0.47934 -2.46463 
2.06187 -1.61849 -1.24049 -1.32008 0.34605 -1.91098 0.88012 -2.86876 -3.23626 -1.67441 -0.35528 -1.49903 2.45128 -0.03678 0.28420 -0.09098 -0.29159 0.38769 -0.13470 -0.24937 -0.13926 -0.00908 -0.46853 -0.27710 0.08364 -1.23943 -0.04947 0.25923 0.05798 0.48013 1.12606 0.53663 -0.46447 0.48620 0.56135 0.40778 0.53849 0.08054 1.70166 
2.02168 -1.42559 -1.21846 -1.62662 0.80103 -1.80848 0.60764 -2.82180 -3.27598 -1.87736 -0.77447 -1.69080 2.16231 -0.01657 0.40297 0.30639 0.26601 1.08018 0.24995 -0.58528 0.05475 0.35903 0.50561 -0.22155 0.08680 1.40444 0.03330 -0.06720 0.40297 1.10032 0.07719 0.40855 -0.17479 0.03720 0.37516 1.59214 0.77747 -0.57797 1.89782 
2.04530 -1.21552 -0.93410 -1.05408 1.42623 -1.66103 0.29485 -2.81401 -2.87723 -1.16881 -0.57683 -1.41224 3.85571 -0.00348 0.21700 0.31199 0.80873 0.46488 0.27385 -0.42417 -0.10206 0.36608 1.12361 0.50036 -0.49433 0.65839 0.00685 -0.21478 -0.53600 -0.30207 -0.68991 0.11251 0.37692 -0.18261 -0.10823 -0.75380 -0.14968 -0.95923 -2.81971 
2.01820 -1.20859 -0.90648 -0.81789 1.26591 -1.53464 0.18347 -2.92386 -2.90990 -0.75375 -0.27411 -2.18513 2.82070 -0.00971 0.18818 -0.22961 -0.03606 0.39027 0.36246 -0.20835 -0.12786 0.25080 -0.24819 -0.37123 -0.87244 -1.41527 0.03115 0.28723 -0.52241 -0.86355 0.43960 0.36563 0.34280 0.11108 0.25185 -2.06977 -1.74699 -0.08325 -1.48112 
2.03559 -1.02733 -1.16371 -1.09014 1.81649 -1.29857 0.08649 -2.94187 -2.62643 -1.41700 -0.94805 -2.28467 2.44044 0.02767 0.50423 -0.21042 -0.05483 0.90448 0.63948 -0.08137 0.00902 0.61793 -0.94615 -1.24663 -0.57758 -0.82273 -0.16803 0.40197 0.79507 -0.30133 -0.15484 -0.01321 -0.41673 -0.44108 -0.47028 -1.06324 -1.21951 -0.49083 -0.82185 
2.04588 -0.70435 -1.11690 -0.87272 2.17039 -0.89516 0.10210 -2.91484 -2.29197 -1.69990 -1.52074 -2.76271 1.99796 -0.17775 0.59016 0.56546 -0.33739 0.23543 0.34925 -0.62509 -0.56894 -0.21948 -1.31143 -1.59073 -1.36326 -2.23712 -0.28663 -0.11044 0.91647 0.66834 -0.31085 -0.61867 -0.86080 -0.43738 -0.07255 0.25609 -1.26898 0.36442 0.07573 
1.85784 -0.43718 -0.59825 -1.42753 2.05193 -0.94932 -0.53859 -3.51081 -2.84591 -2.72843 -2.53879 -3.64794 0.20332 -0.25896 0.39380 0.70604 0.61352 0.59364 0.02080 -0.94217 -0.42836 0.54537 -0.69007 -2.51561 -0.21315 -0.74701 0.00477 -0.31390 -0.41184 1.57291 0.68233 -0.10322 0.32146 0.95495 1.66445 1.62612 0.65044 2.61778 2.80182 
1.78692 -0.31056 -0.41086 -0.25920 2.76403 -0.87436 -0.84007 -3.34320 -1.74660 -2.38996 -4.03635 -2.97587 1.25096 -0.17298 0.27626 0.15362 1.23552 0.91776 0.24602 -0.30362 0.38601 1.44497 0.31469 -0.94029 1.25451 0.56470 0.01248 -0.19579 -0.01511 0.04768 -0.79723 0.20005 1.03696 0.90612 -0.00246 -0.24197 3.59961 1.30456 0.01398 
1.68487 -0.16092 -0.44464 -0.19201 2.96969 -0.70330 -0.84222 -3.12480 -1.40094 -2.41374 -3.47908 -2.39342 0.76802 -0.24647 0.19800 0.69093 0.66120 -0.20359 0.22086 0.09479 0.47776 0.54292 -0.93204 1.08400 1.09140 -0.73303 -0.11643 -0.28151 1.09033 0.15103 -1.42254 -0.54464 0.64282 0.15558 -1.85274 -1.41906 2.51488 -0.76630 -1.68155 
1.54045 -0.11256 0.28008 0.40200 2.56044 -0.65350 -0.74527 -2.86544 -1.20368 -3.32200 -2.95235 -1.88446 0.51793 -0.28941 -0.00526 1.24395 1.38655 -0.50478 -0.29861 0.33919 0.54159 -0.40777 -1.10437 1.57459 0.48821 -1.11686 -0.05955 0.03672 -0.14962 -0.79120 -0.18479 -0.51410 0.02580 -0.00019 -0.98946 0.72464 -1.46956 -1.39401 -0.51130 
1.39546 -0.16618 0.79931 1.19453 2.46491 -1.00191 -0.50302 -2.58321 -1.80871 -3.51811 -1.90450 -1.90521 -0.34884 -0.30602 0.23472 0.54131 -0.13000 -0.38838 -0.29324 0.12059 0.47758 -0.44655 -0.20739 -0.38556 -0.30261 -1.24432 0.05942 0.38155 -1.35181 -1.97575 0.54603 0.82241 0.15367 0.11235 1.15371 1.94512 -1.57931 -0.11502 1.09933 
1.23443 0.12217 0.82139 0.27199 2.17206 -0.94674 -0.62468 -2.38786 -1.65023 -3.52939 -3.33790 -2.18707 -0.72639 -0.22998 0.37629 -0.10786 -0.58920 0.04125 0.52379 0.49286 0.65394 0.74594 0.84075 -0.00472 0.37319 -0.01752 0.01037 -0.17189 -0.39116 0.56485 0.47481 0.99407 0.65739 0.34291 1.20781 1.97357 3.19485 2.12611 2.74982 
1.16548 0.21011 0.69145 0.60533 2.50616 -0.47812 -0.01016 -1.92926 -1.06276 -2.67736 -1.90922 -1.53202 -0.36636 -0.29565 0.06284 0.15015 0.43484 0.08643 0.70083 0.77798 0.82049 0.76127 1.76618 2.80930 1.82351 1.50550 -0.27069 -0.28940 0.74127 0.80281 -1.20426 -0.40747 -0.53539 -0.01376 -0.20726 -0.09000 1.54035 0.60874 -0.26037 
0.93878 0.18500 0.97154 0.70684 2.25849 -0.24592 0.15330 -1.56737 -0.88896 -1.76322 -0.52860 -0.36356 0.77911 -0.50067 0.08689 0.63341 0.21361 -1.16301 0.11632 -0.04253 0.64019 0.53868 0.75075 1.53563 0.98193 -0.27789 -0.44380 -0.08202 0.40645 0.22887 -0.91678 -0.85544 -0.84439 0.06836 0.36786 -1.37820 -4.52366 -2.50072 -2.26725 
0.66481 0.29700 1.32486 0.81894 1.34315 -0.36180 -0.05269 -1.28908 -0.52408 -1.92661 -0.37359 -0.55009 -0.64425 -0.73945 -0.01918 0.55660 0.66371 -0.83035 -0.15461 -0.06641 0.88884 1.12913 0.38798 -1.71436 -0.67722 -0.76175 0.01428 -0.31755 -0.87932 -0.69522 -0.10317 0.14786 0.58405 0.09516 -0.04927 0.52302 -1.46168 -1.36265 0.47195 
0.19933 0.16582 1.52813 1.37055 1.42814 -0.40053 0.08689 -0.67853 0.24017 -1.37524 -2.24296 -1.04078 0.01735 -0.48640 -0.23066 -0.24591 -0.48161 -1.26618 0.26418 0.54152 0.73534 0.48941 1.27377 0.07395 -0.38072 0.19405 0.48104 -0.21802 -2.16181 -2.24043 -0.25381 0.57767 0.03094 -0.28686 -0.90268 -0.04302 3.44737 1.18611 1.29475 
0.17841 0.06633 1.07895 0.33732 0.07698 -0.09762 0.48883 -0.55373 -0.03467 -0.65283 -0.29965 -0.93081 -0.45020 -0.25841 -0.23721 -1.60521 -1.57672 -1.08416 0.42306 -0.03547 0.60199 0.22645 0.34496 1.73301 0.50889 0.53299 0.33586 0.14486 -0.47587 0.17793 1.67232 -0.21481 -0.79960 -0.13967 -0.17734 -0.93323 0.22725 1.31435 1.00384 
-0.05908 -0.07139 -0.07707 -0.20617 0.34398 0.02254 0.05141 -0.07654 0.46661 -1.03028 -0.50995 -0.53188 0.55035 -0.15054 -0.08581 -0.72178 -0.30368 0.40614 0.04937 -0.25808 0.59568 0.31207 0.34054 0.30120 0.93363 1.19789 0.47305 0.36676 1.93681 1.36154 1.14226 -0.68855 -0.06432 -1.12210 -0.69222 0.40252 -1.59166 -0.21642 -0.16108 
0.02787 -0.01948 0.35717 0.03364 0.48312 -0.04825 0.23075 0.04194 0.27740 -0.31229 0.00155 0.00282 0.74769 0.21464 0.12955 0.33160 -0.21518 0.05811 -0.26548 -0.09979 -0.52011 -0.46577 0.74748 0.14135 0.29247 0.37192 0.09040 0.03346 0.49827 0.12946 -0.57674 -0.11961 0.17349 -0.69508 -0.31198 0.10460 -0.48123 -1.16475 -1.35945 
0.15557 0.05816 0.25452 -0.42134 0.40209 -0.24294 -0.04838 -0.59666 0.00084 -0.28281 -0.36860 -0.23941 0.92227 -0.06014 -0.05235 -0.22351 -0.17422 -0.17060 -0.07024 -0.08459 -0.09941 0.00009 0.44515 -0.18004 -0.23111 -0.16156 -0.41556 -0.22677 -0.38662 0.33213 -0.10918 0.44690 0.36891 0.90219 0.50208 -0.72873 0.37670 -0.09298 -1.02110 
-0.03227 -0.07182 0.13365 -0.14059 0.31252 -0.11849 0.14617 -0.05746 0.27748 0.13286 -0.17849 -0.22830 0.58614 -0.20092 -0.09722 -0.05502 0.11696 -0.05107 0.18142 0.26912 0.38207 0.03631 0.01875 0.51806 0.19949 -0.64918 0.02144 0.10714 0.19949 -0.05273 0.11991 0.08439 0.10678 -0.07026 -0.20396 -0.64047 0.69813 0.31918 -0.29847 
-0.04535 -0.03906 0.19950 -0.30439 0.35102 -0.06153 0.22073 -0.21458 0.03715 -0.26406 0.14946 -0.03992 0.27309 -0.03870 0.05479 -0.02402 -0.22695 -0.05069 0.01415 0.02219 -0.16967 -0.20388 -0.19533 0.51810 0.08806 -0.46002 0.23598 0.12247 -0.18698 -0.16469 -0.18109 -0.43126 -0.54152 -0.15750 0.34507 0.27464 -0.42654 -0.04433 0.96763 
-0.07097 -0.01704 0.10963 -0.36754 0.26183 -0.10435 0.16836 -0.22713 0.07361 -0.06247 0.33961 -0.14023 0.12611 0.03506 0.02525 -0.24200 -0.04773 -0.23216 -0.24984 -0.27240 0.22457 0.38138 0.29338 0.09152 0.15516 0.31846 0.11885 -0.05744 -0.00252 0.46142 -0.15108 0.03735 -0.15120 0.31277 0.23960 0.16236 -0.62867 -0.03936 0.53674 
-0.01029 -0.01380 -0.04250 -0.35212 0.11886 -0.31137 -0.05167 0.00999 0.41854 0.02932 0.24098 0.11523 0.59154 0.08014 -0.00265 -0.02654 0.23447 -0.20177 0.05150 -0.12901 0.14310 0.03573 -0.03296 -0.11057 0.04871 0.07672 0.03358 -0.06051 0.27284 0.25782 0.09527 0.62854 0.60849 -0.39304 -0.72119 -0.62750 -0.44874 -0.36449 -0.19507 
0.00917 -0.01969 0.08309 -0.13307 0.06006 -0.05285 0.03935 -0.08403 0.10934 -0.09543 0.22904 -0.09153 0.20283 0.06864 -0.03525 0.03084 0.21009 -0.13689 0.37870 0.33609 -0.16846 -0.33980 -0.33412 -0.35722 -0.20934 0.12339 -0.07907 -0.00797 0.06378 -0.24718 0.43910 -0.06578 0.20015 -0.18282 0.06059 -0.41739 -0.27027 -0.28146 -0.21378 
0.05834 -0.04905 -0.01166 -0.14203 -0.01803 0.06733 0.28442 -0.15847 0.07873 -0.30480 -0.11625 -0.09410 0.71493 0.00107 -0.01062 0.03724 -0.01271 0.23733 -0.01429 0.07114 -0.03972 0.09632 -0.45035 -0.38084 -0.23276 -0.13706 -0.12368 0.07022 0.00085 -0.17504 0.26782 -0.49793 -0.59017 0.15501 0.34196 0.54274 0.66100 0.17895 -0.66273 
0.01024 -0.03030 0.12033 -0.14577 0.29739 -0.06714 0.11048 -0.12374 0.20565 -0.54579 -0.15180 -0.32428 0.06577 -0.05504 0.03497 0.03169 0.03505 0.13093 -0.11922 -0.25408 -0.01345 0.00215 0.20862 0.30378 -0.03039 -0.53935 0.00449 0.00682 -0.02836 -0.04403 -0.37583 -0.00618 -0.07015 0.05846 -0.19967 0.71640 0.70374 0.46728 0.42814 
0.00330 -0.01409 0.02003 -0.10698 0.11290 -0.05189 0.03034 -0.17192 0.08089 -0.09618 0.18753 -0.12449 0.17558 0.00556 -0.00380 0.00888 -0.05674 -0.13850 -0.02047 0.00099 0.01874 -0.10336 0.26604 0.32289 0.23452 0.29108 0.06141 -0.03677 0.01780 -0.02175 -0.18122 0.12908 0.28385 0.10023 0.01351 -0.24818 -0.33383 0.05966 0.56920 
0.01580 -0.03410 0.12921 -0.20252 0.15889 -0.08761 0.11148 -0.10500 0.10230 -0.27975 0.17109 -0.08976 0.35685 0.00636 -0.00180 0.04949 0.01330 -0.05029 0.00985 0.02976 0.08678 0.01567 -0.03956 -0.03005 0.02927 0.02985 0.00296 -0.03114 0.05451 0.03146 0.16890 -0.00980 0.07201 -0.13306 0.15742 -0.48506 -0.36341 -0.45894 -0.21415 
0.00966 -0.01589 0.06952 -0.09368 0.06260 -0.04204 0.06010 -0.08514 0.09655 -0.13574 0.15748 -0.09521 0.20543 0.00851 -0.03493 0.06340 -0.02528 0.03040 -0.03027 0.07300 -0.11432 0.05407 -0.21901 -0.04051 -0.22442 0.07693 -0.01192 -0.00879 -0.04351 0.02087 0.04722 -0.01160 -0.03356 -0.10299 -0.00237 0.08969 -0.04762 -0.02067 0.00938 
0.02431 -0.06903 0.19261 -0.22779 0.18929 -0.11787 0.18448 -0.21933 0.15636 -0.49876 0.13058 -0.31418 0.43378 -0.00555 -0.01059 0.00598 0.03418 -0.00307 -0.00175 -0.00380 -0.01621 0.01330 0.05014 -0.07767 0.00860 0.03923 -0.00457 0.07099 -0.15326 0.12717 -0.09296 0.05084 -0.17810 0.21200 -0.04315 0.51487 0.11879 0.39415 -0.22820 
0.00411 -0.02648 0.07550 -0.05950 0.05953 -0.04378 0.05630 -0.10135 0.10985 -0.08560 0.07981 -0.08661 0.24466 0.00394 0.03606 -0.08986 0.10189 -0.06256 0.02058 -0.10510 0.09768 0.01091 0.29585 0.07828 0.16974 -0.15127 0.01656 0.01624 -0.01849 -0.08152 0.01043 0.00504 0.02604 0.03784 -0.05203 -0.11284 0.13852 0.00482 -0.09547 
0.02826 -0.03298 0.10275 -0.12590 0.12673 -0.09730 0.07938 -0.12165 0.16728 -0.20291 0.20886 -0.14444 0.28252 0.01100 0.00565 -0.01252 -0.04734 0.00736 0.00329 0.02224 0.02163 -0.03873 -0.06271 0.06085 0.01343 -0.05624 -0.01665 -0.02307 0.04587 -0.08246 0.00707 0.03363 0.10306 -0.05053 -0.10999 -0.24631 -0.13669 -0.09952 0.04799 
0.01511 -0.02083 0.06298 -0.10684 0.06689 -0.04049 0.07855 -0.07972 0.07113 -0.14831 0.14066 -0.07318 0.18842 -0.01271 0.01299 -0.04399 0.01943 -0.05549 0.05420 -0.00204 0.04714 -0.09908 0.04954 -0.05842 0.07022 -0.10328 -0.01239 -0.01282 0.00283 0.08225 0.01003 -0.01741 -0.04204 -0.01358 0.08293 0.04572 -0.12766 -0.01625 0.13483 
0.01555 -0.01999 0.05877 -0.10647 0.07124 -0.04309 0.07734 -0.07451 0.06820 -0.15337 0.15044 -0.07423 0.17924 -0.00138 -0.00717 -0.00968 0.03491 0.01739 -0.01412 -0.01979 0.00805 0.04421 -0.01699 -0.06681 -0.00282 0.07859 0.01106 -0.01097 0.05726 -0.01543 0.06170 -0.06528 -0.00597 -0.05624 0.11335 -0.00073 0.02329 -0.06675 0.08580 
0.01373 -0.02800 0.05330 -0.07193 0.08429 -0.05461 0.05875 -0.07167 0.11533 -0.16529 0.07385 -0.07601 0.26701 -0.00165 0.00202 0.01327 0.00400 0.00622 -0.01108 -0.00801 -0.00910 0.01428 0.04881 -0.03512 0.00347 -0.01747 0.01320 0.00305 0.06850 -0.11454 0.00738 -0.01648 0.07131 -0.07196 -0.03178 -0.00669 0.22983 -0.07220 -0.06627 
0.01390 -0.01797 0.07204 -0.10248 0.07746 -0.05417 0.06933 -0.08361 0.08248 -0.10456 0.11532 -0.07076 0.16176 0.01181 -0.00412 0.05882 -0.07963 0.02477 -0.03059 0.05152 -0.06391 0.01243 -0.02368 0.16302 -0.07502 0.01231 -0.00592 -0.01011 -0.04833 0.02829 0.00057 0.00531 0.02300 0.03315 -0.02266 -0.12105 0.02181 -0.01856 0.15744 
