0.01603 -0.02497 0.04510 -0.04166 0.06481 -0.05406 0.11079 -0.09325 0.07917 -0.07935 0.13850 -0.09044 0.17328 0.00048 -0.00037 -0.00025 0.00100 -0.00226 0.00187 -0.00255 0.00036 0.00132 -0.00255 0.00518 -0.00276 0.00233 -0.00534 -0.00769 -0.00124 -0.01753 -0.00258 -0.01945 -0.00482 -0.03376 -0.00998 -0.01722 -0.02752 -0.01876 -0.00510 
0.01603 -0.02497 0.04510 -0.04166 0.06481 -0.05406 0.11079 -0.09325 0.07917 -0.07935 0.13850 -0.09044 0.17328 -0.00383 0.00155 0.00357 -0.00486 0.00589 -0.00412 0.00937 -0.00586 -0.00161 0.00911 -0.01877 0.00552 0.00640 -0.00525 0.00366 0.00349 -0.01093 0.02242 -0.01658 0.01865 0.00143 -0.01452 0.02292 -0.04273 0.02204 -0.01967 
0.01221 -0.02341 0.04867 -0.04652 0.07071 -0.05818 0.12015 -0.09911 0.07756 -0.07023 0.11973 -0.08492 0.17967 -0.00477 0.00329 0.00324 -0.00993 0.02016 -0.01471 0.01610 0.00179 -0.01320 0.02036 -0.03755 0.01928 -0.01735 0.00002 -0.01262 0.02063 0.01029 -0.05694 0.03853 0.01123 -0.06465 0.03793 0.01378 -0.05699 -0.00654 0.11692 
0.01126 -0.02167 0.04834 -0.05158 0.08497 -0.06878 0.12688 -0.09146 0.06597 -0.05899 0.10095 -0.07116 0.15593 -0.00381 -0.01107 0.02419 0.00543 -0.05105 0.03441 0.02059 -0.07051 0.03632 0.02290 -0.07576 -0.00103 0.12332 0.02053 -0.02221 0.01719 -0.00682 -0.00165 -0.00441 0.03043 -0.06876 0.08079 -0.09775 0.16193 -0.10535 0.16359 
0.00840 -0.03448 0.07286 -0.04108 0.01966 -0.02378 0.14074 -0.16963 0.11388 -0.04734 0.04397 -0.08595 0.30299 0.01577 -0.01891 0.02043 -0.01674 0.01851 -0.01913 0.04653 -0.06697 0.06759 -0.07739 0.12438 -0.08607 0.14625 0.00854 0.01600 -0.03897 -0.00711 0.07909 -0.05291 -0.03781 0.11618 -0.05877 -0.03816 0.12379 0.00262 -0.20408 
0.02703 -0.04058 0.06877 -0.06833 0.10348 -0.08790 0.17341 -0.15843 0.13356 -0.13638 0.22533 -0.15723 0.30218 0.00473 0.00493 -0.01478 -0.00168 0.02804 -0.01850 -0.01721 0.04567 -0.02245 -0.01526 0.04803 0.00159 -0.08077 -0.02724 0.03490 -0.04385 0.04241 -0.05490 0.05109 -0.10661 0.13178 -0.12330 0.13697 -0.21640 0.15562 -0.27747 
0.01313 -0.02955 0.05808 -0.04276 0.04770 -0.04227 0.12353 -0.12396 0.09143 -0.06260 0.09200 -0.08436 0.22222 -0.01148 0.01599 -0.02342 0.02567 -0.03640 0.03197 -0.06007 0.06481 -0.05571 0.05958 -0.09202 0.06955 -0.13123 -0.00416 0.00143 0.00300 -0.00205 0.00001 -0.00233 0.01684 -0.01676 0.00384 0.01082 -0.02656 0.00567 0.02047 
0.01555 -0.02460 0.04535 -0.04266 0.06708 -0.05593 0.11334 -0.09362 0.07784 -0.07679 0.13332 -0.08768 0.17095 0.00057 0.00636 -0.01178 -0.00373 0.02805 -0.02083 -0.00037 0.02890 -0.01862 -0.00444 0.02147 0.00726 -0.06030 0.01148 -0.01599 0.02342 -0.02567 0.03640 -0.03197 0.06007 -0.06481 0.05571 -0.05958 0.09202 -0.06955 0.13123 
0.01370 -0.02319 0.04630 -0.04650 0.07575 -0.06310 0.12316 -0.09506 0.07281 -0.06704 0.11348 -0.07709 0.16192 0.00000 0.00000 0.00000 0.00000 0.00000 0.00000 0.00000 0.00000 0.00000 0.00000 0.00000 0.00000 0.00000 -0.05865 -0.00403 0.07981 -0.05258 0.05423 -0.04888 0.08305 -0.03988 0.00612 0.04006 -0.11425 0.02152 0.10130 
0.01555 -0.02460 0.04535 -0.04266 0.06708 -0.05593 0.11334 -0.09362 0.07784 -0.07679 0.13332 -0.08768 0.17095 -0.05809 0.00233 0.06804 -0.05631 0.08228 -0.06971 0.08267 -0.01098 -0.01250 0.03562 -0.09278 0.02879 0.04100 -0.00251 -0.00342 -0.00569 0.01075 0.00354 -0.00552 -0.01770 0.00095 0.02539 -0.00878 -0.02496 -0.01234 0.07446 
-0.04439 -0.02086 0.11434 -0.10281 0.15804 -0.13282 0.20583 -0.10604 0.06032 -0.03142 0.02070 -0.04831 0.20292 -0.00251 -0.00342 -0.00569 0.01075 0.00354 -0.00552 -0.01770 0.00095 0.02539 -0.00878 -0.02496 -0.01234 0.07446 0.11851 -0.00644 -0.13728 0.11747 -0.17551 0.14847 -0.17772 0.02376 0.03135 -0.08356 0.21057 -0.07092 -0.07065 
0.01304 -0.02802 0.03966 -0.03191 0.07062 -0.06145 0.09564 -0.09267 0.10324 -0.08557 0.10835 -0.10002 0.24541 0.06042 -0.00411 -0.06924 0.06115 -0.09322 0.07876 -0.09504 0.01278 0.01885 -0.04793 0.11780 -0.04213 -0.02965 0.00758 -0.01927 0.03032 -0.06376 0.02982 -0.02456 0.09570 -0.02951 0.04588 -0.01085 0.27446 0.02159 -0.04293 
0.01603 -0.02497 0.04510 -0.04166 0.06481 -0.05406 0.11079 -0.09325 0.07917 -0.07935 0.13850 -0.09044 0.17328 0.00507 -0.02270 0.02464 -0.05301 0.03336 -0.03008 0.07800 -0.02856 0.07128 -0.01963 0.24950 0.00925 0.03153 -0.06123 0.00350 0.07123 -0.06067 0.08857 -0.07561 0.09708 -0.01950 -0.01536 0.04999 -0.12449 0.04132 0.04368 
0.01811 -0.05072 0.06430 -0.08493 0.10398 -0.09153 0.17363 -0.12123 0.17451 -0.10520 0.35785 -0.09077 0.27693 -0.00081 -0.00060 0.00199 0.00049 -0.00465 0.00315 0.00204 -0.00671 0.00349 0.00206 -0.00669 -0.00081 0.01403 -0.00715 0.04846 -0.04384 0.09629 -0.07253 0.06754 -0.14085 0.05653 -0.16662 0.04548 -0.46886 -0.00892 -0.13519 
0.01522 -0.02557 0.04709 -0.04117 0.06017 -0.05092 0.11282 -0.09996 0.08265 -0.07729 0.13181 -0.09125 0.18731 -0.00208 0.02576 -0.01920 0.04327 -0.03917 0.03746 -0.06285 0.02797 -0.09534 0.02585 -0.21936 0.00033 -0.10366 0.00081 0.00060 -0.00199 -0.00049 0.00465 -0.00315 -0.00204 0.00671 -0.00349 -0.00206 0.00669 0.00081 -0.01403 
0.01603 -0.02497 0.04510 -0.04166 0.06481 -0.05406 0.11079 -0.09325 0.07917 -0.07935 0.13850 -0.09044 0.17328 0.00000 0.00000 0.00000 0.00000 0.00000 0.00000 0.00000 0.00000 0.00000 0.00000 0.00000 0.00000 0.00000 -0.00106 -0.02593 0.01778 -0.04367 0.05384 -0.04891 0.05924 -0.02214 0.10005 -0.02217 0.19280 0.00366 0.12163 
0.01522 -0.02557 0.04709 -0.04117 0.06017 -0.05092 0.11282 -0.09996 0.08265 -0.07729 0.13181 -0.09125 0.18731 -0.00314 -0.00017 -0.00142 -0.00040 0.01467 -0.01144 -0.00361 0.00584 0.00471 0.00368 -0.02655 0.00399 0.01797 -0.00648 -0.00459 0.00707 -0.00554 -0.02795 0.03015 0.03648 -0.04820 0.01500 -0.00002 -0.06656 0.01415 0.11945 
0.01289 -0.02513 0.04368 -0.04206 0.07949 -0.06551 0.10717 -0.08741 0.08388 -0.07567 0.11194 -0.08644 0.19125 -0.00648 -0.00459 0.00707 -0.00554 -0.02795 0.03015 0.03648 -0.04820 0.01500 -0.00002 -0.06656 0.01415 0.11945 0.00202 0.00372 0.00443 -0.00718 -0.01093 0.00761 0.02794 -0.01422 -0.02091 0.01443 0.00904 0.01551 -0.05602 
0.00873 -0.03015 0.05416 -0.04671 0.03222 -0.02076 0.14930 -0.14816 0.09765 -0.07731 0.06525 -0.07710 0.30675 -0.00112 0.00355 0.00301 -0.00758 0.00374 -0.00383 0.02432 -0.00839 -0.01620 0.01811 -0.01752 0.01950 -0.03805 0.01330 0.01014 -0.01588 0.00960 0.06282 -0.06532 -0.07244 0.10275 -0.03480 0.00053 0.13462 -0.02473 -0.25525 
0.01177 -0.02159 0.04669 -0.04964 0.08323 -0.06934 0.13149 -0.09580 0.06768 -0.05756 0.09443 -0.06694 0.15320 0.00681 0.00555 -0.00881 0.00405 0.03486 -0.03517 -0.03596 0.05455 -0.01980 0.00051 0.06807 -0.01058 -0.13581 0.00173 -0.00884 0.00322 0.01653 -0.03786 0.02936 -0.03455 -0.01531 0.03978 -0.02946 0.03096 -0.04367 0.11031 
0.01555 -0.02460 0.04535 -0.04266 0.06708 -0.05593 0.11334 -0.09362 0.07784 -0.07679 0.13332 -0.08768 0.17095 0.00061 -0.00529 0.00623 0.00894 -0.03412 0.02552 -0.01023 -0.02370 0.02359 -0.01134 0.01345 -0.02417 0.07227 -0.00633 -0.00592 0.00856 -0.00305 -0.03713 0.03704 0.03341 -0.05418 0.02113 -0.00307 -0.06289 0.00782 0.13813 
0.01239 -0.02687 0.05292 -0.04070 0.04911 -0.04381 0.12126 -0.11950 0.09127 -0.06890 0.10787 -0.09111 0.22547 0.00048 -0.00037 -0.00025 0.00100 -0.00226 0.00187 -0.00255 0.00036 0.00132 -0.00255 0.00518 -0.00276 0.00233 0.00303 0.00719 -0.01405 -0.00990 0.04982 -0.03577 -0.00024 0.04995 -0.03569 0.00090 0.01718 0.02484 -0.12446 
0.01603 -0.02497 0.04510 -0.04166 0.06481 -0.05406 0.11079 -0.09325 0.07917 -0.07935 0.13850 -0.09044 0.17328 0.00365 0.00191 -0.00782 -0.00096 0.01570 -0.01025 -0.01048 0.02625 -0.01210 -0.01045 0.03063 0.00067 -0.05219 -0.00097 0.00073 0.00050 -0.00201 0.00453 -0.00374 0.00511 -0.00073 -0.00265 0.00511 -0.01036 0.00551 -0.00465 
0.01603 -0.02497 0.04510 -0.04166 0.06481 -0.05406 0.11079 -0.09325 0.07917 -0.07935 0.13850 -0.09044 0.17328 -0.00048 0.00037 0.00025 -0.00100 0.00226 -0.00187 0.00255 -0.00036 -0.00132 0.00255 -0.00518 0.00276 -0.00233 0.00612 -0.02286 0.01460 -0.06277 0.02554 0.02191 0.14595 -0.07947 0.00877 -0.09684 0.01646 -0.02766 0.32434 
0.01555 -0.02460 0.04535 -0.04266 0.06708 -0.05593 0.11334 -0.09362 0.07784 -0.07679 0.13332 -0.08768 0.17095 0.00976 -0.02096 0.00678 -0.06372 0.04125 0.01166 0.13547 -0.05322 -0.00333 -0.10729 0.04708 -0.02699 0.27214 -0.00492 -0.00445 -0.00834 -0.01197 -0.00367 -0.00775 -0.02255 0.01295 0.00568 -0.00378 0.08211 -0.00217 0.04723 
0.02579 -0.04592 0.05188 -0.10538 0.10606 -0.04240 0.24626 -0.14647 0.07584 -0.18664 0.18558 -0.11743 0.44542 -0.00540 -0.00409 -0.00809 -0.01297 -0.00141 -0.00962 -0.02000 0.01258 0.00435 -0.00122 0.07693 0.00058 0.04491 -0.02082 0.04168 -0.01132 0.12693 -0.08488 -0.02205 -0.26636 0.09936 0.00881 0.21919 -0.10604 0.05592 -0.53257 
0.01015 -0.02869 0.03726 -0.05563 0.06567 -0.06555 0.09334 -0.08103 0.08220 -0.07802 0.21024 -0.08710 0.21585 -0.01106 0.02072 -0.00454 0.06321 -0.04363 -0.01039 -0.13088 0.04614 0.00549 0.11190 -0.05896 0.02893 -0.26043 0.03842 -0.03758 0.09102 -0.04687 0.10701 -0.07636 0.22822 -0.19799 0.12636 -0.13850 0.07128 -0.15993 0.19759 
0.01474 -0.02520 0.04734 -0.04217 0.06243 -0.05279 0.11538 -0.10033 0.08133 -0.07473 0.12662 -0.08849 0.18499 0.03302 -0.04167 0.08293 -0.05984 0.10560 -0.08598 0.20822 -0.18541 0.13071 -0.13972 0.14820 -0.15934 0.24249 -0.75175 -0.05902 0.26325 -0.57393 1.81859 -1.22846 5.52161 -2.71540 1.74795 -0.38336 -0.23260 0.80789 -1.12835 
0.04317 -0.07036 0.12019 -0.11547 0.17127 -0.15152 0.30156 -0.26645 0.21291 -0.21774 0.35845 -0.24644 0.45835 -0.76281 -0.03830 0.25871 -0.51072 1.77496 -1.23885 5.39073 -2.66926 1.75344 -0.27145 -0.29156 0.83683 -1.38878 -1.15446 0.62102 0.43587 -0.92328 2.71570 -2.27975 5.28296 -3.17175 1.61689 -0.03776 0.14613 0.49973 -0.98857 
-0.74807 -0.06351 0.30605 -0.55289 1.83740 -1.29163 5.50610 -2.76958 1.83477 -0.34618 -0.16493 0.74834 -1.20380 -1.12144 0.57934 0.51880 -0.98312 2.82130 -2.36572 5.49118 -3.35716 1.74760 -0.17749 0.29434 0.34039 -0.74608 1.05158 0.26749 -0.05980 0.16888 -2.25856 1.22475 -7.42282 3.08176 -2.53028 -0.31094 0.45933 -0.62695 3.04190 
-1.07827 0.50899 0.63899 -1.09859 2.99257 -2.51725 5.79274 -3.62361 1.96051 -0.39523 0.65278 0.09395 -0.28773 0.28877 0.22919 0.19891 -0.34184 -0.48360 -0.01409 -2.03210 0.41251 -0.77684 -0.58239 0.16777 0.20988 1.65311 2.08781 -0.99205 -0.78116 1.81885 -4.91681 4.17557 -10.70438 7.20137 -3.56300 0.07161 -1.53607 -1.05188 2.04492 
-0.45930 0.16568 0.50495 -0.89474 1.35380 -1.30573 3.47400 -2.35708 1.05793 -0.92858 0.00284 0.95822 0.44932 0.96637 -0.41270 -0.26236 0.83573 -2.09551 1.80984 -5.21320 3.84421 -1.81539 -0.10588 -1.24173 -0.71149 1.29884 0.18030 -0.43087 -0.65103 1.20943 -0.81059 1.24727 -1.30867 1.85748 -0.21094 1.44349 -0.04197 -1.27756 -1.89202 
-0.11191 0.09628 0.37663 -0.26286 0.89707 -0.70740 0.57954 0.22061 0.14512 -0.50111 -0.58895 -0.61754 1.01111 0.46907 -0.20169 -0.45212 0.86759 -1.29419 1.23318 -3.34077 2.26999 -0.98778 0.86109 0.12580 -1.06767 -0.23890 -0.84102 0.28834 -0.06878 -0.60931 1.26523 -1.16260 4.74035 -4.15215 1.75533 0.52200 1.96843 1.23387 -2.12715 
0.00978 -0.03601 0.05283 -0.02715 0.05961 -0.07255 0.13324 -0.08709 0.07015 -0.06748 0.12864 -0.10945 0.21041 0.12535 -0.12436 -0.33114 0.22642 -0.83028 0.64724 -0.47285 -0.30794 -0.06006 0.41612 0.72670 0.52238 -0.82831 -1.01889 -0.24211 1.61065 -0.87692 1.82272 -1.91832 5.68407 -2.83697 1.17452 -0.87367 -0.20041 1.25003 2.72642 
0.01344 -0.02808 0.04549 -0.03643 0.06679 -0.06016 0.10669 -0.08733 0.08505 -0.08499 0.13775 -0.09516 0.18280 -0.54982 -0.44380 1.15853 -0.00933 0.52853 -0.68514 2.34330 -0.56698 0.18674 -0.01257 -0.07461 0.18236 2.48752 -0.13519 0.10986 0.34872 -0.27003 0.80450 -0.60138 0.60870 0.18489 -0.00790 -0.47226 -0.77575 -0.50892 0.98147 
-0.54004 -0.47980 1.21136 -0.03648 0.58814 -0.75768 2.47653 -0.65406 0.25689 -0.08006 0.05402 0.07290 2.69793 -0.00984 -0.01450 0.01758 -0.04360 -0.02578 0.04586 0.13585 -0.12305 -0.06796 -0.05614 -0.04906 0.01346 0.15316 1.10401 0.90007 -2.32381 0.00025 -1.04304 1.38146 -4.69907 1.12634 -0.36959 0.02322 0.13890 -0.33493 -5.02130 
0.00360 -0.04258 0.06306 -0.08004 0.04100 -0.01430 0.24254 -0.21038 0.01709 -0.14113 0.08870 -0.08170 0.33596 0.55419 0.45627 -1.16529 -0.00908 -0.51451 0.69633 -2.35577 0.55936 -0.18286 0.01065 0.06429 -0.15258 -2.53379 0.01546 0.03227 -0.03675 0.07621 0.09185 -0.12208 -0.24922 0.24228 0.13150 0.14777 -0.00576 0.01606 -0.30953 
0.01415 -0.02354 0.04607 -0.04556 0.07364 -0.06136 0.12076 -0.09470 0.07403 -0.06941 0.11831 -0.07968 0.16414 0.00562 0.01777 -0.01918 0.03261 0.06607 -0.07622 -0.11337 0.11923 0.06354 0.09163 -0.05481 0.02953 -0.15637 -0.55457 -0.45571 1.16441 0.00974 0.51378 -0.69599 2.35567 -0.55978 0.18362 -0.01179 -0.06173 0.15061 2.53795 
0.00922 -0.02481 0.04389 -0.04743 0.10707 -0.09052 0.12918 -0.09115 0.08064 -0.04949 0.03388 -0.05217 0.17958 -0.00038 0.00055 -0.00088 0.00065 -0.00073 0.00034 -0.00010 -0.00042 0.00076 -0.00114 0.00256 -0.00197 0.00416 -0.80255 0.24262 0.78171 -1.72714 1.74820 -1.52461 0.69981 -0.55796 0.08044 -0.57709 0.59219 -1.19532 0.37554 
0.01376 -0.02298 0.04520 -0.04491 0.07291 -0.06102 0.12066 -0.09512 0.07480 -0.07055 0.12087 -0.08164 0.16830 -0.79693 0.26039 0.76254 -1.69453 1.81427 -1.60083 0.58644 -0.43872 0.14398 -0.48545 0.53738 -1.16580 0.21917 -0.62371 0.29655 1.21767 -0.90434 2.27050 -1.47681 0.75867 -0.65843 -0.35104 -0.70939 0.26495 -1.23151 1.32508 
-0.78771 0.23558 0.80643 -1.74196 1.92135 -1.69135 0.71562 -0.52987 0.22462 -0.53495 0.57126 -1.21797 0.39876 -0.62410 0.29710 1.21680 -0.90368 2.26977 -1.47648 0.75856 -0.65885 -0.35027 -0.71053 0.26750 -1.23348 1.32924 1.56574 -0.53467 -1.50861 3.30214 -3.53727 3.14422 -1.13062 0.96610 -0.20930 0.98660 -1.39392 2.40706 -0.64201 
-0.61033 0.27412 1.26199 -0.94859 2.34268 -1.53749 0.87922 -0.75396 -0.27548 -0.78109 0.38837 -1.31512 1.49754 0.76881 -0.27429 -0.74607 1.60761 -1.72300 1.54338 -0.54418 0.52737 -0.06532 0.50115 -0.85654 1.24126 -0.42284 1.03451 -1.94839 -1.13319 2.46829 -5.07887 1.93404 0.27605 -0.14857 0.32987 0.47111 -2.57454 1.27204 -2.30936 
-0.01890 -0.03871 0.06035 -0.13435 0.19835 -0.14797 0.17144 -0.00250 0.15930 -0.03380 -0.28528 0.02330 -0.02408 0.41042 -1.65129 0.08360 1.56460 -2.80910 0.45756 1.03461 -0.80742 -0.02041 -0.23942 -2.30704 0.03856 -0.98012 -0.94553 -0.22521 1.15815 -1.21546 1.09916 -1.88593 1.60956 -0.43612 -1.06047 -0.74889 1.97066 -1.65874 0.41610 
-0.19992 -1.37717 1.34560 0.61601 -0.46641 -1.07993 1.91383 -1.56139 -0.29588 -1.02051 -1.91866 -1.27657 0.51742 -0.17672 -0.49950 0.41207 0.39215 -0.62384 -0.34255 1.06538 0.09125 -1.12579 -0.24774 1.11412 -0.41747 -0.00674 -0.22004 2.99513 -1.41676 -2.22824 3.43125 0.49117 -2.78235 2.31693 0.42240 1.16899 4.21449 1.14770 0.82177 
-0.19561 -0.53821 0.47243 0.25780 -0.42548 -0.49052 1.23682 0.08875 -0.96649 -0.28154 0.82884 -0.39418 -0.03082 0.19037 1.34384 -1.33315 -0.66364 0.62216 0.94874 -1.74774 1.50950 0.40200 0.92957 1.90745 1.18626 -0.15835 0.38584 1.01074 -0.83335 -0.69207 1.11062 0.77756 -2.18107 -0.27560 2.16640 0.45173 -1.79143 0.70973 0.22091 
-0.00955 -0.03333 0.01244 -0.04762 0.15575 -0.13119 0.16609 -0.05188 0.10611 -0.09094 -0.01121 -0.09031 0.35907 0.20912 0.51124 -0.42127 -0.29992 0.48678 0.43500 -1.11569 -0.18434 1.04061 0.20399 -0.67731 0.29225 0.21417 -0.15708 -1.36155 1.39222 0.65513 -0.63941 -0.95191 1.59268 -1.68863 -0.38851 -1.05127 -1.79848 -1.31406 0.08792 
0.01351 -0.02696 0.05116 -0.04212 0.06129 -0.05552 0.12113 -0.09559 0.07412 -0.07755 0.15153 -0.10193 0.18335 0.03329 -0.01770 0.05906 -0.00851 -0.01725 -0.00317 -0.15506 -0.17912 0.01349 -0.12170 0.10897 -0.12781 -0.07043 -0.21108 -0.51569 0.39812 0.28757 -0.49091 -0.43724 1.12088 0.19182 -1.04193 -0.21897 0.72737 -0.26266 -0.16516 
0.02375 -0.05103 0.07150 -0.05613 0.13849 -0.13437 0.01104 -0.23101 0.11960 -0.21264 0.09776 -0.21811 0.28864 -0.00196 -0.00444 -0.02315 -0.01234 -0.00413 -0.00224 0.00519 0.00748 -0.00132 -0.01498 0.05006 0.02959 0.04901 -0.04495 0.03460 -0.08082 0.02081 -0.06939 0.09771 0.28496 0.29279 -0.04658 0.25031 -0.12642 0.26905 0.04377 
0.01155 -0.03141 0.02801 -0.05446 0.05717 -0.05776 0.12632 -0.08811 0.07280 -0.09253 0.20158 -0.07234 0.23236 -0.01166 0.01690 -0.02175 0.01230 -0.08664 0.09454 0.12991 0.11367 -0.03309 0.12861 -0.01745 0.14124 -0.02666 0.01530 -0.00936 0.06926 0.00692 0.06539 -0.04830 0.00975 -0.05895 0.07824 -0.02582 -0.02774 -0.13154 0.02004 
0.01209 -0.03413 0.04975 -0.04383 0.05185 -0.03983 0.14094 -0.11733 0.08650 -0.08403 0.08031 -0.07687 0.26198 0.01335 -0.01380 0.04611 -0.00542 0.06126 -0.05054 0.01494 -0.05147 0.07692 -0.04080 0.02232 -0.10195 0.06904 0.01209 -0.02396 0.00008 0.02149 0.13303 -0.14610 -0.21548 -0.06208 0.09142 -0.15091 0.00018 -0.18084 0.09453 
0.02490 -0.04521 0.07412 -0.05988 0.11843 -0.10830 0.14126 -0.13958 0.14973 -0.13333 0.22391 -0.17429 0.30140 0.00044 -0.00706 -0.02168 0.03379 0.04639 -0.05156 -0.08557 0.05159 0.05833 -0.02230 -0.01726 -0.03960 0.06787 -0.02264 0.03289 -0.07226 0.02349 -0.11879 0.10758 -0.04328 0.09150 -0.14476 0.09798 -0.11698 0.18695 -0.18730 
0.01252 -0.04119 0.02807 -0.01005 0.09824 -0.09139 0.05537 -0.06574 0.14483 -0.10634 0.06305 -0.11647 0.32984 -0.00930 0.01909 -0.02615 0.01806 -0.05753 0.05704 -0.02834 0.04003 -0.06784 0.05718 -0.09466 0.08500 -0.11825 0.00259 0.02365 0.03896 -0.06640 -0.07755 0.08702 0.14354 -0.07946 -0.12531 0.05185 0.08752 0.06838 -0.22677 
0.01560 -0.02612 0.04797 -0.04182 0.06090 -0.05125 0.11292 -0.09955 0.08189 -0.07614 0.12925 -0.08928 0.18315 0.00302 0.01659 0.01728 -0.03261 -0.03116 0.03546 0.05797 -0.02787 -0.06699 0.02954 0.07026 0.02879 -0.15890 0.00885 -0.02008 0.02177 -0.01505 0.06803 -0.06434 0.01272 -0.02604 0.07420 -0.06550 0.09498 -0.09096 0.13133 
0.01555 -0.02460 0.04535 -0.04266 0.06708 -0.05593 0.11334 -0.09362 0.07784 -0.07679 0.13332 -0.08768 0.17095 -0.00044 -0.00100 -0.00438 0.00301 0.01050 -0.00730 -0.01562 0.01400 0.00636 -0.00832 0.00032 -0.00596 0.01307 -0.00345 -0.01775 -0.01442 0.03245 0.02724 -0.03265 -0.05583 0.02158 0.06971 -0.02634 -0.07951 -0.02763 0.16877 
0.01516 -0.02712 0.04358 -0.03881 0.07139 -0.05855 0.09730 -0.08555 0.08825 -0.08447 0.12957 -0.09524 0.19622 -0.00043 -0.00116 0.00286 -0.00017 -0.00392 0.00281 0.00214 -0.00629 0.00272 0.00320 -0.00925 0.00116 0.00988 -0.00212 0.00357 0.00307 -0.00460 -0.00554 0.00332 0.01903 -0.01050 -0.01485 0.02047 -0.02191 0.01589 -0.01726 
0.01512 -0.02576 0.04822 -0.04282 0.06316 -0.05312 0.11548 -0.09991 0.08057 -0.07359 0.12407 -0.08653 0.18083 -0.00256 0.00257 -0.00131 -0.00159 0.00496 -0.00398 0.00341 0.00350 -0.00849 0.01215 -0.02159 0.00993 -0.00419 -0.00282 -0.01260 -0.01126 0.01241 0.00520 0.00155 -0.02293 0.02071 0.01879 -0.02065 -0.06800 0.00153 0.12614 
0.01260 -0.02455 0.04227 -0.04039 0.07635 -0.06254 0.10071 -0.08205 0.07975 -0.07232 0.10798 -0.08531 0.19203 -0.00325 -0.01376 -0.00839 0.01224 0.00128 0.00436 -0.02080 0.01442 0.02151 -0.01745 -0.07725 0.00269 0.13602 -0.00771 -0.00240 0.01700 -0.00427 -0.00738 -0.01442 0.06898 -0.02042 -0.02657 0.01231 0.03644 -0.00522 -0.05309 
0.01187 -0.03952 0.03982 -0.03058 0.06444 -0.04876 0.09468 -0.08549 0.10208 -0.09104 0.04682 -0.08384 0.31685 -0.01028 0.00018 0.01569 -0.00586 -0.00242 -0.01841 0.07238 -0.01692 -0.03506 0.02446 0.01485 0.00472 -0.05728 -0.46156 -0.78178 2.05986 -0.50294 -0.63474 0.98675 0.81424 -0.81071 1.76945 -0.08122 -1.67353 -1.08035 3.17146 
0.00232 -0.02437 0.05796 -0.04625 0.07393 -0.08094 0.17309 -0.09897 0.04469 -0.04786 0.12282 -0.08059 0.13475 -0.46480 -0.79554 2.05146 -0.49070 -0.63346 0.99111 0.79345 -0.79630 1.79096 -0.09867 -1.75078 -1.07766 3.30748 -1.08600 -1.05750 3.88760 -2.37505 1.23323 0.40641 -0.21090 -0.72042 1.89737 -0.39324 -1.29321 -0.02380 1.96291 
-0.45293 -0.83506 2.09129 -0.52128 -0.56902 0.94235 0.88813 -0.88179 1.89304 -0.18971 -1.70396 -1.16150 3.62433 -1.09628 -1.05732 3.90329 -2.38090 1.23081 0.38800 -0.13851 -0.73733 1.86231 -0.36878 -1.27836 -0.01909 1.90562 -0.53402 0.30551 0.55993 -2.18482 3.77678 -3.35799 0.31894 -0.03192 -2.57485 0.37005 0.31364 2.98865 -5.41966 
-1.09396 -1.08169 3.96126 -2.42715 1.30474 0.30706 0.03458 -0.83631 1.90700 -0.41664 -1.15554 -0.09968 2.04037 -0.99882 -0.49004 2.61140 -2.67551 3.14331 -2.36688 1.11239 -0.82822 -0.78389 0.27138 -1.43714 1.91099 -2.11218 0.28111 0.52064 -2.95382 1.87815 0.54592 -2.70704 2.57204 -0.63104 -1.60600 0.99902 0.05273 0.74864 -2.15057 
-1.45175 -1.32509 4.70269 -3.19679 2.57429 -1.42453 2.00052 -1.71001 1.10915 0.08167 -3.14110 0.74949 1.51214 -0.81518 -0.53668 0.94947 -0.50275 1.77673 -2.31904 2.43353 -1.36838 0.25631 0.63023 -1.22564 0.72955 -0.24494 0.82071 0.62752 -2.86412 2.55869 -2.38180 1.95844 -0.44814 -0.67491 1.99672 -0.60523 2.60335 -2.76288 2.84587 
-1.90914 -1.61837 4.91073 -2.92990 3.08147 -2.01199 2.46811 -2.20469 2.16330 0.21359 -2.38118 0.62987 1.79543 -0.17811 0.13749 -0.25272 -0.11682 0.76152 -0.40844 0.66425 -1.50313 1.21283 -0.33384 1.16621 -0.85189 0.73369 1.08700 0.96534 -1.39929 0.46595 -1.47890 2.14002 -1.86871 1.09715 -0.32570 -1.53197 2.55592 -0.99249 0.91040 
-1.62986 -1.18761 4.44997 -3.31362 3.33581 -1.83297 2.66476 -3.21314 2.32198 -0.25217 -1.97488 -0.10240 2.24583 0.27182 0.42866 -0.44982 -0.03680 0.29783 -0.17902 0.56482 -0.27123 -0.06940 -0.90174 1.33028 -0.26294 0.66546 -0.78939 -0.82230 -0.02373 1.20268 -0.02593 -0.38216 -0.36468 1.99200 -1.11619 -0.24935 0.26876 0.45924 0.35821 
-1.63732 -1.18971 4.46091 -2.96670 3.37929 -2.19101 3.03293 -2.47591 2.09390 -0.68815 -1.05090 0.36693 2.46089 -0.96750 -0.68482 -0.27645 1.08585 0.73559 -0.79060 0.29956 0.48887 0.09664 -0.58319 1.43497 -0.39265 1.09190 -0.85403 -1.00285 -0.31416 0.86601 0.45641 -0.67866 -1.34357 -0.31897 1.37144 0.12137 -0.13271 -1.20091 0.36382 
-2.59736 -1.87242 4.17351 -2.22776 4.07139 -2.62357 2.96432 -2.72427 2.41863 -0.83536 -0.53991 -0.49505 3.33773 -0.58221 -0.57419 -0.76398 0.82921 0.75424 -0.85768 -0.77875 -0.59019 1.30205 -0.78037 1.19757 -1.46385 1.02928 1.27029 0.78794 -0.66958 -0.82070 -0.35439 1.03359 -0.70231 -1.00841 0.91527 -0.30275 -0.41931 -0.32442 -1.53926 
-2.21953 -1.76389 3.69693 -2.13749 4.13353 -3.04868 2.25418 -3.06610 3.39595 -1.46851 0.14667 -1.09693 3.49017 0.30279 0.10313 -0.94603 0.26515 0.38120 0.24299 -0.40275 -0.51954 1.01192 -0.88595 1.01567 -0.71707 -0.44736 0.94790 0.17365 -0.74844 -0.83759 -0.70891 1.50402 1.61965 1.79641 -1.55280 1.10820 -1.81331 1.14023 -0.96593 
-2.29457 -1.76930 3.22748 -1.96262 4.45259 -2.38058 2.56157 -3.24381 3.43054 -1.72131 0.47576 -1.21212 2.89038 0.36569 -0.40054 -1.51242 -0.00837 0.04533 0.64635 0.84090 1.20622 -0.25075 0.32783 -0.61574 -0.32362 0.06335 0.81870 -0.56969 -0.11092 0.04833 -1.27340 0.07015 0.80026 1.50060 -2.36203 1.36712 -3.04605 0.69205 0.29028 
-1.85383 -2.16443 2.18451 -2.14586 4.17886 -2.40234 3.09508 -1.85988 3.14520 -1.14068 -0.46908 -1.42055 3.55352 1.12148 -0.46657 -1.05696 0.31348 -0.89220 0.31314 0.39751 0.98106 -1.35012 0.48117 -2.03038 -0.02502 -0.15708 1.79681 1.50671 1.88846 0.63314 -1.89642 -1.06584 -5.70745 -3.97382 -3.77075 -0.72162 -1.36876 0.55407 -2.42383 
-1.17309 -2.23586 2.17052 -1.64914 3.56039 -2.06744 2.95908 -2.26275 2.08042 -1.24013 -1.55462 -1.23714 2.73330 2.16250 1.10617 0.37604 0.62476 -1.85109 -0.41949 -4.86655 -2.76760 -4.02150 -0.39379 -1.98451 0.23045 -2.36048 1.22331 0.90416 0.41068 -0.68195 -1.37029 -1.63455 -4.56770 -2.10981 -2.76609 -0.49012 1.19832 -1.36974 -1.07845 
0.30867 -1.05826 2.56055 -1.52110 2.32777 -2.82183 -1.77147 -4.62748 -0.87630 -1.53447 -2.45358 -1.19010 1.19304 2.34479 0.43759 -0.64628 -0.36848 -2.26249 -1.32142 -4.17019 -1.12875 -4.11621 -0.00895 -0.83206 -1.39476 -1.23552 -1.01160 -2.30520 -2.17517 -0.94463 0.83193 0.32803 5.62713 4.27882 3.65526 1.36712 3.34588 -2.61638 3.56887 
1.17170 -1.79827 1.52424 -2.01762 1.29789 -3.38886 -1.21111 -3.39149 -2.03578 -1.24908 -2.38668 -2.63190 1.49778 1.15091 -1.19902 -1.79913 -0.31987 -1.01916 -0.09146 0.76058 1.51122 -0.36624 0.97333 1.36138 -2.38593 1.20839 -1.90807 -1.11878 -0.04877 0.48238 2.63537 1.92128 5.21585 2.91611 5.35571 1.27802 1.74269 0.81213 2.87881 
1.45958 -2.25728 0.76142 -1.84097 1.30862 -2.91329 -1.01089 -3.11625 -1.24255 -0.56114 -1.09220 -3.57603 2.40143 0.43672 -0.68118 -0.69505 0.11390 0.37287 0.59986 1.04566 1.78737 1.23951 1.26907 0.91062 -0.58263 1.64329 -1.14541 0.68132 1.43106 -0.24224 0.99039 0.06681 0.23917 -0.08716 0.42772 -1.07112 -3.26391 2.55509 -2.44489 
1.60842 -2.47946 0.82919 -1.90371 1.67077 -2.78900 -0.16546 -1.60413 -0.79628 0.01998 -1.47606 -3.21452 3.14106 0.00550 -0.51770 -0.36807 -0.56211 -0.02877 -0.02465 0.99975 1.42406 0.06148 -0.09779 -1.90253 0.16916 -1.23650 -0.37608 0.57804 0.10513 -0.13884 -0.58917 -0.46945 0.26319 -1.62576 -0.75158 -1.77115 -1.99081 0.73051 -3.02718 
1.46507 -2.77498 0.39335 -2.40309 1.27985 -2.93795 -0.01115 -1.69220 -1.18107 -0.65892 -2.99474 -3.40687 1.16493 0.06064 -0.10314 -0.58992 -0.02494 -0.21630 0.13041 1.30885 0.16160 0.48792 -0.50208 -1.08019 0.14788 -1.38389 0.12327 0.27611 0.04490 0.72411 -0.09037 0.29231 -0.91883 -1.81909 -0.34729 0.40713 2.12636 -0.53611 1.51314 
1.66907 -2.58260 0.23928 -1.92865 1.45447 -2.65859 1.14339 -1.44253 -0.30835 -0.48210 -2.55625 -3.06664 1.75717 0.12876 -0.24159 -0.32316 0.16199 -0.11914 0.26765 0.08092 -0.39503 -0.28581 0.30934 0.22383 -0.36695 0.27664 -0.28343 0.12196 -0.14884 0.15563 -1.07705 0.81266 -3.59667 0.70059 -2.06009 0.88633 1.66001 -0.96751 0.97304 
1.59383 -3.01657 0.07019 -2.24109 1.16071 -2.67030 0.06977 -2.08723 -1.46687 -0.34958 -2.77090 -3.77381 1.44156 -0.22278 0.01882 -0.73876 0.13069 -1.29335 0.94308 -2.28782 0.86219 -1.57217 0.38425 0.57982 -0.81962 -0.41085 -0.05565 0.29388 -0.09338 -0.19070 -0.20367 0.00901 -0.52032 0.76404 0.03520 -1.49860 1.22480 0.14711 -1.09235 
1.44628 -2.56378 -0.49948 -1.79797 0.16112 -1.71551 -1.14443 -0.58034 -1.88052 -0.09785 -1.97643 -3.88626 1.34632 0.07311 0.05229 -0.41654 -0.02871 -0.32281 0.27666 -0.43940 0.36901 -0.25061 -1.18925 1.44863 -0.21983 -0.81572 0.55576 -0.26709 1.25190 -0.30014 2.40108 -1.20758 3.49932 -1.10192 2.24888 -1.85298 1.04205 1.38272 0.41624 
1.66694 -2.96427 -0.34635 -2.26980 0.83790 -2.39363 -0.36963 -1.71822 -1.71748 -1.53883 -1.32228 -3.99364 0.62585 0.33297 -0.24827 0.51314 -0.16945 1.10773 -0.26451 1.21150 -0.23973 0.67671 -1.46873 1.62188 0.56310 0.00539 0.09760 0.14546 1.07351 0.15197 0.68422 0.23782 1.09902 0.92351 0.71508 1.45864 -0.59753 1.22513 1.19829 
1.77926 -2.81204 0.01365 -1.96741 1.26884 -1.98002 0.06707 -0.82007 -1.20381 -1.56658 -0.35455 -3.32316 1.35171 0.17070 0.19776 0.65697 0.12326 0.36141 0.51448 0.65962 1.29253 0.46447 0.26939 0.85109 1.00530 0.38257 -0.40571 0.43570 -0.30369 -0.25306 -1.27568 0.28721 -1.02295 0.12039 -0.99452 1.34784 -2.19442 0.29186 -1.18240 
1.83764 -2.76651 0.31062 -2.14654 1.19930 -1.87916 0.28999 -0.42569 -1.25302 -1.26944 -0.47118 -2.98835 1.00842 -0.07274 0.18743 0.20945 -0.42251 -0.16795 0.02270 0.18855 -0.11934 -0.31781 -0.12088 -0.57255 0.85496 -1.17701 -0.10373 0.29966 -0.45796 -0.25637 -0.29068 -0.24167 -0.22309 -1.39233 -0.49869 -0.26711 -0.25801 -0.31831 -0.12475 
1.70652 -2.62461 0.22310 -2.38992 1.10089 -1.95732 0.25561 -0.93941 -1.52163 -1.68746 -0.92710 -2.46820 0.17470 0.06697 0.49742 0.19900 -0.13311 0.07072 0.27281 0.43652 -0.09981 -0.03422 0.00228 0.59309 0.68699 0.25783 0.21052 0.09274 -0.33018 0.13840 -0.60139 0.19107 -0.87609 -0.51678 0.60123 -0.15728 0.49129 -1.14951 1.65917 
1.90461 -2.26909 0.50962 -2.27965 1.27003 -1.60634 0.72651 -0.52550 -1.28724 -1.26717 0.12190 -2.30136 1.26625 0.13778 0.28017 -0.12074 -0.28411 -0.76934 0.21377 -0.68754 -0.63612 0.28341 -0.27817 -0.08125 -0.29455 0.48216 0.09822 -0.43834 -1.15560 0.08061 -1.40520 -0.25041 -1.22247 -1.52718 -0.07840 -0.92510 -1.87003 -0.76578 -0.71678 
1.84430 -2.34445 0.10236 -2.67404 0.33155 -1.74355 -0.43193 -1.57553 -1.23822 -1.96563 -1.00835 -2.76275 0.65687 0.16519 0.05909 -0.95660 -0.05250 -1.33448 0.02241 -0.78595 -1.62699 -0.11262 -0.92282 -1.27694 -0.07879 -0.45895 0.19520 0.15229 -0.83229 0.78557 -0.19558 -0.43149 1.62938 0.11481 -0.15751 0.06845 -0.31380 0.58268 -0.54246 
2.06980 -2.21001 -0.44698 -2.33215 -0.06445 -1.58394 -0.05943 -2.15248 -1.39985 -2.18999 -1.15504 -2.38015 0.80730 0.33298 0.43246 -0.95303 0.50146 -0.96492 -0.21772 0.94184 -0.52131 0.12590 -0.20972 -0.39506 0.28813 -0.06030 0.06893 0.68527 0.53734 0.34319 1.23906 -0.63140 1.97861 1.87121 0.20718 0.93284 1.00042 0.30858 1.05653 
2.17728 -1.91199 -0.85066 -2.17257 -0.63337 -1.96126 0.50991 -2.09684 -1.11231 -2.17536 -1.40341 -2.47462 0.59657 0.23412 0.74435 -0.41926 0.29069 -0.09542 -0.60899 1.19267 0.24422 0.09456 0.01002 -0.27652 0.22979 0.59758 -0.37220 0.36362 0.82163 -0.10219 1.72735 -0.41793 -1.07288 0.72778 -0.83625 -0.30063 -1.46480 -0.12433 1.47380 
2.30392 -1.46565 -0.86624 -2.04146 -0.15987 -2.19292 1.13324 -1.90827 -1.30529 -2.17997 -1.43155 -2.15036 1.40488 -0.03922 0.79608 -0.13140 0.39927 0.76242 -0.63565 -0.13104 0.20647 -0.71035 -0.51035 -1.85986 0.16380 1.41351 -0.42718 -0.18177 0.78570 0.59219 1.00050 0.67934 -1.94628 0.58521 -0.28876 -1.05162 -0.78391 -0.75269 -0.36644 
2.13806 -1.11591 -0.98206 -1.77330 0.12905 -2.59691 0.37887 -1.89037 -1.82266 -2.68571 -3.26327 -2.31082 2.01008 -0.19306 0.56259 0.36644 0.88289 0.90508 0.07035 -0.75361 0.82943 -0.19419 -1.04160 -1.06043 -0.52290 0.23115 -0.02598 -0.65480 0.29583 -0.05324 -0.77784 0.76501 -0.85099 0.52942 1.22492 -1.25059 1.79252 -0.66387 -2.41889 
2.11085 -0.90306 -0.49980 -1.15857 0.74521 -2.12257 0.37962 -1.07884 -1.49948 -3.22157 -2.49198 -2.67326 1.63603 -0.06520 0.14128 0.16443 0.34603 -0.01541 0.12936 -0.98203 0.73588 0.51457 -1.76094 -0.06734 -0.50007 -1.00538 0.22839 -0.43383 -0.33328 -1.11634 -1.01296 -0.46565 -0.26375 -0.17152 0.66429 0.65521 -0.63555 1.02777 1.28468 
2.07286 -0.97463 -0.81763 -1.42728 0.11364 -2.46755 -0.60316 -1.15449 -1.30809 -4.44665 -3.33060 -2.81089 1.00470 0.03533 0.12876 0.03316 -0.23346 -0.10788 -0.39530 -1.01737 0.65790 0.47010 -0.38639 -1.69598 0.50487 1.51583 0.22771 0.06959 0.00019 -0.44548 0.69133 0.07194 0.24093 -0.28643 0.30722 2.38715 0.09760 1.59575 4.02510 
2.14618 -0.77431 -0.46664 -1.39202 0.63732 -2.51787 -0.63774 -0.42093 -1.02938 -3.60796 -4.18796 -2.16839 3.15185 0.16251 0.21087 0.16462 -0.09946 0.67592 0.20130 -0.74109 0.44946 0.82178 0.62620 0.03026 1.09568 3.01972 -0.07225 -0.41212 -0.24244 -0.49274 -0.72263 0.54389 0.47252 -1.23758 -1.06960 -0.19658 4.87705 -0.42490 -1.47375 
2.23537 -0.76376 -0.65301 -1.52673 0.78956 -2.26625 -1.34426 -0.70503 -0.48631 -3.82045 -3.30034 -1.71521 4.02442 -0.03692 -0.28337 -0.20928 -0.72620 -0.83052 0.14860 -0.54485 -0.57968 -0.59950 -0.58297 3.18107 0.07997 0.04207 -0.27661 -0.98151 0.09721 -0.31371 -1.51580 0.31033 1.35005 -0.58121 -1.12285 -0.13722 5.03808 -1.29444 -3.81430 
2.10926 -1.05767 -0.67592 -2.11822 -0.19319 -2.36928 -1.18259 -1.00061 -1.62888 -4.19093 -1.00689 -2.08842 3.19393 -0.11409 -0.77064 0.26183 -0.41316 -0.83988 0.51163 0.60895 -0.13175 -0.30107 0.48899 5.06834 -0.19876 -0.79457 -0.08822 -0.57227 0.86824 1.09777 0.30875 1.20636 2.52114 0.87753 2.33402 1.95869 -0.60630 0.21096 -0.24212 
2.12127 -1.53440 -0.39118 -1.93990 -0.05032 -1.75462 -0.73530 -0.83678 -0.78738 -3.33146 1.76799 -1.91397 3.22985 -0.12514 -0.85563 0.65896 0.37157 -0.52176 1.35496 1.97629 0.29785 1.73452 1.37572 2.57476 0.29093 -0.20004 -0.04059 -0.04094 0.22696 0.30944 -0.56137 -0.03924 1.00354 -0.50326 1.11270 -0.35027 -5.84261 0.75476 -0.84064 
1.98412 -1.91331 -0.01696 -1.74665 -0.71496 -1.01431 0.79369 -0.70276 0.10564 -2.81521 1.56787 -1.79749 2.99389 -0.15468 -0.81158 0.48879 -0.10372 -1.40124 0.47239 1.61249 -0.63502 0.81163 0.13871 -0.77427 0.55601 -1.63522 0.02462 0.42954 -0.23815 -0.55905 0.32635 -1.35094 -1.70103 -0.61705 -1.80979 -1.33704 -3.03394 0.47755 -0.57054 
1.96659 -2.34598 0.09761 -2.04362 -1.45156 -1.28223 0.87719 -1.47180 0.02425 -3.19275 0.99372 -1.35796 1.59463 -0.10053 -0.42609 0.42081 -0.18748 -0.19541 0.00402 0.27526 -0.31920 -0.07528 0.03868 -0.45918 0.76848 -0.77058 0.14595 0.66145 -0.28904 -0.16724 1.85871 -0.64370 -1.54672 1.51897 -0.43882 0.65372 0.72395 -0.36295 2.70629 
1.88359 -2.33940 0.40384 -1.93413 -0.91037 -1.01030 1.06895 -1.02196 0.03036 -2.77653 1.10869 -1.02901 2.22331 -0.00873 -0.15014 0.19975 -0.27096 0.45747 -0.17131 0.06577 0.88395 0.37281 0.79243 -0.05032 0.19306 1.07107 0.03922 0.15673 -0.41832 -0.69259 0.25651 -0.91186 -0.54376 0.50096 0.14835 0.44923 -0.37038 -0.45803 -1.17399 
1.95786 -2.49612 0.29736 -2.31458 -0.99409 -1.45354 0.94296 -0.58785 0.39706 -2.40031 0.94341 -1.16490 2.66571 -0.06131 -0.26936 0.00248 -0.88007 0.06110 -0.90784 -0.26850 0.18176 0.07307 0.48791 -0.82956 0.31045 -1.94457 -0.12890 0.08078 0.25983 -0.10966 0.34351 0.07151 -0.13806 -0.23366 -0.61819 -0.15158 0.50622 0.35847 -2.36936 
1.82228 -2.60876 0.40632 -2.81420 -0.84927 -1.91814 0.80045 -0.84020 0.10343 -2.28863 0.27913 -0.71856 0.27874 -0.13763 -0.06936 0.45958 -0.38062 0.80098 -0.09980 -0.07230 0.65029 -0.24538 0.64085 0.45590 0.55153 -1.29829 -0.21052 0.13656 0.15773 0.58103 0.80528 0.53131 -0.50608 0.22204 -1.10803 -0.10673 0.77302 -0.82531 2.61445 
1.82023 -2.56548 0.75694 -2.69521 -0.19312 -1.55334 0.87066 0.06245 0.15168 -1.75946 1.39931 -0.61337 1.36742 -0.27183 -0.13281 0.16021 -0.29904 0.86637 -0.37653 -0.77459 0.40381 -1.03495 0.38117 -0.05654 -0.51486 0.66989 -0.15645 -0.01255 -0.63321 0.47345 -0.81336 -0.40251 -0.17850 -1.47459 -0.43219 -0.87487 -1.13602 -0.71752 1.63308 
1.55045 -2.74157 0.56653 -3.11324 0.01710 -2.29467 0.02586 -0.43639 -0.93152 -1.90745 0.22259 -1.23342 0.94863 -0.29408 -0.08191 -0.17363 0.09283 -0.01239 -0.50231 -0.25080 -0.82429 -0.67757 -0.23401 -0.68012 -0.16599 0.33480 0.28342 0.34884 0.09436 0.86288 -0.44092 0.76849 1.74451 -0.33143 1.39775 -0.12156 0.95609 1.24094 0.80954 
1.52615 -2.64738 0.58331 -2.60238 -0.20551 -2.05565 0.61986 -0.76185 -0.52588 -1.99347 0.71919 -0.77936 1.70222 0.01159 0.21603 0.25457 0.56384 0.42546 0.39196 0.96992 0.07237 0.36280 0.25961 0.89955 0.72608 1.47943 0.18322 0.10585 0.16828 -0.14747 0.68083 0.32278 0.72210 0.64618 -0.00768 0.82623 0.75864 -0.07035 -1.13577 
1.56204 -2.52554 0.82111 -2.54940 0.44256 -1.90271 0.99579 -0.36402 -0.56872 -1.64784 1.12214 -0.50734 2.42805 -0.11086 0.02395 -0.00535 -0.05465 0.66844 -0.17953 0.47130 -0.17812 -0.68525 0.59222 0.07852 -0.23635 -0.80098 -0.02457 -0.32670 -0.61790 -0.14350 -0.63338 -0.46182 -1.34617 -0.87953 -0.73558 0.02780 -0.99941 -1.08395 -2.01430 
1.41529 -2.62344 0.57796 -2.65703 0.46294 -2.23518 1.09116 -0.93996 -1.21113 -1.40125 0.79770 -1.01571 0.90124 -0.01298 -0.11066 -0.36333 0.42035 -0.20793 -0.06986 -0.37624 -0.80716 -0.37278 0.28741 -0.09986 -0.35786 -0.53487 0.25859 -0.01318 -0.45649 0.97845 -0.97355 0.12316 -1.29353 -0.52396 1.00126 -0.98351 -0.59938 -0.05600 2.06202 
1.54905 -2.63620 0.45778 -2.12906 0.23464 -1.97258 0.61955 -1.17118 -0.94151 -1.36043 1.02229 -0.86520 1.89319 0.14772 0.01076 -0.46184 0.92380 -0.30511 -0.05637 -0.82223 -0.70208 0.31602 -0.39129 -0.52086 -0.29234 1.26104 0.06025 0.26153 0.19747 0.19201 -0.18167 -0.29515 0.09676 0.62525 0.27074 -0.23910 -1.11135 -0.93528 0.99122 
1.56301 -2.61267 0.11612 -1.73323 0.15783 -2.29155 0.26894 -1.64204 -0.89511 -1.79255 0.27684 -1.30805 2.16228 0.04726 0.15087 -0.16586 0.61235 -0.38960 -0.36501 -0.27948 -0.18190 -0.10204 0.04831 -1.21121 -1.29315 0.45635 -0.07573 0.37297 0.60534 -0.75725 0.00330 0.14939 1.64263 -0.12881 -1.23221 0.82610 0.04898 -0.12125 -2.75716 
1.59632 -2.48533 0.29192 -1.51671 -0.15496 -2.33759 0.34006 -1.35308 -1.04355 -1.31212 -0.18893 -2.15835 2.34954 0.07199 0.38374 0.14350 0.16655 -0.30180 0.09302 0.82040 -0.83089 -0.91619 0.43481 -0.47187 -0.41360 -1.49611 0.00836 0.49653 0.43759 -0.54743 1.12725 0.54778 1.16667 -0.38493 -0.61188 0.13070 1.26546 2.23785 -2.29356 
1.63500 -2.22893 0.25962 -1.56668 -0.14397 -2.19853 1.08934 -2.47293 -1.81130 -1.35774 -0.19503 -1.72165 0.66617 0.05562 0.64739 0.27173 0.06492 0.73765 0.18277 0.88718 -0.56683 -0.71393 0.17901 0.05425 0.94470 -1.83721 -0.13212 0.28651 0.14129 -0.08418 1.98177 -0.22224 -0.22417 1.39103 0.08979 -0.39073 0.09826 1.82160 1.16879 
1.65194 -1.83794 0.56365 -1.45179 0.58270 -2.15482 1.22724 -1.91991 -1.75748 -1.13311 -0.13468 -1.21365 0.51232 -0.06013 0.67024 0.28479 0.08236 1.67997 -0.12923 0.59624 0.56014 -0.82640 0.04408 -0.37362 1.40800 -0.32733 -0.13402 -0.19329 -0.09452 -0.05839 -0.63625 0.33151 -0.54342 -0.23090 0.87139 -0.70170 -1.04046 0.19700 2.58523 
1.57488 -1.55869 0.54440 -1.48432 1.53600 -2.32776 1.68558 -1.91278 -2.63770 -1.31366 -0.56865 -0.31365 0.33884 -0.07840 0.45411 0.17721 0.00653 0.10141 0.51428 0.34376 -0.79773 0.15746 -0.52270 -0.98621 1.14170 0.74802 0.06770 -0.21857 -0.39953 0.26752 -2.08138 0.53861 -0.78715 -1.00773 1.46015 -1.13584 0.28840 -1.63088 1.39211 
1.57353 -1.38383 0.74086 -1.44526 0.68410 -1.64054 1.57101 -2.71765 -1.60001 -1.65581 -1.12089 -0.07194 1.26035 0.00757 0.45168 -0.11474 0.34989 -0.40141 0.40938 -0.19091 -0.44759 0.63376 -1.09176 -0.08522 -0.22287 1.06479 0.15983 -0.00588 -0.55215 0.46545 0.15807 -0.96254 -0.42799 1.10469 -0.94740 -0.07239 0.52153 -1.79697 0.23389 
1.58244 -1.10701 0.42967 -1.13443 1.13460 -1.91838 1.49467 -2.36037 -2.00394 -2.40542 -0.65387 -0.53652 1.40363 0.08142 0.44823 -0.37494 0.47198 0.25948 -0.44826 -0.08423 0.30696 -0.78993 -0.59509 -0.46468 -0.65527 0.98191 0.09380 0.00135 0.04962 -0.02568 0.18774 -0.12369 -0.06862 0.22832 -0.75633 0.95281 -0.11638 -0.00045 0.12963 
1.65496 -0.93561 0.36592 -0.97328 0.94359 -2.08880 1.48678 -2.41068 -2.38995 -2.25090 -1.58557 -0.72721 2.24225 0.10136 0.45302 -0.06512 0.32421 -0.21366 0.28570 -0.25953 -0.21927 -0.12257 -0.13895 -0.20160 -0.22333 1.19442 -0.00253 0.14812 0.35124 -0.33419 0.07240 1.55251 -0.12655 -0.32815 1.41901 0.77090 1.14455 0.35164 -1.10272 
1.68380 -0.65399 0.36455 -0.81023 0.92093 -1.63268 1.23514 -2.57964 -2.12651 -2.54437 -0.85548 -0.75985 2.59805 0.07889 0.59635 -0.02370 0.13779 0.33188 1.10424 -0.21078 -0.02119 0.62907 0.17581 0.67987 -0.30363 -0.12082 -0.15136 0.05986 -0.01288 -0.25079 0.72911 0.41918 -0.09440 0.41193 0.95801 0.51502 -0.18258 0.40753 -2.30508 
1.73385 -0.33926 0.34223 -0.83549 1.27547 -0.98455 1.27599 -2.43187 -1.76087 -2.07509 -0.90570 -1.03084 2.12144 -0.04999 0.51289 -0.07800 0.07342 0.51545 0.70488 -0.35393 0.19266 0.83544 0.37607 -0.38418 0.18420 -1.11066 -0.20635 -0.30739 -0.05599 0.17888 -0.03359 -0.56501 -0.27612 -0.03179 0.14943 -0.17000 -0.92848 0.37951 -0.95354 
1.63381 -0.14111 0.28655 -0.73681 1.43638 -0.92780 0.88121 -2.38698 -1.29107 -2.16830 -1.23966 -0.57565 1.48738 -0.12746 0.28896 -0.07969 0.31667 0.29829 0.53923 -0.48690 -0.05298 0.77850 0.00581 -0.24861 0.07588 -1.07436 -0.22132 0.04187 0.69145 0.61073 -0.07809 -0.00532 -0.32540 -0.21776 -0.77767 -0.42460 0.71871 -0.24602 0.56930 
1.60639 -0.05030 0.26254 -0.51882 1.57376 -0.44532 0.78910 -2.48485 -0.98237 -2.06928 -1.15431 -0.95496 1.04708 -0.27132 0.55476 0.61345 0.68415 0.43736 0.69956 -0.67932 -0.02509 0.05777 -0.04854 0.33453 -0.06182 -0.54136 -0.38981 0.22112 0.87755 0.63286 0.21205 -0.26319 0.25436 0.03067 -1.12313 -0.31468 -0.02603 -0.40299 0.89922 
1.36249 0.41365 0.90000 -0.05266 1.87374 -0.22824 0.20189 -2.41208 -1.23330 -2.21684 -0.90513 -0.63747 0.94602 -0.51727 0.51007 0.79786 0.94954 0.51034 0.27604 -0.23254 -0.02230 -0.34463 -0.30888 -0.27464 -0.32711 -0.17514 -0.10314 -0.45214 -0.47452 -0.55128 -0.53661 -0.58476 1.29410 0.69388 0.32709 0.55124 -0.80068 -0.62962 0.00227 
1.08912 0.45977 1.06040 0.43071 2.08410 -0.16928 0.55656 -2.50715 -1.32700 -2.37816 -1.42895 -1.28207 0.87193 -0.37446 0.10262 0.13893 0.13287 -0.09925 0.11480 0.61478 0.66879 0.38486 0.50270 -0.46615 -0.69144 -0.53910 0.25561 -0.50758 -0.32751 -0.95004 -1.15785 -0.45117 0.00345 0.68556 1.03472 1.39853 0.48679 0.35417 0.44699 
0.98804 0.51627 1.03893 0.08021 1.77449 -0.11344 0.81667 -1.74329 -0.84845 -1.71414 -1.37128 -1.32891 0.40692 -0.26166 0.00250 0.47035 -0.00051 -0.64751 -0.17513 -0.22908 0.66325 0.69009 1.08965 0.21215 0.02707 0.27184 -0.13496 -0.26441 -0.08799 0.38525 -0.48329 -0.44988 -1.59735 -0.31785 0.47335 0.26374 -0.40724 0.77559 -0.09903 
0.82746 0.46227 1.53075 0.43021 1.43659 -0.34441 0.32747 -1.84390 -0.63690 -1.28852 -1.21681 -1.25500 1.14377 -0.50942 -0.16179 0.05094 0.51812 -0.58254 -0.33508 -0.98257 0.35094 0.85820 0.76645 -0.87339 0.08416 -0.63813 -0.48480 -0.29190 -1.56082 -0.28859 0.09389 0.59982 0.07561 0.56195 0.04562 0.15469 1.30457 0.63714 -1.87323 
0.47862 0.35448 1.08987 0.59832 1.19195 -0.44852 -0.16590 -1.39235 0.00975 -0.94769 -2.24467 -1.24476 -0.23120 -0.74646 -0.28940 -1.09047 -0.28910 -0.55362 0.42469 -0.15347 1.22520 0.73571 1.24434 1.51672 0.66421 -1.60139 0.01305 -0.16136 -1.05472 -1.33746 -0.56586 0.46306 1.31061 0.79120 -0.67695 0.14779 2.99481 1.10412 0.96339 
0.08100 0.17287 0.44029 0.14111 0.88297 0.08028 0.17400 -0.61869 0.09881 -0.04418 0.29991 -0.59079 -0.45761 -0.49637 -0.32315 -1.00378 -0.81934 -1.14840 0.12798 0.32804 1.14214 0.18126 0.91423 2.12142 1.18827 0.32526 0.67544 0.04189 0.72321 0.05476 -0.38566 -0.59504 0.02792 -0.83415 -0.77135 -1.51917 -2.47566 -0.52084 2.22660 
-0.01775 0.03133 0.08609 -0.22102 0.04355 -0.32054 0.16214 -0.25021 0.19101 -0.03346 -0.12325 -0.05648 0.09406 -0.07102 -0.24751 -0.36726 -0.23434 -0.93928 -0.17034 -0.12555 0.39106 -0.03564 -0.27483 -0.95894 0.14337 0.62522 0.54141 0.25256 0.85162 0.81715 1.49341 -0.16353 -0.42320 -0.69919 -0.24968 -0.84979 -2.45566 -1.23258 -0.21685 
0.00998 -0.07465 0.07302 -0.09324 -0.05631 -0.09006 0.04845 -0.22763 0.06317 -0.31901 -0.65903 -0.44743 0.16760 0.04505 -0.07059 -0.15216 -0.00218 0.34500 -0.03556 -0.09516 0.44295 -0.06842 0.06444 -0.33424 -0.04431 0.10841 0.08069 0.28619 0.34305 0.21410 1.10933 0.12409 0.15391 -0.32733 0.13959 0.55414 1.86310 0.14102 -0.40707 
0.02729 -0.03926 -0.06607 -0.22320 0.38855 -0.35610 0.06698 0.19274 0.12259 0.03098 -0.45750 -0.10079 0.20247 0.00967 0.03868 -0.02421 -0.02025 0.17005 -0.04625 0.02836 0.06373 0.10395 0.27931 0.90416 0.28438 0.21815 -0.08151 0.04774 0.25350 0.20008 -0.56789 0.23199 0.18273 -0.50582 0.03682 -0.15199 1.00212 0.04401 0.32511 
0.01965 -0.03597 0.04881 -0.11348 0.11374 -0.13631 0.07681 -0.16390 0.16712 -0.03970 0.24513 -0.16304 0.38575 -0.03646 -0.02285 0.10133 0.19789 -0.22288 0.19643 0.08756 -0.06287 -0.03160 -0.08755 0.66787 -0.00029 0.43352 0.00962 -0.10936 0.09883 0.05371 0.10134 0.17241 0.35126 -0.05874 0.04624 -0.24373 -0.41174 -0.39812 -0.09803 
-0.00917 -0.06211 0.03526 -0.02531 0.16567 -0.15966 0.15454 0.12987 0.09099 -0.05657 0.21038 -0.10109 0.63598 0.01929 -0.07068 0.07461 0.03346 0.27139 0.12616 0.37962 0.00499 0.15019 0.03558 0.49242 -0.11373 0.12012 0.02610 0.00171 0.00229 -0.19621 0.05454 -0.08231 -0.05891 -0.25488 0.06412 0.04349 -1.07119 -0.08297 -0.33087 
0.03894 -0.10665 0.12342 -0.08002 0.38513 -0.01015 0.45643 -0.15892 0.31732 -0.00412 0.73755 -0.27677 0.50587 -0.01036 -0.02114 0.10362 0.00168 -0.16835 0.11412 0.02865 -0.31775 0.03251 -0.04406 -0.40332 -0.08327 0.10265 -0.04664 0.09084 -0.13523 0.08444 -0.41785 -0.31218 -0.85747 -0.04153 -0.14424 -0.15187 -1.63000 0.23607 0.19503 
-0.01952 -0.08325 0.13888 -0.02362 -0.00267 -0.04554 0.18319 -0.18788 0.12350 -0.10062 -0.19294 -0.18435 0.73863 -0.02736 0.02016 -0.06062 0.11790 -0.14646 -0.18601 -0.47785 -0.03655 0.00595 -0.11629 -1.13758 0.12234 0.31515 0.00382 -0.03573 -0.16513 0.02170 0.40414 -0.21555 -0.09507 0.65855 -0.07805 -0.16415 0.53234 0.01129 0.47105 
0.01158 -0.08648 0.06280 0.03788 0.23866 -0.19616 -0.02141 -0.19546 0.32326 -0.12041 -0.40002 -0.15444 0.82102 -0.00654 -0.05687 -0.06150 0.02339 0.23579 -0.10143 -0.06642 0.34080 -0.04554 -0.20820 0.12902 -0.07197 0.57369 0.01404 0.01690 0.01670 -0.24843 0.04200 0.36043 0.66624 0.15555 -0.26992 0.08632 1.67569 -0.05591 -0.86952 
-0.02606 -0.14012 0.07738 -0.00024 0.23312 -0.14697 0.11678 0.15292 0.07796 -0.30883 -0.06392 -0.25632 1.31232 -0.01332 0.03706 -0.04393 -0.13053 -0.10446 0.17442 0.18839 0.11900 -0.26397 -0.02997 0.53812 0.06643 -0.55436 0.01450 0.17447 0.09922 -0.10756 -0.29030 0.20311 0.20685 -0.48305 -0.07613 0.33496 0.20525 0.03993 -1.87425 
-0.00174 -0.04942 0.01887 -0.09264 0.13420 -0.02174 0.16698 -0.07646 0.05929 -0.15038 0.13809 -0.08801 0.26666 0.00796 0.11760 0.03772 -0.08417 -0.05450 0.10168 0.14044 -0.14225 -0.12167 0.12676 0.33428 -0.03204 -1.30055 -0.00288 -0.04440 0.07367 0.18183 0.00327 -0.18657 -0.32238 -0.15754 0.45899 0.04853 -0.72078 -0.04392 0.71518 
-0.01810 -0.02253 0.11510 -0.08441 0.17861 -0.04530 0.25721 0.01067 -0.04370 -0.18207 0.27036 -0.28836 0.01177 -0.01619 -0.00734 0.02974 0.05131 -0.10119 -0.01215 -0.13398 -0.03853 0.19502 0.01856 -0.18267 0.02251 0.16082 0.04117 -0.15786 -0.03207 0.04890 0.08201 -0.21980 -0.06418 -0.10471 0.32172 -0.17991 -0.55909 -0.09827 1.46292 
-0.01793 -0.05676 0.04862 -0.04133 0.03302 -0.03389 0.03300 -0.11499 0.25432 -0.13182 -0.04457 -0.06550 0.42748 0.04913 -0.04026 0.00565 -0.03528 0.02751 -0.11813 0.07626 -0.24696 0.20006 -0.05315 -0.22481 -0.13031 0.16237 0.02162 0.00207 0.00049 -0.17550 0.21674 0.17293 0.47857 -0.00923 -0.49354 -0.15737 0.25277 -0.12799 0.21648 
0.03103 -0.06279 0.12074 -0.11969 0.20612 -0.16342 0.33347 -0.23629 0.15635 -0.23522 0.04555 -0.41867 0.17414 0.00543 -0.00527 0.03023 -0.12419 0.11555 0.16078 0.34459 -0.04776 -0.29852 -0.13881 0.07010 -0.10548 0.37730 -0.23519 0.18726 0.09611 -0.32259 0.34806 -0.02920 0.11751 0.17020 -0.47838 0.17587 0.02267 0.67434 0.35560 
-0.01250 -0.06203 0.07885 -0.16553 0.14857 0.12689 0.37759 -0.16276 -0.04420 -0.27062 0.02553 -0.17098 0.80478 -0.18606 0.14699 0.10176 -0.35787 0.37557 -0.14733 0.19376 -0.07676 -0.27833 0.12272 -0.20214 0.54403 0.51796 -0.02645 0.02867 -0.15646 0.18793 -0.04848 -0.45108 -0.37204 0.20037 0.29717 0.18548 -0.43417 0.33728 -0.68222 
-0.15503 0.08420 0.22250 -0.47756 0.58169 -0.31075 0.52723 -0.31305 -0.12197 -0.11251 -0.15659 0.12536 0.69210 -0.02103 0.02340 -0.12623 0.06374 0.06707 -0.29030 -0.02745 0.15261 -0.00134 0.04668 -0.36407 0.23180 -0.30492 0.33408 -0.29668 -0.32350 0.83285 -0.79598 0.27800 -0.60110 0.38801 0.46033 -0.10047 0.52209 -0.72403 -0.94095 
-0.03353 -0.03863 -0.04738 -0.10179 0.21564 -0.16341 0.35014 -0.01015 -0.04554 -0.22395 -0.33854 0.06081 0.49986 0.14802 -0.14969 -0.22174 0.47498 -0.42041 0.13067 -0.40734 0.31125 0.18201 0.02225 0.31995 -0.18000 -0.42299 0.03820 -0.02797 0.19213 -0.05937 -0.32324 0.40643 -0.11160 -0.28284 0.20142 0.11092 0.98414 -0.37658 0.20643 
-0.00701 -0.06549 0.00077 -0.00257 0.16128 -0.18008 0.11989 -0.00180 0.06003 -0.09026 0.16336 -0.05465 0.26911 0.01717 -0.00457 0.06590 0.00436 -0.25617 0.11613 -0.13905 -0.13023 0.20007 0.15759 0.62008 -0.14478 -0.09849 -0.11899 0.18059 0.28137 -0.53936 0.30716 -0.05385 0.47677 -0.62709 -0.02118 -0.01475 -0.58163 -0.05675 0.43937 
-0.01636 -0.04320 0.01852 -0.09743 -0.04053 -0.04729 0.21109 -0.14037 0.15453 -0.06635 0.28154 -0.08397 0.40136 0.02903 0.03090 0.05963 -0.06438 -0.11324 0.07682 0.06943 -0.31584 0.16083 0.00751 -0.26168 -0.23676 0.01638 -0.01305 -0.03145 -0.04498 0.03622 0.27378 -0.02386 0.27838 0.01037 -0.23338 -0.19532 -1.05856 0.13264 0.45674 
0.02202 -0.03458 0.06040 -0.06695 0.04804 -0.10326 0.18931 -0.31763 0.22086 -0.08275 -0.09832 -0.29140 0.28550 0.00413 -0.03602 0.02093 0.04058 0.01761 0.09227 0.13933 -0.11985 -0.03330 -0.03773 -0.43848 -0.01214 0.35824 -0.05220 -0.03617 -0.11028 -0.06136 0.21851 -0.05957 0.17583 0.46179 -0.31522 0.01344 0.41188 0.42349 0.34506 
-0.01223 -0.07922 0.03945 -0.05685 -0.02292 0.04498 0.35043 -0.26022 0.12123 -0.10408 -0.15694 -0.09611 0.75961 -0.02317 -0.00526 -0.05065 -0.12574 0.10526 0.01724 0.24526 0.14595 -0.15439 0.02095 0.15020 0.18674 0.36144 -0.04846 0.02404 0.00208 -0.06836 0.17192 -0.38637 -0.50505 0.34494 0.13842 -0.00634 0.67504 -0.00133 -0.45087 
-0.00115 -0.03985 0.00975 -0.19269 0.15330 -0.08602 0.43457 -0.17168 0.06648 -0.06181 0.05188 -0.10466 0.64693 -0.04434 -0.01198 0.02301 -0.02777 0.18953 -0.29410 -0.36572 0.22508 0.10512 -0.04406 0.23656 -0.01347 -0.09262 0.14109 -1.74378 0.12900 0.50334 -0.30282 -1.22382 -1.32760 -1.07147 0.66481 -1.02189 -0.53968 -0.47927 2.74291 
-0.05657 -0.09119 0.06246 -0.08462 0.16660 -0.24912 -0.01529 -0.03514 0.22635 -0.14815 0.07962 -0.10958 0.66698 0.11792 -1.74904 0.07835 0.37759 -0.19756 -1.20658 -1.08234 -0.92552 0.51043 -1.00095 -0.38948 -0.29253 3.10435 0.01545 -0.16746 -0.16669 0.22480 0.32407 -0.09446 -0.58640 -0.35677 -0.23066 -0.45163 -1.06883 -0.24527 0.79023 
0.11676 -1.78888 0.08810 0.18490 -0.04426 -1.29259 -0.64777 -1.09720 0.57691 -1.06275 -0.33760 -0.39719 3.75128 -0.02888 -0.17944 -0.14368 0.19703 0.51360 -0.38856 -0.95212 -0.13169 -0.12554 -0.49569 -0.83227 -0.25874 0.69761 -0.25549 3.45400 -0.16719 -0.55844 0.35966 2.40475 1.97057 1.89942 -0.88999 1.81947 0.89955 0.56616 -6.25896 
-0.08545 -0.27063 -0.08122 0.11241 0.68020 -0.63769 -0.96741 -0.16683 0.10081 -0.64384 -0.75265 -0.36833 1.36459 -0.13758 1.70496 -0.08884 -0.18085 0.16210 1.19818 0.88823 0.97390 -0.37956 0.81852 0.51008 0.27363 -3.15461 0.11426 0.40933 0.32923 -0.28395 -1.02251 0.92644 2.22377 0.24542 0.27221 1.00134 1.64669 0.39704 -1.55638 
-0.02081 -0.08392 -0.00074 0.00405 0.11784 -0.09442 0.24046 -0.12331 0.19734 -0.24423 0.17248 -0.12356 0.59667 0.08538 0.22989 0.18555 -0.08692 -0.50891 0.53788 1.27165 0.11373 0.14667 0.50565 0.81443 0.13829 -0.85877 0.15181 -1.65962 0.14943 0.14416 -0.24431 -1.15232 -0.92877 -1.00072 0.24732 -0.64262 -0.52503 -0.27543 2.81237 
-0.00007 -0.04074 0.10432 0.02549 0.17129 -0.09981 0.30424 -0.05310 0.24749 -0.13819 0.06177 -0.23003 0.50583 0.01424 0.04535 0.06059 -0.03669 -0.08221 0.04586 -0.04054 -0.02682 -0.13225 0.17590 -0.01495 -0.00179 -0.34224 -0.06237 -0.22807 -0.21629 -0.01703 0.46467 -0.54783 -1.37283 -0.21856 -0.27932 -0.47834 -0.69722 -0.03331 0.60329 
-0.00658 -0.03857 0.05985 -0.03263 0.03563 -0.04856 0.19992 -0.15013 0.06510 -0.06833 0.15753 -0.12535 0.25443 0.02301 0.00182 -0.03075 -0.10395 -0.04424 -0.00996 -0.10118 -0.10483 -0.13264 0.02731 0.11720 0.10499 -0.25548 0.00385 -0.03121 -0.07957 0.01618 0.12262 -0.05253 -0.01271 0.08707 0.12505 -0.19639 -0.01464 0.05169 0.27498 
0.02294 -0.03891 0.07357 -0.07846 0.12705 -0.10976 0.20307 -0.15792 0.11484 -0.11088 0.17898 -0.12505 0.25035 0.01809 0.01414 -0.01898 -0.02051 0.04040 -0.00667 -0.05325 0.06025 -0.00720 -0.02049 -0.02959 0.04990 -0.06727 -0.03303 0.01182 0.00802 0.13718 -0.01764 0.06425 0.02300 0.15521 0.09796 0.01935 -0.19356 -0.05932 0.19294 
0.01151 -0.02443 0.04087 -0.05314 0.07604 -0.05523 0.14667 -0.08989 0.05790 -0.08882 0.12794 -0.07545 0.18716 -0.01002 0.01365 -0.02272 0.03323 -0.06188 0.05429 -0.07818 0.05038 -0.03469 0.04666 -0.07636 0.04566 -0.06254 -0.01573 -0.01707 0.02393 0.03433 -0.04743 0.00463 0.00847 -0.06298 0.03971 0.02946 0.01934 -0.06775 0.08803 
0.01292 -0.02527 0.05085 -0.04523 0.06517 -0.05547 0.12489 -0.10754 0.08016 -0.06422 0.10262 -0.07938 0.18781 0.00235 -0.00293 0.00495 0.01382 -0.00703 -0.00204 -0.04478 -0.00274 0.03251 0.00897 -0.01024 -0.01785 0.02077 0.01183 -0.01666 0.01832 -0.02697 0.06418 -0.05456 0.05272 -0.03468 0.04550 -0.06371 0.09405 -0.06037 0.08082 
0.01386 -0.02735 0.04582 -0.03932 0.06901 -0.05727 0.10189 -0.09262 0.09041 -0.07985 0.11770 -0.09329 0.20793 0.00181 -0.00301 -0.00441 0.00626 0.00230 -0.00027 -0.02545 0.01570 0.01081 -0.01705 0.01770 -0.01470 0.01829 -0.00159 0.00341 -0.01689 -0.02793 -0.01018 0.00234 0.05618 -0.01270 -0.03626 0.00281 0.08177 0.03665 -0.00756 
0.01473 -0.02828 0.04644 -0.03897 0.06747 -0.05574 0.09944 -0.09185 0.09097 -0.08126 0.12032 -0.09409 0.20610 0.00076 0.00048 -0.01194 -0.01411 -0.01720 0.00029 0.01140 -0.01543 -0.00375 0.01178 0.07153 0.01880 0.01321 0.00999 -0.00810 0.03213 -0.03260 0.03703 -0.04140 0.08627 -0.07986 0.03719 -0.02750 0.09482 -0.05242 0.03860 
0.01463 -0.02687 0.03387 -0.05343 0.05181 -0.05698 0.11329 -0.10806 0.08665 -0.06807 0.18922 -0.07449 0.22114 0.01181 -0.01111 0.02772 -0.02634 0.03933 -0.04167 0.06082 -0.06417 0.04800 -0.04454 0.11252 -0.06712 0.05688 -0.00553 0.00095 0.01683 0.00552 0.04365 -0.00609 0.03623 0.04215 -0.02213 -0.01017 -0.13940 -0.02946 -0.12787 
0.02654 -0.03939 0.07417 -0.06531 0.10680 -0.09741 0.16026 -0.15601 0.13897 -0.12581 0.23284 -0.16121 0.26298 -0.00476 0.00143 0.00489 -0.00858 0.02645 -0.00580 0.04763 0.02672 -0.02588 0.00161 -0.06788 -0.01066 -0.11466 -0.02465 0.02731 -0.05558 0.04516 -0.07038 0.07598 -0.09792 0.12512 -0.11416 0.10331 -0.23188 0.15124 -0.15794 
0.00986 -0.02544 0.03876 -0.06201 0.07826 -0.06278 0.16092 -0.08134 0.06077 -0.06646 0.12135 -0.08515 0.10647 -0.01284 0.01620 -0.02786 0.01882 -0.03105 0.03431 -0.03710 0.06095 -0.06616 0.05877 -0.11936 0.08412 -0.10106 0.01050 -0.00211 0.00432 0.02878 -0.04381 0.01732 -0.09563 -0.04492 0.04700 -0.01129 0.07578 0.00652 0.19134 
0.01370 -0.02319 0.04630 -0.04650 0.07575 -0.06310 0.12316 -0.09506 0.07281 -0.06704 0.11348 -0.07709 0.16192 0.00574 -0.00068 0.00921 0.02019 -0.01736 0.01153 -0.04800 -0.01821 0.02112 -0.00968 0.00790 -0.00414 0.07667 0.01469 -0.01760 0.02691 -0.01498 0.02238 -0.02714 0.02729 -0.05951 0.07119 -0.06852 0.13920 -0.09471 0.11008 
0.01560 -0.02612 0.04797 -0.04182 0.06090 -0.05125 0.11292 -0.09955 0.08189 -0.07614 0.12925 -0.08928 0.18315 0.00185 -0.00141 -0.00095 0.00384 -0.00867 0.00717 -0.00982 0.00144 0.00503 -0.00976 0.01984 -0.01059 0.00903 -0.00579 0.00220 -0.01182 -0.02103 0.02354 -0.01621 0.04841 0.02414 -0.02516 0.00903 -0.00383 0.00574 -0.08887 
