0.00174 -0.04054 0.06537 -0.07019 0.06431 -0.05561 0.10924 -0.19979 0.12479 -0.09760 0.11958 -0.15883 0.25919 -0.00423 -0.00092 0.00687 -0.00201 -0.00968 0.00362 0.00919 -0.02335 0.00718 0.01647 -0.03806 0.00647 0.02879 0.01809 0.00271 -0.06525 0.07338 0.03352 0.02145 -0.13122 0.26267 -0.06634 0.02449 -0.11143 0.15346 -0.16847 
0.00921 -0.02813 0.04314 -0.04493 0.05898 -0.03694 0.06605 -0.10301 0.07578 -0.05683 0.07745 -0.07338 0.13871 0.00959 0.00604 -0.02480 0.02105 -0.01305 0.02914 -0.03507 0.10277 -0.06120 0.01970 -0.03096 0.09008 -0.11276 -0.00550 -0.09118 -0.01015 0.07363 0.05634 -0.04729 -0.17046 -0.05506 0.17687 -0.04291 -0.32433 -0.40562 0.27763 
0.01133 -0.03449 0.04057 -0.04914 0.05126 -0.02647 0.07417 -0.09702 0.06360 -0.07790 0.08861 -0.06875 0.14644 -0.00973 -0.09210 -0.00328 0.07162 0.04666 -0.04366 -0.16128 -0.07841 0.18406 -0.02644 -0.36238 -0.39914 0.30642 -0.09269 -0.28923 0.56188 -0.15857 -0.65365 -0.39169 0.15653 -0.66620 0.21114 -0.41782 -0.10180 -0.41819 -0.23609 
-0.00052 -0.12023 0.03986 0.02669 0.10563 -0.08060 -0.09522 -0.18142 0.25983 -0.08327 -0.28494 -0.47252 0.44513 -0.08310 -0.28319 0.53708 -0.13753 -0.66670 -0.36255 0.12146 -0.56343 0.14994 -0.39812 -0.13276 -0.32811 -0.34884 -0.06079 -0.06409 0.13085 -0.07001 0.17557 -0.00778 0.28340 0.38382 -0.21658 -0.05826 0.45715 0.82426 -0.29165 
-0.07177 -0.31768 0.57765 -0.18667 -0.61544 -0.38902 0.19563 -0.66045 0.21354 -0.47602 -0.04415 -0.39686 -0.20241 -0.07052 -0.15620 0.12758 0.00161 0.22223 -0.05144 0.12213 0.30541 -0.03252 -0.08470 0.09477 0.42511 0.01477 0.14574 0.42232 -1.15585 0.48331 1.57944 0.58561 -0.50377 1.19452 0.05801 0.79450 -0.34985 0.38043 1.32714 
-0.07104 -0.27643 0.16744 0.02831 0.32786 -0.13204 0.02690 0.12399 0.22731 -0.16797 -0.19017 -0.04741 0.45990 0.06264 0.13913 -0.61877 0.34579 0.91274 0.22306 -0.38231 0.63109 0.20795 0.39637 -0.48261 0.05232 0.97830 0.12141 0.35706 -0.25982 -0.10875 -0.37937 0.06699 -0.11366 -0.43204 -0.04665 0.17881 0.27503 -0.54319 -0.16536 
-0.00913 -0.17855 -0.04113 0.15912 0.29730 -0.16596 -0.18668 -0.02936 0.42149 -0.07965 -0.52676 -0.34454 0.77589 0.05089 0.20086 -0.13224 -0.10714 -0.15715 0.01555 0.00846 -0.12663 -0.07917 0.09411 0.36979 -0.11808 -0.15059 -0.08880 -0.02365 0.71666 -0.57657 -0.89746 -0.22719 0.51277 -0.55937 -0.42735 -0.36706 0.86739 0.15635 -1.27639 
-0.02016 -0.07557 0.03519 -0.07883 0.17072 -0.11649 0.03537 -0.00264 0.14814 -0.07386 0.17963 -0.16549 0.30931 -0.02616 0.11548 0.09789 -0.23079 0.01528 -0.00412 0.13046 0.07172 -0.21940 0.02932 0.38478 0.20867 -0.29809 -0.02660 -0.15637 0.11209 0.11560 0.08480 0.06519 0.08354 0.01745 -0.04785 -0.10066 -0.49212 0.22825 0.04627 
-0.03529 -0.06307 0.05676 -0.07167 0.31258 -0.17008 -0.05622 0.04236 0.20209 -0.05033 -0.14198 -0.13588 0.47780 0.02429 0.04449 -0.02015 0.00846 -0.07235 0.08075 0.09201 -0.10918 -0.12702 -0.00655 -0.12233 0.11017 -0.10432 0.07189 -0.08486 -0.11876 0.26229 -0.24487 0.13136 -0.03034 -0.20114 0.11410 -0.06002 -0.13786 -0.16559 -0.05877 
0.00413 -0.03108 0.01504 -0.07037 0.09837 -0.03575 0.12738 -0.11182 0.02112 -0.08041 0.05730 -0.05532 0.20499 0.04573 0.03062 -0.02087 0.03150 -0.22959 0.12724 0.10011 -0.12942 -0.10530 -0.03070 0.24692 0.04307 -0.35686 -0.02391 -0.07496 0.03394 -0.04789 0.00618 -0.11137 -0.15388 -0.00099 0.16637 -0.07704 0.15673 -0.22000 0.00358 
0.01044 -0.03245 0.03589 -0.04017 0.08299 -0.04284 0.04389 -0.08706 0.09678 -0.08103 0.10493 -0.09281 0.12094 0.00037 -0.03047 0.01379 -0.03943 -0.06617 -0.03063 -0.06188 -0.11017 0.03935 -0.08358 0.03440 -0.10983 -0.10074 -0.04955 -0.01976 0.02521 -0.04832 0.24504 -0.14336 -0.06580 0.12393 0.06614 0.07188 -0.30151 0.00366 0.33228 
0.00450 -0.06156 0.02883 -0.10980 0.03220 -0.06637 0.06550 -0.22200 0.06047 -0.16399 0.09169 -0.16515 0.10425 -0.00381 0.01086 0.00434 -0.01682 0.01546 -0.01613 0.03431 -0.00549 -0.03916 0.04118 -0.05459 0.04673 -0.02458 0.00697 0.06364 -0.00271 0.10607 0.09538 0.05982 0.05621 0.24181 -0.02748 0.18179 -0.02840 0.19798 0.11989 
0.00663 -0.02158 0.04023 -0.05698 0.09845 -0.05897 0.07821 -0.09254 0.05762 -0.03985 0.05034 -0.04608 0.09636 0.00734 0.03317 0.01108 0.06664 0.02921 0.02919 -0.00567 0.13163 0.01187 0.09821 0.00600 0.08815 0.01915 0.00958 -0.01489 -0.00950 0.03118 -0.04439 0.03363 -0.05445 0.01735 0.05031 -0.07437 0.11968 -0.08152 0.04192 
0.01185 -0.02839 0.03991 -0.04316 0.06141 -0.03718 0.05983 -0.09037 0.07233 -0.06578 0.09769 -0.07699 0.12340 0.00577 -0.00403 -0.00516 0.01437 -0.02893 0.01751 -0.02013 0.01186 0.01115 -0.03319 0.06509 -0.03479 0.01734 -0.00639 -0.03079 -0.01612 -0.06506 -0.02350 -0.03207 0.00260 -0.12163 -0.01429 -0.10782 0.01606 -0.09447 -0.02738 
0.01239 -0.02561 0.03507 -0.04261 0.06952 -0.04146 0.05808 -0.08068 0.06876 -0.07304 0.11543 -0.08087 0.11369 0.00095 0.00238 -0.00504 0.00158 0.00572 -0.00288 -0.00307 0.01000 -0.00242 -0.00961 0.02206 -0.00631 -0.00823 -0.00654 -0.00018 0.00694 -0.01227 0.03251 -0.01901 0.01436 -0.01031 -0.00158 0.03247 -0.08236 0.03329 0.00087 
0.01280 -0.02601 0.03487 -0.04158 0.06712 -0.04006 0.05676 -0.08037 0.06991 -0.07540 0.11975 -0.08331 0.11517 -0.00077 -0.00421 0.00178 0.00210 0.00358 -0.00151 -0.00577 0.00156 0.00957 -0.00072 -0.01727 -0.00150 0.01821 -0.00221 -0.00142 0.00652 -0.00627 0.00440 -0.00284 0.00823 -0.01088 -0.00268 0.01984 -0.04101 0.01753 -0.00018 
0.01162 -0.02982 0.03684 -0.04052 0.07310 -0.04297 0.05230 -0.07912 0.07833 -0.07376 0.09816 -0.08237 0.13190 -0.00126 0.00096 0.00148 -0.00469 0.01011 -0.00572 0.00517 -0.00088 -0.00510 0.01023 -0.01895 0.01122 -0.00841 0.00218 0.00721 -0.00215 -0.00554 -0.00563 0.00251 0.01165 -0.00240 -0.02045 0.00354 0.03030 0.00646 -0.04167 
0.01154 -0.02505 0.03634 -0.04627 0.07723 -0.04578 0.06193 -0.08125 0.06481 -0.06517 0.10080 -0.07208 0.10676 0.00141 0.00300 -0.00038 -0.00344 -0.00205 0.00101 0.00588 -0.00085 -0.01089 0.00282 0.01302 0.00496 -0.02346 0.01042 -0.02363 0.02517 -0.02301 0.01160 -0.01615 0.01899 -0.05220 0.08555 -0.06529 0.07316 -0.08467 0.07589 
0.01303 -0.02682 0.03647 -0.04396 0.07106 -0.04196 0.05818 -0.07997 0.06745 -0.07094 0.11118 -0.07742 0.10844 0.00916 -0.02267 0.02665 -0.02771 0.02171 -0.02187 0.02416 -0.05308 0.08045 -0.05506 0.05421 -0.07345 0.06748 -0.00173 -0.00240 -0.00033 0.00411 0.00127 -0.00075 -0.00593 0.00049 0.01155 -0.00388 -0.01089 -0.00669 0.02610 
0.02069 -0.04772 0.06300 -0.07398 0.09894 -0.06765 0.08609 -0.13433 0.14525 -0.12023 0.15501 -0.14554 0.17424 -0.00032 0.00060 -0.00070 0.00067 -0.00077 0.00025 -0.00005 -0.00036 0.00066 -0.00105 0.00213 -0.00174 0.00264 -0.00740 0.02378 -0.03079 0.02960 -0.00910 0.02024 -0.01573 0.05009 -0.11315 0.05270 -0.02541 0.08729 -0.06596 
0.01271 -0.02621 0.03576 -0.04328 0.07029 -0.04171 0.05813 -0.08033 0.06811 -0.07199 0.11332 -0.07915 0.11108 0.00176 0.00111 -0.00413 0.00189 0.01261 -0.00164 0.00843 -0.00299 -0.03271 -0.00236 0.02880 0.01384 0.00152 0.00948 -0.02048 0.02396 -0.03006 0.04230 -0.02716 0.03458 -0.05410 0.04297 -0.05085 0.07300 -0.05423 0.06481 
0.02245 -0.04661 0.05887 -0.07209 0.11155 -0.06929 0.09452 -0.13733 0.11255 -0.12259 0.18382 -0.13170 0.17576 0.00916 -0.01988 0.02326 -0.02939 0.04153 -0.02690 0.03453 -0.05445 0.04363 -0.05191 0.07513 -0.05596 0.06745 -0.01186 0.01803 -0.01667 0.02675 -0.05802 0.03132 -0.04372 0.05462 -0.00938 0.05592 -0.10702 0.03973 -0.05994 
0.02187 -0.04609 0.05902 -0.07267 0.11182 -0.06861 0.09265 -0.13478 0.11174 -0.12390 0.18845 -0.13512 0.17853 -0.01010 0.01914 -0.02080 0.02864 -0.04541 0.02968 -0.03530 0.05163 -0.04208 0.05356 -0.07821 0.05357 -0.05842 -0.01759 0.03875 -0.04601 0.05913 -0.08469 0.05495 -0.07031 0.10957 -0.08678 0.10251 -0.14808 0.11123 -0.13606 
0.01235 -0.02747 0.03807 -0.04345 0.06614 -0.03960 0.05922 -0.08570 0.07047 -0.06903 0.10560 -0.07813 0.11735 -0.00843 0.01887 -0.02276 0.02975 -0.04316 0.02805 -0.03578 0.05512 -0.04315 0.05060 -0.07295 0.05526 -0.06861 0.01010 -0.01914 0.02080 -0.02864 0.04541 -0.02968 0.03530 -0.05163 0.04208 -0.05356 0.07821 -0.05357 0.05842 
0.01344 -0.02721 0.03627 -0.04292 0.06866 -0.04056 0.05687 -0.07966 0.06859 -0.07330 0.11550 -0.07985 0.10992 0.00000 0.00000 0.00000 0.00000 0.00000 0.00000 0.00000 0.00000 0.00000 0.00000 0.00000 0.00000 0.00000 0.00803 -0.01847 0.02296 -0.03078 0.04556 -0.02946 0.03710 -0.05543 0.04200 -0.04824 0.06863 -0.05283 0.06714 
0.01235 -0.02747 0.03807 -0.04345 0.06614 -0.03960 0.05922 -0.08570 0.07047 -0.06903 0.10560 -0.07813 0.11735 -0.00040 0.00040 0.00020 -0.00103 0.00240 -0.00140 0.00131 -0.00031 -0.00115 0.00236 -0.00432 0.00243 -0.00148 0.00081 0.00020 -0.00815 -0.00945 0.01241 0.00156 0.01127 0.00832 -0.01663 -0.01104 -0.01036 0.01324 0.01279 
0.01303 -0.02682 0.03647 -0.04396 0.07106 -0.04196 0.05818 -0.07997 0.06745 -0.07094 0.11118 -0.07742 0.10844 0.00081 0.00020 -0.00815 -0.00945 0.01241 0.00156 0.01127 0.00832 -0.01663 -0.01104 -0.01036 0.01324 0.01279 0.02474 -0.04107 0.06124 -0.06358 0.12720 -0.05701 0.09715 -0.12067 0.11686 -0.17431 0.09770 -0.17246 0.21298 
0.01317 -0.02727 0.02992 -0.05290 0.07854 -0.03804 0.07049 -0.07738 0.05384 -0.08007 0.09525 -0.06489 0.13013 0.02434 -0.04067 0.06144 -0.06462 0.12960 -0.05841 0.09846 -0.12098 0.11571 -0.17195 0.09338 -0.17002 0.21151 0.09242 -0.44425 0.11186 -0.20384 -0.48529 -0.17660 0.33012 -0.76048 -0.56515 -0.09487 0.87542 -0.49785 0.36041 
0.03737 -0.06748 0.09791 -0.10857 0.20066 -0.10037 0.15663 -0.20095 0.18316 -0.24289 0.20457 -0.24744 0.31995 0.09324 -0.44405 0.10372 -0.21329 -0.47288 -0.17504 0.34139 -0.75215 -0.58178 -0.10591 0.86506 -0.48460 0.37320 -0.25744 -1.55773 1.20978 0.13278 -0.83016 -0.99261 0.56319 -0.90300 -0.78999 0.65273 0.68155 -2.01533 1.83015 
0.10640 -0.47132 0.13364 -0.26619 -0.39434 -0.21308 0.41188 -0.82953 -0.52795 -0.18598 0.96031 -0.54949 0.50333 -0.23311 -1.59840 1.27122 0.06816 -0.70056 -1.05102 0.66164 -1.02399 -0.67428 0.48078 0.77493 -2.18535 2.04166 -0.90296 -1.59563 2.63876 -0.07936 1.53453 -1.00888 0.53909 1.02417 -0.00704 1.60452 -0.80097 -1.24956 1.99139 
-0.19574 -1.66588 1.36914 -0.04041 -0.49990 -1.15139 0.81828 -1.22494 -0.49113 0.23790 0.97949 -2.43278 2.36161 -0.80972 -2.03968 2.74248 -0.29265 1.06165 -1.18392 0.88049 0.27202 -0.58882 1.49862 0.06409 -1.73417 2.36459 -0.77150 0.76210 0.60729 -1.25341 2.68727 0.71745 0.36014 1.22416 0.60779 -0.88759 -1.54353 3.41019 -2.27006 
-0.70332 -2.51100 2.87611 -0.55884 0.66731 -1.39700 1.29237 -0.55751 -1.11677 1.31264 1.02440 -2.28366 2.86793 -1.00461 -0.83629 1.87851 -1.18525 1.98672 -0.33357 1.02178 0.20017 -0.06649 -0.40680 -0.76860 1.22485 -0.22840 0.11997 2.26763 -1.92647 -0.69815 -0.06436 0.55618 0.52607 -0.87466 1.48383 -2.81180 -0.28382 2.87380 -3.24833 
-1.20034 -2.50217 3.24764 -1.22566 1.48682 -1.48496 1.84006 -1.02477 -0.55762 -0.16891 0.21089 -1.20794 2.13321 -0.68975 0.22795 0.81601 -0.99080 0.99729 -0.62775 1.40656 -0.60265 0.89500 -1.31318 -0.21973 1.13963 -0.88374 0.49659 0.83611 -2.19860 0.49602 -1.55803 -0.00122 -0.00668 -1.32853 1.15987 0.56769 0.39707 -1.46238 -0.30960 
-1.39307 -2.28304 3.69212 -1.54964 1.66460 -2.02475 2.69892 -1.16016 -0.22176 -0.00054 0.80467 -1.14402 1.98419 -0.50801 -0.00018 -0.32009 -0.68923 0.42868 -0.33479 1.01510 -1.12835 1.09338 0.16088 -0.37153 -0.23754 -0.53800 0.73594 0.13469 -1.75800 0.84358 0.03241 1.10320 -1.44870 -1.59802 0.25380 2.00127 0.19840 -2.13207 1.79659 
-1.70836 -2.50235 2.92755 -1.91490 1.91550 -1.81975 2.85516 -2.15312 0.53576 -0.00803 -0.16064 -1.44547 1.59521 0.04619 0.36264 -0.94200 -0.14722 1.02970 0.47545 -0.04214 -2.20066 1.14881 0.68809 -0.02133 -0.99244 0.91285 0.78608 0.28038 -0.44718 0.67272 0.41225 0.87275 -0.85825 0.38053 -1.33335 -0.68990 0.53339 -0.39640 2.34230 
-1.34687 -1.92040 2.75013 -1.69686 2.69430 -1.54930 2.65678 -3.36082 0.92704 0.68756 0.78334 -2.13646 2.89703 0.27807 0.28019 -0.76727 -0.01651 0.84093 0.53796 0.15685 -0.74782 -0.23998 -0.52902 0.16186 -0.63394 1.80430 -0.08394 -0.61596 0.27233 0.06622 -0.76800 -0.05902 0.15662 3.18383 -1.50789 -2.31765 0.51433 1.67359 -1.04382 
-1.43029 -2.22216 2.16028 -1.93141 2.75643 -1.28179 3.01201 -2.90094 0.29578 -0.53705 0.00122 -2.07941 3.39951 -0.03775 -0.25332 -0.66966 -0.08100 0.26170 0.41643 0.11447 0.98316 -0.35909 -1.62956 0.49300 0.68115 -0.13098 -0.27947 -0.40002 0.49962 0.17276 -0.69933 -0.37239 -0.91363 0.21368 0.82190 0.63994 1.03781 1.17330 -2.50196 
-1.38462 -2.17372 2.08047 -1.77787 2.95600 -1.13286 2.77126 -2.37766 0.56796 -0.94200 1.27634 -1.45531 2.76605 -0.00140 -0.11983 -0.26765 0.15625 0.14160 0.16557 -0.75678 -0.53415 0.58193 0.11092 1.19966 0.53937 -0.69766 -0.18170 -0.15512 0.15372 0.29608 -0.54728 -0.56161 -0.02091 -1.73175 0.61688 1.40235 -0.13495 -1.25378 0.37625 
-1.43169 -2.34199 1.89263 -1.77516 2.89803 -1.11622 2.25523 -3.43509 0.87771 -0.42613 1.20088 -1.54004 2.70185 -0.21945 -0.40844 -0.51594 0.21508 -0.28558 -0.14517 0.09356 -0.74859 0.25780 -0.22721 0.35805 -0.57263 0.24527 -0.13530 -0.26086 -0.03794 -0.22020 -0.56521 -0.29289 1.44208 1.27822 -1.08634 -1.28016 -0.81144 -1.32713 0.77392 
-1.60407 -2.58216 1.56453 -1.56279 2.67042 -1.27804 2.86482 -3.12625 0.82576 -1.16921 1.63439 -2.02794 3.01133 -0.13670 -0.38069 -0.30559 -0.06395 -0.42360 -0.12732 0.68530 0.74407 -0.50442 -1.16924 0.38822 -0.78776 0.07626 0.43628 0.32721 0.34418 -0.88344 -0.75626 0.13486 0.40477 2.22648 0.26279 0.15570 0.51171 -0.30444 -1.24313 
-1.56840 -2.72268 1.58704 -1.83911 2.47443 -1.24354 2.94053 -2.69102 0.37329 -1.59537 1.58910 -2.32780 2.77811 0.21683 -0.08123 -0.17176 -0.66836 -1.04185 -0.01031 0.49834 1.47789 0.52059 -0.07151 0.86976 -0.87706 -0.99785 0.88596 0.73391 0.39279 -0.10224 -0.35118 -0.04454 -1.15328 -0.45825 0.42688 1.73806 -1.28038 0.07585 -2.04438 
-1.38724 -2.66340 1.39277 -2.23115 1.62857 -1.28835 3.36316 -1.64836 1.34634 -1.24072 2.50414 -2.90500 2.01347 0.74926 0.35322 0.08720 -0.16619 -0.77478 -0.17186 -0.46798 0.28582 -0.07754 0.56882 -0.89216 -0.71191 -1.96812 1.70774 1.26318 0.94678 1.58436 0.32485 -0.66934 -3.29530 -3.60962 -4.33136 -1.17187 -4.49924 1.54455 0.66332 
-0.81914 -2.36946 1.67424 -2.00530 1.69965 -1.41540 2.47255 -2.40520 0.29575 -1.02654 0.69694 -3.03971 0.80999 1.92457 1.18195 0.77502 0.91600 -0.71699 -0.67965 -2.79696 -2.13173 -3.81077 -1.24338 -3.62948 0.66749 -0.33453 1.40152 0.36672 -0.52405 0.78834 -1.14192 -0.52367 -1.55184 0.23285 -3.68783 -1.69257 -0.81222 2.06008 2.60854 
0.53733 -1.48145 2.16778 -1.31515 0.91158 -1.96800 0.56620 -3.78009 -2.46443 -2.48410 -1.12534 -2.23751 1.67894 2.15078 0.71994 -0.43685 0.62214 -1.91670 -0.69553 -2.01982 0.51867 -3.76538 -1.12375 -1.70438 1.34817 0.64042 -0.61724 -1.34290 -2.42320 -0.35752 -0.62848 0.83211 3.06570 5.18774 3.13081 1.31241 4.19070 0.19926 0.97272 
1.33165 -1.64952 1.23738 -1.38316 -0.21705 -2.11093 0.45273 -1.88653 -3.46963 -2.15030 -1.00744 -1.69154 1.45042 1.30733 -0.16095 -1.64818 0.55848 -1.34547 0.15246 0.26874 3.05602 -0.67996 0.06903 0.56122 0.86675 0.63819 -1.50848 -0.79746 -1.21171 0.21477 1.78308 0.77599 2.08077 0.18479 4.80625 0.19607 1.60140 -1.09293 -0.17683 
1.84466 -1.64240 0.51960 -0.75667 -0.43389 -1.81554 0.83494 -0.72407 -3.14439 -2.41506 -0.56412 -1.37077 2.31713 0.64230 -0.07752 -1.64856 0.83692 -0.13362 0.08046 0.06096 0.70346 1.04087 -0.92768 -0.10298 0.25523 0.46360 -1.00668 0.40483 0.32904 -0.14730 2.47922 -0.06121 -1.08227 -3.59235 2.45293 -0.29484 -1.57934 -0.98113 -0.77953 
1.97395 -1.72703 -0.41118 -0.54624 -0.35067 -2.03047 0.51369 -1.18307 -2.42876 -3.07798 -1.11042 -1.43631 1.91401 0.30065 0.24387 -1.31915 0.41118 1.13375 0.09125 -0.81353 -0.53633 1.77297 -0.22581 -1.01811 -0.11438 -0.14134 -0.40936 0.87721 1.06102 -1.14653 1.76909 0.49689 -0.83000 -0.56343 0.06040 1.12796 0.21949 -0.08725 -0.87530 
2.14531 -1.39853 -0.79955 -0.34550 0.69986 -1.72429 0.02141 -1.26041 -1.37143 -2.64087 -1.58223 -1.48515 2.17578 0.23295 0.79969 -0.58754 -0.30961 1.63547 0.57734 -0.76904 0.14003 1.10127 0.20028 0.11651 0.16799 -0.41170 -0.32064 -0.15102 0.38511 -1.48070 -0.51983 -0.03151 -0.17554 0.16913 -2.17552 -0.61587 0.74431 -0.33689 -1.46458 
2.20690 -0.92734 -0.99872 -0.85586 1.28480 -1.45313 -0.25535 -1.04305 -1.32748 -2.87769 -0.99391 -1.26833 1.50231 -0.01999 0.09285 -0.93404 -1.06952 0.61393 0.05975 -0.98907 -0.36720 -0.40256 -0.84168 -0.27381 -0.45127 -1.60593 -0.14877 -0.67598 -0.14146 -0.30803 -0.47092 -0.34785 0.36258 -0.50188 -0.82959 0.10459 -0.52994 -0.54057 0.04733 
2.12532 -1.30567 -1.73359 -1.41501 1.31379 -1.66454 -0.96766 -1.62761 -1.77398 -3.48255 -1.85604 -1.93642 0.56986 0.08418 0.12371 -0.72900 -0.61765 1.16456 0.22949 -0.40647 -0.36185 0.27168 0.30488 -0.41343 -0.37259 -0.36438 0.01027 0.22503 0.78999 0.34638 -0.30275 0.13453 0.70097 -0.09848 0.83002 1.28308 -0.08877 0.37602 1.65143 
2.29108 -0.80363 -1.72772 -1.47350 2.44936 -1.22364 -0.66182 -1.40490 -1.05580 -2.57282 -1.40734 -1.64091 1.13793 -0.00971 0.31789 -0.14404 -0.72314 0.31117 0.19427 -0.28810 -0.46569 0.42747 0.44140 -0.36258 -0.07525 0.04550 -0.18558 0.09846 0.76059 -0.14726 -1.26768 -0.49835 0.08920 0.61493 -0.80013 -0.65757 0.42376 0.55912 0.28428 
2.11560 -0.98779 -1.87763 -2.13815 1.62496 -1.47027 -1.25576 -2.09329 -1.34651 -3.04115 -2.21861 -2.01166 0.61536 -0.10140 0.22217 0.03159 -0.76491 -0.10313 -0.26886 -0.31727 0.25308 -0.52845 -0.35270 0.01033 0.18653 -0.08010 -0.07568 0.15610 0.35419 -0.05863 0.45175 -0.38128 0.12739 1.49439 -0.98252 -0.59300 1.10418 0.24091 0.49066 
2.18967 -0.58147 -1.69613 -2.23841 2.34624 -1.49251 -0.97909 -1.15183 -1.58425 -2.92551 -1.39702 -1.45438 1.05783 -0.08539 0.47399 0.21015 -0.78177 0.76292 -0.18701 -0.16071 1.02871 -0.55505 -0.15160 0.74161 0.16566 0.53616 -0.03414 -0.20353 0.36182 0.25682 -0.06421 0.36671 0.14874 -0.19048 0.52972 0.23678 1.31966 -0.52621 0.18436 
2.03021 -0.51380 -1.66748 -2.91992 2.38788 -1.65728 -1.41647 -1.06459 -1.90157 -3.19275 -1.47700 -1.84600 1.15152 -0.13554 0.01863 0.39341 -0.50808 -0.16733 0.09784 -0.16852 0.06260 0.00128 -0.11592 1.32998 -0.33968 0.10425 0.04506 -0.70834 -0.07395 0.79536 -1.11177 -0.19551 0.14416 -1.20303 0.34430 0.40286 -0.44498 -0.22003 -0.58817 
2.05413 -0.56284 -1.30272 -2.74649 2.17890 -1.39467 -1.14761 -1.08923 -1.58297 -3.04143 -0.06703 -1.79406 1.16208 -0.04033 -0.23435 0.13619 0.01359 -0.34885 -0.38252 -0.01655 -0.17432 -0.21076 0.25126 0.29663 -0.05437 -0.05201 0.27646 -0.02881 -0.17736 0.90225 0.31917 -0.39409 0.34800 0.40163 0.24964 0.83252 -1.96890 1.25255 0.64615 
1.98988 -0.74815 -1.53129 -2.90633 2.03904 -2.03979 -1.43302 -1.23891 -2.11232 -2.94149 -1.18037 -1.90037 1.09951 0.14092 -0.01017 0.21604 0.39416 0.15184 -0.29624 0.17948 0.46423 0.25092 0.71660 -0.63892 0.91288 0.75040 0.08466 0.14482 -0.16546 0.40166 -0.26218 0.54103 0.19479 -0.64486 0.60802 0.02004 -1.06910 0.68478 0.55953 
2.19506 -0.57301 -1.08668 -2.35233 2.33074 -1.69091 -0.96813 -0.62500 -1.33205 -2.32483 -0.70595 -0.88118 1.91249 0.04433 -0.08953 -0.02927 0.41524 -0.61103 0.15851 0.17824 -0.81918 0.39726 0.27130 -0.77247 0.63041 0.50752 -0.21940 0.01397 -0.13317 -0.22554 -0.38809 0.50169 -0.15596 -1.31891 -0.18824 -0.47796 1.42069 -0.78604 -0.07126 
2.03421 -0.83768 -1.56056 -2.49109 1.42801 -1.88128 -1.25478 -2.05809 -1.71506 -2.67018 -1.95284 -1.26995 1.60703 -0.07847 0.00380 0.08288 0.16862 -0.23625 0.20544 0.02352 -0.85469 0.06268 0.23864 0.78177 0.12684 0.67914 -0.10715 0.09561 0.47625 -0.35138 1.00933 0.04019 -0.17792 1.15468 -0.04624 -0.12519 2.48983 -0.62147 -0.00423 
2.11659 -0.56921 -1.00380 -2.18371 2.09449 -1.48546 -0.94462 -1.47969 -1.26937 -2.08619 0.07582 -0.75435 2.59162 -0.06282 0.00608 0.44698 0.06387 0.39831 0.19870 0.00032 0.33550 0.35103 0.14611 1.71736 0.00895 0.50330 -0.11499 -0.19242 -0.12021 -0.50387 0.87320 -0.51070 0.17007 0.90700 -0.48439 0.47056 -1.85855 -0.47407 -0.28396 
1.97139 -0.83159 -1.11359 -2.42722 1.82632 -1.68258 -1.25446 -1.72259 -1.36403 -2.52407 -0.23548 -1.26100 2.11033 -0.19346 -0.18862 -0.03733 -0.33525 0.63694 -0.30526 0.19358 0.05231 -0.42171 0.70920 -1.07678 -0.34723 0.39518 0.03908 -0.03871 -0.62019 -0.19284 0.61397 -0.59336 0.54579 -0.00641 -1.05861 1.33284 -3.00661 0.26905 0.54635 
1.92313 -0.75784 -1.04114 -2.51895 2.73143 -1.79072 -0.75103 -1.42738 -1.69108 -1.37700 -1.00096 -1.10158 2.98680 -0.02373 -0.03262 -0.17321 -0.12898 1.01228 -0.39465 0.54611 0.32908 -0.70759 1.47895 -1.28925 0.27799 1.04965 0.09729 -0.15769 -0.30017 0.36414 -0.54771 0.24043 -0.05165 -0.18187 0.35793 -0.69740 1.55163 -0.05492 -0.87392 
1.94766 -0.86421 -1.28680 -2.55620 2.83860 -2.07723 -0.70835 -1.39351 -2.07162 -1.04512 -1.52472 -0.98301 3.15998 -0.09617 -0.34631 -0.33751 0.02889 0.08923 -0.06483 0.14194 -0.12955 -0.06378 0.01179 0.47485 -0.40215 -0.47874 -0.23177 -0.65911 0.32004 0.30706 -0.88421 0.44958 -0.97717 -0.02577 0.97771 -2.04206 3.29708 -1.18622 -2.70475 
1.82695 -1.10415 -1.37865 -2.49007 2.82067 -1.85555 -0.60910 -1.55693 -1.75487 -1.36520 -0.52610 -1.50373 2.50806 -0.25551 -0.69173 0.14683 0.17809 0.12807 0.05493 -0.43106 0.30332 0.27013 -0.56311 2.00783 -0.90822 -1.65510 -0.18497 -0.58619 0.72801 0.13265 0.04721 -0.12132 -0.88339 0.60975 -0.12838 -0.36902 0.47418 -0.18562 -1.21662 
1.69215 -1.55595 -1.13996 -2.37811 2.96667 -2.02231 -1.13942 -1.09019 -1.80149 -1.60823 0.48311 -1.89123 1.50488 -0.28114 -0.93250 0.39050 0.16154 0.13644 -0.18615 -0.74146 0.48020 -0.19217 -0.35723 0.94903 -0.58778 -1.69536 0.14706 -0.05064 -0.05505 0.30840 0.15385 -0.07365 0.42840 -0.28343 -0.54623 0.72130 -2.19437 0.92693 1.14012 
1.54581 -2.03665 -0.98814 -2.32853 2.95711 -2.04169 -1.35056 -1.07673 -1.94703 -1.72243 0.42293 -2.09151 0.81270 -0.10845 -0.74237 0.09178 0.48649 0.28191 -0.01872 -0.00267 0.01989 -0.27610 0.15819 -0.18653 0.01870 -0.51497 0.22608 0.22965 -0.37319 0.60818 -0.22790 0.02105 1.24421 -0.91825 -0.67047 1.47692 -0.79977 -0.11683 2.31716 
1.58370 -2.29832 -1.04818 -1.89162 3.24858 -2.04103 -1.14208 -1.07030 -2.07759 -1.45005 0.29657 -1.87253 0.98991 -0.05507 -0.70285 0.01731 0.76972 -0.09146 -0.16510 0.50275 -0.43805 -0.86264 1.11969 0.14926 -0.70460 0.62180 0.09287 0.23624 0.33441 0.21574 -1.13326 -0.17088 0.79929 -0.31075 0.18976 1.41989 -0.00550 -0.85082 1.59853 
1.49074 -2.73950 -0.97083 -1.55881 2.86565 -2.20679 -0.84780 -1.51478 -2.80967 -0.60274 0.57218 -2.79611 1.43450 -0.01558 -0.50614 0.42619 0.70223 -0.85134 -0.18960 0.79662 -0.29086 -0.08634 1.57808 -0.19204 -0.83211 1.08356 0.17391 0.55382 0.20969 0.14408 -0.84354 -0.13731 0.01728 0.59188 1.31374 -0.73316 -1.39950 0.82089 -0.36109 
1.56812 -2.80446 -0.62199 -1.18939 2.39724 -2.23063 -0.34546 -1.36116 -2.16393 0.12803 0.10454 -2.70464 2.07347 0.11885 -0.14904 0.22700 0.91380 -0.93500 -0.30241 0.52003 0.15383 0.45110 0.38653 -1.25024 0.11629 0.26071 0.12309 0.62923 -0.52686 0.44466 0.18110 -0.10685 -0.19544 -0.30704 0.26617 -1.27243 -0.60939 1.37780 -0.73144 
1.60958 -2.88854 -0.74384 -0.64501 1.93065 -2.50920 -0.32777 -1.36095 -2.35857 -0.21621 -0.67806 -2.67982 1.69521 0.10750 0.12309 -0.10067 1.14689 -0.67024 -0.29646 0.60118 -0.59790 0.17983 0.30565 -0.80142 0.54569 0.35212 -0.12267 0.37581 -0.23117 -0.14166 0.94870 0.08093 -0.15239 -1.26810 -0.09955 0.00770 0.61827 0.79951 -0.22173 
1.67562 -2.68137 -0.72267 -0.04251 1.72699 -2.52709 0.25572 -1.95906 -1.98409 0.43368 -0.69689 -2.15895 2.42558 -0.00383 0.22678 -0.00417 0.77214 0.01370 -0.22147 0.36764 -1.11427 0.35155 0.39422 -0.63197 0.91580 0.03898 -0.19449 0.01763 0.31615 -0.82819 0.51492 0.11788 -0.75252 0.40629 0.39746 -0.37860 0.00180 -0.55070 -0.72938 
1.60575 -2.66176 -0.74800 0.12713 1.94435 -2.73067 0.03987 -2.47522 -2.00701 0.17801 -1.31003 -1.76401 1.73419 -0.08699 0.14072 0.21548 0.31870 -0.15532 -0.17858 -0.15134 -0.19161 0.57730 -0.07295 -0.79962 -0.00501 -0.37726 -0.07136 -0.19919 0.36480 -0.53964 -1.18592 0.13193 -0.38784 0.99168 0.44387 -0.54450 -0.23012 -1.81480 0.22907 
1.58863 -2.54065 -0.50719 0.27620 1.57167 -2.70567 0.10438 -2.15066 -1.40680 0.36073 -1.49651 -2.16396 2.04832 -0.07519 0.02758 0.36063 0.23250 -1.17222 -0.08955 -0.02020 -0.12259 0.79543 -0.15028 -0.86209 -0.89900 0.26805 0.03524 -0.06118 -0.15105 -0.22583 -0.05685 -0.03260 0.18187 0.27782 -0.10484 0.11801 0.45220 -0.61376 1.16197 
1.53056 -2.63418 -0.38738 0.35963 0.77213 -2.82022 0.01967 -2.59781 -1.21159 0.02773 -2.17213 -2.66301 2.00223 -0.05175 0.07953 0.06443 0.09287 -0.21217 -0.21118 0.03053 0.08621 0.47245 0.04506 -0.34743 -0.61877 0.78471 -0.00666 0.11450 -0.38783 -0.39178 1.58470 -0.36884 0.20366 0.22996 -0.45060 0.62804 0.80320 0.55494 -0.65745 
1.53688 -2.46112 -0.44276 0.36907 1.35950 -2.91684 0.13491 -2.06445 -0.93435 0.40579 -1.84394 -2.78273 2.83303 -0.08185 0.14208 -0.02720 -0.15928 0.41248 -0.45839 0.18346 0.10737 0.34483 0.47775 -0.05889 -0.34405 -0.38940 0.01635 -0.04030 0.15566 -0.15462 -0.16584 0.10778 -0.22419 0.03529 -0.23853 0.09645 0.59493 0.97200 -1.57303 
1.44871 -2.49210 -0.41458 0.20035 1.18461 -3.27861 0.20313 -2.49044 -0.86676 0.50548 -2.23101 -3.00707 1.61283 -0.03540 0.03923 0.22008 -0.06174 -0.37801 -0.10340 -0.19366 0.12150 0.23392 0.14150 0.24750 0.35323 -0.78832 0.04627 -0.18876 0.31749 0.21088 -0.98469 0.71871 -0.38177 0.15142 -0.37583 -0.57627 -0.08014 1.22306 1.68318 
1.50148 -2.42189 -0.22268 0.30733 0.98148 -3.02024 -0.05875 -1.94296 -0.70042 0.54729 -1.59643 -2.42950 2.04471 -0.03558 -0.04668 0.29029 0.05160 -0.57222 0.26032 -0.19831 0.25879 -0.03100 -0.09851 -0.13902 0.87901 1.29378 -0.11524 -0.09057 -0.05824 0.08150 -0.07210 0.26770 0.41477 -1.10579 -0.40912 -0.19021 -1.31686 -0.11536 1.57533 
1.41313 -2.53878 -0.12429 0.25194 0.61239 -3.01829 0.00482 -2.23165 -0.89775 0.40697 -2.37004 -2.12806 2.90662 -0.15064 -0.05134 0.16184 0.01975 -0.45011 0.16430 0.22111 -0.98429 -0.17519 -0.04871 -1.06936 0.23787 0.78701 -0.00953 0.07393 -0.33135 -0.05017 0.38641 -0.12470 0.03772 -0.62983 0.16652 -0.14195 0.35389 -1.33551 -1.47985 
1.35085 -2.47322 -0.06083 0.32708 0.53137 -2.85594 0.16236 -2.92725 -0.87561 0.49858 -2.66579 -2.19163 2.83171 -0.04512 0.02725 -0.04106 0.00143 -0.18580 0.13562 -0.16059 -0.37104 0.13552 -0.24046 0.21487 -0.45650 -0.18607 0.20484 0.12541 -0.11033 0.26761 0.77050 -0.00057 -0.50379 1.79994 0.73252 -0.21375 2.19951 -0.29114 -1.26496 
1.36801 -2.51153 -0.16535 0.25337 0.42659 -2.88267 -0.15576 -2.60269 -0.76223 0.16651 -2.15517 -2.58456 2.72055 0.05421 0.07407 0.05152 0.28737 0.32039 0.16373 -0.28268 0.81564 0.55733 -0.26246 1.13016 -0.05327 -0.47795 0.01630 0.00286 0.29628 -0.11568 0.63807 0.07322 -0.23497 0.33810 0.23607 0.38260 -0.77493 0.86856 -0.13269 
1.40505 -2.39915 -0.00932 0.61445 0.85176 -2.69220 -0.12032 -2.11160 -0.31829 0.23611 -1.53564 -2.24490 2.35376 -0.02882 0.03011 0.25522 -0.11426 0.45227 0.20884 -0.39556 -0.03294 0.37160 0.14214 -0.56006 0.41206 -0.31876 -0.17288 -0.01812 0.19822 -0.75645 -0.33195 -0.07403 -0.17543 -0.89834 -0.61725 0.10425 -1.68979 0.13075 0.81159 
1.33919 -2.48142 0.08986 0.13911 0.87886 -2.67383 -0.55133 -2.63562 -0.39064 0.30865 -2.71523 -2.17250 2.40179 -0.11868 0.05595 0.24974 -0.46909 -0.01156 0.08971 -0.45811 -0.08269 -0.05992 -0.15822 -0.55963 0.07748 0.33364 -0.09005 0.17607 0.33953 0.21521 -0.64321 -0.00177 0.47041 0.74319 -0.30420 0.02668 1.34225 -0.98469 1.38394 
1.28638 -2.34320 0.24042 0.14536 0.84020 -2.60250 -0.57843 -2.19429 -0.37821 0.07790 -2.09527 -2.16741 2.68740 -0.11887 0.20618 0.59474 0.10095 -0.19094 0.20707 0.07485 0.71026 0.06739 0.16882 0.78219 -0.57264 1.06518 0.04856 0.16308 -0.08257 0.58784 -0.18603 -0.20000 0.25368 -0.24053 0.03522 -0.05816 0.35524 -0.47884 -0.68820 
1.22032 -2.27525 0.68461 0.24006 0.68791 -2.46677 -0.47648 -1.92537 -0.32324 0.47747 -1.93304 -2.74514 3.46697 -0.07012 0.21902 0.16717 0.11875 -0.19758 -0.11030 -0.20443 -0.32322 -0.02470 -0.21638 -0.20439 -0.40135 -0.35456 0.09884 0.21734 -0.38981 0.39969 0.19252 0.10945 -0.15090 -1.36352 0.05480 -0.84077 -1.39367 0.94589 -2.17742 
1.21626 -2.12418 0.40759 0.26411 0.64261 -2.71279 -0.78286 -2.51751 -0.40290 -0.13848 -2.29966 -2.56877 2.33284 -0.02003 0.42352 0.20494 0.50063 0.00158 0.31652 -0.07605 -0.65326 0.12219 -0.67195 -0.61148 0.37325 -1.11223 -0.11956 0.37386 0.44618 1.01880 0.23813 0.54527 -0.33060 0.21160 0.23618 -0.06344 0.84621 -0.24429 -1.07453 
1.20029 -1.85172 0.88955 0.74069 0.68949 -2.15025 -0.55252 -2.57863 -0.20105 -0.19448 -2.54453 -2.37189 2.35473 -0.18968 0.59288 0.61335 1.13756 0.04055 0.43498 -0.53503 -0.11162 0.21148 -0.27981 0.64182 -0.64564 -1.42909 -0.29673 -0.18529 0.04620 -0.22119 0.00708 0.04844 -0.37862 0.82274 0.03140 0.41777 1.56975 -0.85594 0.23286 
1.02658 -1.53130 1.02094 1.40167 0.68316 -2.27782 -1.31789 -2.62913 -0.19142 -0.41829 -1.65784 -3.21441 0.90375 -0.31676 0.23824 0.25113 0.27944 0.00866 0.36496 -0.45467 0.16948 0.15359 -0.25417 0.95827 -0.48269 -0.87937 -0.08831 -0.47014 -0.77620 -1.13039 0.96123 0.24515 0.38403 0.48433 0.37233 -0.37135 -0.47684 1.65868 2.07022 
0.88353 -1.61349 1.14068 1.02013 0.69815 -1.78529 -1.00719 -2.40915 -0.04746 -0.44865 -1.58626 -2.85458 1.47536 -0.27799 0.12274 -0.16285 0.00716 1.00177 0.68012 -0.15101 0.37271 0.58381 -0.65117 0.16497 1.01304 0.64113 0.09588 -0.01296 -0.84135 0.10005 1.08663 -0.52388 -0.24297 0.15250 0.80404 -0.33746 -1.39229 1.17296 1.09252 
0.74859 -1.40855 0.85810 1.40883 1.68493 -1.59769 -1.46890 -2.25642 0.39238 -1.06946 -1.49287 -2.20137 1.54488 -0.22088 0.22527 -0.59022 0.37949 1.09529 -0.15893 -0.69764 0.32197 0.95763 -0.59164 -0.43403 0.69027 0.21315 -0.00838 -0.25082 -0.44507 -0.60240 -0.98376 -0.72514 0.63081 0.46882 -0.44902 0.68029 -0.48814 -0.98574 -0.41698 
0.66266 -1.38821 0.55046 1.39962 1.79344 -1.94422 -1.70483 -2.08718 0.91016 -1.04029 -2.02029 -2.16432 1.68851 -0.28637 -0.12808 -0.60791 -0.59523 0.01801 -0.04501 0.47981 0.84153 0.13479 0.02912 -0.32316 0.02730 0.22415 -0.19771 -0.54888 0.04530 -0.85725 -1.23121 0.67489 1.30069 0.60378 -0.58480 0.68990 0.56921 -0.77373 -0.03088 
0.46222 -1.53663 0.25019 0.81360 1.70295 -1.64271 -0.98909 -1.41490 0.52717 -1.04034 -1.81604 -2.17407 1.76902 -0.41859 -0.32361 -0.54491 -0.47776 -0.13593 0.51597 0.60305 0.92575 0.37283 0.09826 0.13519 -0.08346 0.18228 0.00059 0.07279 0.37532 0.49484 0.02157 0.40011 -0.65185 -0.74991 0.44646 0.18759 0.72719 0.56580 -0.62574 
0.24407 -1.71182 0.00555 0.92186 1.65751 -1.42825 -1.10178 -1.16143 1.28299 -0.94202 -1.88510 -2.24778 1.87079 -0.28578 -0.05529 -0.23260 -0.10039 0.03958 0.35510 -0.17204 0.09162 0.58124 0.21671 0.40402 0.59310 -0.40160 0.23485 0.20438 0.23576 0.00876 0.06634 -0.12188 -0.17345 -0.76508 0.04039 0.81495 0.69175 0.46169 -1.04815 
0.17643 -1.59192 0.01759 0.71321 1.74253 -1.28761 -1.16113 -1.32328 1.10842 -0.82363 -1.41201 -1.58097 1.36743 -0.18374 -0.11923 -0.30915 -0.46900 -0.06959 0.39409 0.42960 0.16067 0.41322 0.91321 0.82694 0.37824 -0.86588 0.30501 0.36045 -0.11148 -0.45577 -0.33804 0.00046 0.87108 0.21795 -0.74072 0.73323 1.10299 -0.50716 0.11728 
0.06033 -1.83106 -0.30360 0.45286 1.58792 -1.03416 -0.67218 -1.00076 1.69621 -0.02882 -1.05816 -1.86954 1.00491 0.01923 0.30516 -0.34408 -0.55616 -0.29846 0.35556 0.69904 0.30957 -0.15948 0.94994 1.50701 0.08594 -0.28431 0.10948 0.79481 0.49868 0.24088 0.06384 0.20558 0.07334 0.17685 -0.92049 -0.92308 -0.31204 -0.16052 1.17258 
0.19567 -1.28676 -0.32649 0.15705 1.44406 -0.93206 -0.46208 -1.01371 0.94894 0.12630 0.09500 -1.49503 1.08312 -0.07426 0.67557 0.18953 -0.22812 -0.00574 0.59967 0.50294 0.33752 -0.50727 -0.00987 0.51490 0.21771 0.30670 -0.16032 0.22104 0.85475 0.61381 -0.03330 -0.18594 -0.83545 -0.33691 -0.16930 -1.35581 -2.41704 0.61781 0.48225 
-0.01393 -1.15548 -0.11407 0.22473 1.58218 -0.43449 -0.16924 -0.66324 1.18894 -0.03869 -0.54326 -1.65183 1.31162 -0.14109 0.52620 0.51067 0.05765 -0.33176 0.16962 -0.13641 -0.02734 -0.32878 -0.40587 -0.91003 0.70375 0.19794 0.03445 -0.15793 0.01049 0.38277 -0.52112 -0.59774 -0.82144 -0.71519 -0.56613 -0.13946 -1.03714 0.02035 -1.40568 
0.05458 -0.76057 0.18418 0.21470 1.11230 -0.76243 -0.59849 -1.04105 0.62016 -0.27957 -0.81503 -0.79127 1.28105 -0.03981 0.51764 0.20002 0.15464 -0.52687 0.00194 -0.31849 -0.37767 -1.07340 -0.14933 -0.52224 0.23806 -1.09897 0.03542 -0.15082 -0.70236 -0.55713 -0.24128 0.19944 0.74912 0.72862 0.45574 0.70008 1.45005 -0.64188 -0.89435 
-0.05374 -0.63785 0.08595 0.37938 1.05531 -0.43256 -0.48773 -1.04091 0.11554 -0.18801 -1.06550 -1.41376 0.21265 -0.10567 0.37538 -0.19169 -0.49948 -0.57304 0.36906 0.61271 0.70128 0.12696 0.29421 0.54002 0.06187 -0.69641 0.09196 -0.43918 -0.19216 -0.94519 0.70745 -0.36210 0.49405 1.26290 1.02763 0.49177 1.23797 -0.37861 2.06543 
-0.05109 -0.38518 -0.00751 -0.28478 0.53927 -0.39337 0.01422 -0.33977 0.74712 0.01464 -0.27501 -0.72940 0.58464 0.05215 0.07846 0.00786 -0.79055 0.18059 -0.36017 0.17555 0.88523 -0.04576 0.34244 0.71573 -0.14055 0.96646 0.15839 -0.50881 -0.05575 0.81370 0.99588 -0.35984 -0.52860 -0.39361 -0.47389 -0.33394 -0.46263 0.20561 0.67346 
-0.00159 -0.55939 0.09381 -0.41117 1.23590 -0.79272 -0.31218 -0.15569 0.06978 0.15443 -0.34977 -1.55431 1.17910 0.05272 -0.13342 -0.24744 0.31422 0.42284 0.00923 0.08411 0.30767 -0.34693 -0.03973 0.07740 0.26748 -0.02295 -0.07799 0.24609 -0.20285 1.07221 -1.27258 0.93409 0.21146 -0.75213 0.01518 -0.91555 0.11118 1.56969 -0.93010 
0.00162 -0.51861 -0.25496 0.02943 0.96211 -0.38415 0.09833 -0.03210 0.40019 -0.02508 -0.19761 -0.46192 0.56169 -0.02584 0.32455 -0.19499 0.28166 -1.09200 0.57392 0.38701 0.13310 -0.03058 -0.57310 0.82691 1.42915 0.03636 -0.08909 0.55370 0.57054 -0.63511 -0.86290 0.14282 0.17438 -0.60621 0.33312 0.12325 0.00149 0.16104 -0.28659 
-0.02743 -0.23484 -0.10118 -0.12951 0.14390 -0.21880 0.07483 -0.02259 0.03919 -0.41868 0.47714 -0.12516 1.21546 -0.03638 0.42028 0.32310 -0.32089 -0.44006 0.15205 0.25849 -0.29854 -0.01381 0.08353 0.07889 0.42851 -0.30954 -0.04138 -0.20602 0.45973 -0.59975 0.86966 -0.40641 0.15523 -0.29277 -0.02916 0.97542 -1.69550 -1.68391 -1.07853 
-0.03475 -0.09833 0.06814 -0.29146 0.52205 -0.23210 0.35682 -0.33064 0.38638 0.05844 -0.11872 -0.03341 0.25215 -0.06722 0.11852 0.26474 -0.31809 -0.22233 0.16751 0.54224 -0.15967 -0.05975 0.40232 -0.86859 -0.25476 -1.04217 -0.01433 -0.44203 -0.21538 0.40522 -0.09414 0.03736 -0.28179 0.82000 -0.17960 -0.63830 0.00963 -0.82286 0.16982 
-0.09465 -0.11631 0.16356 -0.44760 -0.07843 -0.05129 0.61706 -0.18225 -0.02055 -0.01636 -0.39145 -0.37992 0.17329 -0.05071 -0.02175 0.10772 0.08433 -0.53420 0.18940 -0.02330 0.52146 -0.19341 -0.55477 0.08851 -0.39435 -0.13971 0.06335 -0.21200 -0.18903 0.47330 0.15210 -0.10348 -0.72927 -0.15443 0.13950 -0.31852 0.80195 0.62689 1.67958 
-0.08546 -0.12009 0.17586 -0.20713 -0.01216 -0.04270 0.33352 0.19082 0.19297 -0.49633 -0.03021 -0.42776 0.11243 -0.00387 -0.09347 0.07571 0.15521 -0.07024 0.06403 -0.18704 -0.31410 0.07975 0.08380 -0.06663 0.37213 0.63741 0.13892 0.02383 -0.23323 -0.01387 0.54529 -0.48802 -0.43610 -0.90909 0.14775 1.00895 0.73961 0.89757 -0.25218 
-0.09852 -0.20979 0.23927 -0.29238 -0.14867 0.01273 0.43003 -0.49635 0.05920 0.06744 -0.45808 -0.00779 0.81070 0.08822 0.00208 -0.12551 0.07046 0.01109 -0.29862 -0.45940 -0.38763 -0.04566 0.45417 0.82813 0.50322 -0.39190 0.15349 0.25785 -0.31219 0.05304 0.10513 -0.07751 -0.08997 0.63583 -0.16099 -0.25237 0.54548 -0.44889 -1.04041 
0.00276 -0.11801 0.05034 -0.13668 -0.00106 -0.34131 -0.12588 -0.19681 0.14732 -0.04216 0.79792 0.07547 -0.27946 0.14962 0.16438 -0.23648 0.20825 0.03489 -0.01348 -0.27700 0.32173 -0.08123 -0.16857 0.47885 -0.07676 -0.40300 -0.08673 0.03833 0.07563 -0.07486 0.20043 0.59703 0.73393 0.56800 -0.06638 -0.56906 -1.66566 -0.62532 1.17813 
0.05110 -0.04541 0.00279 -0.08413 -0.11378 -0.00074 0.15302 -0.17462 -0.02203 -0.10114 0.02077 -0.08455 0.40770 0.00148 0.04041 -0.04988 -0.00441 0.21153 0.29841 0.27452 0.18037 -0.11204 -0.11489 -0.83753 -0.12209 0.78623 -0.18522 -0.15566 0.27298 -0.22787 0.18276 -0.06206 0.21914 -0.27680 0.19473 0.18540 -0.36061 0.06286 0.13043 
0.00424 -0.07760 0.00046 -0.14108 0.21046 -0.04290 0.14864 -0.01644 0.03527 -0.15705 -0.03962 -0.04663 0.50677 -0.03561 0.00872 0.03650 -0.01962 0.21765 -0.07554 -0.05786 0.04493 0.11350 0.01682 0.11824 -0.01390 -0.27257 -0.01089 -0.04095 0.08384 0.07543 -0.48542 -0.27131 -0.29613 -0.29339 0.26058 0.25773 0.88253 0.03069 -1.12201 
0.01549 -0.03669 0.03929 -0.10375 0.10387 -0.07628 0.09516 -0.12969 0.09147 -0.08431 0.13901 -0.09845 0.13513 -0.00941 -0.00054 0.03396 0.07103 -0.27389 0.02711 -0.02160 -0.11303 0.14854 0.14284 0.04499 -0.09141 -0.33578 0.01751 -0.07002 -0.05991 -0.01936 -0.04486 0.15684 0.10448 0.14311 -0.16949 -0.16558 -0.17936 -0.16417 0.32714 
-0.00516 -0.07814 0.03442 -0.07006 -0.06343 -0.01579 0.12704 -0.12947 0.18381 -0.01421 0.00538 -0.13804 0.17099 -0.01809 -0.06130 -0.02341 -0.03898 0.17279 0.08129 0.04662 0.18804 -0.05599 -0.14875 -0.06112 -0.17807 0.05457 0.01910 -0.00341 -0.02861 -0.07550 0.36207 -0.05969 0.11369 0.10905 -0.24623 -0.34883 0.43164 0.15037 0.44997 
-0.00260 -0.09799 0.01588 -0.14273 0.27665 0.00501 0.14178 0.05836 0.03548 -0.23307 0.07789 -0.27652 0.18969 0.00969 -0.00395 0.00535 -0.00447 0.08818 -0.03258 0.09208 -0.00398 -0.09769 -0.20599 0.47663 0.05897 0.11419 0.04201 0.07506 0.11085 0.06630 -0.22586 -0.23726 -0.04168 -0.45613 0.19927 0.23719 0.15209 0.28146 0.07050 
0.00453 -0.08209 0.03977 -0.07453 0.02475 -0.04837 0.21913 -0.13345 0.08613 -0.22019 0.48201 -0.07907 0.28519 0.02391 0.01375 0.08745 0.02732 -0.05307 -0.15596 0.00494 -0.26808 0.14328 0.08844 0.09097 0.10339 0.12507 -0.00951 0.05834 -0.01874 0.04720 -0.00796 0.01458 -0.25456 0.05071 0.11887 0.34853 -0.91078 -0.05430 -0.23759 
0.02131 -0.08424 0.10333 -0.11541 0.22359 -0.15095 0.14672 -0.20973 0.17876 -0.14463 0.16886 -0.17313 0.31476 0.00018 0.05439 -0.01339 0.04273 0.08022 -0.01800 -0.16248 0.04673 0.02119 0.14254 -0.43415 0.00466 -0.12340 -0.06345 0.02415 -0.05381 0.01302 -0.10444 0.24862 0.04442 0.16946 -0.38728 -0.05483 -0.58376 -0.03985 -0.32190 
0.00471 -0.02770 0.02637 -0.03180 0.10497 -0.06637 0.05665 -0.08672 0.10732 -0.07765 0.04786 -0.07441 0.16179 -0.03953 0.03791 0.03364 0.04034 -0.15751 0.09265 0.04936 -0.09863 -0.24400 0.03360 -0.49279 0.06354 -0.19683 0.00501 -0.05340 0.04303 -0.09403 -0.02699 -0.00277 0.24667 -0.12625 -0.02749 -0.18067 0.48681 -0.03880 0.11584 
-0.01822 -0.04633 0.13697 -0.07507 0.06608 -0.05830 0.19608 -0.30835 -0.06524 -0.11103 -0.32393 -0.10959 0.11793 0.00519 0.00099 0.02964 -0.05130 0.05323 -0.02077 0.08420 -0.07953 -0.00630 -0.03813 0.05266 -0.03413 -0.00756 0.06359 -0.02385 -0.15603 -0.01185 0.19635 -0.10879 -0.21613 0.33076 0.38872 -0.01696 0.86129 -0.06324 0.27980 
0.00990 -0.02671 0.05601 -0.08310 0.15820 -0.08714 0.14085 -0.16625 0.10102 -0.11578 0.10052 -0.10854 0.15424 0.02406 0.01406 -0.12240 0.02848 0.03884 -0.01614 -0.16677 0.23213 0.14472 0.01664 0.36850 0.00030 0.08297 -0.00113 -0.02215 -0.01905 0.05698 -0.09576 0.05648 -0.10863 0.09276 0.00832 -0.00948 0.04153 0.00737 -0.01567 
0.00584 -0.03227 0.01457 -0.04658 0.10491 -0.07444 0.02931 -0.07622 0.07948 -0.09439 0.04457 -0.10928 0.20089 0.00406 -0.02116 0.01059 0.00568 -0.04252 0.03571 -0.02444 0.01323 0.00202 -0.04761 0.09419 -0.02676 -0.02323 -0.11833 -0.19865 0.21826 0.06772 -0.08846 -0.23909 0.46990 -0.37186 -0.16855 0.04212 -1.28100 0.14395 0.44017 
0.01396 -0.04787 0.06660 -0.07742 0.11567 -0.05143 0.11641 -0.15301 0.10304 -0.16339 0.19471 -0.13530 0.13101 -0.09427 -0.18459 0.09586 0.09621 -0.04962 -0.25523 0.30312 -0.13973 -0.02383 0.05876 -0.91250 0.14425 0.52314 0.03427 0.10826 0.08746 -0.21082 0.03759 -0.23166 0.15753 0.25825 0.04494 0.00269 -0.82071 -0.22347 1.04779 
-0.08843 -0.21687 0.11043 0.04962 0.05529 -0.32967 0.33243 -0.21595 0.05565 -0.03563 -0.86793 0.03497 0.72404 0.03833 0.08710 0.09805 -0.20514 -0.00493 -0.19595 0.13310 0.27148 0.04697 -0.04492 -0.72652 -0.25023 1.02456 0.08787 0.25524 -0.00983 -0.24427 -0.12635 0.58538 -0.41303 0.07533 -0.04366 -0.06854 1.63605 -0.42133 -0.58184 
