0.01774 -0.02878 0.07365 -0.06656 0.06409 -0.06330 0.11798 -0.16365 0.09073 -0.08214 0.09014 -0.12735 0.07221 0.01149 -0.00953 0.07888 -0.03302 0.02560 -0.02935 0.08430 -0.09529 0.01956 -0.03104 0.07606 -0.05581 0.03537 -0.33391 -1.79185 2.09698 1.06050 -1.44790 -1.42473 2.68152 0.50536 -1.59104 -0.68997 1.20677 -0.47910 -0.81006 
0.02692 -0.03718 0.15795 -0.07479 0.09055 -0.07842 0.17672 -0.20014 0.12880 -0.09768 0.15781 -0.15801 0.12134 -0.33291 -1.79464 2.08713 1.03955 -1.44339 -1.44247 2.69417 0.45545 -1.59747 -0.71034 1.21121 -0.51136 -0.81220 -0.25445 -1.07752 2.78077 0.47965 -1.07045 -0.89874 1.41708 -1.47783 -1.27832 -0.55363 -0.20618 -0.50153 -0.25006 
-0.31517 -1.82342 2.16078 0.97299 -1.37930 -1.50577 2.81214 0.29180 -1.50673 -0.79248 1.30134 -0.63871 -0.73999 -0.24295 -1.08705 2.85965 0.44664 -1.04485 -0.92809 1.50138 -1.57311 -1.25876 -0.58467 -0.13012 -0.55734 -0.21469 0.66505 3.57725 -4.31256 -2.16773 2.83872 2.99927 -5.30240 -0.77188 3.15516 1.31532 -2.48935 1.22063 1.76004 
-0.21604 -1.12422 3.01760 0.37185 -0.95430 -1.00651 1.67810 -1.77326 -1.12995 -0.68235 0.02769 -0.71535 -0.09334 0.33214 1.78261 -2.22544 -1.12818 1.39533 1.55680 -2.60823 -0.31643 1.55769 0.60498 -1.27814 0.70927 0.94784 0.47190 2.18817 -5.79110 -0.87074 2.07028 1.88130 -3.06412 3.23190 2.47965 1.21140 0.17954 1.18470 0.37997 
0.01697 -0.04081 -0.06466 -0.15518 0.01603 0.05103 0.20391 -0.02463 0.05096 -0.18750 0.02320 0.07056 0.20785 0.22895 1.10112 -2.93145 -0.42410 1.02543 0.95321 -1.56274 1.65878 1.22089 0.62673 0.04942 0.62737 0.16528 -0.32188 -1.78580 2.42600 1.20614 -1.31434 -1.68492 2.57594 0.14862 -1.45036 -0.52188 1.39476 -0.94073 -1.03495 
0.01291 -0.02310 0.08615 -0.05226 0.07112 -0.05330 0.11536 -0.11447 0.09094 -0.05562 0.07712 -0.08798 0.07194 0.01026 -0.00319 0.20056 0.07797 0.08099 -0.12812 -0.03229 -0.16782 0.10733 0.08310 0.11661 -0.23146 -0.08710 -0.22877 -1.10374 2.93784 0.42754 -1.03731 -0.94638 1.56604 -1.67599 -1.21253 -0.62198 -0.06147 -0.62490 -0.15487 
0.02723 -0.04400 0.13590 -0.07722 0.09702 -0.07709 0.17162 -0.19245 0.15828 -0.10440 0.13982 -0.16090 0.12075 0.00018 -0.00262 0.00639 0.00344 -0.01188 0.00682 0.00330 -0.01721 0.00837 0.00475 -0.01205 0.00247 0.01041 -0.02278 0.02021 -0.25761 -0.04339 -0.11105 0.15442 -0.04371 0.25363 -0.15647 -0.04452 -0.17601 0.29081 0.05314 
0.01309 -0.02573 0.09254 -0.04882 0.05924 -0.04648 0.11865 -0.13168 0.09931 -0.05087 0.06507 -0.08552 0.08235 -0.01252 0.01701 -0.05705 0.03457 -0.03006 0.02630 -0.07600 0.08582 -0.04914 0.03858 -0.05940 0.05935 -0.03397 0.00347 0.00236 -0.01543 -0.00023 0.01222 -0.00592 -0.01661 0.03514 -0.01051 -0.01565 0.03268 -0.01205 -0.01841 
0.01472 -0.02699 0.07885 -0.04264 0.06696 -0.05078 0.09562 -0.10663 0.10914 -0.06583 0.08042 -0.10155 0.08678 0.00365 -0.00026 -0.00904 0.00321 0.00033 0.00091 -0.01332 0.01794 -0.00214 -0.01090 0.02063 -0.00958 -0.00800 0.01403 -0.01562 0.06217 -0.03864 0.02476 -0.02267 0.08814 -0.09338 0.03554 -0.03252 0.06147 -0.04999 0.02053 
0.01674 -0.02598 0.08350 -0.04561 0.05957 -0.04557 0.10534 -0.11374 0.09716 -0.06177 0.08570 -0.09509 0.07434 0.00151 0.00139 0.00512 -0.00406 -0.00530 0.00364 0.01214 -0.00756 -0.01360 0.00605 0.00207 0.00936 -0.01344 -0.00500 0.00001 0.01318 -0.00377 -0.00252 0.00017 0.01768 -0.02657 0.00480 0.01449 -0.02797 0.01162 0.01303 
0.01623 -0.02560 0.08397 -0.04671 0.06165 -0.04715 0.10776 -0.11419 0.09554 -0.05978 0.08249 -0.09219 0.07334 -0.00135 -0.00025 0.00414 -0.00056 -0.00219 0.00108 0.00436 -0.00863 0.00265 0.00359 -0.00735 0.00205 0.00502 -0.00286 -0.00164 -0.00099 0.00352 0.00308 -0.00253 -0.00782 -0.00107 0.01629 -0.00250 -0.00936 -0.00736 0.01847 
0.01538 -0.02623 0.08765 -0.04617 0.05738 -0.04449 0.10970 -0.12237 0.09982 -0.05817 0.07835 -0.09304 0.07937 -0.00134 -0.00025 0.00413 -0.00054 -0.00223 0.00110 0.00432 -0.00863 0.00269 0.00356 -0.00729 0.00200 0.00504 0.00220 0.00087 -0.00782 0.00003 0.00646 -0.00373 -0.00630 0.01682 -0.00693 -0.00520 0.01149 -0.00120 -0.01105 
0.01489 -0.02585 0.08810 -0.04725 0.05943 -0.04604 0.11209 -0.12282 0.09823 -0.05622 0.07520 -0.09019 0.07838 0.00085 0.00063 -0.00368 -0.00054 0.00427 -0.00265 -0.00194 0.00819 -0.00428 -0.00161 0.00414 0.00085 -0.00602 0.00319 0.00012 -0.00873 0.00218 0.00237 -0.00063 -0.01107 0.01770 -0.00375 -0.00910 0.01778 -0.00690 -0.00907 
0.01623 -0.02560 0.08397 -0.04671 0.06165 -0.04715 0.10776 -0.11419 0.09554 -0.05978 0.08249 -0.09219 0.07334 0.00185 -0.00013 -0.00460 0.00164 0.00014 0.00047 -0.00675 0.00907 -0.00106 -0.00554 0.01049 -0.00490 -0.00404 -0.00013 -0.01062 0.00565 -0.01690 -0.00120 -0.01675 0.00916 -0.05313 0.00169 -0.01558 -0.01414 -0.02550 0.00300 
0.01674 -0.02598 0.08350 -0.04561 0.05957 -0.04557 0.10534 -0.11374 0.09716 -0.06177 0.08570 -0.09509 0.07434 0.00072 -0.00999 0.00197 -0.01744 0.00307 -0.01941 0.00722 -0.04495 -0.00259 -0.01719 -0.01000 -0.02464 -0.00302 -0.00456 -0.00081 0.01536 -0.00379 -0.00491 0.00367 0.00863 -0.02038 0.00578 0.00958 -0.01780 0.00163 0.01613 
0.01695 -0.03560 0.08594 -0.06415 0.06472 -0.06655 0.11499 -0.15914 0.09295 -0.07697 0.07249 -0.11684 0.07032 -0.00272 -0.00094 0.01076 -0.00215 -0.00476 0.00414 0.00188 -0.01131 0.00472 0.00404 -0.00731 -0.00327 0.01210 -0.00667 0.01726 0.00541 0.01721 -0.00177 0.04974 -0.00514 0.09805 -0.00344 0.01225 0.02202 0.07584 -0.00424 
0.01402 -0.02692 0.09426 -0.04776 0.05481 -0.04143 0.10721 -0.12505 0.10188 -0.05773 0.07839 -0.09836 0.08644 -0.00595 0.00727 0.00738 -0.00023 0.00130 0.03033 0.00208 0.05310 -0.00603 -0.00494 0.01202 0.05120 -0.00726 0.00145 0.00066 -0.00939 0.00235 0.00836 -0.01127 0.01147 0.01383 -0.01457 -0.00173 0.00712 0.01567 -0.03118 
0.01100 -0.02832 0.09331 -0.06438 0.06602 -0.03622 0.11707 -0.10603 0.08692 -0.08191 0.08450 -0.06564 0.06307 -0.00127 -0.00028 0.00136 0.00020 0.00359 -0.00713 0.01335 0.00252 -0.00985 0.00231 -0.00018 0.01240 -0.01908 0.00891 -0.01357 -0.03749 0.01271 0.00899 -0.03142 0.01196 -0.10745 -0.00276 0.04132 -0.01016 -0.08570 0.01090 
0.01275 -0.02720 0.09563 -0.04757 0.05840 -0.04856 0.12056 -0.12254 0.09203 -0.05542 0.07821 -0.08597 0.06736 0.00296 -0.00630 -0.03011 0.01248 0.01029 -0.00109 0.01405 -0.05435 -0.00879 0.03638 0.00186 -0.03450 0.00364 0.00158 0.00189 -0.01773 0.00202 0.01040 0.00076 -0.03210 0.01289 0.02169 -0.00667 -0.00719 -0.01937 0.03554 
0.01397 -0.03462 0.06320 -0.05190 0.07631 -0.03731 0.13112 -0.16038 0.07813 -0.04553 0.08636 -0.10014 0.06671 0.00031 0.00161 -0.01637 0.00222 0.01399 -0.00637 -0.01876 0.01541 0.01184 -0.00436 -0.00737 -0.00697 0.01646 -0.00108 0.01256 0.06088 -0.00654 -0.03414 -0.00249 -0.03580 0.08582 0.03440 -0.04768 -0.01381 0.04192 0.01236 
0.01306 -0.02559 0.07926 -0.04534 0.07240 -0.05493 0.10181 -0.10713 0.10387 -0.05978 0.07083 -0.09294 0.08382 0.00189 0.00626 0.03077 0.00594 -0.02385 -0.00358 -0.02176 0.03148 0.02561 -0.01130 -0.01196 0.00742 0.01600 -0.00290 -0.00533 0.01158 -0.01262 0.00250 -0.00683 0.06956 -0.00153 -0.05355 0.00347 -0.01003 0.03648 -0.00831 
0.01585 -0.02836 0.09397 -0.04597 0.05246 -0.04090 0.10936 -0.12890 0.10374 -0.05683 0.07440 -0.09272 0.08271 -0.00259 -0.00372 -0.00478 -0.01039 0.01649 -0.01320 0.05080 0.01388 -0.04171 -0.00089 -0.01741 0.02951 0.00815 -0.00140 -0.00331 -0.04286 -0.00487 0.03029 -0.00080 0.01763 -0.01683 -0.03125 0.00548 0.02483 -0.01187 -0.02259 
0.01047 -0.02931 0.07448 -0.05574 0.08889 -0.06813 0.15261 -0.09325 0.06216 -0.06068 0.05343 -0.06343 0.09197 0.00048 0.00295 -0.01209 0.00107 0.00644 -0.00439 -0.00412 0.01465 -0.00564 -0.00582 0.01287 -0.00444 -0.00659 0.00798 0.00352 0.01472 0.02442 -0.04345 0.03317 -0.10479 -0.03508 0.08893 0.00285 0.02990 -0.05725 -0.01337 
0.01633 -0.02541 0.08188 -0.04489 0.05890 -0.04529 0.10524 -0.11425 0.09810 -0.06265 0.08728 -0.09716 0.07613 0.00539 -0.00020 0.00993 0.01403 -0.02696 0.01997 -0.05399 -0.02120 0.04722 0.00196 0.01250 -0.02774 -0.00522 0.01928 -0.09104 0.29607 -0.02336 -0.20254 -0.03978 -0.18193 -0.23082 0.15123 0.03861 0.01825 -0.01874 0.15603 
0.01586 -0.02951 0.08441 -0.04171 0.06193 -0.04816 0.09862 -0.11445 0.10938 -0.05872 0.06593 -0.09117 0.08675 0.01976 -0.08809 0.28398 -0.02229 -0.19610 -0.04417 -0.18606 -0.21617 0.14559 0.03279 0.03113 -0.02318 0.14944 -0.10086 -0.48263 0.11727 0.34144 0.57009 -0.50117 0.47055 -0.18277 -0.57947 -0.49849 0.16866 -1.11272 -0.35411 
0.03609 -0.11350 0.36586 -0.06719 -0.13719 -0.08945 -0.08082 -0.33042 0.24369 -0.02986 0.11841 -0.12034 0.22557 -0.09547 -0.48283 0.12721 0.35546 0.54313 -0.48120 0.41656 -0.20397 -0.53225 -0.49654 0.18116 -1.14046 -0.35933 -0.16123 -0.77554 -0.06109 0.45937 1.39866 -0.35444 0.90336 0.40691 0.37299 0.07938 0.70831 -1.27611 -0.29523 
-0.07962 -0.51234 0.21162 0.31375 0.60506 -0.52937 0.51518 -0.31843 -0.42287 -0.55526 0.24708 -1.23163 -0.27258 -0.14147 -0.86363 0.22289 0.43707 1.20256 -0.39861 0.71730 0.19074 0.51858 0.11218 0.73944 -1.29929 -0.14579 -0.01206 -0.26983 0.08351 -0.39523 0.40860 0.21451 -0.60300 -0.94016 1.59535 0.47004 0.53822 1.41998 1.28897 
-0.10538 -0.97713 0.58875 0.36989 1.06537 -0.48806 0.63649 -0.13969 0.76228 0.08231 0.85785 -1.41963 0.07978 -0.10754 -0.75266 0.21071 -0.03977 0.95173 -0.26669 -0.18645 -1.14413 1.06310 -0.02649 0.71937 0.27952 0.92964 -0.00118 1.09922 -0.42536 -1.06532 -0.56558 0.02453 -0.33265 -0.53341 -0.29908 -0.51277 -1.38394 0.92692 0.80007 
-0.18715 -1.26499 0.42233 0.27399 1.55680 -0.79606 0.32873 -1.46255 0.64023 -0.58175 0.96646 -0.95210 0.65706 -0.14265 0.23559 -0.20247 -0.62824 0.63698 -0.37408 0.38466 -0.34267 0.21951 -0.40059 -0.64451 -0.37237 0.65428 -0.16300 1.28274 0.42792 -0.95672 -0.40754 0.07056 0.81865 1.78599 -0.88449 0.00920 -1.05147 -0.27651 -0.18084 
-0.24803 -0.74154 0.38628 -0.25836 1.70235 -0.86214 1.02114 -0.48236 0.98178 -0.31828 0.21334 -1.79200 0.73406 -0.27053 0.53008 0.63863 -0.99649 0.54420 -0.19613 0.63220 0.64187 0.17861 -0.01729 -0.33209 0.00302 0.74881 -0.54486 -0.72708 0.96611 -0.12770 -0.03783 -0.86675 -0.89462 -0.06870 -0.71842 -0.50877 0.23840 0.92517 -0.38021 
-0.45769 -0.73491 1.06096 -0.72250 2.10099 -0.99219 0.96093 -0.82069 0.81884 -0.59904 0.63436 -0.94908 1.40587 -0.68751 -0.49149 0.76364 -0.75594 0.59915 -1.24083 -0.50996 -0.41137 -0.49891 -0.90936 -0.40610 0.55280 0.27407 -0.31694 -0.91570 0.64659 0.89704 0.48630 -1.39154 0.10147 0.71224 -0.46702 -0.54150 0.51315 -0.81879 -1.45397 
-0.93554 -1.23303 1.14992 -1.01430 2.30149 -2.10298 0.51118 -0.89374 0.48287 -1.22764 -0.19276 -1.23920 1.00812 -0.58747 -0.38562 1.28522 -0.09945 1.03049 -1.58767 0.73368 1.35411 -0.28841 -0.55879 0.18106 -0.81577 -0.70516 0.23682 -0.29651 0.50047 1.20672 0.58372 0.82524 2.84233 0.15605 -0.14552 1.04904 2.32340 -2.09497 0.33182 
-1.04516 -1.12053 2.34618 -0.82195 3.13148 -2.57987 1.69461 0.53342 0.53043 -1.15783 0.81543 -1.76486 0.70070 -0.45069 -0.78800 1.26411 0.45077 1.18287 -0.41559 2.33237 -0.25533 -0.64443 0.13968 1.91730 -1.54217 0.60589 0.75552 -1.18439 -4.38774 -0.44403 -0.91804 2.10741 0.94939 -4.22421 0.39952 0.69783 -0.75328 0.15023 1.90730 
-1.38623 -2.02103 2.41404 -0.56353 3.48436 -2.51856 2.84355 -1.14907 -0.16156 -1.08796 1.72454 -2.78137 1.61401 0.16805 -1.57001 -3.10252 -0.54348 0.11245 0.51974 1.68306 -2.87010 0.11111 0.13905 -0.57221 -0.66554 1.20213 1.19274 0.07968 -4.24030 -1.01539 -1.83743 1.00830 -1.95137 -1.05018 0.12467 0.23952 -3.46049 2.02546 -0.04414 
-0.87711 -2.69055 -0.75634 -1.36543 3.24393 -2.06013 3.37767 -2.33668 0.64154 -1.01879 0.24321 -2.43040 1.90284 0.74204 -0.70831 -2.97618 -0.56462 -0.65456 0.59272 0.38099 -1.30551 -0.51976 0.37920 -1.54319 0.48329 0.56175 1.47057 2.67298 4.03708 1.05324 -2.22172 -0.40470 -3.63494 3.55386 -2.84824 -0.03045 0.12594 1.15563 -2.34132 
-0.64419 -2.72934 -0.56214 -1.12814 2.82980 -1.92585 3.22454 -2.45458 -0.68133 -0.70876 0.18135 -2.29807 2.17576 1.63862 1.10297 0.93456 0.50976 -2.10927 0.11504 -1.95188 0.68376 -2.73713 0.10859 -0.44628 0.49009 -1.13918 2.51436 2.22685 1.64719 0.69088 -2.65102 -1.71669 -1.82835 4.07981 -2.62502 -1.66828 1.33997 0.80997 -1.94440 
0.76151 -1.58758 0.17822 -0.85567 1.13466 -1.94509 1.42580 -1.65292 -2.09559 -0.91019 -0.20307 -1.94031 0.76366 3.25640 1.51854 -1.32899 0.12627 -3.30558 -1.12397 -1.44736 2.77430 -3.14478 -1.28908 -0.20322 1.29326 -1.38266 -0.30233 -1.21139 -1.91975 -1.20161 0.35838 -1.11108 2.44533 1.36021 0.90183 -1.56056 -0.31751 -1.18250 1.55703 
2.61222 -1.21080 -1.89113 -1.00188 -0.47578 -3.04982 1.77719 0.31972 -3.82611 -1.99784 -0.02187 -1.00481 0.79310 1.33629 -0.10842 -0.98520 -0.69185 -1.75089 -0.99604 0.49345 2.04397 -1.83530 -1.45196 -0.76379 -0.69241 0.41785 -4.22356 -2.39698 4.79001 -1.92141 3.31022 1.46450 1.38657 -1.91706 3.61347 1.15911 -2.08509 -3.66151 2.13611 
2.09780 -1.69600 -0.80697 -1.54753 -0.61623 -2.94113 1.91925 0.39105 -3.93090 -2.36216 -0.96685 -2.63272 1.18151 -0.96715 -0.87844 3.46102 -1.79514 0.00464 0.34053 -0.06078 0.85724 0.46869 -0.12998 -2.28831 -2.36825 0.75345 -1.51490 -0.26076 1.37322 -0.03547 2.39868 1.09866 -0.83206 -0.87595 3.42656 1.26534 -0.11558 0.86207 -1.56765 
1.64506 -2.08924 1.56989 -2.79702 -0.47113 -2.70929 1.71640 1.17696 -3.35742 -2.12782 -2.31018 -3.37307 1.54655 -0.17861 -0.36918 0.38802 -0.72732 0.64779 0.10262 -0.33861 1.16802 1.59126 -0.18662 -0.87937 0.16966 -1.14980 1.46802 1.17502 -5.80420 2.57659 1.40953 -0.21130 0.50551 0.32601 1.40225 0.13311 3.14889 4.18729 -2.64964 
1.91919 -2.06518 -0.41895 -2.27485 0.03155 -2.83851 1.58065 1.55907 -2.33964 -2.54878 -1.84622 -2.46306 0.03171 0.50087 0.29658 -2.34317 0.78145 1.41417 0.12923 0.44473 1.18325 1.87094 0.00314 0.86057 1.81904 -1.89619 0.33191 0.57269 -1.02546 1.21035 0.53273 0.16584 0.21177 -1.52959 0.02176 0.67147 1.66522 0.71115 0.50002 
2.14593 -1.79266 -0.77329 -2.01557 0.94304 -2.58006 2.16113 2.36021 -1.48647 -2.12468 -1.44961 -1.55403 -0.34963 0.15330 0.20351 -0.63744 0.48303 1.18051 0.26847 -0.12683 -0.36157 1.61302 0.48484 0.78585 0.88081 -0.64977 -0.74277 -0.48861 1.26084 -1.01044 -1.29321 -0.03281 -2.08419 -3.46183 -0.84312 -0.78608 -0.49524 -1.82922 0.76293 
2.07248 -1.86168 -1.05639 -1.79182 1.21207 -2.57004 1.45381 1.19750 -0.72662 -2.06394 -1.06037 -1.58225 -0.61806 -0.24190 -0.19203 -1.08234 -0.22899 0.12096 0.09642 -1.63946 -2.27858 1.02783 -0.78294 0.36534 -0.01018 -1.13325 -0.28174 -0.32515 -0.06184 -0.99354 -1.21014 0.01231 0.18262 -0.94936 -0.86863 -1.50649 -1.07114 0.01673 -0.57607 
1.90403 -1.98468 -1.85563 -2.24456 1.06400 -2.48364 0.52167 0.08163 -0.45864 -2.90762 -1.08428 -1.56421 -1.48289 -0.12845 -0.12164 -0.69928 -0.51051 -0.02962 0.28077 0.05579 -1.31093 0.74439 -1.02165 -0.28529 0.89754 -1.22584 0.07709 0.01833 0.94567 -0.32274 -0.56810 -0.03024 1.50104 1.03453 -0.62974 0.21197 -1.20412 0.59976 -0.13064 
1.94403 -1.98332 -1.75567 -2.30233 1.18245 -2.28927 1.50960 -0.11343 0.01778 -3.08558 -1.34566 -0.68471 -1.84391 -0.16481 -0.17369 -0.13667 -0.55173 -0.44714 0.06619 -0.13842 -1.24405 0.39808 -0.57097 -0.83878 0.58958 -1.26389 0.08841 0.23569 1.32186 0.49438 0.17246 -0.13085 -0.57731 1.14067 0.05743 1.27586 -0.12907 -0.37547 0.75390 
1.73922 -2.15838 -1.99230 -2.79630 0.61686 -2.41745 0.38325 -1.16242 -0.06056 -3.47859 -1.92306 -0.97463 -2.74678 -0.04003 0.11405 0.62258 -0.01613 0.14284 0.14992 -0.52152 -0.17026 0.80182 0.25421 -0.41436 0.52207 -0.47195 0.03435 0.06789 0.39362 0.31385 0.76057 -0.16071 -0.04072 1.14226 -0.61794 0.70400 0.15879 -0.37347 1.16467 
1.90400 -1.86927 -1.13309 -2.31846 1.32528 -2.13934 0.98808 -0.28369 0.81960 -2.83137 -1.76003 -0.16264 -2.31585 -0.13046 -0.10580 0.25695 -0.23789 0.31342 -0.09452 -0.17914 -0.10179 -0.21985 0.13303 -0.67999 0.21611 -0.09922 -0.09288 -0.38686 -0.48478 -0.52017 -0.05754 -0.14460 0.58717 -0.75530 -1.40041 -0.25443 -0.07604 -0.44790 0.38178 
1.60876 -2.26418 -1.73535 -3.03418 0.93028 -2.51197 0.20411 -1.26421 -0.28042 -3.34556 -2.60305 -0.75852 -2.84600 -0.13292 -0.27282 0.13780 -0.53629 0.08530 0.00532 0.06565 -0.92556 -0.59859 -0.00022 -0.49040 0.07416 -0.09016 0.16008 0.08283 0.08177 0.05847 -0.08609 0.21159 0.56694 -0.38435 0.14299 0.39686 0.88581 -0.39889 0.69279 
1.77108 -2.14208 -0.99529 -2.85475 1.41058 -2.13402 1.05373 -1.20925 0.22101 -2.83159 -2.25043 -0.08848 -2.40602 0.02962 -0.02298 0.33871 -0.17942 0.22733 0.11707 0.38780 -0.48614 -0.07686 0.52989 0.20582 -0.18277 0.59357 0.07725 0.52286 0.09059 0.54802 0.45947 -0.02630 -0.29820 1.29428 0.41885 0.15627 1.78433 -0.69615 0.61903 
1.63838 -2.28716 -1.39664 -3.21360 1.15761 -2.39491 0.59190 -1.75035 -0.35728 -2.81568 -2.39723 -0.94129 -2.25243 -0.05567 0.25005 0.22839 0.01173 0.54477 -0.02097 -0.23255 0.36872 -0.17974 0.15605 1.29393 -0.62199 0.52887 -0.03534 0.34928 0.30020 0.74025 -0.24667 0.14232 -0.29200 0.74012 0.55750 -0.46177 1.14822 0.36842 -0.67464 
1.71542 -1.89203 -0.76691 -2.84303 1.95535 -2.15500 0.82119 -0.84053 0.04127 -2.67554 -0.95651 -0.71047 -1.87715 -0.00572 0.32631 0.63891 0.56084 -0.01934 0.25939 0.09580 0.25398 0.48064 0.06812 1.35404 0.18565 -0.08106 0.08190 -0.30895 -0.23364 -0.03800 -1.65225 -0.07070 0.67632 -1.73749 0.34375 -0.09156 -2.47603 1.42877 -0.65122 
1.63266 -1.96085 -0.75772 -2.65277 1.13827 -2.13552 0.68771 -1.49636 0.12336 -2.74756 -1.04320 -0.75564 -2.33349 0.02623 -0.05890 -0.00525 -0.02627 -1.10748 -0.09167 0.44377 -1.36878 0.16401 0.06450 -1.18211 0.80678 -0.12235 0.30450 -0.16637 -0.68052 -0.69777 -0.20053 -0.00571 0.88411 -0.14075 -0.44009 0.06698 -2.53186 0.94485 1.23220 
1.74165 -1.95094 -0.77216 -2.86930 0.84788 -2.24667 1.26495 -2.20931 0.20528 -2.61104 -2.13861 0.09632 -1.99950 0.29878 0.15994 -0.04161 -0.13693 -0.21987 0.25368 0.97992 0.11324 0.04054 0.13510 -1.17783 1.13050 1.15114 0.10370 0.11657 -1.06893 0.00349 1.46535 -0.13258 -1.16727 2.01222 -0.39137 -0.29314 1.23730 -0.95364 0.44375 
1.93144 -1.80091 -0.79933 -2.78970 0.91840 -1.88184 1.66762 -1.38313 0.16391 -2.61246 -2.22102 0.37486 -1.18235 0.12993 0.05767 -1.07418 -0.02278 0.35788 -0.22426 -0.72351 0.64345 -0.22736 -0.22864 0.05520 -0.14685 0.32139 -0.09130 -0.12302 -0.48213 0.61360 0.96937 -0.24291 -0.96235 0.59489 0.67915 -0.03894 1.41840 -1.02624 -0.96116 
1.87158 -1.89327 -1.84634 -2.89208 1.20576 -2.47093 0.54145 -1.56586 -0.02208 -2.83968 -2.08342 -0.05054 -1.67811 0.20748 0.03692 -0.52374 0.47667 0.74950 0.01077 0.01756 0.70812 0.71970 0.09616 0.24057 0.10426 0.18997 -0.06324 -0.26577 1.46079 0.02426 -0.50597 0.77373 1.10007 -0.67704 0.24284 0.55983 -0.46411 0.10755 0.40265 
2.13892 -1.76399 -1.32307 -2.31303 1.66790 -1.87107 1.68518 -0.67501 0.88360 -2.51630 -1.98045 0.47913 -0.99237 0.06670 -0.20811 0.38661 0.00148 -0.14809 0.54948 0.37656 -0.03359 0.01547 0.33119 -0.40892 -0.03931 0.72404 -0.40977 -0.43674 -0.04788 -0.85729 -1.76131 -0.69700 -1.08365 -1.71058 -1.82725 -0.07795 -0.48067 -0.77640 -0.89313 
1.93828 -2.10138 -1.45972 -2.89061 1.05767 -1.92145 0.91801 -1.59945 -0.00661 -2.50849 -2.49234 -0.08984 -0.95407 -0.20229 -0.39982 -0.57162 -0.38062 -1.01181 -0.68623 -1.06608 -1.00246 -1.10756 0.01821 -0.24009 -0.67214 -0.70315 -0.05241 0.51359 -0.07387 0.39913 0.30889 -0.57596 0.55792 0.56601 1.30010 0.02879 0.61732 1.24332 -0.25487 
1.93662 -2.16381 -1.89469 -2.69365 0.65609 -2.55730 0.61910 -1.67747 -0.22395 -2.49810 -2.22054 -0.19301 -1.69553 0.01429 0.30548 0.31274 0.40060 0.16080 -0.02648 0.93449 0.53242 1.31557 0.35998 0.20840 1.20402 0.46917 0.13672 0.60310 1.67219 0.67729 1.45168 1.18183 3.23456 1.28669 2.57966 0.35003 0.64753 2.09862 1.78338 
1.95256 -1.79589 -1.14698 -2.49000 1.21846 -1.94793 1.85250 -1.06703 1.30896 -2.14850 -2.28394 1.11417 -0.48490 -0.06557 0.20328 1.10058 0.29667 0.43986 0.49560 2.16848 0.28423 1.47211 0.36823 0.40743 1.42648 1.08023 -0.10364 -0.57824 -0.28223 -0.14002 -0.21523 0.34665 0.08794 -0.51775 -1.07209 -0.55153 0.71200 -1.76486 -1.01234 
1.87105 -1.96052 -0.79411 -2.39698 1.09595 -2.06170 2.78758 -1.39324 1.24815 -2.12986 -1.81311 1.23348 -0.61530 -0.08935 -0.27276 0.03052 0.26058 -0.05444 0.32017 1.02243 0.01467 0.24348 -0.19155 0.92040 -0.56084 -0.54317 0.09997 -0.66201 -1.74053 0.14059 -0.37894 0.17175 -2.34573 -0.63674 -1.79706 0.01516 0.15730 -2.42768 -1.02674 
1.86321 -2.06865 -1.11646 -2.22943 1.16403 -1.62776 2.87493 -1.05236 1.55244 -2.34005 -1.36353 0.55333 -1.02807 0.03440 -0.45873 -0.63995 0.43726 0.06092 0.66735 -0.17725 -0.35251 -0.32496 0.38339 0.56474 -1.00120 0.05349 0.18068 -0.22165 -1.43349 0.12744 -0.30748 -0.22403 -2.12125 -0.68826 -1.14137 0.70922 -0.54869 -0.70477 1.24866 
1.90545 -2.41925 -1.43406 -1.95972 1.15688 -1.39436 2.61032 -1.74575 0.92320 -1.74647 -1.24837 0.23228 -0.56181 0.09133 -0.49441 -1.40297 0.38802 -0.36191 0.09614 -1.09882 -0.67359 -0.89788 0.51767 0.37172 -1.26561 0.70549 0.07687 0.06670 0.15994 -0.45468 -0.92092 -0.57265 -0.72217 0.66479 0.37662 -0.21554 -0.37785 -0.02283 0.45541 
1.95454 -2.56307 -2.51943 -1.84141 0.80211 -1.53162 1.77611 -1.72595 0.65456 -1.82238 -0.99182 -0.71228 -0.32258 0.11127 -0.39203 -0.48001 -0.01743 -0.86000 0.09470 -0.89943 0.31227 0.05167 0.16786 0.18689 -1.02402 0.50890 -0.03245 0.22788 2.53824 -0.51685 -0.13587 0.11679 1.15885 1.64627 0.28006 -0.16393 -0.06119 1.00386 -0.17074 
2.01672 -2.81129 -1.91407 -1.97715 0.29688 -1.29966 1.71090 -1.43348 0.97486 -1.57861 -1.06148 -0.79174 -0.05291 0.05888 -0.26653 1.13527 -0.12883 -0.49778 0.21293 0.06003 0.97268 -0.61783 0.35374 0.31053 -0.26175 0.53475 -0.24408 0.51282 1.59970 0.14910 0.45803 -0.40465 0.98843 -0.94327 -0.49042 0.22878 0.75982 0.43158 -0.34733 
2.01341 -2.82960 -1.38417 -1.97023 0.30433 -1.31870 1.83614 -0.75327 0.03673 -1.46863 -0.68129 -0.97402 0.21217 -0.13281 0.12078 1.11969 0.13168 -0.40197 -0.30996 0.08900 -0.63100 -0.43875 0.39663 0.94670 -0.59245 0.16157 -0.01787 0.35446 -1.36078 0.76836 -0.07826 -0.91217 -0.91781 -2.27823 0.75054 -0.01987 0.89561 -0.71252 -1.04721 
1.88390 -2.69050 -0.79438 -1.84547 -0.10509 -1.60962 1.79990 -2.06447 0.53611 -1.18198 -0.11478 -1.38419 0.10866 0.04101 0.08793 -0.22552 0.63953 -0.57605 -0.69925 -0.85778 -1.30555 0.13271 0.33387 1.20614 -0.97427 -0.51245 0.31953 -0.08346 -1.40552 0.18270 0.69186 -0.17009 -1.76395 1.64146 -0.68833 0.17025 0.53134 -0.57624 0.11030 
2.05442 -2.74166 -1.60968 -1.33070 -0.27172 -2.01795 0.97836 -2.05881 0.16944 -1.13477 0.52485 -1.94829 -0.30028 0.18671 0.03732 -0.28583 0.31438 0.28989 -0.48005 -1.67495 1.01046 -1.12708 0.56688 1.47804 -1.16869 0.27187 -0.06115 0.25627 0.51547 -0.68643 0.83680 0.28663 -0.25539 2.30085 -1.57822 0.02480 -0.05571 0.15867 1.26107 
2.07062 -2.65318 -1.08021 -1.53110 0.18480 -2.08967 0.12494 -1.05401 -0.59097 -0.61510 1.36327 -2.55288 0.38054 -0.02014 0.34420 0.28996 -0.04690 0.26076 -0.41262 -1.11317 0.99530 -1.44550 0.35867 1.15043 -0.81560 0.74862 -0.28129 0.40815 0.92768 0.26865 -0.23628 0.28153 1.23239 -0.68917 0.29280 -1.07732 -0.55747 1.43768 0.29422 
2.03428 -2.39746 -1.31973 -1.37760 -0.01096 -2.43057 -0.13481 -1.06351 -1.27606 -0.77610 1.67527 -2.76389 0.44834 -0.09458 0.44548 0.64184 0.58302 0.05361 -0.19852 -0.44257 0.32129 -0.83428 -0.51044 0.92058 0.26899 0.56609 -0.17996 -0.25233 0.44728 0.60032 0.13008 0.28013 0.36355 -2.11951 0.86846 -0.76626 -1.34699 1.04185 -0.60045 
1.97604 -2.20770 -0.43837 -0.94807 0.23841 -2.28819 -0.31762 -0.73272 -1.42525 -1.12554 2.28384 -2.28388 0.94663 -0.20010 0.09188 0.73724 0.55342 0.39084 -0.13249 -0.74961 -1.12421 -0.57705 -0.40759 -0.19657 0.22626 0.14817 -0.09473 -0.53923 -0.26333 -0.21179 0.06536 0.14287 -0.20915 -2.01217 0.60601 0.51805 -1.58923 -0.92739 -1.08536 
1.83418 -2.30559 -0.58249 -0.82417 0.37988 -2.56305 -0.88442 -2.18772 -1.85311 -1.18369 1.47871 -2.53763 0.59651 -0.18931 -0.09375 0.37852 0.37123 0.11897 -0.05566 -0.65172 -1.69088 -0.22827 0.00761 -0.66865 -0.65840 -0.51927 0.14902 0.22584 -0.11833 0.11952 -0.33757 0.28144 0.72363 0.76764 0.26763 0.16020 -0.29012 -0.46803 0.29674 
1.78673 -2.30145 -0.05985 -0.57684 0.35738 -2.34385 -0.96934 -2.42360 -1.65352 -1.11793 1.61519 -2.94228 0.42736 -0.05108 0.31771 0.61891 0.67294 0.05327 0.14895 -0.02598 -0.35657 -0.30941 -0.24739 -0.48669 -0.24178 0.44491 0.16503 0.80259 0.15833 -0.06397 -0.10625 -0.24287 0.81367 1.50094 -0.85005 -0.53732 -0.07735 1.13271 0.62976 
1.78310 -1.98788 0.03642 -0.15123 0.43315 -2.41410 -0.91040 -2.54429 -2.16252 -1.43108 0.99202 -2.77941 1.04143 -0.02428 0.70884 0.53685 0.30726 0.01272 -0.29853 0.16196 -0.18994 -1.07832 -0.52971 -0.74601 0.47432 0.11049 0.04330 0.31186 -0.17053 -0.77414 0.04927 -0.32875 -0.38904 1.14196 -0.36897 -0.35884 0.16022 0.39790 -0.92724 
1.76244 -1.59261 0.47700 -0.26958 0.37010 -2.64238 -0.80738 -2.61354 -2.73184 -1.64763 0.86918 -2.46796 0.53784 -0.00779 0.62957 0.44838 -0.10120 0.10254 -0.17980 -0.41503 0.78539 -0.67839 -0.60623 -0.32647 0.15612 -0.48233 0.06001 -0.43287 0.12063 0.18304 0.43625 0.60297 -0.84112 0.89115 1.42870 0.27407 0.48239 -0.47711 0.10074 
1.77531 -1.35830 0.48480 -0.25243 0.53569 -2.59390 -1.32543 -1.75890 -2.84091 -2.03731 0.66554 -2.62329 0.55910 0.03573 0.27597 0.65749 0.49030 0.44897 0.30444 -0.67916 0.70122 0.35038 -0.25564 -0.26361 -0.00280 0.21123 -0.00011 -0.54207 -0.29056 0.75632 0.68773 0.73402 -0.15593 -1.29991 1.75130 1.01089 -0.35062 -0.15796 0.99294 
1.79817 -1.31664 1.13449 0.22072 0.81907 -2.33793 -1.48655 -1.91232 -2.38146 -1.90327 0.60557 -2.47076 0.74907 -0.00790 0.08750 0.15782 0.65512 0.79027 0.55422 -0.57095 -0.51452 1.07292 0.40466 -0.67709 -0.00184 0.51061 -0.17917 0.06875 -0.93576 -0.54637 -0.17563 0.48441 0.54821 -1.42830 0.14949 0.58453 0.20448 0.15551 -0.60015 
1.76742 -1.27081 0.64262 0.40269 1.32596 -2.03967 -1.89638 -2.27342 -1.76799 -1.63265 -0.01155 -2.62513 1.06971 -0.14343 0.34472 -0.27828 -0.05607 0.27334 0.78885 -0.13096 -0.72708 0.49987 0.32889 -0.05913 0.15271 -0.38892 -0.51640 0.38838 0.19533 -1.06853 -1.15040 0.44148 1.95271 0.39419 -1.05509 -0.40749 0.49080 0.51852 -0.93651 
1.65474 -0.97192 0.85621 0.16465 1.09241 -1.54908 -1.61750 -2.63941 -1.88159 -1.57439 0.54644 -2.31805 0.36015 -0.52430 0.47588 0.35315 -0.41341 -0.36013 0.99570 1.38176 -0.12033 0.01783 -0.00283 -0.18630 0.51668 -0.42589 -0.90833 -0.62386 0.29326 -0.57072 0.07606 -0.07240 2.24401 1.41230 0.52757 0.51034 -0.04296 0.86499 0.98039 
1.24312 -0.79493 0.99576 -0.01073 0.96583 -1.04397 -0.51463 -2.39375 -1.75016 -1.63548 -0.19785 -2.10845 0.64382 -1.05176 -0.27914 0.01498 -0.62679 0.34941 0.71646 2.11305 0.68521 1.02744 0.83922 -0.10209 1.01770 0.59147 -0.76947 -1.80940 -0.42923 -0.54554 2.12218 -1.21045 -0.02967 1.26231 0.13501 1.40839 0.88688 -0.74181 1.43283 
0.60298 -1.25106 0.87120 -0.46214 1.44182 -0.83262 0.49555 -1.95420 -0.85415 -0.73516 0.44435 -1.30035 0.95162 -1.29377 -1.33352 -0.07608 -0.95895 1.76205 -0.21475 1.35208 1.14199 0.15284 1.40556 0.70059 -0.22514 1.00694 -0.01095 -0.73712 0.85834 -0.01776 1.28200 -1.77994 -1.08727 -1.69780 -2.10357 -0.09254 0.80325 -0.80667 -0.00904 
-0.05065 -2.12846 0.91968 -0.96968 2.72788 -1.25872 0.83745 -1.25177 -1.59732 -0.22993 0.50273 -2.33359 1.65076 -1.06271 -1.01626 0.87333 -0.64455 1.63141 -1.06348 1.02578 -1.01259 -1.07613 0.74668 0.70116 0.21103 0.58243 0.66771 1.27357 1.25953 0.91839 -0.98310 0.26957 -0.46993 -2.33919 0.24369 -1.91161 -0.93826 0.91119 -0.82167 
-0.45973 -2.26733 1.74452 -1.10670 3.07322 -1.89610 1.52133 -2.96678 -1.93027 0.01152 1.14551 -1.08932 1.53405 -0.62606 -0.05996 1.18345 -0.04056 0.77896 0.05483 0.88216 -1.19720 0.39653 -0.50605 -0.23767 0.68605 0.18527 0.61977 0.95151 -0.60250 0.20396 -1.49700 1.44411 -2.14446 1.73079 3.25897 -1.07023 -0.97648 -1.06991 -0.28236 
-0.67670 -2.18842 2.10313 -1.01024 3.50683 -1.20390 1.71961 -2.44897 -1.20078 -0.73598 0.26506 -1.64754 1.83603 -0.44294 -0.06475 0.27082 -0.44059 0.13441 0.38063 -1.11868 0.71820 2.18285 -0.32355 -0.27532 -0.85888 0.30007 0.35610 0.25295 -0.81928 -0.41062 -0.90224 0.16741 -0.44604 1.86403 0.83073 0.88567 0.44634 -1.31292 -0.77369 
-0.90267 -2.33208 2.01534 -1.54729 3.20764 -1.51547 0.40264 -2.24858 0.25257 -0.31203 0.87019 -1.94820 1.83412 -0.26996 0.19299 0.36417 -0.45118 -0.12328 0.22223 0.43611 0.66683 1.22727 0.37962 0.20867 -0.62687 -0.58842 0.50425 0.15628 -0.73338 0.86314 -0.53685 -0.42479 2.61210 -1.05842 -3.23602 0.38217 0.86991 0.99164 -0.56385 
-0.94667 -1.99543 2.46730 -1.46142 3.38355 -0.98166 2.15572 -1.78213 0.02648 -0.35636 0.47373 -2.27441 1.24760 0.06131 0.09153 -0.46255 0.42255 -0.40244 -0.04416 1.49342 -0.34022 -1.05317 0.05862 0.59459 0.13276 -0.26378 0.45241 -0.52522 -1.72867 0.89660 -0.31692 -0.40531 -0.22168 -0.94369 -1.93264 -0.05067 0.82938 0.52381 1.11987 
-0.84136 -2.24055 1.55279 -1.12474 2.80519 -1.55963 1.89606 -2.58881 -0.80060 -0.25341 1.46478 -1.81544 1.57035 0.18245 -0.33223 -1.36450 0.44542 -0.44020 -0.18308 0.21443 -0.27685 -0.70537 0.32894 1.03805 -0.10306 0.53145 -0.05177 -0.34451 -0.24734 -0.79839 0.08522 0.52627 -1.81384 1.06302 2.47117 0.54182 -0.60844 0.03351 0.84318 
-0.76422 -2.32766 1.10279 -1.01601 2.94335 -1.16474 2.37015 -2.05899 -0.67889 -0.02742 1.51177 -2.37747 1.77905 0.00954 -0.25298 -0.70989 -0.37584 -0.31722 0.48212 -0.32042 0.72280 1.41800 0.60044 -0.01385 0.16627 0.57940 0.05151 0.25520 0.35327 -0.51873 -0.15587 0.61061 -0.75802 0.39482 2.21266 0.01225 -1.45323 1.10397 -0.61584 
-0.83183 -2.49354 0.84290 -1.50057 2.48798 -1.07751 1.57564 -1.86600 0.61741 0.34702 1.45093 -1.64916 2.14975 0.23395 -0.07703 -1.01123 -0.07331 -0.59607 0.42754 -0.54359 0.11797 1.50729 0.34119 -0.41518 1.00090 -0.08440 0.61147 0.55051 0.18874 1.08998 -0.94905 -0.41789 0.44424 -2.39827 -2.98497 -1.49380 -1.19471 -0.46547 -1.48486 
-0.53027 -2.40469 0.09156 -1.08932 2.34728 -0.73720 1.82656 -1.94102 0.82840 0.31377 1.09659 -1.37656 1.69465 0.62101 0.29753 -0.52115 0.71414 -1.26627 0.06423 0.12382 -1.67547 -1.56697 -0.89336 -1.20856 -0.29920 -0.90545 0.28236 0.64415 1.29305 0.72958 0.11055 -0.01598 1.33610 -0.15613 -2.08872 -0.97696 -0.51044 -0.36172 -0.59231 
-0.21082 -2.19601 0.32174 -0.78643 1.22171 -1.01328 1.69946 -3.54147 -0.94956 -0.54634 0.24236 -1.94836 1.24430 0.51631 0.56712 0.28181 0.65627 -0.48553 0.41155 0.79251 -0.03816 -0.58143 -0.63577 -0.92563 0.63919 -0.67670 -0.11132 0.14900 0.52592 -0.20808 1.53852 0.56658 -0.02952 3.07293 1.91992 0.60590 1.35145 1.59724 0.73691 
-0.01396 -1.83757 0.37337 -0.43305 1.86175 -0.32565 2.61907 -1.97918 0.24697 -0.32200 0.17096 -0.73738 1.01795 0.50968 0.44653 0.00477 0.50606 0.27225 0.63081 0.09430 1.39746 0.35295 -0.28746 0.14289 1.29804 -0.16854 -0.20693 -0.04827 0.11059 -0.51772 0.25200 -0.53566 -1.59392 0.94443 0.07410 -0.24134 0.94603 -0.59011 0.18078 
0.29886 -1.74948 0.32651 -0.28037 1.49396 -0.38248 1.79376 -2.14401 -0.59660 -0.83380 0.38525 -0.65032 1.07576 0.30938 0.51885 0.39240 0.13855 -0.23353 -0.12410 -0.80141 0.90627 -0.50734 -0.87711 0.02040 0.04907 -0.49592 -0.72805 -0.04595 -0.47585 -0.82026 -0.72991 -0.78434 -0.78180 0.13899 0.05533 0.22650 -0.63687 -1.54869 0.04449 
0.29542 -1.31872 0.76577 -0.29450 1.62822 -0.44975 1.81766 -1.07292 -0.26037 -1.19911 0.19136 -0.68831 0.52203 -0.21836 0.40058 -0.47108 -0.31420 -0.45766 -0.15353 -0.68750 1.53645 0.40828 -0.06096 -0.49398 -0.25065 -0.12405 -0.48288 -0.01703 -0.92678 -0.25806 -0.67421 0.01609 -0.54967 -0.46572 0.65108 1.22987 -0.63013 0.20105 0.70210 
0.08050 -1.34890 -0.14457 -0.59457 1.03630 -0.53601 1.10627 -0.60756 -0.18832 -0.89476 -0.10873 -0.90097 0.95171 -0.17350 0.50182 -0.53438 -0.11951 -0.90774 -0.10801 -1.35108 0.44054 0.14374 0.35276 -0.60973 0.25012 0.20618 0.28489 0.38588 0.10904 0.44878 -0.36923 0.35531 -0.26278 -1.81863 0.09852 0.87730 1.12267 1.38751 -0.14366 
0.12192 -0.81690 0.23139 -0.41402 0.72048 -0.55777 0.46658 -0.63237 -0.11662 -0.84634 -0.41837 -0.43819 0.72821 0.06653 0.78646 -0.36204 0.13458 -0.82689 0.20178 -0.95027 -0.28218 0.50680 0.81634 0.62869 1.13686 -0.26770 0.30756 0.02363 0.32821 0.31410 0.79768 0.47048 2.03981 0.37377 0.55969 0.15961 0.51830 0.28800 0.49256 
0.14703 -0.56243 -0.50661 -0.45999 0.20941 -0.33423 0.15599 -0.88974 0.31848 -0.07842 0.51996 0.23589 0.68401 0.13406 0.52545 -0.20617 0.19459 -0.11006 0.36246 0.68873 0.81431 0.70344 0.51237 -0.09143 0.53812 0.69874 -0.25681 -0.43845 0.66681 -0.03662 0.63138 -0.06616 1.43871 1.01155 -1.07028 -0.53353 -0.48640 -1.53288 -0.64844 
0.25598 -0.29145 0.02522 -0.21943 0.61042 -0.19530 1.15531 0.18194 0.58681 -0.33397 -0.50980 0.09994 1.42695 -0.19028 0.34802 0.30477 0.09796 -0.19551 0.13562 0.48844 0.72937 -0.56348 0.28281 0.14229 -0.39602 -0.91614 -0.39694 -0.22365 0.65967 -0.06313 -0.65687 -0.20771 -1.48886 -1.72719 -1.25189 -0.50460 0.91478 -0.95653 -1.92635 
-0.04326 -0.21441 -0.20185 -0.36203 0.01390 -0.19861 0.64443 -0.16037 -0.24500 0.20439 0.66224 -0.16013 -0.23214 -0.26287 0.30180 0.45350 0.13146 -0.76693 0.15476 -0.80012 -0.91288 -0.54846 0.00777 0.82335 -0.41841 -1.22761 0.06845 -0.43588 0.04852 0.06869 0.55901 -0.16643 -1.10228 -1.14213 0.87098 -1.02039 -1.21296 0.12403 1.69744 
-0.00689 0.01036 0.47873 -0.08796 -0.15651 -0.04054 0.35519 -0.73094 0.03836 -0.32620 0.31356 -0.31847 0.19934 -0.12184 -0.08787 0.35328 0.16665 0.36350 -0.03081 -0.61385 -0.41276 0.30751 -0.73758 -1.07067 -0.27198 0.78130 0.22039 -0.44227 -0.77481 0.03767 0.97288 -0.25307 0.92505 1.13722 0.39681 -0.06546 -1.32034 0.44107 1.29845 
-0.16509 -0.30228 0.15144 -0.19538 0.37740 -0.22941 0.03058 -0.57313 0.06251 -0.53320 -0.40843 -0.43211 0.54916 -0.04249 -0.14047 -0.32130 0.16913 0.20595 -0.09832 0.12493 0.22435 -0.15164 -0.05769 -0.49699 0.02266 0.07084 0.27890 0.34139 -0.33033 0.01272 -0.69571 0.13717 0.53875 0.82965 -0.24984 1.12837 1.60147 0.48630 -1.20698 
-0.04938 -0.13011 0.15742 0.08117 0.04944 -0.13886 0.48012 -0.50659 -0.11328 -0.38390 -0.18343 -0.29581 0.27018 0.15706 0.25352 0.02295 0.17937 -0.33221 0.10637 -0.07509 0.41689 0.05767 0.39079 0.53080 0.21432 -0.42568 0.05186 0.15909 0.04417 -0.38094 0.04401 0.15544 -0.34385 0.27703 0.40138 0.30411 0.16001 0.30408 0.33848 
-0.00803 -0.04876 0.17439 -0.01601 0.04520 -0.12305 -0.04451 -0.15624 0.12018 -0.14241 0.12237 -0.21779 0.12349 0.00938 0.01862 -0.27714 -0.21181 0.24996 0.05713 -0.21892 0.50138 0.24974 0.24642 -0.33698 0.32673 0.40932 -0.18919 -0.26703 -0.14410 -0.26500 0.45507 -0.04339 0.20686 -0.48604 0.32122 -0.41655 -0.44122 -0.07776 0.54461 
-0.04000 -0.11149 -0.11972 -0.13065 0.29939 -0.08173 0.26119 -0.00522 0.13645 -0.13748 -0.52041 0.03092 0.67950 -0.03213 -0.01351 -0.12114 -0.08564 0.12286 0.06298 0.13177 -0.06915 0.37889 -0.02576 0.08958 0.13656 0.11893 0.02039 -0.00515 0.50535 0.18052 -0.41236 -0.05938 0.32941 -0.69164 -0.47970 -0.30268 0.81123 -0.35140 -1.00942 
-0.04016 -0.06227 0.05325 -0.10165 0.16806 -0.06007 0.08727 -0.22539 0.49906 -0.16817 0.21195 -0.08122 0.24242 0.02977 0.01348 0.22821 -0.03129 -0.16240 -0.00225 0.11049 -0.19027 -0.22996 -0.05626 0.47425 -0.02466 -0.60009 0.25155 0.49314 0.91335 -0.48383 0.31704 -0.63171 -0.21336 -0.56379 -1.52572 0.09668 -0.96010 -0.08236 -0.22688 
-0.01023 -0.09801 0.10849 -0.16194 0.13699 -0.08398 0.37168 -0.19548 -0.09351 -0.19374 -0.04616 0.00626 0.07941 0.21942 0.47963 0.79221 -0.56947 0.43990 -0.56873 -0.08159 -0.63294 -1.14683 0.07092 -0.87053 0.05421 -0.10795 0.00699 0.03676 -0.17086 0.01920 -0.01419 -0.02598 -0.22212 0.16867 0.71283 0.33101 -0.34286 0.04007 0.50963 
0.17926 0.41737 0.84546 -0.67112 0.60796 -0.62880 0.00568 -0.85833 -0.64777 -0.09725 -0.65858 -0.02701 0.13447 0.03676 0.05024 0.05734 -0.01210 -0.17659 -0.02823 -0.11164 -0.02160 0.48286 0.27475 0.13139 0.01541 -0.09046 -0.40277 -0.95789 -1.51311 1.22956 -1.05689 1.17187 0.21696 1.29781 1.96994 -0.00408 1.56197 -0.22733 0.12278 
0.02653 -0.04777 0.16584 -0.17404 -0.03960 -0.11222 0.26005 -0.21708 0.38935 0.08101 0.08523 0.02167 -0.01106 -0.18335 -0.47826 -0.72090 0.66010 -0.61698 0.60314 0.13537 0.66487 0.82311 0.06684 0.69144 -0.17312 0.01483 -0.08838 -0.06992 -0.22621 -0.08791 0.26340 -0.12102 0.02959 0.00442 -0.78241 -0.36223 -0.10506 -0.13577 0.09370 
-0.00409 -0.06089 0.12456 -0.01102 -0.00902 -0.02566 0.14105 -0.19346 0.17534 -0.03041 0.03286 -0.20014 0.14930 -0.05162 -0.01968 -0.16887 -0.10001 0.08680 -0.14925 -0.08204 -0.01718 -0.29955 -0.08748 0.02632 -0.12036 0.00323 0.17675 0.51756 0.64669 -0.73249 0.70224 -0.63490 -0.17814 -0.52454 -0.92084 -0.08933 -0.59802 0.24228 -0.03595 
-0.02509 -0.06745 -0.00303 -0.27405 0.04720 -0.26147 0.17800 -0.23427 0.08980 -0.00647 0.11155 -0.09869 -0.00783 -0.00660 0.03930 -0.07421 -0.07240 0.08525 -0.03176 -0.04277 0.14034 -0.09773 -0.02250 0.09343 0.06916 -0.02112 0.08582 0.05437 0.31568 0.29042 -0.01450 0.31346 0.10493 0.00307 0.38226 0.02559 -0.02397 0.04702 0.14122 
-0.01070 -0.02159 0.05035 -0.08342 0.07623 -0.05743 0.09828 -0.05312 0.07761 -0.05291 0.12629 -0.13097 0.12818 0.03420 0.03469 0.14682 0.19042 0.07230 0.16421 0.02289 -0.01411 0.08271 -0.06189 0.00235 -0.07334 0.14445 -0.02895 -0.09445 0.33720 0.04010 -0.15951 0.08400 0.05758 -0.51262 0.23622 0.01749 -0.21773 0.03669 0.08116 
0.00911 -0.03276 0.14379 -0.08363 0.11950 -0.09726 0.20090 -0.24837 0.17251 -0.06836 0.11390 -0.17203 0.13663 -0.03555 -0.05515 0.26299 -0.03230 -0.07426 0.05224 0.01482 -0.37229 0.13849 -0.00500 -0.12430 0.10585 0.06004 -0.05766 -0.04398 -0.25026 -0.20629 -0.13049 -0.13488 0.08052 0.05110 -0.28657 0.02699 -0.00741 0.13062 -0.14591 
-0.04624 -0.07674 0.31333 -0.11571 0.00198 -0.00519 0.11309 -0.42541 0.21611 -0.05791 0.00199 -0.02512 0.18821 -0.02345 -0.00929 -0.10345 -0.01587 -0.05819 0.02934 0.10342 0.03699 -0.20386 -0.03490 -0.00505 0.05728 -0.00146 0.08852 0.10389 -0.51719 0.06317 0.16050 -0.10231 0.14885 0.59940 -0.36830 -0.02387 0.13970 -0.17199 -0.15707 
-0.01434 -0.04205 0.04034 -0.09950 0.06131 -0.06792 0.30431 -0.21138 -0.03136 -0.10325 0.10885 -0.11474 0.13517 0.05297 0.04874 -0.25420 0.03088 0.08625 -0.05007 0.16366 0.22712 -0.22980 -0.02888 0.01540 -0.06613 -0.09704 0.02457 0.07416 0.19826 -0.09888 0.06036 -0.16173 -0.34068 0.05283 0.47164 0.20875 0.12136 0.17271 -0.08482 
0.00673 -0.02801 0.05913 -0.08484 0.08822 -0.05526 0.27676 -0.19829 -0.01370 -0.08679 0.01739 -0.09126 0.09118 0.00112 0.06487 0.09481 -0.11476 0.00217 -0.13239 -0.23727 0.08982 0.26778 0.17385 0.11630 0.22999 -0.08628 -0.09798 0.03179 0.34737 -0.25295 0.23668 -0.12615 0.00441 -0.10348 0.25443 0.13512 -0.25181 0.26384 0.16003 
-0.01322 0.02282 0.13515 -0.21426 0.06348 -0.20031 0.06704 -0.12156 0.23642 0.07060 0.22515 0.11525 0.04889 -0.04501 0.08053 0.09317 -0.22207 0.32293 -0.17622 0.16808 0.12364 0.02463 0.10624 -0.23641 0.19771 0.06300 -0.01228 -0.11237 -0.22802 0.22270 0.04564 0.30629 0.41494 -0.03013 -0.49062 -0.43822 -0.22994 -0.36486 0.17221 
-0.03828 0.05252 0.15230 -0.30691 0.41115 -0.23147 0.44484 -0.07465 0.01093 0.01945 -0.21902 0.10645 0.15418 -0.01116 -0.04751 -0.13321 0.10794 0.04781 0.17389 0.17767 0.05969 -0.22284 -0.26437 -0.11364 -0.13486 0.08594 0.08293 -0.15670 -0.14601 0.46202 -0.65919 0.34865 -0.41769 -0.20666 0.02704 -0.15823 0.47497 -0.34885 -0.12721 
-0.02438 -0.02469 0.00195 -0.10632 0.11130 -0.02642 0.24471 -0.06187 0.01358 -0.19377 0.11152 -0.01961 0.13483 0.03793 -0.07617 -0.05284 0.23995 -0.33626 0.17244 -0.24961 -0.08302 0.05167 -0.05199 0.23857 -0.15115 -0.06421 0.04587 0.03216 0.18621 -0.06932 -0.10327 -0.16289 -0.22817 -0.13210 0.24392 0.36213 0.09787 0.07181 -0.11739 
-0.00035 -0.02365 0.09947 -0.06696 0.07489 -0.05904 0.19523 -0.15767 0.06260 -0.03254 0.01954 -0.04470 0.08997 0.03471 -0.01534 0.05300 0.03862 -0.05546 0.01100 -0.05050 -0.07241 0.02108 0.09776 -0.01577 -0.06306 -0.03145 -0.02134 0.07422 0.03734 -0.21969 0.32302 -0.16054 0.16214 0.12650 -0.01873 0.02475 -0.17562 0.10365 0.04758 
0.01033 -0.04003 0.05495 -0.06770 0.05584 -0.01542 0.19421 -0.13428 0.03466 -0.09601 0.09575 -0.08267 0.10338 0.01659 -0.00195 -0.01550 0.02025 -0.01324 0.01189 -0.08747 0.04348 0.03294 -0.02724 0.06295 -0.04750 -0.01662 -0.05595 0.02374 0.04440 -0.05176 0.06522 -0.05684 0.06914 -0.01358 -0.01637 -0.03881 -0.13409 0.08406 0.00229 
