0.01621 -0.03081 0.04007 -0.03155 0.03511 -0.04293 0.10313 -0.05429 0.09839 -0.16152 0.07605 -0.11527 0.16109 0.00700 -0.01379 0.02446 -0.02950 0.01266 -0.01306 0.07970 -0.03502 0.09181 -0.05096 0.07941 -0.05654 0.10103 -0.59042 -1.78108 2.86469 -0.91408 0.41034 -0.31938 3.25075 -1.90272 0.51815 -1.57438 1.21205 2.41111 0.60893 
0.02580 -0.03656 0.06938 -0.06157 0.04420 -0.05436 0.16792 -0.08906 0.18445 -0.18877 0.19191 -0.17747 0.20788 -0.90070 -1.35728 2.34428 -0.68816 0.21249 -0.12478 2.58594 -1.83920 -0.21787 -1.96885 0.08292 1.93626 -0.15158 -0.65850 -1.23025 1.97101 -0.46913 0.32769 0.54936 2.00215 -1.49788 -0.05973 0.22209 -0.06201 1.69401 0.77547 
-0.88449 -1.38809 2.38435 -0.71971 0.24760 -0.16772 2.68906 -1.89349 -0.11948 -2.13038 0.15897 1.82100 0.00951 -0.65151 -1.24404 1.99547 -0.49863 0.34035 0.53631 2.08186 -1.53290 0.03208 0.17114 0.01740 1.63747 0.87650 1.74892 2.62106 -4.58547 1.18457 -0.40823 0.36391 -5.00258 3.24031 0.45561 3.93437 -0.74272 -4.14332 0.56294 
-0.62571 -1.28060 2.06485 -0.56020 0.38454 0.48194 2.24978 -1.62196 0.21653 -0.01764 0.20931 1.46000 1.08438 0.84823 1.26378 -2.24119 0.49640 -0.19574 0.23913 -2.41664 1.40111 0.23774 1.96552 -0.65980 -2.20706 0.41136 1.30969 2.48920 -3.98388 1.00609 -0.67429 -1.09095 -4.19677 3.06197 -0.09465 -0.36308 -0.03517 -3.30665 -1.80964 
-0.03627 -0.12431 0.14316 -0.22331 0.05187 0.07141 0.27243 -0.49238 0.11826 -0.16486 -0.50083 -0.38606 0.42088 0.65819 1.24516 -1.98841 0.50746 -0.33394 -0.55464 -2.11491 1.52907 -0.06257 -0.19195 -0.01777 -1.66918 -0.93315 -0.78074 -1.17598 2.17083 -0.32922 0.19439 -0.37883 2.29172 -1.00002 -0.21280 -2.03786 1.36118 2.38521 -0.67047 
0.03248 -0.03544 0.07643 -0.05274 0.05060 -0.07270 0.13486 -0.09289 0.15396 -0.20958 0.19154 -0.20918 0.15123 0.06749 0.08780 -0.07036 0.16719 -0.00134 -0.13970 -0.12492 0.40109 0.02494 -0.07234 0.70137 0.17815 -0.25911 -0.67521 -1.23695 1.95247 -0.48951 0.31658 0.58931 2.08212 -1.48797 -0.00399 0.23202 -0.07511 1.76440 0.92218 
0.03122 -0.03651 0.07281 -0.05612 0.05052 -0.06829 0.14750 -0.09129 0.14320 -0.23720 0.20054 -0.20792 0.16177 -0.01702 0.00821 -0.03595 0.01795 -0.01736 0.03467 -0.03280 0.04110 -0.06656 0.04007 -0.09288 0.09522 -0.01097 -0.08568 -0.07200 0.04760 -0.15041 -0.00933 0.15555 0.08633 -0.36957 -0.08650 0.21825 -0.83596 -0.05524 0.19665 
0.01546 -0.02723 0.04049 -0.03478 0.03325 -0.03803 0.10207 -0.05179 0.08740 -0.16951 0.09866 -0.11396 0.14026 -0.01819 0.01580 -0.02275 0.01677 -0.01067 0.01585 -0.03859 0.03152 -0.06155 0.14591 -0.13459 0.12291 -0.06245 0.01700 -0.00198 0.03949 -0.01411 0.01375 -0.03700 0.02467 -0.04975 0.07957 -0.00940 0.10488 -0.10789 -0.00838 
0.01303 -0.02070 0.05005 -0.03935 0.03986 -0.05244 0.10892 -0.05976 0.08165 -0.09128 0.06596 -0.08501 0.09932 -0.00002 0.00622 0.00355 0.00384 -0.00361 -0.00233 -0.00813 -0.00865 0.01302 0.03067 0.01200 -0.01266 -0.01935 0.02396 -0.01786 0.01761 -0.00950 0.00235 -0.00471 0.01789 -0.02580 0.07255 -0.19245 0.18114 -0.15884 0.06998 
0.01545 -0.02101 0.04404 -0.03094 0.02964 -0.04036 0.09394 -0.06044 0.10042 -0.13885 0.11066 -0.12662 0.12091 0.00577 -0.00206 -0.00514 0.00728 -0.00832 0.01114 -0.02070 0.00572 0.01099 -0.04653 0.04655 -0.03593 0.00753 -0.00941 -0.00942 0.01514 -0.00807 -0.00390 0.00901 0.03322 -0.01877 -0.00029 0.03634 -0.08863 0.03845 0.06530 
0.01880 -0.02276 0.04492 -0.03207 0.03154 -0.04130 0.08822 -0.05404 0.09264 -0.13782 0.11250 -0.12094 0.10685 -0.00942 -0.00319 0.01869 -0.00423 -0.00750 0.00667 0.02510 -0.02742 0.01273 0.06701 -0.07663 0.02579 0.04594 -0.00897 0.00128 0.01174 -0.01053 0.00885 -0.01247 0.03201 -0.01376 -0.01073 0.07480 -0.07777 0.05334 -0.00113 
0.00602 -0.02420 0.06273 -0.03517 0.02214 -0.03369 0.11904 -0.08786 0.11315 -0.07184 0.03404 -0.10083 0.16685 -0.00320 -0.00078 0.00660 -0.00326 0.00053 -0.00134 0.01131 -0.00804 0.00026 0.02827 -0.03122 0.01741 0.00640 0.01651 0.00358 -0.03943 0.00670 0.03235 -0.03584 -0.04919 0.06210 -0.02159 -0.10583 0.09245 -0.01364 -0.09525 
0.01560 -0.02354 0.05151 -0.03533 0.03207 -0.04264 0.09953 -0.06209 0.09290 -0.10955 0.08128 -0.10352 0.11324 0.00708 0.00039 -0.02074 0.00247 0.02484 -0.02917 -0.02410 0.03468 -0.00887 -0.03882 0.01582 0.01214 -0.04931 0.00366 0.00318 -0.01200 0.00279 0.00426 -0.00424 -0.01278 0.01504 -0.00796 -0.03515 0.04212 -0.01698 -0.01979 
0.01311 -0.02381 0.04199 -0.03270 0.04698 -0.06286 0.09494 -0.05318 0.10428 -0.11066 0.04986 -0.08869 0.11755 0.00046 0.00240 -0.00540 -0.00047 0.00479 -0.00557 -0.00146 0.00699 -0.00770 -0.00688 0.01090 0.00043 -0.01340 -0.00085 -0.00046 0.01643 -0.00758 -0.03966 0.05936 0.03041 -0.03500 -0.01145 -0.02242 0.03877 -0.02287 0.05150 
0.01606 -0.02115 0.04611 -0.03580 0.03686 -0.04821 0.09807 -0.05509 0.08520 -0.11644 0.09218 -0.10309 0.09985 0.00624 -0.00007 -0.00431 -0.00510 -0.01482 0.03018 0.00631 -0.00032 -0.02032 -0.06124 0.05459 -0.01073 0.00220 -0.00027 -0.00619 0.00492 0.00599 -0.00807 0.01003 -0.01547 -0.00558 0.02829 -0.01537 -0.00747 -0.02210 0.04177 
0.01935 -0.02388 0.03768 -0.03780 0.03216 -0.03268 0.10125 -0.05351 0.08396 -0.17190 0.10445 -0.09942 0.11975 0.00020 -0.00380 -0.00048 0.00552 -0.00328 0.00445 -0.01693 0.00141 0.02059 -0.02225 0.00343 -0.02167 0.02837 -0.00735 0.00151 0.01179 0.01006 0.01531 -0.04024 -0.01731 -0.00042 0.02744 0.09976 -0.05075 -0.00711 -0.01653 
0.01626 -0.02494 0.04563 -0.03027 0.03358 -0.04376 0.08114 -0.05368 0.10579 -0.13869 0.09561 -0.12476 0.12822 -0.00111 0.00145 0.00749 0.00496 0.00048 -0.01005 -0.01100 -0.00075 0.00713 0.03852 0.00384 -0.01784 -0.01433 0.01633 -0.00562 0.02656 -0.03094 0.01858 -0.02894 0.08092 -0.03884 0.03319 -0.08313 0.07095 -0.05142 0.02798 
0.01823 -0.02243 0.04517 -0.03284 0.03264 -0.04273 0.09025 -0.05426 0.09109 -0.13338 0.10829 -0.11725 0.10541 0.01653 -0.00942 0.02608 -0.02542 0.01529 -0.02449 0.06398 -0.03743 0.05377 -0.10538 0.07438 -0.07309 0.05635 0.00168 -0.00178 -0.00774 -0.00418 -0.00159 0.01148 0.00896 0.00096 -0.00558 -0.04296 0.00036 0.01415 0.01577 
0.03278 -0.03436 0.07171 -0.05569 0.04887 -0.06825 0.14512 -0.09111 0.15957 -0.24407 0.16998 -0.19785 0.18457 0.00057 -0.00033 -0.00025 0.00077 -0.00110 0.00143 -0.00203 0.00021 0.00155 -0.00444 0.00421 -0.00369 0.00143 -0.03051 0.02102 -0.05287 0.04903 -0.03263 0.05143 -0.12089 0.07449 -0.12070 0.21163 -0.13186 0.15000 -0.13407 
0.01880 -0.02276 0.04492 -0.03207 0.03154 -0.04130 0.08822 -0.05404 0.09264 -0.13782 0.11250 -0.12094 0.10685 -0.01398 0.01160 -0.02679 0.02362 -0.01734 0.02694 -0.05690 0.03706 -0.06693 0.10625 -0.05748 0.07691 -0.07772 -0.00099 -0.00309 0.00049 0.00274 0.00125 -0.00235 -0.00562 -0.00034 0.01165 0.00679 -0.02595 0.00499 0.01783 
0.01880 -0.02276 0.04492 -0.03207 0.03154 -0.04130 0.08822 -0.05404 0.09264 -0.13782 0.11250 -0.12094 0.10685 -0.00042 -0.00342 0.00024 0.00352 0.00015 -0.00092 -0.00766 -0.00013 0.01320 0.00236 -0.02174 0.00130 0.01926 0.01398 -0.01160 0.02679 -0.02362 0.01734 -0.02694 0.05690 -0.03706 0.06693 -0.10625 0.05748 -0.07691 0.07772 
0.01838 -0.02618 0.04516 -0.02855 0.03168 -0.04223 0.08056 -0.05417 0.10584 -0.13546 0.09076 -0.11963 0.12611 0.00000 0.00000 0.00000 0.00000 0.00000 0.00000 0.00000 0.00000 0.00000 0.00000 0.00000 0.00000 0.00000 0.00027 0.00718 -0.00023 -0.00780 0.00081 0.00042 0.01735 0.00004 -0.02795 -0.00028 0.03928 0.00108 -0.03996 
0.01880 -0.02276 0.04492 -0.03207 0.03154 -0.04130 0.08822 -0.05404 0.09264 -0.13782 0.11250 -0.12094 0.10685 -0.00015 0.00376 0.00001 -0.00429 0.00096 -0.00051 0.00969 -0.00009 -0.01475 0.00208 0.01754 0.00238 -0.02070 0.01179 -0.01579 0.02818 -0.02222 0.01982 -0.02857 0.05551 -0.03740 0.05827 -0.09514 0.07105 -0.08370 0.06669 
0.01823 -0.02243 0.04517 -0.03284 0.03264 -0.04273 0.09025 -0.05426 0.09109 -0.13338 0.10829 -0.11725 0.10541 0.01179 -0.01579 0.02818 -0.02222 0.01982 -0.02857 0.05551 -0.03740 0.05827 -0.09514 0.07105 -0.08370 0.06669 0.01251 -0.01988 0.02792 -0.01716 0.01777 -0.02663 0.04379 -0.03710 0.07457 -0.10166 0.05772 -0.08977 0.08882 
0.03059 -0.03855 0.07310 -0.05429 0.05136 -0.06987 0.14373 -0.09144 0.15091 -0.23296 0.18355 -0.20464 0.17354 0.01236 -0.01612 0.02793 -0.02145 0.01872 -0.02714 0.05348 -0.03718 0.05982 -0.09958 0.07526 -0.08739 0.06813 -0.02415 0.03191 -0.05612 0.04368 -0.03855 0.05570 -0.10899 0.07458 -0.11810 0.19472 -0.14631 0.17109 -0.13482 
0.03059 -0.03855 0.07310 -0.05429 0.05136 -0.06987 0.14373 -0.09144 0.15091 -0.23296 0.18355 -0.20464 0.17354 -0.01236 0.01612 -0.02793 0.02145 -0.01872 0.02714 -0.05348 0.03718 -0.05982 0.09958 -0.07526 0.08739 -0.06813 -0.02900 0.03277 -0.05889 0.04422 -0.03239 0.04815 -0.11213 0.07511 -0.10108 0.17625 -0.14683 0.16107 -0.12249 
0.01823 -0.02243 0.04517 -0.03284 0.03264 -0.04273 0.09025 -0.05426 0.09109 -0.13338 0.10829 -0.11725 0.10541 -0.01664 0.01665 -0.03096 0.02277 -0.01366 0.02102 -0.05865 0.03793 -0.04125 0.07668 -0.07157 0.07368 -0.05436 0.01391 -0.01498 0.01482 -0.03956 0.02453 -0.03727 0.05426 -0.03956 0.04954 -0.04434 0.09538 -0.05186 0.07656 
0.01395 -0.02190 0.04214 -0.03153 0.03770 -0.04885 0.08508 -0.05351 0.10966 -0.15628 0.11198 -0.13095 0.11918 0.00155 0.00114 -0.01311 -0.01811 0.00581 -0.01013 0.00078 -0.00237 -0.01028 0.05524 0.02012 0.03553 0.00843 0.02149 -0.01752 0.03373 -0.02331 0.00750 -0.01347 0.06179 -0.03846 0.02423 -0.05821 0.07209 -0.06367 0.04202 
0.01979 -0.02129 0.03206 -0.05095 0.03845 -0.05287 0.09103 -0.05663 0.08081 -0.07814 0.12841 -0.08172 0.11385 0.00485 -0.00087 0.00277 -0.00054 -0.00616 0.00755 0.00314 -0.00053 -0.01702 0.01847 0.00052 0.01002 -0.01234 -0.00254 -0.00261 0.02597 0.03699 -0.01272 0.02170 -0.00359 0.00496 0.02212 -0.11492 -0.03603 -0.07475 -0.01543 
0.01880 -0.02276 0.04492 -0.03207 0.03154 -0.04130 0.08822 -0.05404 0.09264 -0.13782 0.11250 -0.12094 0.10685 -0.00099 -0.00147 0.01286 0.01888 -0.00691 0.01156 -0.00281 0.00258 0.01183 -0.05968 -0.01591 -0.03922 -0.00700 -0.00541 0.00120 -0.00252 -0.00023 0.00726 -0.00898 -0.00111 0.00032 0.01547 -0.01403 -0.00473 -0.00633 0.01090 
0.01880 -0.02276 0.04492 -0.03207 0.03154 -0.04130 0.08822 -0.05404 0.09264 -0.13782 0.11250 -0.12094 0.10685 -0.00057 0.00033 0.00025 -0.00077 0.00110 -0.00143 0.00203 -0.00021 -0.00155 0.00444 -0.00421 0.00369 -0.00143 -0.00387 -0.00006 -0.01628 -0.01809 0.02013 -0.02968 0.00238 0.00177 -0.00376 0.08809 -0.04476 0.06695 0.02291 
0.01823 -0.02243 0.04517 -0.03284 0.03264 -0.04273 0.09025 -0.05426 0.09109 -0.13338 0.10829 -0.11725 0.10541 -0.00485 -0.00153 -0.00342 0.00079 0.01322 -0.01812 -0.00043 0.00435 0.00807 0.02841 -0.06067 0.02773 0.01591 -0.25027 -0.34993 -0.11888 0.28947 0.46987 -0.42501 -1.03339 0.10485 0.36541 -0.62458 0.09458 -0.98394 0.63583 
0.01394 -0.02429 0.04149 -0.03128 0.04476 -0.05942 0.08779 -0.04969 0.10071 -0.10940 0.05183 -0.09320 0.12276 -0.25084 -0.34960 -0.11863 0.28870 0.47097 -0.42643 -1.03136 0.10464 0.36386 -0.62014 0.09037 -0.98026 0.63439 -0.58925 -0.93847 1.55505 -0.48160 1.41955 -0.90037 -2.26849 1.09141 -0.25572 -2.75516 1.45051 -1.06678 2.44107 
-0.23260 -0.37203 -0.07346 0.25586 0.50361 -0.46917 -0.94111 0.05038 0.45495 -0.75352 0.19866 -1.09751 0.73980 -0.59410 -0.94000 1.55162 -0.48081 1.43278 -0.91848 -2.26891 1.09577 -0.24764 -2.72675 1.38984 -1.03904 2.45698 -0.68535 -0.29714 2.99837 -2.19131 0.78196 -0.01377 0.44032 1.43022 -0.36274 0.07216 0.97873 1.30258 0.89006 
-0.58016 -0.96429 1.59312 -0.51209 1.47754 -0.97790 -2.18113 1.04607 -0.14693 -2.83615 1.44167 -1.13225 2.57974 -0.93619 -0.64673 2.87975 -1.90261 1.25293 -0.44020 -0.59104 1.53486 0.00112 -0.54798 1.06910 0.32232 1.52445 -0.39258 0.68028 -0.26301 -1.17239 -0.78702 0.60958 2.46526 -1.03152 -0.42427 2.57738 -3.29200 0.85775 -3.71648 
-1.16879 -1.01876 2.80629 -1.64676 1.75653 -0.90937 -1.53215 1.58525 0.45608 -1.30150 1.26777 -0.77519 2.26425 -0.98669 -0.25973 1.28861 -1.65320 0.64576 -0.30891 0.19635 0.06424 -0.67192 -0.14937 -1.90216 -0.18130 -1.25949 0.75926 0.77231 -2.31100 0.88576 -0.72875 0.12541 1.17583 -3.04452 -0.04396 2.50025 -3.24268 0.18739 -2.39962 
-1.56685 -1.22402 2.88173 -2.16529 2.12330 -1.28681 -1.98478 1.11031 -0.81885 -2.98552 -0.46048 -1.31354 1.32025 -0.17693 0.12557 0.56875 -1.01686 0.52418 -0.31479 0.58479 -1.50965 -0.04283 1.95227 -2.17358 0.50971 -0.87518 0.53329 0.26694 -1.40363 1.14371 0.01418 0.25029 1.70158 -1.59122 2.99051 1.84024 1.09424 1.94450 1.21304 
-1.34572 -0.89319 3.37504 -2.66361 2.28071 -1.22416 -0.94736 0.07559 0.41324 0.65076 -0.90582 -0.26548 1.38908 -0.45340 0.00721 -0.11502 -0.50949 0.65994 -0.05861 1.89793 -1.52697 2.31860 1.69087 -0.80792 1.76320 -0.04645 -0.48007 -0.51251 -1.33947 1.22242 0.24122 -0.00145 -0.25423 1.16796 1.79256 -3.59612 2.84584 -0.93266 -0.02357 
-2.02024 -1.21681 2.76671 -2.67477 2.78324 -1.34542 -0.08685 -0.41666 1.49975 -1.29466 -1.26841 0.44966 1.27380 -0.65700 -0.38694 -0.77072 0.20557 0.76539 -0.31624 0.33055 -0.34170 1.74973 -1.64385 0.67226 -0.42295 -0.89875 0.38877 -0.18358 -0.74752 0.78945 -0.64281 -0.15866 -1.28746 1.05466 -3.09199 -2.24081 3.09539 -2.53738 -0.52128 
-2.00272 -1.28013 2.60432 -2.45805 3.04610 -1.54040 -0.61681 -0.26610 2.16297 -0.99309 -0.23356 -0.68843 0.49033 -0.06462 -0.17637 -0.86254 0.27996 0.01713 -0.21727 0.61046 -0.47232 -0.77340 -0.54994 2.28747 -0.77418 -0.56773 0.58757 0.33464 0.17781 -0.26433 -0.76810 0.19234 1.80308 0.03862 -2.02963 0.37057 -0.19391 -0.67215 0.72888 
-2.08487 -1.39318 1.90417 -2.39482 2.80037 -1.56269 0.52361 -0.88898 0.72635 -1.84460 1.01906 -0.32452 0.70606 -0.06943 -0.05230 -0.59291 -0.05876 -0.00270 -0.12390 2.13363 -0.30307 -0.27991 -1.27328 0.47835 -1.09510 -0.16986 -0.10592 -0.31548 0.95674 -0.14897 0.13616 0.57794 1.24427 -0.28862 2.03786 -0.34484 -3.25005 -0.15731 2.45634 
-2.07215 -1.33243 2.01141 -2.51680 3.04340 -1.66430 1.51682 -0.56917 1.88306 -2.26637 0.24479 -1.78353 0.32047 -0.17055 -0.49185 0.09420 0.13099 0.15329 0.36067 1.85473 -0.76094 1.26446 -0.89479 -0.96259 -0.93149 1.88860 0.10905 -0.82545 0.39963 0.31971 -0.72066 0.89150 -0.99196 -0.76619 -0.47000 0.15452 -0.22714 1.83043 2.60811 
-2.25542 -1.88503 1.99837 -2.26383 2.95366 -1.20202 2.37834 -1.64991 1.99081 -2.73938 0.05648 -1.25601 2.59467 0.03962 -0.87775 -0.19328 0.26095 -0.72336 0.76759 1.14167 -1.06926 -0.74991 -1.11876 0.25121 0.73533 2.43825 0.88119 0.01509 -1.24644 -0.43368 -1.05148 -0.76165 -1.26522 1.32802 -1.25104 1.63797 1.79080 1.19818 -3.06274 
-2.03253 -2.21017 1.81813 -2.25585 2.32004 -0.89671 2.65849 -1.63843 1.13315 -3.38513 0.49601 -1.04820 2.75872 0.71064 -0.47676 -1.15225 -0.30269 -0.89820 -0.40098 0.58951 0.56709 0.01343 0.74319 0.82822 0.26669 -1.17414 0.91508 0.76568 -0.44376 0.02369 -0.09089 -2.09953 -1.79647 1.88506 1.60376 4.32659 0.48835 0.16231 -2.71994 
-1.54478 -2.36178 0.84612 -2.56651 2.05546 -1.60300 2.96786 -1.08283 2.00424 -1.99620 0.88469 -0.98932 1.42053 0.95470 -0.11207 -0.63704 0.28464 -0.81425 -1.33194 -0.65480 0.81580 0.85385 3.20782 0.73957 0.89764 -0.28169 1.00274 1.22274 2.15247 1.42233 0.55611 0.10818 -3.43198 -1.22465 -2.60686 -0.15724 -2.52047 0.10979 0.21649 
-1.07783 -2.32224 1.18109 -1.97121 1.50579 -2.22864 2.00369 -0.82263 1.98700 -0.17730 1.23557 -0.15056 2.47703 1.71338 0.74599 1.00023 1.11964 -0.34209 -0.29280 -2.84246 -0.65756 -2.59343 0.58595 -1.69226 0.37648 -0.95765 1.75536 0.49130 0.36989 0.72774 0.69376 1.07319 -1.89653 -2.15270 -4.60797 -4.46456 -4.51349 -3.46758 -2.48569 
0.16860 -1.61579 1.84635 -1.44687 1.71337 -1.89581 0.12539 -1.74039 -0.58920 -1.41025 -0.80756 -0.61284 0.46288 2.71005 0.37923 -0.26714 1.01238 -0.12049 -0.25875 -2.55133 -1.33690 -3.75412 -1.25673 -3.77392 -2.56993 -2.76738 -0.56234 -1.64574 -1.80064 -0.52570 -0.40513 -0.41583 2.55217 -0.57717 1.44293 -1.20073 0.21408 -1.93520 -0.10771 
1.63222 -1.94301 0.91395 -0.95883 1.38531 -2.48739 -0.54765 -2.15953 -1.76712 -1.43404 -2.53835 -2.72049 -0.29035 1.15104 -0.89975 -0.80042 0.59393 -0.74722 -0.70863 -0.29030 -1.23473 -1.15050 -0.61478 -1.47818 -1.55873 -1.06536 -2.87310 -0.75857 0.43135 -0.61751 -0.19657 -0.09782 4.03647 0.70328 4.04432 1.92173 5.43000 3.77796 2.25891 
1.31964 -2.51554 1.04593 -0.85294 0.96615 -2.60444 -0.16491 -2.97512 -1.73969 -2.02503 -2.28574 -2.17157 -0.60248 -0.16305 -0.37935 0.16421 0.39487 -0.31706 -0.35657 1.48514 -0.63361 0.29020 0.66500 1.65608 1.20802 -0.50847 -1.25298 1.16696 -0.35212 -0.13531 -0.12387 0.47619 -0.20636 1.37976 0.61346 2.61204 0.92937 2.65358 0.16374 
1.46918 -2.32236 1.07816 -0.56396 1.06825 -2.84396 0.93749 -2.79314 -1.47692 -0.76904 -0.88227 -1.51247 -0.79883 -0.10194 0.26721 -1.15253 0.45862 -0.87109 -0.23244 -0.49666 0.14504 -0.53703 1.99726 -0.54881 1.09486 -0.90161 -0.35157 0.51857 -1.26199 -0.34361 -0.64815 0.03795 -3.31769 0.34609 0.42582 -1.50552 -1.24976 -2.19714 -0.74752 
1.21770 -2.24833 -0.10660 -0.39431 0.09507 -2.83688 -0.66157 -2.83008 -2.27673 -0.02776 -2.83455 -1.07671 -1.50410 -0.51462 0.13923 -1.09778 0.05126 -0.96520 -0.31862 -1.83255 -0.28752 0.71602 -0.84052 0.40632 -0.98911 -1.25600 0.28989 -0.20598 1.43216 -0.10361 0.48697 0.09455 0.33955 0.05107 2.07240 -1.80050 0.97733 -1.04179 0.26627 
0.95456 -2.18313 -0.01962 -0.51271 0.10305 -3.16259 -0.89506 -3.08066 -0.76089 -1.60956 -0.47595 -2.50158 -2.05483 0.18795 0.06123 0.27963 0.35502 -0.38412 -0.13789 -0.15712 0.19611 1.53537 0.19676 0.42852 0.05307 -0.63535 1.13926 -0.16868 1.31990 0.57687 0.66555 0.44009 2.14039 0.91603 -1.04273 4.07110 -2.39367 3.08855 1.62547 
1.40565 -2.18710 0.17303 -0.03930 -0.28905 -2.97477 -0.81868 -2.63397 -0.74136 0.16900 -2.40603 -1.02364 -2.13945 0.62465 -0.02946 0.22212 0.62812 -0.29965 0.12147 0.30784 0.62852 -0.32671 3.23058 -1.98735 2.09944 0.36947 -0.06892 0.10752 -0.01508 0.07049 0.90508 0.74580 1.65543 0.21129 -1.24255 0.75195 -0.88439 0.97099 1.14208 
1.57921 -2.21259 0.20251 0.11542 -0.19661 -3.04112 -0.58723 -2.45214 -1.08761 1.62102 -2.46331 -0.40215 -1.68535 0.11903 0.16874 0.26455 0.42550 0.52096 0.60791 1.49832 0.40739 0.29282 0.94871 -0.45586 1.02406 0.50673 -0.61015 0.21593 -0.23368 -0.46654 0.71628 0.56638 0.69541 -0.68845 -0.30259 -4.07838 2.01089 -2.03452 0.71117 
1.52468 -2.01836 0.43758 0.38621 0.23191 -2.36687 0.67963 -2.22658 -0.44854 1.11771 -2.86189 0.00041 -1.63272 0.01450 0.18648 -0.01155 0.16158 0.41663 0.68785 1.00325 -0.05994 -0.62930 -0.84780 0.02354 0.06492 1.08064 -0.50200 -0.16440 -0.21133 -0.84276 -0.41216 -0.78735 -2.34840 -0.69191 -1.12551 -4.32359 3.38237 -2.33828 1.26262 
1.59371 -2.02611 0.19095 0.27700 0.22002 -2.35327 0.41603 -2.51208 -1.71691 0.77323 -2.43977 -0.33723 -0.60471 -0.38296 0.00435 0.05322 -0.41726 0.10880 -0.17945 -0.85008 -0.28451 -0.83269 -3.37488 2.92651 -1.31422 1.76935 -0.13362 -0.34453 -0.16338 0.15888 -0.47703 -0.86809 -0.95447 0.12402 0.65794 0.29043 -0.34456 0.47469 0.19326 
1.14172 -2.01402 0.49080 -0.03105 0.34071 -2.54632 -0.17044 -2.51109 -1.28124 -2.25717 0.06462 -1.31381 0.13663 -0.11912 -0.15805 -0.17493 0.32046 -0.06041 -0.18024 0.04878 0.06408 0.02864 -0.55737 -0.32102 0.53961 1.27390 0.52932 -0.45747 -0.46114 1.00168 -0.35563 -0.28172 1.29790 0.12461 -0.45755 5.79311 -6.41914 2.18285 -1.61569 
1.47458 -2.18417 0.01602 0.59746 0.15961 -2.53351 0.46481 -2.44800 -1.68826 0.21585 -2.76079 0.20238 0.66919 0.14636 -0.45313 -0.40792 0.58443 -0.24682 -0.46117 0.44782 -0.15990 -1.29025 2.41823 -3.49263 0.86863 0.15365 -0.47560 -0.34977 0.60167 0.05434 0.08352 -0.26760 -1.37807 -0.50806 -0.44006 0.28526 0.51091 -1.59493 -2.15734 
1.28808 -2.46714 0.08288 0.55338 0.09389 -3.00748 0.27738 -2.67099 -2.57148 0.16106 -3.42801 -0.44518 0.29028 -0.59473 -0.50782 0.42674 0.37480 0.02312 -0.44784 -1.32929 -0.44398 -0.41142 -0.27211 0.18989 -1.05532 -0.88343 -0.31491 0.49780 0.94360 -0.02207 0.46440 0.85323 -1.62469 0.46404 1.35215 -1.25316 5.11885 -0.88833 1.11823 
0.87986 -2.69199 0.44276 0.97226 0.18273 -2.98135 -0.86448 -2.89198 -2.09968 -0.05626 -2.57090 -0.85294 -0.21424 -0.16856 0.04467 0.53567 0.56236 0.21758 0.39206 -1.17687 0.30414 0.06190 1.16507 1.62622 -0.01970 1.27189 0.97468 0.85995 -0.84892 -0.18668 0.01894 0.88686 0.86772 1.03672 -0.24956 2.15356 -0.10948 -0.11280 2.91144 
1.11952 -2.42247 0.61855 1.11575 0.31146 -2.61542 -0.89949 -2.36685 -2.50958 1.32613 -1.80180 -0.46488 1.56217 0.37996 0.35213 -0.42218 0.18812 0.04205 0.43901 -0.46157 0.59275 -0.66098 1.88145 0.08041 -1.16811 2.02801 0.51017 0.31920 -0.61920 -0.82786 0.08707 -0.48447 1.20403 -0.18048 1.91607 -2.25275 -1.16818 -2.68381 -0.22361 
1.25981 -2.33986 0.02058 1.16037 0.22478 -2.54234 -1.32606 -2.29923 -2.76066 1.82520 -2.49049 -2.02105 1.81377 0.34162 0.36387 -0.08353 -0.26549 0.30465 -0.09241 0.02716 0.12366 1.97797 -1.08768 0.45803 -2.70351 1.04828 -0.17418 0.48923 1.19993 0.04271 0.41114 -0.18313 1.26487 0.00844 2.57418 -4.13278 0.73047 -2.21280 -2.83522 
1.46114 -2.05860 0.53502 0.85025 0.61611 -2.70783 -0.87233 -2.24320 -0.53162 0.23845 -1.34376 -3.16839 2.61045 0.20577 0.84136 0.77775 0.23082 0.45319 0.25588 0.80329 0.60119 1.91321 -2.25132 0.81088 -3.38092 -0.80722 -0.71046 0.48527 0.53385 0.66601 -0.47231 0.78386 -0.15721 0.61874 -2.03291 0.05959 -0.65659 0.67231 -1.98109 
1.46558 -1.49850 0.79833 1.39119 0.67797 -2.28645 -0.52277 -1.69805 -0.84745 -0.42612 -1.67962 -5.40197 1.00655 -0.36885 0.84914 0.45032 0.40051 -0.16766 0.69145 -0.13006 0.74240 -0.05494 -1.02808 -0.19856 -2.03120 -0.93281 -1.11398 -0.61257 -1.12086 -1.00505 -1.06050 0.14255 -1.07926 -0.52349 -2.09660 1.36152 0.61176 6.09771 2.29159 
1.09229 -1.20946 0.98534 1.25076 0.44845 -2.01639 -1.00239 -1.50080 -0.58656 -0.78964 -1.54232 -5.19959 1.67764 -0.90821 0.22879 -0.34311 -0.77422 -0.60731 0.39843 -0.27597 0.07769 -0.18340 -0.88980 1.42264 2.71680 1.48437 0.15858 -2.18808 -3.27508 -2.24870 1.43541 0.00931 1.29271 -1.18555 -1.36567 0.95738 1.14302 5.22611 0.86080 
0.55738 -1.26971 0.45522 0.61697 0.07067 -1.88802 -0.79873 -1.62035 -1.03085 -1.31592 -0.25698 -2.68517 2.49092 -0.21026 -1.33893 -2.82476 -1.84819 1.26775 0.70076 1.16265 -0.44315 -1.42061 -0.07071 0.94446 3.19491 -0.07201 1.11978 -1.09476 -1.61032 -0.59042 2.15906 0.35971 1.86973 -0.89018 -0.77824 1.57013 -2.26708 -2.22587 -2.14832 
0.88203 -2.54839 -1.83942 -0.59742 1.71621 -1.31562 0.16026 -1.94395 -2.00717 -0.86034 -0.59787 -2.00468 1.60563 0.21158 -0.86598 -1.95343 -1.36465 1.55176 0.75814 1.59376 -0.81249 -0.96163 0.68033 -0.84444 0.49092 -0.66395 -0.83804 1.68131 4.71360 1.16786 -1.35189 -0.04916 -1.76659 0.41707 2.02425 0.88650 -0.80229 -1.61156 1.80130 
0.76896 -2.13569 -1.49821 -0.74768 1.62242 -1.12988 0.79503 -2.43284 -1.99248 -0.63559 -1.10142 -2.19425 1.82697 -1.04830 0.34237 1.88884 -0.68032 -0.08414 0.65160 -0.60394 -0.02609 0.60364 0.81579 0.14217 1.58335 1.72929 -1.36374 0.31823 3.68884 0.75277 -1.43537 -0.55106 -3.76068 1.91683 1.70274 0.29195 2.58039 0.27376 1.62345 
-0.16627 -2.20602 0.04942 -1.27774 1.63207 -0.66402 -0.44368 -1.97004 -1.40353 -0.04455 -0.45569 -0.42133 3.33492 -1.15217 -0.54774 1.73541 -0.61188 0.11638 0.20708 -2.16691 1.10434 0.74111 0.97228 1.73595 0.76468 0.95951 0.45666 -0.94205 -0.82726 0.12704 0.49482 -1.25065 0.90210 0.74434 1.08632 -1.06888 1.25362 -1.36706 -3.44055 
-0.38321 -2.68343 0.23721 -1.35956 1.73881 -0.92279 -1.37189 -1.32850 -1.25137 0.33669 0.63453 -1.42956 2.78648 -0.59164 -0.59968 1.06157 -0.55329 0.41069 -0.59905 0.29816 0.71826 1.68996 -0.25309 1.39579 0.21629 -1.71126 0.07703 0.40297 -0.65347 -0.12165 0.27633 -1.09015 4.05951 -1.47639 1.68131 -2.27551 -2.50423 -0.76645 -2.23068 
-0.75791 -2.80570 1.11099 -1.83103 2.04276 -1.26307 -0.14552 -1.25178 0.28643 -0.29764 0.94010 -0.20504 1.62366 -1.07514 -0.14477 1.08194 -0.73353 0.39271 -0.88307 1.89260 -0.37205 2.42241 -1.30323 -0.76829 -0.00176 -1.27117 -0.28633 0.91304 -0.01900 0.41378 -0.30621 0.27396 1.37264 -0.61538 -1.09507 -0.02866 -2.08714 -0.62401 1.91505 
-1.45835 -2.82820 1.31915 -2.09309 2.13152 -1.80586 0.52071 -1.70055 1.17104 -0.96654 -0.13376 -1.43133 1.51531 -0.87797 0.31336 1.04257 -0.13951 0.10448 -0.32509 1.67079 0.10288 0.59489 -0.28176 -0.69135 -0.40773 0.20379 0.72913 0.97042 0.00118 0.98937 -0.13198 0.93347 -0.84114 0.60142 -2.34905 1.06931 1.50154 0.66906 2.00038 
-1.63588 -2.49234 2.15356 -1.97054 2.14724 -1.58816 1.52527 -1.14890 0.88131 -0.57940 0.24875 -0.61277 1.82745 -0.34601 0.82565 1.08312 0.25585 0.26073 0.05040 1.05145 0.22937 0.07336 -0.23391 0.73325 0.66730 0.72921 0.52936 0.24057 -1.10108 -0.08819 0.19135 0.27500 -1.49190 -0.55052 -0.61819 -2.29480 0.50353 0.65063 -0.02135 
-1.80437 -2.00256 2.40227 -1.83724 2.39225 -1.75546 1.57216 -1.47118 1.24440 -1.20045 0.59949 -0.76403 2.24452 -0.34861 0.55392 -0.05851 -0.22770 0.29583 -0.05009 0.17890 -0.44764 -0.02331 -2.57656 -0.18782 0.24290 0.18244 0.58078 -0.35614 -1.28224 -0.71074 -0.06459 0.27367 -0.79575 -0.14606 0.30357 -0.56464 -1.03535 -0.81001 -0.82781 
-1.98449 -1.93842 2.09505 -2.19824 2.44307 -1.63825 1.70416 -1.59654 0.85800 -3.15596 0.06092 -0.36986 2.00989 0.23477 0.46951 -0.19912 -0.45489 0.19614 0.32407 0.25570 0.08331 0.37693 -0.79856 -0.30210 -0.14271 -0.09860 0.23248 -0.63447 -0.72178 -0.01493 -0.22284 0.19011 0.49071 0.68876 0.45977 2.78372 0.36959 0.06592 0.18534 
-1.56960 -1.53305 2.20314 -2.29213 2.58839 -1.43139 1.82786 -1.38787 1.62133 -1.99901 0.29739 -0.90674 2.14592 -0.11612 -0.08054 -0.78029 -0.24264 0.07299 0.14002 0.66961 0.24112 0.43647 0.20717 0.18176 0.30882 0.36779 -0.28751 -0.41939 -0.15119 0.40772 -0.16895 -0.47580 0.04032 -0.03711 -0.87730 -0.31536 0.77763 0.51380 -0.73860 
-2.10061 -2.01896 1.31476 -2.44088 2.51606 -1.49823 2.37377 -1.35542 1.29447 -2.94879 0.24268 -0.06104 2.37768 -0.05275 0.05012 -0.35031 -0.04717 0.02719 -0.15173 0.29602 0.04620 -0.50037 -1.11392 0.47553 0.37108 -0.83720 0.74457 0.83116 1.52084 0.49583 -0.05877 -0.21929 -0.92677 -0.11581 -0.31103 0.42033 0.80045 -1.23645 -1.51914 
-1.62235 -1.48293 1.85283 -2.33931 2.61558 -1.58312 2.12388 -1.34167 1.12096 -3.11293 0.77292 -0.53566 1.30872 0.62844 0.75061 0.74055 0.25320 0.01422 -0.07927 -0.25716 0.12531 0.12543 0.62750 0.98221 -0.92762 -1.15136 -0.36899 -0.45000 0.35386 0.39736 -0.32252 0.01877 -0.03673 -0.21292 0.51923 2.01842 -1.13554 -1.58676 1.13215 
-1.47216 -1.26835 2.05531 -2.18768 2.53028 -1.57750 2.11661 -1.23011 1.41990 -2.32129 1.22490 -0.98866 1.22632 -0.42174 -0.39988 0.00355 0.35019 -0.29533 -0.13296 0.25929 -0.16672 0.01886 0.90450 -0.66002 -1.21568 0.29494 -0.99687 -1.30202 -0.71934 -0.20777 -0.14841 -0.00820 0.85078 -0.00896 0.05961 -0.52672 -1.66766 0.12247 0.99309 
-2.04409 -1.88280 1.85638 -1.98912 2.32025 -1.71608 2.38317 -1.50839 1.13982 -2.20843 0.11290 -1.75134 1.60366 -0.36843 -0.55141 0.02120 0.04543 -0.13419 -0.08747 0.59361 0.11635 0.18504 0.10078 -0.68544 -0.80516 -0.15826 0.58650 0.32818 0.00313 -0.46959 0.21611 0.29860 0.23108 0.30705 0.08136 -0.82530 1.00291 0.89121 -1.29393 
-1.84059 -1.81976 2.07651 -2.14225 2.39609 -1.66497 2.71022 -1.11377 1.60494 -2.22051 0.53946 -1.79382 1.06805 0.16476 -0.07170 0.00668 -0.11941 -0.07922 0.16564 0.49037 0.14033 0.10022 0.07920 0.34290 -0.32447 -0.99899 0.57203 0.56605 0.65041 0.18545 -0.02786 0.35958 -1.75622 -0.05375 -0.45075 0.72056 0.95338 1.75907 0.53731 
-1.87932 -1.95450 1.86306 -2.10853 2.24103 -1.55044 2.87354 -1.36807 1.24004 -2.12924 0.45580 -2.07581 0.60468 0.20361 0.01464 0.67161 0.23088 -0.16205 0.27211 -1.16260 0.06260 -0.26571 0.82134 0.26794 0.95391 0.37905 0.16469 -0.05760 1.11436 0.50527 0.04059 -0.11673 -1.68170 0.08016 -0.40159 1.38810 -0.04127 2.22623 1.25080 
-1.63698 -1.80511 2.74812 -1.91137 2.23403 -1.39286 1.54762 -1.05117 1.33924 -1.39917 0.80740 -0.83991 1.44710 0.32946 -0.12930 1.12104 0.38586 -0.03863 0.04891 -1.19133 0.22049 -0.30137 1.46729 0.30163 1.90177 0.25182 -0.10280 -0.43981 -0.82326 -0.31799 -0.11292 0.08796 -0.30490 -0.04072 -0.71207 0.59238 -0.18560 0.16848 -0.78444 
-1.54987 -2.08380 2.98410 -1.72267 2.20240 -1.50152 1.68221 -1.14758 0.93867 -0.66195 0.75743 -0.17404 0.85650 0.10081 -0.42517 -0.15165 -0.08711 -0.27497 0.36006 -1.46750 0.02188 -0.97778 1.41372 0.08233 1.12239 -0.40540 -0.06661 -0.02856 -1.54247 -0.01892 -0.13433 0.63540 -0.54654 0.67343 -0.66451 -0.59950 -0.43567 -1.98582 0.31428 
-1.53617 -2.23029 2.59648 -1.99848 1.95906 -1.03280 0.08012 -1.02929 0.36146 0.01455 0.88973 0.28247 1.04171 0.26285 -0.15786 -0.42143 0.36694 -0.17296 0.68431 -1.73787 0.89392 -0.96589 0.86779 -0.13404 -0.08406 0.56610 0.59548 0.60141 -0.44747 0.84053 0.02554 0.46132 1.20157 0.67456 0.37803 -2.17776 -1.97203 -2.38107 0.32168 
-1.28702 -2.24166 2.56267 -1.35573 2.02944 -0.81721 -0.05566 -0.25365 -0.02722 0.20584 0.62338 -0.25810 1.42260 0.69629 0.17624 -0.59912 0.75342 -0.24944 0.82138 -0.26593 0.69644 -0.59976 -0.76403 -1.88969 -1.25868 -0.08372 0.60483 0.97326 -1.15582 -0.10848 -0.27908 0.06526 1.67355 -0.94632 0.36558 -1.17562 0.46527 -0.28142 -0.28844 
-0.83989 -2.05405 1.99735 -1.24506 1.70962 -0.21141 -0.18581 -0.33285 -0.23830 -0.74948 -0.99996 -0.97621 0.95798 0.86767 0.81540 -1.57725 0.25846 -0.45204 0.74957 -0.06432 -0.05240 -0.60031 -0.30783 0.33123 -0.36548 0.27766 -0.22990 1.40844 -0.45033 -0.50613 -0.45910 -1.04265 0.72514 -0.81151 -0.05090 1.77577 3.54138 0.66403 -0.30648 
-0.41935 -1.42626 0.98543 -1.09726 1.57740 -0.06764 -0.11998 -0.30605 -0.62753 -0.10199 0.95461 -0.62358 1.70026 0.46639 1.58467 -1.04945 0.24728 -0.70853 -0.22127 0.45921 -0.11508 -0.65066 1.01173 1.65169 -0.59465 -0.39020 -0.63598 0.53833 1.12882 0.28316 -0.47349 -0.90659 1.04105 0.30661 0.43264 -0.03367 -0.64220 0.09344 -1.44003 
-0.37350 -0.46938 0.94790 -0.99778 1.00109 -0.43268 0.27340 -0.44793 -0.88896 0.26225 0.65173 -1.57086 0.56778 0.23170 1.35372 -0.44843 0.54162 -0.92553 -0.15702 0.97673 0.25421 -0.16767 -0.34150 -0.31097 -0.27204 -1.16237 -0.15424 -1.21950 -0.01907 0.44215 -0.20397 0.39074 -0.56996 0.55999 1.70428 -1.76118 -1.20682 2.29430 -0.10161 
-0.18765 -0.07254 0.53700 -0.55564 0.65187 -0.22466 0.85674 -0.05184 -0.79520 -0.44349 0.64364 -0.89561 0.53789 0.31215 0.36517 -1.06852 0.68943 -0.91251 0.16947 -0.11076 0.44491 1.05363 -0.74945 0.44487 1.69965 -0.49182 -0.10672 -1.34176 -0.05153 -0.02169 0.43091 0.17543 -1.94444 -0.17470 1.26858 0.69696 -0.63517 0.93092 0.97984 
-0.06135 -0.10421 -0.12062 -0.30835 0.08858 -0.26321 0.16264 -0.00301 0.16467 -0.48720 1.09660 0.12879 0.07597 0.12498 0.01196 -0.49996 0.51994 -0.49462 0.01841 -0.96772 0.07951 1.10091 0.35546 -0.94614 0.65889 -0.18253 -0.26623 -0.31853 1.22349 -0.39692 0.84492 0.06674 0.14270 -0.53328 -1.16984 1.04867 -1.39794 -1.96934 0.60631 
-0.06267 -0.06057 0.03704 -0.03570 0.15725 -0.20625 -0.11097 0.02767 0.30571 -0.08803 -0.30251 -0.23672 0.35536 0.04592 0.04665 0.15498 0.29251 -0.06759 0.23621 0.03195 -0.08837 -0.11622 0.29922 -0.95307 -0.26969 0.11449 -0.08465 0.01564 0.48034 -0.56370 0.42947 0.11858 1.20075 -0.10954 -1.31723 -0.54013 1.26485 -0.56300 0.06727 
-0.01543 -0.05756 0.03436 -0.01584 0.02099 -0.02701 0.19459 -0.09138 0.04845 -0.18797 0.14352 -0.14090 0.19046 0.04033 0.02760 -0.01962 -0.04376 -0.06515 0.13700 0.23303 -0.03003 -0.21633 -0.18467 0.31870 0.09588 -0.11527 -0.08297 -0.03278 -0.13351 -0.34326 0.12933 -0.35345 -0.04553 0.16188 0.15813 -0.12677 0.78284 0.29011 -0.03334 
-0.02234 -0.03297 0.01742 -0.07947 0.09210 -0.06925 0.12205 -0.00236 0.08938 -0.27270 0.01620 -0.14084 0.24010 -0.03705 0.01386 0.02147 -0.05075 0.06174 -0.11724 -0.01358 0.07352 0.04191 0.17246 -0.17023 0.02042 0.08115 -0.01838 -0.02406 0.02009 0.03467 0.02848 -0.08195 -0.12458 -0.02890 0.15144 0.13519 -0.30598 0.03177 0.12215 
-0.05248 -0.04370 0.05583 -0.06658 0.08273 -0.14425 0.18101 -0.01786 0.09036 -0.01552 -0.02671 -0.12048 0.27161 0.02195 0.00354 0.00047 -0.00909 -0.03667 0.05505 0.10845 -0.05893 -0.06489 -0.04948 0.01272 0.12765 0.00688 0.12666 0.04933 0.17599 0.06255 -0.20213 0.04424 0.44902 -0.22187 -0.18766 -0.25686 0.41898 -0.26244 0.43135 
-0.00039 -0.02943 0.01789 -0.08856 0.05542 -0.01420 0.23050 -0.06129 0.02450 -0.32218 0.02892 -0.01319 0.24698 0.08961 0.06319 0.19746 0.01180 -0.14039 -0.07301 0.43544 -0.14835 -0.14576 -0.08440 0.24875 -0.24202 0.51251 -0.06202 0.02314 0.09243 -0.02425 0.12305 -0.22186 -0.19375 -0.05172 -0.07074 0.48236 -0.30275 -0.10281 0.13828 
0.03713 0.01950 0.25329 -0.05478 -0.05766 -0.21726 0.61645 -0.16621 -0.05540 -0.09992 0.22204 -0.36250 0.78412 -0.04007 0.02669 0.09290 -0.03335 0.08638 -0.16681 -0.08531 -0.11065 -0.13563 0.43288 -0.29003 0.02484 0.14517 -0.12021 -0.09783 -0.39568 0.01082 0.25091 0.21078 -0.96553 0.24051 0.26051 0.05620 -0.47602 0.48496 -1.19944 
-0.04046 -0.00274 0.11079 -0.12191 0.14181 -0.18101 0.14519 -0.17194 -0.11113 0.11070 -0.26111 0.01165 0.39215 -0.03060 -0.03463 -0.19822 0.02262 0.11052 0.13778 -0.53009 0.09216 0.11476 -0.02820 -0.22727 0.24294 -0.68693 0.08677 -0.05652 -0.11801 0.09021 -0.23761 0.28102 0.06920 0.16117 0.51953 -0.35191 0.82981 -0.03643 -0.33379 
0.00653 -0.01514 0.05506 -0.03216 0.05286 -0.07948 0.08636 -0.07405 0.05936 -0.12812 -0.00523 -0.11956 0.09719 0.04670 -0.02983 -0.02511 0.05686 -0.15123 0.11420 -0.01611 0.05052 0.38390 0.08097 0.53978 -0.01159 -0.18862 -0.02185 0.00388 0.22454 -0.02488 -0.07930 -0.15891 0.46729 -0.06054 0.01804 0.20013 -0.01956 -0.24429 1.01931 
0.00624 -0.03257 0.08568 -0.06504 -0.00942 -0.06681 0.12908 -0.12142 0.27277 0.19167 0.27866 0.00005 0.20353 -0.05245 -0.03075 0.02632 -0.00226 0.03122 -0.02113 -0.06280 0.03161 0.13279 0.17193 -0.24684 -0.00135 0.33237 -0.04588 0.00998 -0.00514 0.01046 0.23647 -0.10737 -0.08840 0.03694 -0.43392 -0.44781 -0.89895 -0.15064 0.29736 
-0.04592 -0.04589 0.08138 -0.03442 0.08409 -0.10061 0.02356 -0.04244 0.19215 0.04381 -0.25207 -0.12091 0.42956 0.00082 -0.01986 -0.03025 0.06732 0.08524 0.00684 -0.10451 0.08746 -0.05002 -0.36684 -0.35917 -0.16223 0.10874 0.11053 0.03098 -0.03204 -0.00880 -0.03354 0.04461 0.21488 -0.06338 -0.21798 -0.45557 0.65299 -0.01487 -0.53404 
0.00706 -0.05243 0.05543 0.00228 0.07581 -0.05997 0.02458 -0.03396 0.22275 -0.17518 -0.08050 -0.16217 0.31227 0.05809 0.00022 -0.00572 -0.01106 -0.00232 0.02348 0.15208 -0.03176 -0.08518 -0.28364 0.40616 -0.01622 -0.20166 0.01112 0.03214 -0.02250 -0.10122 -0.12913 0.03875 0.19986 -0.09742 -0.08570 0.28937 0.43991 0.25119 -0.13410 
0.01217 -0.04566 0.07566 -0.04548 0.08177 -0.07713 0.17564 -0.07420 0.10697 -0.23982 0.15409 -0.13713 0.22790 0.01193 0.01229 -0.05275 -0.03389 -0.04389 0.04558 0.09535 -0.00996 -0.13571 -0.07748 0.08074 0.08896 -0.02536 -0.03702 0.02287 -0.02350 -0.01482 -0.03401 -0.00726 -0.18317 0.05110 0.09624 0.31105 -0.45356 0.09941 0.16080 
0.01899 -0.04014 0.00267 -0.03161 0.03192 -0.01439 0.11993 -0.04392 0.08704 -0.25265 0.00024 -0.07321 0.28692 0.02107 0.02309 -0.02922 -0.02588 -0.03632 0.01622 -0.03109 0.01934 0.01106 0.02742 -0.04740 0.08319 -0.04086 -0.00374 0.00411 0.13394 0.00767 0.06011 -0.09241 -0.10619 -0.05586 0.20678 0.15319 0.09573 -0.23608 -0.05343 
0.03324 -0.02257 0.04644 -0.07136 0.04545 -0.06091 0.14455 -0.05486 0.11802 -0.21241 0.10668 -0.05394 0.18703 0.00819 0.01640 0.08118 -0.02623 0.01622 -0.04683 -0.01084 -0.06582 0.07106 0.07571 0.17647 -0.14711 -0.07879 -0.06043 -0.03332 0.00397 0.09489 0.01692 0.01129 -0.07388 -0.02334 0.07966 -0.04465 -0.03323 -0.20727 0.18210 
0.02718 -0.02374 0.08386 -0.05784 0.04814 -0.06122 0.10909 -0.10973 0.15810 -0.17694 0.17670 -0.22032 0.20813 -0.03936 -0.01022 -0.02525 0.06901 -0.01940 0.02751 -0.10497 -0.00400 0.09071 -0.01724 -0.08064 -0.12408 0.14123 -0.00795 -0.02833 -0.08559 0.03527 -0.02213 0.04182 0.04308 0.07326 -0.06600 -0.11039 -0.15565 0.13702 0.04942 
-0.00612 -0.03279 0.02118 -0.00235 0.02605 -0.03339 0.03957 -0.05885 0.20874 -0.22964 0.02605 -0.17803 0.32827 0.00024 -0.01193 -0.00440 0.00905 -0.00591 -0.00501 0.03224 0.00744 0.00506 -0.03467 0.02082 -0.01009 -0.02937 0.03836 0.01088 0.05354 -0.09824 0.03880 -0.05530 0.16799 0.01630 -0.18667 0.05360 0.16462 0.10289 -0.24246 
0.02742 -0.03567 0.07945 -0.04879 0.04223 -0.06623 0.14134 -0.10229 0.16316 -0.21162 0.19752 -0.23041 0.17876 -0.00100 0.00066 0.02829 -0.02922 0.01940 -0.02779 0.06301 0.01230 -0.09596 0.03637 0.08399 -0.02119 -0.10123 -0.02617 0.03179 -0.06816 0.02330 0.00003 0.02864 -0.10217 0.04219 -0.00376 -0.03643 -0.06686 0.03186 0.09779 
