0.00452 -0.01809 0.04938 -0.13663 0.02964 -0.07353 0.08021 -0.07380 0.04273 -0.09441 0.13889 -0.03583 0.08189 -0.00411 -0.00599 0.00337 -0.04477 -0.01379 0.02630 0.04858 -0.00777 -0.01094 -0.07113 -0.03372 0.03634 0.01817 -0.60334 -0.87955 2.51603 -1.28036 0.89876 -0.52482 2.18452 -1.66653 -0.12268 -1.37467 -0.84576 -0.33784 1.16806 
0.00222 -0.02157 0.04865 -0.15606 0.08402 -0.02606 0.23544 -0.08848 0.01671 -0.15081 -0.02922 0.02471 0.08548 -0.66915 -0.69044 2.35201 -1.09076 0.74702 -0.52736 1.80913 -1.81429 -0.20880 -1.74753 -0.84366 -0.65423 0.50913 -0.19177 -0.27475 1.18255 -0.82539 -0.11984 -0.17301 1.27765 -1.07442 0.01078 0.08693 -0.14995 -0.05676 0.34161 
-0.66463 -0.70853 2.40140 -1.22739 0.77666 -0.60089 1.88935 -1.88809 -0.16607 -1.84193 -0.70477 -0.69006 0.59101 -0.19588 -0.28074 1.18593 -0.87016 -0.13363 -0.14671 1.32623 -1.08219 -0.00016 0.01580 -0.18366 -0.02042 0.35977 1.35011 1.37989 -4.69965 2.24382 -1.46915 1.09669 -3.58447 3.62774 0.41557 3.45705 1.63526 1.29547 -1.03140 
-0.19366 -0.30230 1.23458 -1.02622 -0.04961 -0.17277 1.56166 -1.17066 0.01655 -0.13501 -0.21288 0.00429 0.44526 0.68095 0.68945 -2.34763 1.15306 -0.72213 0.56933 -1.77533 1.81344 0.20677 1.70952 0.79160 0.64124 -0.52227 0.40567 0.56212 -2.36983 1.82937 0.24214 0.28472 -2.78230 2.18046 0.03037 -0.02013 0.47405 -0.03311 -0.72825 
0.01632 -0.01908 0.05376 -0.07434 0.05453 -0.03157 0.11401 -0.07465 0.04070 -0.13241 0.08683 -0.04882 0.06874 0.20979 0.28139 -1.18391 0.95921 0.10851 0.13801 -1.45607 1.09827 0.03021 -0.00433 0.29039 -0.05353 -0.36847 -0.68040 -0.68939 2.34573 -1.14979 0.72074 -0.56965 1.78021 -1.81710 -0.20585 -1.70709 -0.79567 -0.63899 0.52119 
0.01613 -0.02092 0.05067 -0.06701 0.05891 -0.03476 0.10560 -0.07239 0.04676 -0.13934 0.07751 -0.04924 0.07678 0.00056 0.00007 -0.00191 0.00327 -0.00139 -0.00032 0.00487 -0.00366 0.00092 0.00243 -0.00407 0.00224 -0.00108 -0.17895 -0.31509 1.27225 -1.08834 -0.02910 -0.19016 1.66327 -1.24548 0.03673 -0.23314 -0.13707 -0.03179 0.47429 
0.01688 -0.01901 0.05186 -0.07107 0.05313 -0.03189 0.11889 -0.07831 0.04162 -0.12998 0.08277 -0.04658 0.06766 0.03084 -0.03370 0.08834 -0.12913 0.07941 -0.05215 0.20720 -0.14721 0.06694 -0.23747 0.15332 -0.08532 0.10581 0.00018 -0.00058 0.00219 -0.00232 0.00009 0.00112 -0.00661 0.00340 0.00005 -0.00743 0.00760 -0.00381 0.00204 
0.04697 -0.05462 0.13901 -0.19614 0.13832 -0.08691 0.31279 -0.21960 0.11370 -0.37681 0.23083 -0.13455 0.18259 0.00074 -0.00051 0.00029 0.00095 -0.00130 0.00079 -0.00173 -0.00026 0.00097 -0.00500 0.00353 -0.00157 0.00096 -0.06180 0.05773 -0.18907 0.21291 -0.15498 0.11871 -0.30731 0.25925 -0.17184 0.33252 -0.30498 0.14990 -0.21433 
0.01762 -0.01952 0.05214 -0.07012 0.05184 -0.03110 0.11715 -0.07857 0.04259 -0.13498 0.08630 -0.04815 0.06861 -0.03097 0.02403 -0.10073 0.08378 -0.07557 0.06656 -0.10011 0.11204 -0.10490 0.09505 -0.15166 0.06458 -0.10852 -0.00521 0.00293 0.00213 -0.01513 0.01654 -0.00986 0.02460 -0.00246 -0.00689 0.04141 -0.03069 0.01398 -0.00887 
0.01600 -0.03059 0.03829 -0.11237 0.06275 -0.02036 0.21268 -0.10756 0.00880 -0.28175 0.07917 -0.06997 0.07407 -0.00448 0.00242 0.00241 -0.01418 0.01524 -0.00907 0.02286 -0.00272 -0.00592 0.03641 -0.02716 0.01241 -0.00791 0.02751 -0.01150 0.11727 -0.04325 0.06268 -0.07736 0.01911 -0.09647 0.14083 0.06986 0.14266 -0.04097 0.11525 
0.01314 -0.01710 0.05455 -0.08430 0.06708 -0.04017 0.14002 -0.08129 0.03667 -0.09856 0.05914 -0.03574 0.06070 -0.00345 0.01253 0.01655 0.04053 -0.01289 -0.01080 -0.08101 0.01557 0.03593 0.16491 -0.00899 0.02362 0.00673 0.00527 -0.00743 -0.02849 0.00645 -0.03611 0.02344 0.03062 0.00974 0.00294 -0.12171 0.07526 -0.03273 0.01007 
0.01255 -0.01806 0.05484 -0.07184 0.04986 -0.03116 0.13167 -0.09200 0.04473 -0.11684 0.07018 -0.04635 0.08080 0.00079 -0.00501 -0.02608 -0.00773 -0.02087 0.01437 0.05348 0.00702 -0.00298 -0.08530 0.04811 -0.02033 0.00215 0.00799 -0.01370 -0.01895 -0.04049 0.01669 0.00979 0.06919 -0.00245 -0.03879 -0.17870 0.02188 -0.02394 -0.01984 
0.01393 -0.02211 0.02847 -0.09203 0.04621 -0.02581 0.19350 -0.07427 0.03369 -0.18386 0.10724 -0.05606 0.06286 0.00454 -0.00117 -0.00241 0.00003 0.00379 -0.00102 -0.01182 0.01312 -0.00286 -0.01379 0.01289 -0.00033 -0.01311 0.00147 0.00742 0.05234 0.02878 0.02458 -0.01893 -0.12497 -0.01728 0.01304 0.14203 -0.07645 0.02928 0.00824 
0.01709 -0.01923 0.05243 -0.07181 0.05365 -0.03218 0.11986 -0.07888 0.04188 -0.13063 0.08307 -0.04668 0.06769 0.00226 0.00241 0.02626 0.02105 0.00372 -0.00456 -0.07149 -0.01026 0.01006 0.05674 -0.02834 0.00895 0.01040 -0.01204 0.00408 0.00945 -0.02251 0.01698 -0.01162 0.05014 -0.02288 -0.00486 0.07612 -0.06123 0.02049 0.00437 
0.01620 -0.01970 0.05473 -0.07098 0.04993 -0.03037 0.12201 -0.08453 0.04375 -0.12712 0.07890 -0.04711 0.07325 -0.00750 0.00291 0.00705 -0.02248 0.02077 -0.01264 0.03832 -0.00976 -0.00771 0.06232 -0.04834 0.02016 -0.00874 0.00879 -0.01520 0.00377 -0.06799 0.02987 -0.01815 0.14790 -0.04367 0.01577 -0.14622 0.08005 -0.04054 0.03124 
0.00959 -0.01633 0.05948 -0.09429 0.07442 -0.04481 0.15818 -0.08864 0.03416 -0.06831 0.03473 -0.02652 0.05896 0.01105 -0.01279 0.03003 -0.04694 0.03359 -0.02271 0.07641 -0.05393 0.02583 -0.08948 0.05171 -0.03158 0.04164 0.01955 -0.02375 0.03266 0.02082 0.01094 -0.00827 -0.00114 -0.00884 0.03889 -0.24136 0.12388 -0.08227 0.05409 
0.02724 -0.03249 0.08476 -0.11793 0.08352 -0.05307 0.19842 -0.13847 0.06958 -0.21661 0.13061 -0.07869 0.11489 0.01205 -0.02084 0.03971 -0.00166 0.03171 -0.02090 0.03718 -0.01860 0.03117 -0.17903 0.07554 -0.06211 0.04535 -0.01902 0.00429 -0.00290 0.06627 -0.05890 0.04404 -0.04752 0.02450 -0.02524 0.05620 -0.05396 0.01435 -0.03864 
0.02163 -0.03717 0.09919 -0.09595 0.10613 -0.06572 0.19536 -0.10724 0.06533 -0.24734 0.11027 -0.08863 0.10430 -0.00798 -0.00849 0.02713 0.01932 -0.02531 0.02133 0.02889 -0.02943 0.00058 -0.03329 -0.00225 -0.01723 0.00301 -0.01706 0.03787 -0.08315 0.02552 -0.08733 0.05606 -0.11043 0.04165 -0.05317 0.30119 -0.10851 0.10468 -0.07805 
0.01927 -0.04098 0.11189 -0.09861 0.05821 -0.03174 0.22731 -0.16790 0.07016 -0.24989 0.12835 -0.09593 0.11790 -0.00501 0.01703 -0.04345 0.02386 -0.05562 0.03516 -0.07325 0.02305 -0.02199 0.12216 -0.03297 0.04257 -0.03270 0.00407 0.02792 -0.08490 0.00954 0.02674 -0.02586 -0.13770 0.11678 -0.02459 0.16676 -0.06876 0.07116 -0.04350 
0.01662 -0.02014 0.05574 -0.07209 0.05051 -0.03056 0.12212 -0.08418 0.04334 -0.12518 0.07731 -0.04606 0.07160 -0.00391 0.01943 -0.05777 0.02886 0.00144 -0.00453 -0.10881 0.08735 -0.02401 0.13347 -0.07101 0.05393 -0.04049 0.01727 -0.02877 0.07873 -0.06312 0.08418 -0.05733 0.13232 -0.08764 0.05623 -0.18973 0.08672 -0.08255 0.07258 
0.01536 -0.02156 0.05412 -0.06975 0.05965 -0.03628 0.11850 -0.08054 0.04616 -0.11642 0.05734 -0.04200 0.07740 0.01226 -0.01174 0.03528 -0.03926 0.02856 -0.02217 0.05908 -0.06458 0.03424 -0.06757 0.05376 -0.03998 0.03989 0.00571 -0.01913 0.05305 -0.02296 -0.00406 0.00632 0.09774 -0.08057 0.02433 -0.15083 0.08583 -0.05871 0.03924 
0.02887 -0.03188 0.09102 -0.11135 0.07907 -0.05273 0.18119 -0.14876 0.07758 -0.19275 0.13106 -0.08605 0.11149 0.00181 0.00030 -0.00472 0.00590 -0.00263 0.00179 -0.01107 0.00679 0.00033 -0.01736 0.01481 -0.00478 -0.00125 -0.03011 0.02364 -0.06212 0.07237 -0.06003 0.04590 -0.10653 0.11510 -0.06635 0.15728 -0.12590 0.08092 -0.06459 
0.01717 -0.02126 0.04940 -0.06384 0.05702 -0.03449 0.10742 -0.07376 0.04648 -0.13378 0.07215 -0.04677 0.07615 -0.01786 0.01190 -0.02683 0.03311 -0.03147 0.02373 -0.04745 0.05052 -0.03211 0.08971 -0.07214 0.04093 -0.02470 -0.00856 0.00020 0.01879 -0.01175 -0.01199 0.00238 0.05013 -0.03299 -0.00383 0.04784 -0.01907 0.00205 0.01269 
0.01102 -0.01998 0.06419 -0.07824 0.04761 -0.02901 0.13374 -0.09824 0.04547 -0.10304 0.05892 -0.04511 0.08679 -0.00676 0.00049 0.01407 -0.00584 -0.01462 0.00417 0.03905 -0.02621 -0.00351 0.03048 -0.00426 -0.00273 0.01144 -0.45354 -1.36471 0.95664 0.45863 0.08037 -0.41975 1.28136 -0.74064 -0.51909 -0.84480 0.30086 -1.49836 -0.42139 
0.01041 -0.02077 0.06347 -0.06968 0.04241 -0.03032 0.14648 -0.09997 0.04297 -0.10330 0.06789 -0.04950 0.08759 -0.47139 -1.35281 0.92980 0.49174 0.04890 -0.39602 1.23391 -0.69012 -0.55119 -0.75509 0.22872 -1.45742 -0.44609 -0.18408 -0.41331 0.49361 0.42128 -0.48007 -0.09770 1.59634 -0.17684 -0.55801 -0.09867 0.68392 -0.90906 -0.36949 
-0.46037 -1.37279 0.99399 0.41351 0.09650 -0.42502 1.36765 -0.78837 -0.50572 -0.85813 0.28764 -1.50253 -0.35930 -0.19083 -0.41281 0.50769 0.41544 -0.49469 -0.09353 1.63539 -0.20305 -0.56152 -0.06819 0.67966 -0.91179 -0.35805 0.94077 2.69023 -1.85560 -1.09040 -0.15173 0.78705 -2.43448 1.29331 1.08951 1.51107 -0.47189 2.91614 0.91521 
-0.18042 -0.43358 0.57116 0.34576 -0.45229 -0.12386 1.78187 -0.30302 -0.51854 -0.17148 0.74756 -0.96129 -0.27046 0.46938 1.33741 -0.92580 -0.59866 -0.10283 0.39103 -1.20057 0.60318 0.53832 0.75598 -0.24317 1.45871 0.46912 0.39993 0.81334 -0.99399 -0.87991 1.03140 0.16478 -3.22639 0.37313 1.14944 0.01151 -1.28642 1.79161 0.73995 
0.00900 -0.03537 0.06819 -0.18515 -0.00633 -0.03399 0.16708 -0.18518 0.03259 -0.10215 0.04447 -0.04382 0.10982 0.20910 0.40053 -0.48630 -0.46447 0.53671 0.07125 -1.59099 0.17008 0.58792 -0.05668 -0.60676 0.87982 0.38190 -0.46776 -1.32272 0.90496 0.69732 0.17347 -0.38821 1.16033 -0.48356 -0.53058 -0.84831 0.30180 -1.47108 -0.48889 
0.02867 -0.03305 0.08486 -0.11871 0.08442 -0.05261 0.19088 -0.13294 0.06938 -0.22816 0.14080 -0.08147 0.11144 0.00162 0.01470 -0.02084 0.09867 0.07063 0.00282 -0.04024 0.11962 0.00774 -0.09233 0.05863 -0.01237 -0.01977 -0.22015 -0.38699 0.45359 0.51306 -0.56929 -0.04974 1.51727 -0.11571 -0.61471 0.14986 0.55226 -0.84650 -0.42473 
0.01062 -0.02068 0.04735 -0.08648 0.06431 -0.03117 0.12684 -0.06556 0.04033 -0.19448 0.10309 -0.05619 0.09006 -0.01105 0.01354 -0.03272 0.04859 -0.03258 0.02151 -0.07372 0.05437 -0.02679 0.09318 -0.05450 0.03332 -0.04283 0.00538 -0.01354 0.02563 -0.08230 -0.08310 -0.00276 0.03056 -0.13263 -0.00547 0.15183 -0.07542 0.02041 -0.00167 
0.01762 -0.01952 0.05214 -0.07012 0.05184 -0.03110 0.11715 -0.07857 0.04259 -0.13498 0.08630 -0.04815 0.06861 0.00700 0.00116 0.00479 0.01637 -0.01247 0.00006 -0.00968 -0.01301 0.00226 0.05950 -0.01679 0.00804 -0.02144 0.00325 -0.01461 0.03016 -0.05107 0.01932 -0.01249 0.10605 -0.06043 0.02158 -0.13322 0.06869 -0.03816 0.06449 
0.01762 -0.01952 0.05214 -0.07012 0.05184 -0.03110 0.11715 -0.07857 0.04259 -0.13498 0.08630 -0.04815 0.06861 -0.00780 -0.00107 -0.00255 -0.00248 -0.01326 0.00902 0.03233 -0.00606 -0.00521 -0.04004 0.01419 -0.00484 0.02166 0.18233 -2.80357 -1.26627 0.99073 2.19036 -0.91361 2.31561 1.14256 -0.96122 -2.67976 1.32981 -0.96753 0.85505 
0.00982 -0.02059 0.04959 -0.07260 0.03858 -0.02208 0.14949 -0.08463 0.03738 -0.17502 0.10049 -0.05298 0.09027 0.18933 -2.80241 -1.26148 1.00710 2.17789 -0.91355 2.30592 1.12955 -0.95896 -2.62026 1.31302 -0.95948 0.83361 0.08280 -2.50221 1.65064 -1.77933 1.76558 -1.18034 -0.21995 0.09502 -1.32960 -2.60657 0.74882 -1.02269 0.77044 
0.20695 -2.82193 -1.20934 0.93698 2.22973 -0.94465 2.42308 1.05098 -0.91637 -2.75523 1.39931 -1.00763 0.90222 0.07500 -2.50328 1.64809 -1.78181 1.75232 -1.17132 -0.18762 0.08895 -1.33481 -2.64660 0.76301 -1.02752 0.79209 -1.05437 2.69089 5.38831 -4.24973 -2.87234 0.93702 -4.91475 -1.84199 1.54470 3.48506 -2.17437 1.22811 -0.84310 
0.08481 -2.52387 1.69768 -1.85441 1.79090 -1.19340 -0.03813 0.00432 -1.29743 -2.82162 0.86349 -1.08051 0.88236 -0.86504 -0.11152 4.12684 -3.24263 -0.69445 0.02347 -2.60883 -0.71244 0.58574 0.86481 -0.86135 0.26863 -0.00949 -0.80570 1.99567 -0.64381 1.62630 -1.48333 1.51702 -1.02682 -0.87125 2.44331 3.64749 -0.23720 1.44934 -1.17151 
-0.65810 -2.93345 2.91750 -2.30565 1.53528 -0.92118 -0.18575 0.33854 -0.33063 -1.89043 0.53796 -0.73901 0.89273 -0.73070 -0.50761 1.00428 -0.15552 0.26899 0.34571 -1.21444 -0.78230 1.10850 1.00088 0.52581 0.42181 -0.37941 1.07700 0.24404 -4.93838 4.15692 1.77562 0.01100 2.89528 0.13238 -0.07813 0.30136 1.81556 -0.91082 -0.03364 
-0.64589 -3.03149 2.70196 -2.00993 2.05988 -0.84769 -1.25258 -0.77797 -0.18892 -1.82074 1.38930 -0.65869 0.50295 0.21195 0.13251 -0.81155 0.91429 1.08117 0.03447 0.28646 -0.58006 0.50762 1.16616 0.95420 -0.64219 -0.04313 1.08770 0.65689 -2.20974 0.31391 0.00541 -0.31771 1.06341 0.66382 -0.75693 0.09360 -0.22530 -0.81816 0.59412 
-0.44614 -2.80094 2.10595 -1.39136 2.61645 -0.88670 0.10071 -0.24152 0.17699 -0.72426 1.49216 -1.38119 0.84960 0.35699 0.14927 -1.20547 0.15839 0.27440 0.02800 -0.15103 -0.11848 0.35157 1.09448 0.30051 -0.39635 0.21471 0.05462 -0.13640 0.55444 -0.87355 -1.21703 -0.02819 -2.26075 0.11205 -0.24757 -0.68259 -0.00590 0.74986 -0.20352 
-0.28890 -2.88222 1.49649 -1.85154 2.33428 -0.81969 -1.40361 -0.89645 0.16265 -0.72626 1.68981 -1.05504 0.71766 0.26657 -0.00389 -0.25711 0.04074 -0.13586 0.00628 -1.97429 -0.46801 0.26005 0.48357 0.94830 0.10768 -0.24665 -0.23173 -0.27232 0.59795 1.04597 -0.53620 -0.15689 -0.05108 0.44963 -0.39575 -0.24289 0.26877 0.46010 -0.18638 
-0.17957 -2.80483 1.84885 -1.35062 2.48059 -0.88042 -1.87359 -0.70953 0.43703 -0.24069 2.44046 -1.27352 0.60295 0.12526 -0.12305 -0.60752 1.20436 -0.26180 -0.12889 -0.20211 0.33115 -0.04418 0.85159 0.56928 0.06375 0.02833 0.00763 -0.06010 -0.73111 1.39973 -0.03569 0.42569 2.50696 0.51049 -0.73048 0.44848 -1.01273 -0.02126 0.06402 
-0.16363 -3.00527 0.88897 -0.64718 2.07248 -0.94858 -1.60572 -0.56530 0.11847 0.12533 2.25909 -0.99129 0.74600 0.27420 -0.06399 -0.98822 1.44047 -0.17155 0.43197 0.53267 0.04248 -0.47043 0.93206 -0.06442 0.08642 -0.18263 0.74532 0.97410 0.54134 1.10626 0.41404 0.55970 -0.10711 -1.94235 -1.00545 -2.20574 -1.53287 -0.86099 -1.26970 
0.09462 -2.86882 0.86063 0.08984 2.30905 -0.44845 -1.34092 -0.66705 -0.03340 0.69137 2.37604 -1.18710 0.42032 0.87059 0.85105 -0.06617 2.31062 0.15224 0.43081 -0.30922 -1.61120 -1.04963 -1.35415 -0.96359 -0.79723 -1.24137 1.65107 1.77418 0.51740 0.54920 -0.71498 -1.46205 -2.16946 -3.12538 -0.83912 -3.81581 -2.20379 -0.63679 -0.91632 
0.70695 -2.15422 0.82280 1.66345 2.22473 -0.51776 -1.91494 -2.17650 -0.93116 -1.22882 1.29550 -1.78852 -0.49537 1.92526 1.71019 -0.47081 1.98967 -0.88653 -1.03008 -1.63678 -3.08290 -1.30955 -2.88375 -2.26821 -0.55038 -1.09895 0.65776 -0.12611 -0.84166 -2.15296 -0.55591 -1.77264 1.77228 0.28238 0.30573 2.62786 -1.26156 0.66883 1.72091 
2.01989 -1.15863 0.38982 2.07951 1.42252 -1.47852 -2.97770 -3.74994 -1.34295 -2.19239 0.10783 -1.73748 -0.67863 1.52835 0.72494 -0.90784 0.15766 -0.40366 -1.34183 1.46306 -1.32882 -0.74390 1.27371 -2.22515 -0.12840 0.47954 -1.54621 -2.22138 -0.68582 -2.66061 1.31355 0.56466 3.81423 4.10964 1.02089 4.99379 1.60198 0.07145 1.33996 
2.23530 -1.42928 -0.08504 1.82111 1.82107 -1.85959 -0.45188 -3.50532 -1.67506 0.04489 -0.92964 -1.91692 -0.01583 0.37905 -0.51119 -1.15663 -0.67095 0.42702 -0.46542 2.17744 1.02674 -0.28866 2.11003 -0.66623 -0.47892 0.24101 -1.74080 -1.20319 -0.68613 0.05735 -1.27509 1.26360 -2.90745 1.84226 0.16178 -1.27636 1.76659 -0.38317 -1.14773 
2.39894 -1.66982 -0.76681 1.40857 1.84954 -1.94394 -0.80026 -2.72320 -1.63160 -0.08236 -0.55840 -2.21640 -0.43762 -0.21245 -0.47825 -1.59396 0.21502 -1.67875 -0.07823 -1.44440 0.51344 -0.58212 -0.00265 -0.45856 -0.51157 -0.66819 -0.60474 0.35104 0.35553 1.34016 -1.83838 0.70399 -2.89817 -0.88933 -0.18575 -1.54370 0.21979 0.41559 -0.20324 
2.02285 -1.90753 -1.67900 2.03612 0.14232 -1.93782 -1.89628 -2.99187 -2.25718 0.04224 -1.38820 -2.42850 -0.68401 -0.22568 -0.16016 -0.80110 0.66922 -1.41136 0.23857 -0.72073 0.13741 -0.47441 0.56633 -0.44644 -0.06333 0.03777 0.47701 0.47418 1.81931 -0.07944 1.57690 0.27061 2.60114 0.17016 0.76032 0.78690 1.36739 0.74449 1.23747 
2.17326 -1.82997 -1.56792 2.07779 0.43818 -1.70537 -1.52098 -2.58579 -2.10602 0.48397 -1.00485 -2.27973 -0.39985 0.26456 -0.00408 0.22534 0.13558 -0.10185 0.19238 1.15674 0.68361 0.17820 0.78425 0.90884 0.23291 0.56929 0.28952 0.21818 1.33203 -0.63325 1.24825 -0.13280 2.30617 0.55222 0.76636 0.09842 1.29248 0.22043 0.81482 
2.28740 -1.91161 -1.45366 2.17170 0.04046 -1.74544 -0.73954 -2.30827 -2.07898 0.82649 -0.47937 -2.19559 -0.11473 0.06384 0.05803 0.53093 0.03597 -0.16311 0.10577 1.58545 0.68963 0.29195 0.66476 0.84603 0.15710 0.85259 -0.35004 0.07584 -0.37245 -0.14371 -0.04165 -0.24779 -0.04374 -0.98569 0.15301 -1.00588 -0.77905 -0.14847 -0.38283 
2.23710 -1.77195 -1.03699 2.11376 0.27507 -1.59960 0.06446 -1.89617 -1.81406 1.14873 -0.15881 -2.12263 0.45274 -0.08548 0.07176 -0.14710 -0.00813 -0.14350 -0.05541 1.11300 -0.30209 0.33121 -0.22163 0.12978 0.08444 0.18645 0.08327 -0.41625 -1.14059 -1.74264 0.16789 -0.78361 -1.14730 -2.44726 -0.24471 -2.52769 -0.97848 -0.25295 -1.74547 
2.20192 -1.83985 -1.60076 2.16357 -0.10303 -1.80085 0.37346 -2.61036 -1.74777 0.60486 -0.34958 -2.11114 0.07172 0.14711 -0.35823 -0.60966 -1.70667 0.00478 -0.67783 0.43814 -1.75763 0.04724 -1.86294 -0.13245 -0.09585 -0.89287 0.21275 -0.21387 0.50115 -2.09456 0.75734 -0.26166 -1.40126 -0.39404 -0.17393 -1.20656 0.01221 0.14207 -0.66038 
2.38421 -2.13017 -1.64664 0.40709 0.27985 -2.27743 0.50261 -3.65380 -1.76682 -0.71421 -0.29126 -2.21848 -0.44013 0.12727 -0.14211 0.35405 -2.10270 0.61384 -0.31707 -0.28826 -0.69613 0.15729 -1.42819 0.14199 0.22652 -0.47393 -0.10440 0.49255 1.03352 1.57414 -0.18005 0.88655 -0.73407 2.09619 -0.10869 2.07191 0.66674 0.05880 1.42909 
2.32919 -1.98196 -1.24671 0.06087 0.51081 -2.11792 0.08521 -3.30649 -1.59048 -0.82333 -0.20759 -1.88462 -0.40221 0.04270 0.13432 0.42386 -0.13252 -0.17527 0.20872 -0.29593 0.33856 -0.06145 0.20898 0.53429 -0.03704 0.53622 -0.06994 0.29630 0.19521 2.04310 -0.25317 0.61664 0.80075 1.62650 -0.30562 2.02443 0.76123 -0.52678 1.78948 
2.42691 -1.99585 -1.22278 0.27457 0.10459 -2.06871 0.20668 -3.31524 -1.82827 -0.50523 0.24303 -2.25553 0.09609 0.05733 0.15419 0.54926 -0.05960 0.36067 0.29957 0.51250 0.93037 -0.14834 0.59625 0.90322 -0.30026 1.31555 -0.00366 0.14900 0.30683 -0.86037 1.52828 -0.00850 0.73698 1.31510 -0.12081 0.71142 0.17401 0.13687 0.48347 
2.38652 -1.82776 -0.69745 0.00127 0.87148 -1.81835 0.59770 -2.37612 -1.73882 -0.22708 0.69563 -2.18489 0.91334 0.03905 0.28333 0.73069 -0.99290 1.35301 0.20022 0.44105 1.65366 -0.18226 0.92040 0.70830 0.09983 1.01969 -0.10679 -0.29302 -0.52180 -0.98079 -0.98947 -0.60173 -0.99674 -0.94940 -0.52071 -1.23778 -1.32835 0.15777 -1.63077 
2.46596 -1.71253 -0.49209 -0.71833 1.45760 -1.86850 0.64773 -1.66159 -2.01053 0.41517 0.95134 -2.15570 1.11578 -0.04946 -0.13883 0.02746 -1.04039 -0.62880 -0.30216 -0.48424 -0.01903 -0.66905 -0.64153 -0.42512 -0.14249 -0.31522 -0.21551 -0.46027 -0.43449 0.55411 -2.01078 -0.20835 -0.68354 -2.32312 -0.16471 -0.74895 -1.85614 -0.12412 -0.15998 
2.33706 -1.96659 -0.66999 -1.03911 0.24269 -2.12051 0.11346 -2.39515 -2.40787 -0.86861 0.27051 -2.32738 0.59812 -0.17646 -0.17694 0.29620 -0.43878 -0.65777 -0.00813 -0.24249 -0.66946 -0.34698 0.17145 -1.14784 -0.02429 0.85971 -0.04389 0.17345 0.67362 0.87376 1.25822 0.37717 1.21430 0.56876 0.34544 2.33342 0.34997 0.25050 1.68846 
2.28950 -1.88947 -0.19589 -1.15712 0.79983 -1.87663 0.40523 -2.33104 -2.35751 0.58662 -0.19650 -2.17999 1.97550 -0.09335 0.03462 0.70108 -0.16663 0.62942 0.07501 0.73006 0.54973 -0.32362 1.69189 -0.07516 0.10800 1.37324 0.07790 0.14163 -0.31842 0.50174 0.86483 -0.31861 0.08419 1.25393 0.18594 -0.71746 1.22969 0.31023 -1.18739 
2.24371 -1.93197 0.03109 -1.20574 0.87211 -2.04550 0.84352 -1.84542 -2.73149 0.82328 0.19535 -2.21938 1.97136 -0.09856 -0.03531 -0.02222 0.06296 0.20706 -0.32674 -0.15831 0.58447 -0.16104 -0.54600 0.08186 0.28594 -0.32768 0.07484 0.08127 -0.21236 0.37627 -0.24247 -0.14806 -1.00759 0.12247 0.73016 -1.13435 -0.27407 0.15183 -1.00640 
2.19094 -1.92478 -0.21811 -1.09416 1.00688 -2.20337 0.24693 -1.74657 -2.51855 0.04062 -0.11465 -1.89405 1.64782 -0.01852 0.11589 0.48872 0.20965 0.38695 -0.07305 -0.27753 0.67220 0.40654 0.55754 -0.34922 0.25983 0.36684 0.01303 0.19898 0.98583 -0.66766 0.22597 0.41754 -0.05787 0.62675 0.18751 1.62076 -0.17935 -0.47690 1.13778 
2.22519 -1.81608 0.51981 -0.99609 1.25906 -2.11855 0.56600 -1.17322 -2.32495 1.38082 -0.15387 -1.95955 2.33821 -0.08553 0.16366 0.96361 -0.60470 0.43303 0.09081 -0.21617 1.21122 0.02647 1.07476 -0.09749 -0.19096 0.81010 -0.26106 -0.07644 -0.64308 -1.06970 -0.27030 -0.27477 -0.49553 -0.65622 -0.64229 -0.48767 -0.63456 -0.44242 -0.14058 
2.10541 -1.76112 0.74550 -1.69886 1.43991 -2.11256 0.03076 -0.53535 -2.49207 1.11538 -0.21214 -2.08501 2.45792 -0.27958 0.03945 -0.15436 -0.86005 0.11665 -0.34782 -0.77306 0.01598 -0.23575 0.06986 -0.98379 -0.18259 0.22626 -0.08373 -0.18527 -0.92874 0.95505 -0.59645 -0.35662 0.94302 -1.90277 -0.21358 -0.18591 -0.74691 0.10601 -0.55230 
1.94561 -1.77663 0.36545 -1.85614 1.37571 -2.46637 -0.20706 -1.15723 -2.56070 1.45068 -1.13766 -2.14214 2.56447 -0.16926 -0.02161 0.03487 0.35034 -0.16343 -0.26581 0.72685 -0.69155 -0.18710 0.88886 -0.84440 -0.08494 0.25780 0.11093 -0.14463 0.54474 1.04596 -0.48455 0.59558 1.79227 -0.34799 -0.08349 -0.90427 0.95299 0.02410 -0.15671 
1.93614 -1.78273 0.78037 -1.34852 1.27648 -2.37837 0.75761 -1.22690 -2.67918 2.00424 -1.05654 -2.16995 2.71572 -0.16865 -0.10517 0.39038 0.18591 -0.36790 0.24776 1.01921 -0.33200 -0.31924 -0.83441 -0.03080 -0.15849 0.06955 -0.01999 -0.03998 0.16681 -0.24990 -0.39229 0.73215 0.09707 0.30200 0.15082 -3.55266 0.32303 0.04259 -0.30451 
1.77696 -1.88180 0.75583 -1.67023 1.00781 -2.21862 0.81215 -1.48924 -2.87993 0.61627 -1.16845 -2.30063 2.63402 -0.18926 -0.06159 0.20168 0.10044 -0.55572 0.46634 0.82392 -0.38955 -0.03628 -2.66380 -0.52137 -0.04235 -0.04671 0.02938 0.16207 -0.13019 0.01807 0.05175 -0.03762 -0.53416 0.36882 0.24029 -1.00529 -0.79143 0.13680 -0.12500 
1.74689 -1.84432 0.98205 -1.24807 0.72076 -1.91203 1.58154 -1.61646 -2.71546 -0.65957 -1.57792 -2.21230 2.66902 -0.13927 0.05689 0.26019 0.20398 -0.31616 0.21014 0.48505 0.03682 -0.07895 -1.83970 -0.82222 -0.02168 -0.05545 0.10784 0.11797 -0.28682 0.07039 0.58966 -0.72802 -0.30064 0.96589 0.02419 2.66922 0.11317 0.19754 0.43716 
1.63769 -1.82490 1.01602 -1.46625 0.69165 -2.00848 1.29720 -1.45242 -2.95888 -1.22343 -1.99068 -2.32231 2.57857 -0.08141 0.05638 -0.08515 0.17084 0.03395 -0.26168 0.52328 0.57634 -0.01209 0.00542 -0.40821 0.15519 0.39045 0.04518 -0.07698 -0.22607 -0.11197 0.27619 -0.40684 0.61800 0.24691 0.56746 3.18328 0.30988 0.18823 0.56661 
1.66548 -1.78794 0.89690 -1.07724 0.75471 -2.17371 2.10482 -1.04012 -2.72755 -0.65415 -1.98613 -2.05712 3.05947 -0.09409 -0.02009 0.03412 0.09201 -0.03997 -0.19670 1.10305 0.28373 0.48850 1.34358 -0.51235 0.16654 0.51117 0.06480 -0.06460 0.43439 -0.66422 -0.10327 0.10718 -0.22379 -0.00238 0.21970 1.22348 0.36482 -0.58695 0.06175 
1.54361 -1.84500 1.05014 -1.37424 0.65168 -2.20517 2.40025 -1.16869 -2.47038 0.12015 -2.50303 -2.15576 3.08974 -0.01661 -0.00822 0.34924 -0.49338 -0.06932 -0.15449 0.29949 0.57396 0.20760 1.22890 -0.04338 -0.43176 0.45221 0.17159 0.17608 0.30140 -0.56971 -0.11169 0.33251 -1.25587 0.43715 -0.31753 -1.79600 0.71009 -0.22576 -0.50921 
1.64887 -1.79615 1.24614 -1.57062 0.68539 -2.32820 2.40431 -0.46616 -2.51995 0.57475 -2.02951 -2.48888 3.51167 0.07751 0.15599 0.33551 -0.47770 -0.15165 0.13581 -0.15282 0.72088 0.17097 -0.45242 0.19774 -0.05922 0.00195 -0.14878 0.13382 -0.01915 -0.03114 -0.42889 0.17868 -0.88031 -0.69769 -0.16764 -2.13590 -0.18124 0.18535 -1.20852 
1.62111 -1.68900 1.38565 -1.85194 0.50003 -2.06936 2.24743 -0.44781 -2.29941 -0.33227 -2.30529 -2.21498 3.09169 -0.16540 0.12560 0.33009 -0.52452 -0.49821 0.02419 -0.58082 -0.12373 0.03997 -0.90700 -0.22463 -0.24642 -0.75631 -0.11054 -0.17083 0.35869 0.45975 -0.07996 -0.27765 -0.11607 -0.81424 -0.38457 0.86139 0.32738 -0.03937 -0.27331 
1.48347 -1.67055 1.57624 -2.09515 0.18717 -2.30401 1.82350 -0.58989 -2.47998 -0.33225 -2.25414 -2.73530 2.75536 -0.03303 -0.01484 0.69420 -0.01795 -0.23162 -0.14185 -0.26890 -0.09336 -0.21360 0.40897 0.52512 -0.09859 -0.27135 0.21526 -0.06710 -0.01533 0.68052 0.57559 0.07112 0.37950 0.34117 0.19388 0.79143 0.72359 0.61719 0.81776 
1.58808 -1.70384 2.07986 -1.86990 0.26841 -2.21121 1.97853 -0.54117 -2.51300 0.07670 -1.78017 -2.31357 2.82034 0.04986 0.05850 0.31476 0.15599 0.07738 0.09531 -0.20132 0.21744 0.23384 -0.11557 0.49896 0.37077 0.06145 0.27939 0.01151 -0.58374 -0.66242 -0.15593 -0.00070 0.89198 1.54824 0.87023 1.41088 -0.52393 0.17661 0.27444 
1.53333 -1.61205 1.89100 -1.93915 0.26455 -2.20870 1.62217 -0.37245 -2.24614 -0.44782 -1.75518 -2.36453 2.81681 0.24636 -0.00333 0.11046 -0.68038 -0.38755 -0.14254 0.62309 1.45488 0.65664 1.81984 0.00119 0.07802 0.00308 -0.06130 -0.40583 -0.68841 -1.78211 -0.91615 -0.48245 0.69828 0.28164 0.09223 1.25559 -1.39853 -0.70023 -0.95487 
1.83444 -1.70717 2.19032 -2.55027 -0.11914 -2.35375 2.60162 0.91371 -1.85637 1.89654 -1.77898 -2.23554 2.82343 -0.01144 -0.34733 -0.37365 -1.62612 -0.83877 -0.38714 0.49696 0.49908 0.32607 1.14002 -0.89957 -0.32946 -0.89342 -0.42655 -0.00214 -0.09565 0.81169 0.42018 0.11881 -1.03662 -1.73444 -0.43131 -1.87909 0.62689 -0.03486 -0.55748 
1.52190 -1.95939 1.51735 -3.56528 -0.57422 -2.59584 2.11913 0.12663 -1.92007 0.69220 -2.65475 -2.69399 1.92339 -0.18020 -0.00547 0.01481 0.13132 0.03263 -0.02374 -0.41354 -0.27956 0.22532 -0.05925 0.62808 0.04316 -0.55439 -0.19791 1.08013 -0.14213 4.65311 -0.00533 0.98406 -2.20804 0.53531 -0.00813 0.02600 2.71957 0.40795 1.87334 
1.65424 -1.71264 2.20513 -2.41895 -0.08651 -2.37749 2.18808 0.63415 -1.63105 1.83729 -1.15091 -2.19238 2.26903 -0.20935 0.73280 -0.51578 3.02699 -0.84410 0.59693 -1.71108 1.03439 0.31793 1.16601 1.82000 0.07849 0.97992 0.29145 0.09494 -0.29328 0.63853 -0.91565 -0.26625 -0.47797 -0.75094 -0.10529 -0.68736 -1.22647 -0.32726 -0.06182 
1.31255 -1.22659 1.00157 -0.53828 -1.41832 -1.99891 0.40806 1.16101 -1.60214 1.85821 -0.83475 -2.61549 2.90331 0.11125 0.08948 -0.27846 0.76985 -0.88302 -0.28999 -0.89151 -1.03050 0.12003 -0.74661 -0.59839 -0.28410 -0.61621 0.76769 -1.00654 1.48025 -3.44677 1.16179 -1.32922 2.99608 -2.55602 -0.09888 -2.41744 -3.19573 0.10879 -1.55635 
1.76549 -1.62316 1.92667 -1.64911 -0.96953 -2.66748 1.29657 -0.39635 -1.51101 1.09069 -1.74930 -2.47648 1.65282 0.55834 -0.27374 0.96447 -0.41978 0.31769 -0.73229 1.28500 -1.52163 0.21906 -1.25142 -1.37573 0.18728 -0.57642 0.20513 0.21173 -0.10721 0.09719 0.29093 0.26651 1.72248 0.83570 -0.11195 -0.31085 -0.10126 0.35971 0.98921 
1.87089 -1.50033 1.96603 -0.95807 -1.10063 -2.73120 1.69306 -0.36062 -1.38308 0.60678 -2.21047 -2.42821 2.32689 0.31639 0.30121 -0.38567 0.86703 -0.59209 -0.02348 0.83097 -0.19480 0.00808 -1.05745 -0.69965 0.07561 0.37300 -0.23987 0.51158 -1.73376 1.50278 -0.89427 0.91928 -1.22554 1.29947 -0.08274 -0.18880 2.01739 0.05280 -0.36653 
2.08188 -1.32195 1.54099 -0.78208 -1.56161 -2.69096 2.12753 -0.59115 -1.50294 0.03323 -2.44896 -2.40086 2.02582 0.31847 0.23784 -0.76929 1.08300 -0.57659 0.18699 0.05946 -0.22217 0.13632 -1.44023 0.64167 0.24008 -0.94295 -0.06777 -0.16906 0.14808 0.30878 0.16221 0.26314 -1.13272 0.47381 0.82567 0.35510 1.69880 0.33124 -1.04368 
2.18936 -1.26250 1.19674 0.12493 -1.67722 -2.54421 1.75252 -0.58279 -1.24676 -0.83344 -1.56880 -2.18813 1.38394 0.24862 0.13215 -0.23760 1.17581 -0.42988 0.23966 -0.30175 0.27901 0.83375 -0.70235 0.99914 0.40686 -0.67068 -0.24368 0.19225 1.21529 -0.82509 -0.36748 -0.12353 -0.45021 0.62924 0.88152 1.46142 -0.36663 -0.16544 0.64802 
2.33049 -1.18981 1.30339 0.39374 -1.99149 -2.45130 1.82579 -0.31214 -0.66918 -0.66912 -1.44981 -1.99401 1.35514 0.07479 0.43008 0.44600 0.25791 -0.94407 0.06346 -0.39074 0.40708 1.01784 0.02119 0.27504 0.07465 -0.29493 -0.57031 0.21444 1.18592 -1.01993 -0.51509 -0.64276 -0.43952 -0.48526 -0.68938 0.83190 -0.76676 -0.66257 0.05443 
2.26415 -0.83241 1.64274 0.38284 -2.62129 -2.48075 1.36178 -0.17571 -0.22892 -0.81225 -1.29376 -2.11348 1.08901 -0.32169 0.34659 0.94832 0.15588 -0.94497 -0.40310 -0.74127 -0.20625 0.14437 0.12954 0.23238 -0.25571 -0.61625 -0.46345 -0.34637 -0.06313 -0.12458 1.00117 -0.29781 0.12536 -1.07352 -1.34351 -0.61759 -0.87480 -0.37351 -0.39805 
2.00880 -0.84322 2.25172 0.54962 -2.93646 -2.85440 1.08451 -0.51839 -0.52481 -0.53958 -1.21743 -2.24972 0.73889 -0.38866 0.08372 0.38287 0.13333 0.05710 -0.23435 -0.26538 -0.66644 -0.32567 -0.59640 -0.59976 -0.29886 -0.69298 0.17333 -0.04845 -0.79711 0.18893 1.49066 0.84452 1.35826 0.38914 -0.11293 -1.70690 -0.63786 0.47518 0.70294 
1.87550 -0.74870 2.02561 0.51617 -2.56419 -2.71510 1.09640 -0.84215 -0.55459 -1.40865 -1.89353 -2.41234 0.39603 -0.14837 0.29813 0.15121 0.34481 0.54569 0.44142 0.61699 0.18289 0.03144 -1.57735 -0.40548 0.21946 0.08669 0.38062 0.36226 -0.14405 0.18701 0.25120 0.72095 0.72524 0.76796 0.65052 0.36968 0.63544 0.32819 0.70868 
1.86043 -0.54508 2.40293 0.89443 -2.39077 -2.41298 1.70150 -0.33550 -0.49337 -2.11693 -1.62291 -2.03026 0.82558 -0.00804 0.44598 0.23882 0.32034 0.30830 0.48660 0.45986 0.10152 0.32485 -0.22671 0.03568 0.02933 0.01570 0.09719 0.47782 -0.05959 -0.98525 0.23332 0.04581 -1.79967 -0.97042 -0.02393 1.91820 1.06768 0.02581 -0.81006 
1.86746 -0.30272 2.26444 0.83652 -2.25589 -2.22850 1.55626 -0.74063 -0.22973 -1.63536 -1.85785 -2.38301 0.41173 -0.05117 0.77595 0.09163 -0.64043 0.77901 0.48724 -1.18268 -0.78752 0.00751 0.34085 0.66220 0.24527 -0.72337 -0.07779 0.28368 -0.15836 -1.26672 1.00152 0.14452 -1.58685 -1.01090 -0.59946 -0.29675 0.30034 0.70814 -0.35148 
1.80926 0.23087 2.49456 0.25400 -1.61176 -1.92574 0.51882 -1.12302 -0.48586 -1.77608 -0.96071 -1.78499 0.10222 -0.08582 0.72966 0.08046 -0.94638 1.30983 0.63112 -1.12700 -0.90938 -0.27461 -0.52346 0.33601 0.73747 -0.33579 0.04171 -0.37502 -0.35375 -0.04659 -0.32934 -0.25950 0.33257 0.17356 -0.04438 -1.20921 -0.99096 0.13975 0.62441 
1.78163 0.42693 2.34490 -0.10986 -0.94606 -1.59738 0.42926 -1.65002 -0.50434 -2.15883 -1.52184 -1.64555 0.07595 -0.00946 0.40093 -0.26212 -0.68702 0.44967 0.22773 -0.85011 -0.61396 -0.03687 -0.86836 -0.32875 0.38502 -0.09896 -0.05276 -0.53023 -0.11045 0.63727 -1.30386 -0.29354 0.47100 0.50938 0.30359 -0.12690 0.15670 -0.49417 0.31370 
1.79980 0.63180 2.23244 -0.43302 -1.16209 -1.69801 -0.33128 -1.73698 -0.52272 -2.64444 -1.28946 -1.39996 0.00326 -0.13858 0.19942 -0.02999 -0.30911 0.00597 0.33758 -0.65600 -0.40000 0.02898 -0.65036 0.49271 0.24329 -0.02209 -0.16476 -0.50120 -0.60932 0.44865 0.17597 0.02971 -0.12273 0.30726 -0.09338 0.95985 0.67850 -0.29680 -0.07481 
1.64305 0.62636 2.31490 -0.41897 -0.94009 -1.25979 -0.22674 -2.05002 -0.47535 -2.80919 -1.02912 -1.40225 0.05386 -0.17422 -0.10027 -0.87144 -0.23837 0.62563 0.25744 -0.97284 -0.30670 -0.13024 0.09148 0.34975 0.08823 -0.17377 -0.64594 -0.35652 -0.98867 -0.21472 0.69475 0.00111 0.19623 0.63574 -0.09673 1.29276 -0.12536 0.14428 0.02017 
1.62558 0.53153 1.36100 -0.67139 -0.53646 -1.44057 -1.30412 -2.04368 -0.65296 -2.55296 -0.93972 -1.31174 -0.17051 -0.78452 -0.15710 -1.01867 -0.52383 0.70072 0.33869 -0.45977 0.23574 -0.06775 0.64239 0.36735 0.38758 -0.00192 -0.22998 -0.16902 0.70760 0.59781 -0.20840 -0.02651 0.57096 -0.35589 -0.08211 -0.91782 -1.42915 -0.11243 0.57303 
0.85853 0.46926 1.29624 -0.94279 -0.23937 -0.92110 -0.68650 -1.81427 -0.54310 -2.16680 -0.66177 -1.01468 0.05194 -0.40420 -0.26928 -0.16384 0.35944 0.41723 0.23093 -0.40188 -0.66259 -0.21235 -0.82633 -1.07941 -0.02420 0.39926 0.81929 0.07303 1.03328 0.70515 -0.56596 -0.38401 -0.27598 0.09409 0.19342 -1.77210 -1.66561 -0.53714 0.18786 
1.22138 0.26225 1.19716 -0.31195 -0.11923 -1.20964 -1.70600 -2.70627 -0.86531 -3.37929 -2.01913 -1.33594 0.22875 0.03477 -0.08407 0.01461 0.18132 0.13476 -0.04532 -0.73575 0.32983 0.12567 -1.12970 -1.29826 -0.14957 0.18594 -0.90573 -0.05185 -0.96463 -0.54783 -0.23213 1.06328 2.75178 2.63033 0.95125 3.61783 2.45934 1.01415 -0.06098 
0.89330 0.38519 1.31085 -0.76147 -0.10461 -0.96642 -1.42225 -1.48444 -0.41744 -3.29650 -1.96003 -1.16424 0.23788 -1.30993 -0.32113 -1.12847 -0.18839 0.18510 1.29421 2.34990 1.96775 0.73890 2.79150 1.37993 0.98995 0.33828 -0.84504 -0.23779 -1.22012 0.17793 -0.01053 0.68695 1.95433 0.77672 0.17764 2.85180 1.96615 0.62048 -0.48627 
-0.08855 -0.05888 0.06869 -0.50035 0.06587 0.08457 0.64391 -0.73852 -0.12641 -0.58779 -0.63920 -0.34599 0.56703 -0.81027 -0.32186 -1.20551 0.35925 0.12423 0.64163 1.21858 1.10655 0.30331 1.72210 0.66789 0.47092 -0.30033 1.38906 0.29834 1.19036 0.46247 -0.30459 -1.44420 -2.60511 -1.46122 -0.56899 -2.84971 -1.10025 -0.83651 -0.60526 
0.08303 0.06333 0.10534 -0.40222 0.01962 -0.32479 -0.20367 -0.37789 -0.11413 -1.57440 -1.29215 -0.69332 -0.06244 0.07913 -0.02279 0.06189 0.27408 -0.11950 -0.15000 -0.25521 0.50653 0.16991 -0.05821 0.27968 0.15344 -0.26699 0.64850 0.20188 1.25626 -0.17958 -0.04373 -0.36454 -0.87074 -1.13763 -0.08894 0.22574 0.45493 0.22972 0.60350 
-0.00942 -0.08167 0.13058 -0.22627 -0.05363 -0.06543 0.38870 -0.23199 0.04349 -0.64600 -0.35952 -0.19255 0.30004 -0.16178 -0.11998 0.05076 0.17966 0.08050 0.27709 0.34784 -0.03108 0.21436 1.94784 1.12282 0.70063 0.30317 -0.08246 0.08187 -0.11481 -0.11521 0.21403 0.18353 0.04780 -0.42539 -0.14684 0.56950 0.16480 -0.02529 0.09183 
-0.07875 -0.05665 0.15610 -0.22256 0.10012 -0.04771 0.14417 -0.40896 0.10023 0.37343 -0.16933 0.00731 0.24073 -0.00333 0.05908 -0.05292 0.15886 0.09453 0.03353 -0.20740 0.08114 0.02307 0.51129 0.44448 0.12815 -0.17516 0.17044 0.19078 -0.20769 -0.09743 0.03769 -0.46444 -0.11638 0.03958 -0.36401 -2.31607 -1.02745 -0.73693 -0.56687 
-0.01275 -0.02259 0.07766 -0.06740 0.04090 -0.03189 0.18130 -0.15085 0.06657 -0.13471 0.08497 -0.06440 0.12489 0.00867 0.07080 -0.15693 0.08223 0.11819 -0.18735 0.23146 0.00850 -0.14965 -0.36824 0.09536 -0.03630 -0.26370 0.02251 -0.07727 -0.01202 -0.18513 -0.10137 -0.08208 0.30850 0.06993 -0.03070 -0.73890 -0.55548 -0.11558 0.16688 
-0.07008 0.01414 -0.00083 -0.14033 0.21831 -0.23506 0.37563 -0.40046 -0.04941 0.00520 -0.07397 -0.02899 -0.02297 0.01918 -0.01819 -0.06494 -0.02627 -0.00684 -0.04854 0.10110 0.15107 -0.00763 -0.22761 -0.11100 0.01257 -0.00828 0.08523 -0.12472 0.26124 -0.06374 -0.26394 0.38620 -0.33406 0.24555 0.28991 0.14934 -0.00061 0.00876 0.50172 
0.00643 -0.04078 0.01272 -0.09367 0.03406 -0.08044 0.28240 0.00022 0.05894 -0.36232 -0.02603 -0.05183 0.11661 0.09389 -0.05392 0.10431 0.01849 -0.14575 0.19884 -0.10260 0.25405 0.14026 -0.21889 0.09475 -0.02754 0.23802 -0.03127 0.00719 0.12262 0.04279 0.03507 0.08931 -0.15150 -0.22879 -0.01920 0.41035 0.13468 -0.00030 0.05227 
0.02381 -0.03978 0.10348 -0.12184 0.07256 -0.03622 0.27303 -0.14641 0.09085 -0.21370 0.02079 -0.05653 0.21505 -0.01209 -0.01100 0.05768 0.01652 0.02823 0.04076 -0.05041 -0.07772 -0.02683 0.18274 0.02368 0.01228 0.04399 -0.15532 0.06059 -0.07927 0.03400 0.13358 -0.22285 0.06866 -0.27123 -0.07879 0.11737 -0.14006 0.05767 -0.23114 
-0.00566 -0.05178 0.07040 -0.07715 0.06229 -0.03967 0.23199 -0.07750 0.03211 -0.17958 -0.00235 -0.03955 0.16060 -0.06143 0.00667 0.02503 0.05250 -0.01217 -0.02401 -0.03395 -0.01717 0.06147 -0.10152 -0.04531 0.03013 0.00688 0.01321 0.03132 -0.04402 -0.00229 -0.06551 -0.04815 -0.01604 -0.00884 0.08431 -0.00415 -0.05100 -0.00524 -0.02936 
-0.03762 -0.03311 0.12851 -0.06934 0.06038 -0.06023 0.23908 -0.16358 0.15232 -0.31522 -0.02452 -0.02640 0.22193 0.00112 0.02032 0.01366 0.01422 -0.03728 -0.00739 -0.06644 -0.08657 0.05748 0.17859 -0.02732 0.00704 0.01463 0.09350 0.01134 -0.10311 -0.07725 -0.02723 0.09097 -0.09688 0.08672 -0.16295 0.19528 0.15142 -0.05185 -0.10535 
-0.00454 -0.03146 0.08405 -0.06293 0.02501 -0.04706 0.16555 -0.16407 0.08958 -0.00099 -0.02967 -0.03251 0.17523 0.03207 0.01801 -0.07808 -0.02476 -0.03941 0.06696 -0.13083 0.06954 -0.10148 0.09376 0.10612 -0.02172 -0.09847 0.00663 -0.01579 -0.05081 0.01308 0.13380 -0.05553 0.03381 0.05038 -0.14366 -0.43459 0.03831 -0.04513 -0.12494 
-0.00554 -0.01510 0.05043 -0.09410 0.02098 0.00674 0.10825 -0.09404 0.05085 -0.22147 0.08159 -0.04811 0.12346 0.00775 0.00454 -0.03715 0.02730 0.09652 -0.06292 -0.03263 -0.03619 -0.08618 -0.25601 0.01099 -0.03809 -0.11031 -0.02773 -0.06038 0.12055 0.05614 0.04592 -0.11280 0.10357 -0.15360 0.17633 0.18520 -0.29516 0.05635 0.22103 
0.00320 -0.02693 0.04691 -0.03563 0.12154 -0.10999 0.13291 -0.20026 0.00340 -0.25700 -0.01868 -0.07060 0.06492 0.00434 -0.04237 0.04248 0.03139 0.00651 -0.04583 -0.02726 -0.08406 0.07485 0.27896 -0.18905 0.03464 0.12256 -0.01954 -0.04132 0.08033 -0.04393 -0.21032 0.18281 0.02322 0.06911 0.20027 0.31470 -0.11911 0.06913 0.33960 
-0.00120 -0.05746 0.09291 -0.06271 0.02748 -0.03909 0.08099 -0.17809 0.12570 0.05749 -0.10745 -0.01347 0.24602 -0.01179 -0.03678 0.04318 -0.01663 -0.11380 0.11988 -0.00942 0.03292 0.11409 0.05870 -0.10812 0.03104 0.22929 -0.01699 0.06498 -0.04702 -0.03548 0.02682 0.01407 0.15253 0.13410 -0.13913 -0.38742 0.41264 -0.09209 -0.28898 
-0.00859 -0.06371 0.09008 -0.05225 0.00774 0.00989 0.12350 -0.16733 0.11749 -0.19830 -0.12680 -0.03956 0.29421 -0.01265 0.02261 -0.00455 -0.00409 0.03332 -0.03176 0.12527 0.05004 -0.06428 -0.10846 0.22359 -0.05745 -0.16642 0.03710 0.08051 -0.07882 -0.00042 0.15418 -0.15907 0.00523 0.05018 -0.18712 0.00814 0.31705 -0.04005 -0.44933 
-0.01385 -0.03485 0.08836 -0.06680 0.06081 -0.07085 0.20626 -0.12806 0.06141 -0.05097 0.11614 -0.07092 0.07960 0.02531 0.04372 -0.03564 -0.01704 0.04038 -0.03918 -0.00419 0.08311 -0.07303 0.06683 0.20893 -0.00902 -0.22004 0.03373 -0.00269 -0.04772 -0.01546 -0.02307 0.06820 -0.20007 0.01236 0.03901 0.00289 -0.26800 0.08089 0.18729 
0.01673 -0.01999 0.05444 -0.06930 0.04812 -0.02929 0.11931 -0.08423 0.04446 -0.13147 0.08213 -0.04858 0.07417 0.02107 0.01992 -0.05227 -0.01955 0.01025 0.03644 -0.07480 0.06240 -0.02527 -0.10557 -0.04440 0.02344 0.02087 0.03850 -0.10475 0.16764 -0.09552 -0.00149 0.03780 -0.10244 -0.01297 0.04618 -0.01637 -0.19273 -0.02129 0.25534 
0.00722 -0.01493 0.03609 -0.08635 0.07106 -0.03441 0.13146 -0.06566 0.03614 -0.15654 0.07174 -0.04749 0.10047 0.06381 -0.06103 0.13200 -0.11256 0.03889 -0.00139 -0.10663 0.07014 -0.02684 0.05046 0.01620 -0.03031 0.03529 0.00451 0.00882 0.23073 0.16634 0.04394 -0.06132 -0.15185 -0.27516 0.06170 -0.04178 -0.12663 -0.08272 0.17351 
0.08053 -0.08102 0.18644 -0.18185 0.08701 -0.03068 0.01268 -0.01409 0.01762 -0.08101 0.09833 -0.07888 0.10947 0.02559 0.02874 0.17846 0.14679 0.05419 -0.02488 -0.22664 -0.21276 0.03643 -0.14735 -0.17103 -0.05928 0.19438 -0.13545 0.11582 -0.27095 0.20215 -0.07758 0.01336 0.27420 -0.16445 0.04290 -0.09568 -0.04170 0.05962 -0.06285 
0.03281 0.01381 0.21456 0.06044 0.12525 -0.05929 -0.09518 -0.27842 0.07258 -0.30389 -0.09930 -0.10677 0.29484 -0.07164 0.05479 -0.13895 0.08960 -0.03869 0.01198 0.16757 -0.09431 0.01606 -0.04522 -0.02550 0.02932 -0.02756 -0.04215 -0.06337 -0.34844 -0.28538 -0.12924 0.05785 0.46574 0.41557 -0.07471 0.28477 0.36027 0.12126 -0.41127 
0.00890 -0.02623 0.04749 -0.09226 0.04832 -0.01870 0.18025 -0.10840 0.03368 -0.12622 0.07283 -0.04957 0.08191 -0.01656 -0.03463 -0.16998 -0.13859 -0.07505 0.03297 0.23909 0.20281 -0.03828 0.13742 0.18923 0.06198 -0.21689 0.07620 -0.04956 0.13878 -0.06211 0.05969 -0.03535 -0.23633 0.12695 0.00311 0.03198 0.01454 -0.02557 0.02642 
0.01624 -0.02082 0.04458 -0.07815 0.05020 -0.02632 0.14391 -0.07562 0.03429 -0.16647 0.08994 -0.04479 0.07795 0.00456 0.00523 -0.00017 0.02748 0.02099 -0.02338 -0.06876 0.03264 0.01917 -0.01324 -0.01096 0.00374 -0.00114 0.02156 0.02797 0.21999 0.09211 0.11208 -0.05928 -0.18568 -0.26021 0.08645 -0.12626 -0.12162 -0.08072 0.25485 
0.01346 -0.02101 0.04731 -0.06477 0.06931 -0.04208 0.11149 -0.07576 0.05285 -0.13946 0.06187 -0.04582 0.08076 0.00499 -0.00666 0.05001 -0.04648 0.03703 -0.02631 0.05342 -0.05740 0.04817 0.01116 0.06762 -0.01875 0.03796 0.01207 -0.01861 0.03907 -0.07924 -0.00883 0.01369 0.15097 -0.09269 -0.00301 -0.06701 0.08453 -0.03916 0.03481 
0.02124 -0.02748 0.09459 -0.12462 0.08723 -0.05263 0.19733 -0.13301 0.08247 -0.15531 0.15755 -0.06354 0.11591 0.01663 -0.01338 0.03889 -0.05175 0.01216 -0.00969 0.08221 -0.06005 0.01616 -0.08025 0.07357 -0.03541 0.03366 -0.01099 0.01275 -0.09163 0.10491 -0.06906 0.04600 -0.14300 0.11237 -0.08201 0.00831 -0.15183 0.03262 -0.07154 
