0.01284 -0.04148 0.08434 -0.04205 0.03989 -0.04554 0.12797 -0.09542 0.09854 -0.05520 0.10676 -0.07245 0.15298 -0.00043 0.00063 0.00045 -0.00091 0.00120 -0.00136 0.00266 -0.00037 -0.00173 0.00199 -0.00459 0.00247 -0.00214 0.00123 -0.01164 -0.01694 0.00411 -0.00554 0.01192 -0.00497 0.01319 0.00409 -0.03287 0.02941 -0.01588 0.05832 
0.01368 -0.04272 0.08347 -0.04028 0.03754 -0.04288 0.12277 -0.09469 0.10189 -0.05908 0.11571 -0.07726 0.15718 0.00171 -0.00252 -0.00178 0.00361 -0.00478 0.00541 -0.01057 0.00146 0.00683 -0.00790 0.01822 -0.00979 0.00851 -0.00145 -0.01486 -0.01466 -0.00548 -0.00707 -0.00547 -0.01142 0.00311 0.01304 -0.00324 0.06586 0.01003 0.02339 
0.01455 -0.04400 0.08256 -0.03845 0.03511 -0.04013 0.11740 -0.09395 0.10538 -0.06310 0.12498 -0.08223 0.16149 -0.00188 -0.01422 -0.01421 -0.00639 -0.00587 -0.00684 -0.00875 0.00274 0.01131 -0.00125 0.06127 0.01250 0.02125 0.01691 -0.10781 0.09133 -0.07964 0.02856 -0.08045 0.29553 -0.13266 0.09088 -0.09126 0.26565 -0.08933 0.18903 
0.01180 -0.05694 0.06926 -0.04667 0.03167 -0.04972 0.11401 -0.09195 0.11320 -0.06033 0.17698 -0.06476 0.17843 0.01862 -0.11033 0.08954 -0.07604 0.02378 -0.07503 0.28496 -0.13120 0.09771 -0.09916 0.28387 -0.09912 0.19754 -0.17762 -0.39428 0.62906 -0.16257 -0.04196 0.02920 1.84988 -0.54474 -0.33355 -0.65168 -0.52507 -0.06587 0.48695 
0.03317 -0.15433 0.17210 -0.11448 0.05889 -0.11516 0.40236 -0.22515 0.20309 -0.16226 0.40885 -0.18135 0.35903 -0.17950 -0.40850 0.61485 -0.16896 -0.04783 0.02237 1.84112 -0.54200 -0.32223 -0.65292 -0.46380 -0.05337 0.50821 -0.07907 -0.04116 0.20924 0.11088 -0.21447 0.10623 -0.88480 -0.10493 0.53720 0.43440 -1.18296 0.32783 0.97625 
-0.16770 -0.46544 0.68411 -0.21563 -0.01616 -0.02735 1.95513 -0.63395 -0.20903 -0.71325 -0.28682 -0.11813 0.68664 -0.06044 -0.15149 0.29879 0.03485 -0.19069 0.03120 -0.59984 -0.23612 0.63491 0.33524 -0.89909 0.22872 1.17379 0.36074 0.80297 -1.17624 0.34257 0.09719 -0.02788 -3.65110 1.00718 0.57825 1.21926 0.68699 -0.08820 -1.09321 
-0.02727 -0.30581 0.47089 -0.07964 -0.13180 -0.08397 -0.19748 -0.46128 0.83799 0.17298 -0.49024 0.04737 1.53282 0.18124 0.39447 -0.56139 0.17361 0.04935 -0.00551 -1.80997 0.46518 0.25602 0.56634 0.22318 -0.14157 -0.58500 0.08760 0.42060 -0.67950 -0.01011 0.36422 0.01260 0.96066 0.58599 -1.36633 -0.58310 1.47110 -0.31917 -2.52969 
0.01354 -0.07097 0.12272 -0.04202 0.03319 -0.03286 0.14516 -0.16877 0.04698 -0.14692 -0.06364 -0.25970 0.10164 0.02715 0.26911 -0.38071 0.02474 0.17353 0.04380 0.36081 0.34987 -0.73142 -0.24786 0.57201 -0.09045 -1.35590 -0.18508 -0.36550 0.53577 -0.17891 -0.04024 -0.01055 1.81198 -0.40650 -0.20662 -0.45872 -0.09439 0.34447 0.64245 
-0.00012 -0.03670 0.09018 -0.05490 0.04173 -0.04017 0.16333 -0.11141 0.10657 -0.07488 0.08176 -0.04308 0.17692 -0.00384 0.02897 -0.02561 -0.00530 0.00911 -0.01606 0.00200 0.05869 0.04940 0.10761 0.12879 0.20290 0.05745 -0.01379 -0.26936 0.36275 -0.02358 -0.17560 -0.05865 -0.43256 -0.33557 0.73444 0.29456 -0.48910 0.06062 1.32704 
0.00970 -0.04200 0.09711 -0.04732 0.04230 -0.04892 0.14716 -0.11008 0.09639 -0.03930 0.06515 -0.05680 0.15909 0.01336 -0.00026 -0.01796 0.00116 -0.00207 -0.01485 -0.07174 0.01429 0.00302 0.04670 0.08290 -0.02983 -0.02886 0.00580 -0.03905 0.00372 0.00903 -0.01106 0.02299 0.00045 -0.04435 -0.04953 -0.13832 -0.10560 -0.21089 -0.01716 
0.01324 -0.03696 0.07222 -0.05374 0.03966 -0.05502 0.09159 -0.09712 0.10959 -0.02818 0.16466 -0.07291 0.14806 0.00197 -0.01008 -0.02189 0.00373 -0.00195 0.00693 0.00246 0.01433 -0.00013 -0.03071 0.02319 -0.00799 0.04029 -0.01574 -0.09942 0.20712 -0.09835 0.08640 -0.02135 0.45739 -0.14785 0.09154 -0.09093 -0.10287 -0.11665 0.57645 
0.01167 -0.05209 0.07522 -0.04359 0.04035 -0.04200 0.14962 -0.09575 0.09626 -0.07002 0.08834 -0.06479 0.19938 -0.00238 -0.09968 0.18916 -0.09719 0.08433 -0.03620 0.38565 -0.13356 0.09457 -0.04423 -0.01997 -0.14647 0.54759 -0.06710 -0.14150 0.36735 -0.03916 -0.04967 0.06405 0.38105 -0.46072 0.06155 0.32113 -0.72262 0.06794 0.78854 
0.01086 -0.13664 0.26138 -0.15093 0.12399 -0.09122 0.47724 -0.23068 0.20416 -0.07241 0.14470 -0.21939 0.69565 -0.06514 -0.15158 0.34546 -0.03542 -0.05162 0.07097 0.38351 -0.44639 0.06142 0.29042 -0.69942 0.05995 0.82884 -0.01215 0.09000 -0.25275 0.11917 -0.13089 -0.00914 -0.56766 -0.07489 0.05292 -0.16508 0.04930 0.19746 -0.61796 
-0.05346 -0.20367 0.42068 -0.07901 -0.01127 0.02898 0.53313 -0.54213 0.15768 0.22040 -0.61108 -0.00484 1.02821 -0.01453 -0.00968 -0.06359 0.02197 -0.04656 -0.04535 -0.18201 -0.20845 0.14749 -0.20931 0.02934 0.05098 -0.07037 0.12032 0.32831 -0.53883 -0.01988 -0.03552 -0.25365 -0.80459 0.60314 0.16109 -0.39544 1.62668 -0.07403 -1.41177 
-0.00366 -0.14632 0.19778 -0.12896 0.07743 -0.13657 0.29522 -0.43913 0.35165 -0.28173 0.17403 -0.16840 0.62528 0.05518 0.17673 -0.19337 -0.05530 -0.08714 -0.18267 -0.42108 0.15676 0.22251 -0.10502 0.92725 -0.01409 -0.58294 -0.00368 0.02648 -0.04689 0.07782 0.10455 0.05959 -0.20846 0.70507 -0.23915 0.39204 -0.37231 0.09767 -0.13314 
0.00172 -0.02694 0.22731 -0.13431 -0.09840 -0.15370 0.11205 -0.38537 0.38019 0.11538 0.31618 -0.01893 0.44528 -0.01821 0.01679 -0.11049 0.09980 0.05799 0.01424 -0.39047 0.49662 -0.09166 0.18273 -0.34297 0.14866 -0.20351 -0.05786 -0.32001 -0.06080 0.23985 0.28582 0.22381 0.16075 0.23635 -0.18166 -0.06583 -1.59298 -0.09496 0.85158 
-0.02187 -0.12953 0.08729 -0.02916 0.13542 -0.12233 -0.09525 0.05749 0.25999 -0.09900 -0.16894 -0.01975 0.42177 -0.00268 -0.14328 -0.25416 0.18454 0.19868 0.04114 -0.26034 0.39310 0.04086 -0.17085 -0.66572 -0.10904 0.26864 0.10869 0.12995 -0.02814 -0.21244 -0.03019 0.03997 0.62795 -0.67293 -0.13337 -0.02802 0.59730 -0.27238 -0.10279 
-0.00096 -0.17022 -0.02685 0.05023 0.10028 -0.11255 -0.14829 0.00773 0.42105 -0.05547 -0.34955 -0.12797 0.71392 0.09048 0.14675 -0.13863 -0.11264 0.02780 0.05421 0.23747 -0.17631 -0.22504 0.15471 0.25433 -0.12372 -0.30630 0.00965 0.24624 0.30280 -0.24064 -0.25187 0.01743 0.47334 -0.47453 -0.25453 0.12046 1.05734 0.13318 -0.58695 
0.06861 0.01722 -0.05133 -0.14180 0.16322 -0.06812 0.14222 -0.11883 0.03495 0.05571 0.08539 -0.14346 0.11548 0.00698 0.10296 0.04863 -0.05610 -0.05319 0.05858 0.21301 -0.08142 -0.21367 -0.05039 0.39162 0.02414 -0.31831 -0.14883 -0.22101 0.27423 0.21465 -0.15932 -0.02034 -0.23768 0.19947 0.29079 -0.28943 -0.22305 0.18785 0.39651 
0.00602 -0.06727 0.02178 -0.00587 0.04708 -0.05398 0.06472 -0.07369 0.20738 -0.10587 0.04207 -0.10384 0.39561 -0.05835 -0.07427 0.13560 0.10201 -0.13151 0.03387 -0.00020 0.02316 0.06576 -0.13472 0.03127 0.06413 0.09021 0.00942 -0.09626 0.06287 -0.00103 0.06173 -0.07347 -0.09742 -0.01096 0.18263 0.05995 -0.20667 -0.07898 0.17434 
0.01026 -0.05705 0.08426 -0.03979 0.03171 -0.03425 0.14202 -0.09567 0.10071 -0.07901 0.11666 -0.07933 0.20569 0.01640 0.00669 0.11150 -0.05713 0.00854 -0.01490 0.11559 -0.09239 -0.03104 0.00956 0.18495 -0.05484 -0.14397 0.04965 0.07945 -0.13147 -0.09630 0.14576 -0.06147 0.02059 -0.02985 -0.09298 0.16595 0.02349 -0.10408 -0.15483 
0.02242 -0.06058 0.13328 -0.06300 0.05563 -0.06887 0.18031 -0.16608 0.17634 -0.09630 0.22702 -0.15868 0.25164 -0.00871 0.00518 0.00413 0.00571 0.01425 -0.02760 0.02039 -0.00669 -0.02723 0.03123 0.05476 -0.03995 -0.06462 -0.03148 0.00646 -0.18329 0.05782 -0.03234 0.03800 -0.14848 0.12244 -0.07534 0.00098 -0.31235 0.12757 0.06638 
0.00155 -0.05187 0.08840 -0.03408 0.04596 -0.06186 0.16240 -0.10236 0.07348 -0.04779 0.17143 -0.11928 0.14107 -0.01508 0.01315 -0.07179 0.00069 -0.02380 0.02310 -0.03289 0.03006 -0.10638 0.01054 -0.12740 0.07273 -0.07758 0.01118 -0.00694 0.00576 -0.01911 -0.00056 0.04003 -0.17191 0.09940 0.05945 -0.05723 -0.10044 0.03411 0.18603 
0.00734 -0.04743 0.06149 -0.06231 0.03183 -0.04577 0.14742 -0.13602 0.06995 -0.08577 0.09962 -0.08595 0.17406 0.00248 -0.00176 0.00989 -0.01340 0.01369 0.01243 -0.15152 0.09271 0.03222 -0.02600 -0.04568 -0.00583 0.12141 0.02185 -0.00908 0.09331 0.02224 0.02831 -0.01884 0.00558 0.01164 0.14005 0.01416 0.14808 -0.06650 0.06285 
0.00403 -0.05363 0.09829 -0.04749 0.05964 -0.04943 0.01088 -0.00965 0.10570 -0.07379 0.12575 -0.12511 0.26248 0.00677 0.00407 0.02152 0.02293 0.00451 0.00426 -0.02731 0.04170 0.03366 0.02469 0.02068 0.00623 -0.01474 0.00498 -0.02084 -0.11410 -0.02689 -0.04285 0.02216 0.44069 -0.13965 -0.11430 -0.02329 0.08093 0.07429 -0.23466 
0.01411 -0.04335 0.08302 -0.03937 0.03634 -0.04152 0.12011 -0.09432 0.10362 -0.06107 0.12030 -0.07973 0.15932 0.00746 -0.02260 -0.10421 -0.04029 -0.02916 0.03459 0.28916 -0.04693 -0.08208 -0.04929 0.03525 0.06846 -0.11324 -0.00891 -0.01336 -0.03012 -0.02526 -0.00384 0.00031 0.04304 -0.03740 -0.03786 -0.04124 -0.03138 -0.00399 0.06741 
0.01149 -0.07623 -0.00592 -0.08778 0.03048 -0.01484 0.30005 -0.05658 0.02363 -0.12308 0.16100 -0.05665 0.14923 -0.00214 -0.00929 -0.00860 -0.00233 0.00067 0.00457 0.01573 0.00429 -0.00419 -0.01654 -0.01070 0.00224 0.05267 -0.00440 0.05484 0.19269 0.08962 0.03379 -0.05988 -0.47181 0.00956 0.16383 0.10927 -0.07126 -0.09404 0.12550 
0.01197 -0.05264 0.07442 -0.04170 0.03701 -0.03695 0.13583 -0.09003 0.09942 -0.07761 0.10961 -0.07749 0.21199 0.00306 0.03224 0.08848 0.04933 0.00463 -0.02529 -0.18265 -0.03737 0.08175 0.05998 -0.03602 -0.02558 0.01226 0.00386 0.01921 0.01765 0.00375 -0.00014 -0.01050 -0.02879 -0.00895 0.00666 0.03508 0.01680 -0.00202 -0.10748 
0.01455 -0.04400 0.08256 -0.03845 0.03511 -0.04013 0.11740 -0.09395 0.10538 -0.06310 0.12498 -0.08223 0.16149 0.00171 0.00992 0.00905 0.00142 0.00053 -0.00593 -0.01306 -0.00466 0.00247 0.01854 0.00610 0.00023 -0.05481 -0.00350 -0.03159 -0.08802 -0.05026 -0.00340 0.02390 0.18535 0.03700 -0.08351 -0.05795 0.03134 0.02809 -0.01442 
0.01368 -0.04272 0.08347 -0.04028 0.03754 -0.04288 0.12277 -0.09469 0.10189 -0.05908 0.11571 -0.07726 0.15718 -0.00044 0.00065 0.00046 -0.00093 0.00123 -0.00139 0.00271 -0.00037 -0.00176 0.00203 -0.00468 0.00251 -0.00217 0.00553 -0.03779 0.05467 -0.02215 0.03128 -0.02259 0.09945 -0.06115 0.04248 -0.05849 0.04842 -0.06801 0.10739 
0.01411 -0.04335 0.08302 -0.03937 0.03634 -0.04152 0.12011 -0.09432 0.10362 -0.06107 0.12030 -0.07973 0.15932 0.00724 -0.02787 0.06372 -0.02073 0.03182 -0.02852 0.08638 -0.06581 0.04495 -0.03995 0.05452 -0.06779 0.05258 0.01079 -0.02768 0.04818 -0.02582 0.01825 -0.02414 0.07811 -0.06758 0.06209 -0.04762 0.09944 -0.05895 0.08235 
0.02092 -0.07059 0.14718 -0.06101 0.06936 -0.07141 0.20915 -0.16050 0.14684 -0.09903 0.17023 -0.14505 0.20976 0.01035 -0.02703 0.04864 -0.02674 0.01948 -0.02553 0.08082 -0.06795 0.06033 -0.04559 0.09476 -0.05644 0.08018 -0.04618 0.04237 -0.16571 -0.01721 -0.07992 0.11888 0.03087 -0.07410 -0.09911 0.05030 -0.36370 0.27284 0.36527 
0.02446 -0.07038 0.13166 -0.06612 0.05581 -0.06704 0.20092 -0.16227 0.16395 -0.10666 0.21506 -0.13617 0.23950 -0.03894 0.01450 -0.10199 -0.03794 -0.04810 0.09035 0.11725 -0.13991 -0.05417 0.01035 -0.30918 0.20506 0.41785 0.01669 -0.35152 -0.67279 -0.07735 0.19373 0.19346 -0.27905 -0.57392 -0.39968 -0.43634 -0.85708 -0.23857 0.91534 
-0.01801 -0.05609 0.04519 -0.09895 0.02126 0.01894 0.32640 -0.30041 0.09267 -0.08869 -0.13895 0.06001 0.62761 0.02704 -0.37855 -0.62415 -0.10409 0.21321 0.16794 -0.19823 -0.64187 -0.33935 -0.48193 -0.76232 -0.29502 0.99553 0.28125 -1.66541 -1.29475 -0.17720 0.81234 -0.16554 2.03840 0.63402 -0.65467 -1.79785 -0.18823 0.50104 2.16001 
0.05150 -0.44893 -0.49249 -0.17021 0.26902 0.10090 0.00269 -0.80413 -0.17540 -0.58859 -0.54725 -0.43119 1.23503 0.24231 -1.65091 -1.39674 -0.21514 0.76424 -0.07519 2.15565 0.49411 -0.70884 -1.78750 -0.49741 0.70610 2.57786 0.19378 -1.31235 -0.35875 -0.43144 0.40397 -0.21585 4.71195 1.50392 0.49433 -1.12807 0.20070 1.43980 1.02605 
0.22430 -1.70700 -1.35155 -0.31409 0.78549 -0.05625 2.48205 0.19371 -0.61617 -1.87619 -0.63636 0.76610 3.20546 0.22081 -1.69090 -0.98290 -0.53553 0.61718 -0.04791 4.51372 0.86205 0.15498 -1.61000 -0.56161 1.14478 2.02157 -0.69694 0.68019 1.11874 -0.97984 0.17056 -0.94249 -1.34750 -1.72315 0.03791 3.25860 -0.54131 -0.55704 -4.70294 
0.27231 -2.13983 -1.47539 -0.70574 0.88620 0.05299 4.51641 0.05792 -0.02042 -2.19859 -1.10887 0.71359 3.25661 -0.45463 -0.97072 -0.27801 -1.19498 0.93480 -1.01768 0.80814 -1.22903 -0.67092 1.47110 -1.03873 0.14905 -2.12509 -1.00297 1.02917 3.10911 -0.49381 0.39076 -0.92350 -6.20893 -1.67373 -1.05121 3.27784 0.32119 -1.24575 -2.78066 
-0.23033 -2.67772 -1.62956 -1.50907 1.72029 -1.07393 3.29019 -1.03533 -1.28709 -0.40509 -1.67509 0.91516 1.08037 -0.78216 -0.66173 2.12621 -1.02934 1.00794 -0.97141 -1.69521 -0.81167 -0.89623 1.66783 -0.24042 -0.10097 -0.75909 -0.01572 0.96920 2.34176 0.72099 -0.58848 1.43117 -1.06080 1.41119 1.93999 -1.97481 1.31331 -0.91095 1.81842 
-0.50985 -2.80157 0.65082 -1.73508 1.89413 -0.91842 2.82120 -0.75376 -0.91665 -0.53076 -1.34929 0.61262 2.49752 -0.47035 -0.00152 2.06376 -0.47399 0.34632 0.41349 -0.25266 0.18215 1.26906 -0.50371 0.27459 -0.76190 -0.30666 0.35080 0.91624 -1.70129 0.30148 -0.99781 1.05849 1.39471 0.81858 2.38586 -2.05628 1.56801 -0.31217 -0.56106 
-0.70068 -2.67924 0.43420 -1.98306 2.06661 -0.66044 3.03753 -0.85317 -0.01803 -0.90880 -1.40050 0.15326 0.77371 -0.43135 0.25450 0.42492 -0.72785 0.01013 0.08708 -0.30050 0.00691 1.48963 -0.38844 1.32758 -0.41314 -1.32015 0.03691 1.04750 -0.35882 0.04788 -0.31647 -0.36421 -0.30057 -0.26550 0.16918 0.03090 0.94072 0.19644 0.99076 
-0.94120 -2.54706 1.07574 -2.46294 1.90426 -0.83134 2.52070 -0.74685 0.57298 -0.91920 -0.02171 0.19948 1.17737 -0.43344 1.04598 1.70493 -0.42611 0.02985 0.04928 -0.55323 -0.08335 1.43824 -0.47282 1.21530 -0.56546 0.68410 0.07186 0.83085 0.98355 1.13109 0.36596 -0.32667 -0.67206 -0.03562 -0.78038 0.21734 -0.01436 -1.12271 3.30692 
-1.13412 -1.63326 2.13914 -2.40917 2.09647 -0.61116 2.48430 -0.93652 1.42021 -1.38162 -0.18520 -0.41220 1.45781 -0.35949 1.08536 1.40847 0.40323 0.37609 -0.23959 -0.97255 -0.02871 0.70925 -0.17111 1.31322 -1.53585 1.98677 0.27378 -1.23832 -1.99371 0.55411 0.50273 -0.92670 -0.85258 0.35278 -1.95490 0.98894 -1.60546 0.41979 0.41776 
-1.30069 -1.46170 2.48421 -2.05970 2.28035 -1.07093 1.54815 -0.77556 1.28223 -1.09031 1.29151 -1.33637 3.16415 -0.15966 -0.19233 -0.28877 0.12800 0.53259 -0.87742 -1.40581 0.26943 -0.51666 0.51612 -0.39015 -0.14567 1.10186 0.26201 -2.20327 -1.66162 -0.54819 -0.49885 -0.47383 1.05477 -0.08636 -1.21267 0.67953 -2.84152 2.40570 -4.17552 
-1.29379 -1.82559 1.85037 -2.28117 2.62906 -1.48858 1.07849 -0.66709 0.90355 -0.86550 -0.57535 -0.55787 2.55967 -0.09748 -1.11791 -0.25315 -0.14495 -0.12276 -0.71342 0.08222 -0.11507 -0.50342 0.50842 -1.52830 0.86985 -2.18875 0.23068 -0.07759 1.37139 -0.16125 -1.05797 0.90259 2.27822 -0.70684 0.85353 -0.77498 0.49439 1.36152 -1.46466 
-1.39817 -2.57962 2.23107 -2.20466 2.15759 -1.78436 1.63037 -0.89063 0.77881 -0.58189 -0.23679 -0.46651 0.97539 0.07102 -0.26992 1.08262 -0.03325 -0.52538 0.02516 0.87241 -0.43741 0.33688 -0.25886 0.10423 1.21585 -0.36281 0.41541 0.74170 -0.16621 -0.21739 0.08518 1.17210 1.05139 1.08429 0.76525 -1.27843 1.75513 -0.17080 3.11851 
-1.22277 -2.09551 2.93299 -2.31442 2.10367 -1.46342 1.95090 -1.10450 1.24043 -1.12436 -0.47112 0.65798 2.19686 0.31793 -0.37621 -0.41936 -0.36234 -0.03758 0.45867 1.13361 0.96922 0.26183 -0.77001 0.22683 0.69905 0.92975 0.60702 -0.99354 -2.56326 0.43597 0.27776 0.73509 -0.49292 1.55493 -0.95078 0.83145 -0.75573 -2.67183 -0.16807 
-1.08024 -2.95583 1.81171 -2.56700 2.12001 -1.32568 2.76397 0.07860 1.04064 -1.35190 -0.00996 0.23254 1.90515 0.67804 -1.26346 -1.48064 0.40272 -0.24763 0.76025 0.37949 1.11752 -0.61390 0.57259 -0.65150 -1.45598 -0.53088 0.76766 0.61982 -1.11749 1.35372 -0.49125 -0.09331 -3.02739 -0.20483 -0.80955 0.69737 -3.13911 -2.15288 -0.83499 
-0.54474 -3.35898 1.45235 -1.91171 1.85605 -0.70316 2.33039 0.01302 0.62652 -0.55178 -1.12261 -0.79800 1.66598 1.08559 0.24361 -1.53684 0.99137 -0.52883 0.36537 -1.89379 0.76439 -0.54772 -0.07264 -2.91228 -1.45383 0.09476 1.54407 5.26215 2.70018 -0.05503 -2.09253 -2.28089 -3.65565 -1.55211 -0.85261 -1.44912 -0.18459 0.08401 -2.11215 
0.00535 -2.71222 0.27487 -1.57563 1.59118 -0.96032 0.87019 0.84299 0.49292 -1.42454 -2.92224 -1.22129 1.99991 2.22210 3.99869 1.21954 0.34769 -2.34016 -1.52063 -3.27616 -0.43459 -1.46651 -0.87653 -0.83609 -1.37197 -2.64302 0.68280 2.55974 4.67884 -1.42450 -2.23960 -1.94096 0.73504 -1.31570 -2.44098 0.46362 4.80081 -0.33975 -1.97009 
1.67737 0.63971 2.67188 -1.56402 -0.48411 -2.22380 -0.94577 -0.42158 -0.83999 -1.42831 -1.95870 -2.16998 -0.97704 1.76839 2.80335 3.14200 -0.43313 -2.76844 -1.57559 -1.15874 -0.55131 -2.98870 0.39097 1.88853 -1.79357 -1.87533 -2.11851 -4.66300 0.33825 -0.93847 1.47969 0.96951 4.70613 2.06619 -0.61395 1.59671 1.82649 0.71129 6.41820 
1.77374 0.09114 3.41686 -2.00876 -1.17726 -2.53591 -0.28855 0.29168 -2.49578 -1.03357 -1.03372 -3.01487 0.12458 0.10360 -0.66432 1.55778 -0.59078 -0.86048 -0.55112 1.42997 1.63159 -2.08046 0.72018 0.99040 -0.66068 3.77517 -1.72069 -3.08729 -3.08744 0.44787 2.64771 1.30112 1.66650 1.42297 2.83658 -0.56010 -0.42297 2.88335 3.05186 
1.78096 -0.02461 4.22967 -2.15480 -1.34459 -2.77492 0.48420 1.21001 -2.92045 -0.70813 -0.96831 -2.83065 2.79813 0.04770 -0.28394 0.05456 0.01474 -0.12073 -0.27447 0.50775 0.87167 -0.15212 -0.16913 1.46556 1.08977 1.17653 -0.18060 0.01397 -2.74470 0.51062 0.77297 -0.08625 -1.04147 -2.05433 1.07450 -1.07810 -1.12941 1.51618 -5.89417 
1.82144 -0.19280 3.47142 -1.99402 -1.29799 -2.81037 0.21920 1.16335 -2.64790 -1.20269 0.43184 -1.92510 1.30111 -0.07700 -0.65034 -1.18692 -0.08016 -0.08751 -0.63737 0.38849 -0.42274 -1.00596 -0.35792 -0.13902 0.85550 -2.11900 -0.05756 -0.22330 -0.52990 -0.30267 0.15053 -0.00020 0.86199 -0.69211 -1.39622 0.44685 -2.89037 -1.53001 -0.03231 
1.70396 -0.67495 3.04274 -2.23496 -1.43210 -3.41229 0.87269 0.78727 -3.92642 -1.06605 -1.10733 -1.97515 0.67913 -0.00986 -0.50723 -0.47534 -0.28793 0.02981 -0.27467 1.36975 0.17956 -1.54834 0.27772 -1.42481 -0.44024 1.14422 0.26797 0.48940 0.78030 0.09832 0.06442 1.38490 0.29044 0.90458 1.39494 -0.00532 0.87181 -1.65090 4.10516 
1.81158 -0.70003 2.99608 -2.28195 -1.26818 -3.08504 1.58895 1.34291 -4.19624 -0.92498 -0.99297 -2.36533 2.44533 0.19097 -0.16094 -0.40662 0.01816 -0.02308 0.74753 0.67894 0.48184 0.38898 -0.36324 0.73279 -0.79540 1.98616 0.15302 0.23612 -0.21926 0.37363 -0.43531 0.89168 -1.02586 -1.23122 2.97505 -0.92807 1.74288 0.19916 -0.86019 
1.89493 -0.83589 2.63612 -2.21680 -1.45518 -2.66476 1.55163 1.26912 -3.53744 -1.42930 -0.37454 -2.77055 2.66529 0.14316 -0.27111 -0.69461 0.08570 -0.40551 0.61702 0.34388 -1.05166 1.42671 -0.65035 0.31807 -0.24108 0.28403 -0.07668 -0.26787 -0.22644 0.24911 0.06605 -0.44999 0.10330 -1.40385 0.83921 0.43371 -1.44242 1.42132 -2.59772 
1.95475 -0.97114 2.30147 -2.19624 -1.67369 -2.46802 1.93283 0.29125 -2.76953 -1.57533 -0.67490 -2.60642 2.72935 0.11429 -0.42881 -0.63307 0.26727 0.04297 0.29753 0.78224 -0.92200 1.22819 0.07047 -0.70964 0.62592 -0.61156 -0.08437 -0.37045 -0.31505 -0.11872 0.42530 -0.66247 -1.25725 1.12091 -1.75117 0.32190 -0.88903 0.15743 -1.32932 
2.00921 -1.26470 2.00306 -1.94953 -1.41222 -2.36723 2.33386 0.34712 -2.30925 -1.35883 -1.08417 -2.14463 2.05373 0.05879 -0.64156 -1.00965 -0.03301 0.01979 -0.04545 -0.91336 0.06925 -0.32446 -0.32846 -0.57096 -0.08365 -1.04529 -0.13297 0.21031 0.22784 -0.75473 -0.20215 -0.29397 -2.13792 1.48944 -1.75774 -0.81263 1.19451 -0.98236 0.28841 
2.01354 -1.61271 1.29182 -2.22926 -1.65390 -2.51348 1.01946 0.36050 -3.09399 -1.90379 -1.24586 -2.69007 1.68406 -0.01868 -0.21850 -0.40523 -0.48746 -0.15918 0.00357 -1.35568 0.56743 -0.52956 -0.74216 0.48488 -0.35644 -0.32314 0.05183 1.39253 1.64331 -0.11813 0.19586 0.58919 0.90124 0.89821 1.70297 0.14549 2.07405 0.66673 1.29474 
1.99053 -1.48321 1.59783 -2.43699 -1.57140 -2.36366 0.97818 0.91455 -2.83881 -2.10098 -0.59930 -2.50107 1.73059 0.11062 0.75096 0.63366 -0.15115 0.21565 0.54373 -0.01213 0.96746 1.37851 -0.18296 1.50308 0.58308 0.24945 0.03389 0.64773 0.32939 0.65384 0.49378 0.20676 0.16797 -0.11718 2.28568 0.49786 0.44753 0.54907 0.10504 
2.12416 -0.86175 1.92547 -2.38041 -1.43825 -1.96974 1.00734 1.32795 -1.71549 -2.08675 0.25722 -2.10699 1.93351 0.01521 0.42922 -0.07583 0.16638 0.33460 0.21032 -1.18771 0.45025 1.75612 -0.24429 0.93241 0.19263 -0.21811 -0.15835 -0.94274 -0.38384 0.45051 0.04816 -0.54049 -0.54772 -0.22655 -0.10127 0.20565 0.04889 -0.60872 -1.57264 
2.00574 -1.05399 1.52200 -2.27061 -1.23680 -2.15334 -0.20953 1.36480 -1.08269 -2.34528 0.33311 -2.30844 1.51248 -0.04773 -0.19178 0.24982 0.29936 0.26381 0.00324 -0.55985 0.74091 1.27724 0.02269 1.55197 -0.02564 -1.32319 -0.24986 -1.00723 -0.68978 -0.65481 -0.60579 -0.24720 0.22259 -1.10209 -1.63336 -0.12674 -0.66529 -0.98766 -2.12944 
2.07643 -1.05353 2.17529 -2.08105 -1.17444 -1.96650 0.44749 2.06886 -0.43825 -2.06406 1.80919 -2.13263 0.61032 -0.23465 -0.57801 -0.76562 -0.48843 -0.27119 -0.03688 -0.96513 -0.65184 0.12276 -0.37104 0.26711 -0.79503 -2.34755 -0.21154 -0.26099 -0.20527 -0.96380 -0.48252 0.01555 -0.06717 -0.94980 -1.68870 -0.52251 -2.54279 -0.52957 1.26012 
1.77109 -1.63199 0.75638 -2.75904 -1.50799 -2.19022 -1.17465 0.71296 -0.95993 -2.71632 0.60022 -3.10348 -0.83507 -0.25927 -0.45277 0.04455 -0.66444 -0.21871 0.01880 -0.62702 -0.20889 -0.41146 -0.49982 -0.99082 -0.55522 -0.06307 0.21244 -0.23605 0.90637 0.80956 0.60858 0.11457 1.75692 1.97014 -0.16518 0.18764 0.21340 1.08137 2.36506 
1.81716 -1.50630 2.21984 -2.74549 -1.39315 -1.94770 -0.17953 1.85998 -0.84970 -2.56389 0.81837 -2.68785 0.54725 -0.02221 -0.81406 0.14075 0.32113 0.33739 0.07770 0.79180 1.31830 -0.04242 -0.18339 0.48052 0.28634 0.01751 0.28635 -0.58782 -1.16125 1.22478 0.93714 0.35626 1.57444 0.78337 1.26751 0.55018 1.76532 0.85321 -0.12514 
1.74888 -2.44605 0.89713 -2.43791 -1.17060 -2.11252 -0.38286 2.03126 -1.00235 -2.89971 1.08074 -2.81713 -0.81756 0.02708 -1.04060 -1.11670 0.56034 0.71843 0.37506 0.94743 0.57448 0.85605 0.05036 0.77450 0.29799 -0.18822 0.07788 0.48922 0.43151 -0.35607 0.06257 0.62708 -0.07997 -1.58381 0.37837 0.89317 -0.14817 0.21503 1.52404 
1.84424 -2.54690 1.10315 -2.18515 -0.67473 -1.57264 0.76789 2.43446 0.00635 -2.51353 1.59287 -2.38986 0.35903 0.05568 -0.32484 0.57226 -0.03494 0.39996 0.70477 0.71183 -0.26551 0.33595 0.70978 0.33235 0.50138 1.54155 -0.12296 0.43026 0.88786 -0.97121 -1.06601 -0.64512 -1.87573 -0.90894 -2.03642 -0.23530 -1.40696 -0.75149 -0.53449 
1.80456 -2.77089 1.46939 -2.47285 -0.77064 -1.40774 0.32897 1.76575 -0.66640 -2.18993 1.41309 -2.31576 0.72400 -0.09587 -0.61034 -0.22884 -0.41087 -0.34758 -0.27006 -0.92830 -0.33446 -1.18037 -0.18495 -0.63247 -0.45350 -0.72270 -0.06988 0.50884 -0.71079 -0.02389 -0.76945 -0.97880 -0.10521 0.94356 -0.53987 -1.32755 -0.00224 -0.72856 -2.42473 
1.74836 -3.15724 0.87431 -2.59603 -1.02231 -1.84270 -0.16041 2.10000 -1.17403 -2.69847 0.96040 -2.84336 -0.36367 -0.01420 0.18400 -0.13852 -0.05883 -0.36950 -0.27403 0.60662 0.67804 -0.20392 -0.61777 0.33011 -0.22718 -0.88318 0.10073 1.39094 1.48813 0.49557 0.20897 0.49036 2.65744 0.76746 1.21075 0.47198 1.72614 1.19145 1.77830 
1.79035 -2.58689 1.33087 -2.53168 -1.14014 -1.68177 0.93559 2.44379 -0.87032 -2.80770 1.74320 -2.54294 -0.15918 0.00486 0.78061 1.25929 0.08470 -0.13862 0.22030 1.72913 0.43300 0.03038 0.28703 1.09368 0.73795 1.05560 -0.00795 -0.03928 0.85691 0.11697 0.35674 0.20059 -1.24326 -0.79678 0.10513 0.73191 -0.43332 0.67958 1.84320 
1.75322 -2.37663 2.13361 -2.51133 -1.16093 -1.62240 1.56872 2.53300 -1.14365 -2.41144 2.05408 -2.10542 0.69193 -0.02215 0.14472 0.71839 0.05813 -0.01276 -0.07343 -0.63665 -0.11874 -0.09879 0.11414 -0.10321 0.45239 0.96002 0.13679 -0.97055 -1.87146 0.20494 0.25482 -0.38846 -3.31088 -0.16563 0.79154 -0.78676 -1.17907 -0.80888 -1.44230 
1.76820 -2.44217 2.04926 -2.47355 -1.15290 -1.75521 0.29895 2.32505 -0.96911 -2.69356 1.63999 -2.09055 0.80084 0.14164 -0.18994 -0.61216 0.28964 0.11620 -0.16816 -1.58174 0.26738 0.82192 -0.49973 -0.08539 -0.07093 -0.38670 0.19412 -0.50949 -1.21372 0.27916 0.12143 0.13010 0.65368 0.17748 1.29115 0.31463 0.51526 -0.53343 -0.99719 
1.89486 -2.56657 1.52144 -2.22169 -1.04472 -1.79056 -0.01302 2.80038 -0.32172 -2.91117 1.96869 -2.17635 0.30522 0.17197 -0.36478 -0.49533 0.33729 0.10867 0.05666 0.01704 0.05874 1.19236 0.42877 0.41204 -0.08103 -0.03716 -0.15201 -0.15954 0.68516 -0.38479 -0.34414 -0.04704 1.73739 -1.18749 -0.76089 1.40267 0.03146 -0.37405 -0.72743 
1.94017 -2.80695 1.55393 -2.13625 -1.04422 -1.69855 0.31599 2.38379 0.22325 -2.26479 2.05203 -2.17158 0.76368 -0.01037 -0.34949 0.07300 -0.09516 -0.22794 -0.21520 0.15564 -0.92011 0.06103 0.90294 -0.05393 -0.44499 -1.11413 -0.15901 0.55919 0.93785 -0.49760 -0.30334 -0.18127 0.26847 -0.13307 -0.99350 -0.09208 0.22788 -0.17127 -1.33010 
1.88449 -2.91606 1.59444 -2.31685 -1.27266 -2.00577 0.14262 1.88027 -0.26070 -2.00822 1.91476 -2.62134 -0.80890 0.01296 0.19442 0.44252 -0.16031 -0.19467 -0.12461 0.28550 -0.07433 0.19886 0.33668 0.63992 -0.25230 -1.36726 0.02648 0.94154 -0.51546 0.08445 0.31501 0.07500 -0.86061 1.16721 0.50767 -1.26384 0.63399 1.02281 1.04131 
1.95313 -2.61253 1.99644 -2.29656 -1.23889 -1.82316 0.60149 2.30945 0.42211 -1.92811 2.69195 -2.42389 -0.60358 0.01611 0.59205 -0.44246 -0.01070 0.08708 -0.14021 -0.70497 0.24710 0.56870 -0.36090 0.58006 0.57782 -0.07281 -0.06495 0.19407 -1.71745 -0.06974 0.27092 -0.29673 -0.61983 -0.05462 -0.80110 -1.06163 -0.81637 1.11696 0.57649 
1.90060 -2.32401 1.15197 -2.32755 -1.18558 -2.14597 -0.56234 2.12737 0.30800 -2.36912 2.49482 -2.04351 -0.88172 -0.05199 0.38848 -1.27494 -0.23005 0.07625 -0.42134 -0.33433 -0.12896 -0.60224 -0.72495 -0.17645 0.86465 -0.79077 -0.01341 -0.82417 0.23691 0.09711 -0.33826 0.04728 1.97736 -0.38941 -1.31409 0.34901 -0.91579 -0.05105 0.13266 
1.90114 -2.22405 0.72150 -2.52661 -1.16264 -2.24450 0.26716 2.18050 -0.18013 -2.65305 2.51550 -1.55923 -1.39434 0.00270 -0.23212 -0.20555 0.08641 -0.25118 -0.09293 1.27239 -0.14231 -0.74539 -0.01189 -0.33573 0.52677 0.05984 0.10848 -0.47896 1.43348 0.75221 -0.09136 0.54041 1.23332 0.51827 1.18688 1.06310 -0.18940 -0.43481 1.59525 
1.90330 -2.55613 0.94642 -2.24114 -1.43676 -2.23890 0.71005 1.98507 -0.43739 -2.38101 2.15909 -1.51674 -0.82188 0.05648 -0.09048 0.15854 0.52216 -0.01511 0.11906 0.89899 0.38932 0.58464 0.33815 -0.36585 0.42984 0.80449 0.01712 0.27259 -0.31478 0.14181 0.06864 0.10551 -0.72163 -0.35965 1.16482 0.27829 -0.72142 -0.93871 0.36057 
1.95763 -2.31452 0.88004 -2.00445 -1.17774 -2.12544 1.16615 2.56982 0.40451 -2.31491 2.14965 -1.12939 -0.58985 0.01982 0.04047 -0.52034 0.22822 -0.18254 0.01258 0.55077 -0.50196 0.41943 0.26640 -1.05715 -0.41194 0.42041 -0.07597 0.36276 -0.84590 -0.47151 -0.41750 -0.38119 -0.39183 -1.07576 -1.03540 0.13021 -1.13675 -1.02111 -0.76611 
1.92313 -2.51567 0.42608 -2.01292 -1.61930 -2.22632 1.26082 1.48311 -0.01796 -2.11461 1.10194 -1.92868 -0.40146 -0.01948 0.27228 -0.68735 0.05065 -0.43261 -0.26213 0.50716 -0.68645 -0.45076 0.46836 -1.50260 -0.59126 0.03837 -0.04512 0.85933 -0.15884 -0.44880 0.09571 -0.08660 -0.17077 0.15132 -0.87579 -0.29506 0.53186 0.83899 -0.86844 
1.93814 -2.04224 0.19269 -1.95381 -1.61035 -2.38756 1.67331 1.88337 -0.04625 -1.84654 0.64705 -1.72065 -0.55148 -0.02529 0.89980 -0.67918 -0.22058 -0.08683 -0.07402 0.37999 -0.35064 -0.45636 -0.02867 -0.52530 0.42705 -0.44802 0.01929 0.73226 0.72126 -0.07267 0.59456 0.47193 0.06345 0.51063 0.30014 -0.76230 2.18708 1.46643 -0.73898 
1.89784 -1.61587 -0.25309 -2.23349 -1.70613 -2.30034 1.64081 1.13247 -0.47432 -2.14328 0.57664 -1.50162 -0.84949 -0.00019 1.00454 0.03391 -0.02202 0.16195 0.20981 0.57061 -0.17582 -0.15062 -0.29394 0.68448 0.87516 -0.70061 0.04549 -0.43949 0.62070 0.31316 0.29152 0.06184 -0.85826 0.52157 0.35179 -0.10944 0.59342 -0.34257 -0.42194 
1.93795 -1.03770 0.22660 -1.97583 -1.44840 -2.17776 2.24392 1.70755 -0.19687 -2.14048 1.33152 -0.84548 -1.25209 0.02019 0.46031 -0.05847 0.09258 0.20469 -0.01218 -0.47827 0.17093 -0.10457 -0.13810 0.06812 0.08448 -0.86997 -0.02503 -1.07922 -0.04675 -0.05336 -0.34823 -0.37310 -0.88718 -0.00149 -0.54355 0.09186 -0.68818 -1.45700 0.17050 
1.91803 -1.15556 -0.31157 -2.14091 -1.50144 -2.31252 1.16254 1.30340 -0.57890 -2.28138 0.64476 -1.41714 -1.71945 -0.02522 -0.07468 -0.01284 -0.07539 -0.18628 -0.16329 -0.31657 -0.17731 -0.69417 -0.20207 -0.00370 -0.58183 -0.53010 -0.02915 -0.60436 0.73976 0.30752 -0.21991 -0.04843 1.49351 0.03310 -0.13335 0.31810 0.27547 0.08948 2.03730 
1.91273 -1.11239 0.21376 -2.05121 -1.63467 -2.34105 1.92735 1.53024 -0.89103 -2.34255 1.32782 -1.42732 -1.78219 -0.00895 -0.14405 0.68129 0.40011 -0.01522 -0.06061 1.01524 0.20403 -0.23792 0.18000 0.34359 0.17397 1.16733 0.06899 -0.00917 0.09360 0.44413 0.37788 -0.08508 0.57060 0.52020 1.18391 0.28391 -1.22365 0.87791 2.08778 
1.90908 -1.29961 0.36973 -1.74081 -1.51666 -2.37313 2.17779 1.50743 -0.81682 -2.10139 0.98835 -1.24318 -0.55212 0.04377 -0.08385 0.08076 0.36874 0.19160 -0.24837 0.25403 0.34289 0.48974 0.08184 -1.22735 0.29608 1.55768 0.00471 0.14357 -0.71014 -0.36374 -0.11108 -0.23225 -1.63612 0.31922 0.15882 -0.69802 -2.05531 -0.75633 0.18876 
1.95650 -1.19624 0.29452 -1.68247 -1.44307 -2.58942 2.18138 1.87313 -0.40129 -2.26071 0.10047 -1.13124 -0.22451 -0.00425 -0.00049 -0.02885 0.03637 -0.12630 -0.29286 -0.62088 0.52325 -0.07910 -0.51802 -1.71172 -0.58236 1.35609 -0.07610 0.27933 0.57990 -0.27204 -0.19799 0.54142 -0.09478 -0.25415 -0.94789 -0.34154 0.48694 -0.09671 0.65244 
1.90483 -1.30010 0.34088 -1.70444 -1.64296 -2.66599 1.55691 2.03068 -0.89593 -2.61941 -0.72337 -1.82554 0.80397 -0.03233 0.19548 0.66067 0.09670 -0.00639 0.29305 0.15924 0.08874 -0.45815 -0.25970 -0.74041 0.19937 2.21012 -0.10725 0.36684 0.02511 -0.14144 0.36603 0.72316 0.78177 -0.82737 -0.49882 0.10792 2.06823 1.13563 -0.62243 
1.92416 -1.00076 0.95519 -1.58577 -1.44946 -2.29637 2.34063 1.96186 -0.85944 -2.52041 -0.63994 -0.93187 1.98561 -0.11149 0.36635 -0.00374 -0.10507 0.23973 0.43030 0.16089 -0.30413 -0.57793 -0.41010 0.35651 0.55326 0.73366 -0.15986 0.21208 -0.86722 -0.37057 0.02977 -0.27724 -0.53386 -0.35184 -0.08160 0.12194 0.54500 -0.55865 -1.96721 
1.79334 -0.93374 0.33714 -1.80951 -1.40324 -2.23569 1.71780 1.72655 -1.47385 -3.02951 -0.36686 -1.27228 1.53762 -0.19220 0.40756 -0.20656 -0.27387 0.02338 0.01581 -0.37461 -0.26311 -0.53974 -0.13776 -0.19541 -0.35928 0.24291 0.00922 -0.38421 0.10429 0.17136 -0.21251 -0.73305 -0.29925 0.40260 1.16896 1.06681 -1.37287 -0.95886 -0.54625 
1.73196 -0.59320 0.74863 -1.85965 -1.42608 -2.28056 1.96601 1.69875 -1.39918 -2.65817 -0.83535 -1.29115 2.22851 -0.10227 -0.01785 0.10055 0.06628 0.02722 -0.30276 -0.13836 0.09847 0.59103 0.65671 -1.01636 -0.40559 0.18741 0.17365 -0.11236 -0.28291 0.51315 0.33420 0.11520 -0.53650 -0.11943 1.72787 1.00707 0.26298 -0.09496 -1.36633 
1.69107 -0.95160 0.43769 -1.74323 -1.37602 -2.53845 1.57943 1.82502 -0.88282 -2.37280 -1.38322 -1.67787 1.72503 -0.01855 0.29520 -0.48947 0.23928 0.35758 0.13101 -0.91111 -0.38254 1.18813 0.86932 0.06757 -0.45424 -1.12343 0.08923 0.94504 0.31716 -0.26905 0.09286 0.86806 0.01713 -0.53412 0.09763 -0.18781 1.45315 -0.09202 -0.24197 
1.71342 -0.29801 0.25916 -1.62037 -1.06850 -2.14955 1.05490 1.31621 -0.21105 -1.78886 -0.76778 -1.74539 1.10508 -0.01305 0.92719 0.41772 -0.20277 0.12008 0.56531 -0.12124 -0.43565 0.68866 0.46890 0.43680 -0.49762 -0.05456 0.00892 0.03427 0.80209 -0.32019 -0.48382 0.01022 0.83666 -0.16001 -1.29463 -0.90163 -0.23276 0.14107 0.68718 
1.67802 -0.02441 0.85540 -1.94600 -1.25594 -1.97315 1.45820 1.38938 -0.19416 -1.90390 -0.94642 -2.17549 1.67047 -0.00963 0.32947 0.31262 -0.08091 -0.12624 0.14123 -0.07445 -0.54256 -0.10649 -0.03231 -0.16519 -0.31317 -0.43625 0.01483 -0.61675 -0.97161 0.67129 0.14556 -0.17634 1.33746 0.05620 -0.60132 -0.17063 -0.56321 0.66510 -0.72962 
1.70379 0.03146 0.57178 -1.70128 -1.19473 -2.00831 0.98045 0.77365 -0.31755 -1.82117 -0.93297 -2.05856 0.66884 0.00178 0.31044 -0.55389 0.46852 0.26564 0.38896 1.21622 -0.37944 0.08734 0.29827 -0.12641 0.16748 -0.78419 -0.24531 0.15555 -0.24482 0.45270 0.74697 0.81144 1.21792 0.07954 0.18673 0.50070 0.30468 0.28682 0.25650 
1.67980 0.28603 0.30151 -1.47748 -0.99030 -1.58418 2.67442 1.00994 -0.10682 -1.60564 -1.07284 -2.00800 0.88628 -0.25494 0.48502 0.06780 0.37178 0.62074 0.95268 1.14347 -0.46302 0.08024 0.46839 0.13949 -0.02635 -0.17974 -0.57220 -0.26663 0.40007 -0.09110 0.48119 0.22107 -2.12006 0.01452 0.71065 -0.03655 -0.46462 0.05058 0.10485 
1.44885 0.51648 0.63958 -1.32950 -0.57399 -1.05564 2.12392 0.31063 -0.23731 -1.35278 -0.79347 -2.08491 0.48909 -0.57042 0.04381 -0.15382 0.37742 0.74683 0.61004 -0.90384 -0.36492 0.79800 0.26172 -0.59104 0.21807 -0.67934 -0.32768 -1.40889 -0.88962 0.04559 -0.36328 -0.99004 -1.63726 0.82405 0.26774 -0.58090 -0.70162 1.01340 0.50687 
1.10939 0.32985 0.14769 -1.10006 -0.24347 -0.97414 1.77058 0.64501 0.69118 -1.34391 -1.66388 -1.78994 0.20694 -0.58262 -0.92387 -0.82183 0.41737 0.25746 -0.03736 -0.49379 0.36104 0.34798 -0.11251 -0.56212 0.98705 0.32712 0.33285 -1.74237 0.34794 -0.03434 -1.42581 -1.36159 0.39779 1.07365 -0.94563 -1.05757 0.71020 0.84818 2.01171 
0.86623 -0.40738 -0.18225 -0.91212 -0.31654 -1.09300 1.63013 0.67167 0.11067 -1.46529 -1.35559 -1.09786 0.81621 -0.23757 -1.69855 0.19412 0.34308 -0.67898 -0.75155 -0.50605 0.70873 -0.14763 -0.79585 0.11917 1.06624 1.33237 0.13279 0.32986 0.69860 -0.48873 -0.40120 0.43282 2.03341 1.02102 0.78624 0.25794 -0.19278 -1.28478 -0.40246 
0.87181 -1.36871 0.34181 -0.75697 -0.92245 -1.72569 1.26453 1.35375 0.54355 -2.13976 -1.54471 -0.72369 1.53931 -0.44983 -0.59401 -0.12323 -0.07136 -0.14374 0.39546 1.53962 1.38205 1.13422 0.14543 -0.75490 -0.29773 -0.07534 -0.34039 2.47251 -0.83331 -0.77627 1.01608 1.95279 2.26278 -0.72179 0.14986 2.65750 1.12889 -1.32158 -2.70698 
0.41639 -1.00139 -0.30548 -0.98348 -0.46028 -0.69754 3.16975 2.05373 1.24489 -1.31986 -2.11049 -1.39559 0.74087 -0.57796 0.77395 -0.63919 -0.43319 0.33710 1.20125 1.75673 -0.01306 0.00223 1.86165 1.24806 -0.25533 -1.37461 0.07456 1.02751 0.39520 0.30264 0.39358 -0.00493 -2.66303 -2.40301 -1.42150 1.23468 2.41592 0.52867 -1.09667 
0.29386 -0.59475 -0.29738 -1.19016 -0.58535 -0.52445 3.02126 1.34069 0.54578 -0.27810 -0.29665 -0.97902 0.16470 -0.37527 0.43350 0.27197 0.23129 0.24984 0.39054 -1.12342 -1.02096 -0.28729 1.38011 1.66102 0.23094 -1.17201 0.34108 -0.19037 1.05849 1.01918 0.12851 -0.93410 -3.79600 -1.04725 0.20781 -1.55921 -0.85042 0.61683 1.56534 
0.04112 -0.56789 -0.03350 -0.75219 -0.21044 -0.30700 2.04633 1.03277 0.95760 0.06025 -0.44947 -1.16465 -0.43113 -0.23688 0.58358 0.41930 0.58599 0.46561 0.26715 -2.03927 -1.06031 0.21004 0.30245 0.39764 0.36149 0.19073 -0.29073 -0.50444 1.96130 -1.57625 1.03535 -1.11695 1.83457 0.96704 -0.15408 -0.90653 -2.41127 0.93433 3.41092 
0.05697 -0.01117 0.12193 -0.60417 -0.11974 -0.25730 0.98199 0.28039 0.75581 0.02434 0.10099 -0.61753 0.35543 -0.66600 -0.07094 2.23328 -1.34496 1.28519 -0.72642 0.71116 -0.05392 -0.44137 0.47358 -0.75025 1.16527 2.23891 -0.35579 -1.24197 1.89980 -1.69900 0.57750 -1.22020 2.95903 1.66787 -1.03710 0.16479 -1.39885 -0.06688 2.02215 
-0.62488 -0.63884 2.19977 -2.09715 1.07475 -1.03341 2.75749 0.97885 0.51623 0.53383 -1.19972 0.00062 1.80778 -0.59268 -0.65839 2.31910 -1.11301 1.04311 -0.95306 0.91976 0.60756 -0.82707 0.46724 -1.00121 0.29461 2.21289 1.33141 0.75745 -3.46432 2.70426 -2.23069 1.02498 -2.40858 -0.99887 0.03442 -1.12954 0.53579 -2.25010 -4.85250 
-0.53570 -0.66956 2.44103 -1.71718 0.92336 -1.21036 1.90175 0.88794 -0.07125 0.49158 -0.90023 -0.32292 2.56831 0.66542 0.68650 -1.23105 1.35930 -0.94550 0.29856 -1.69743 -1.05279 -0.40695 -0.65596 -0.21445 -1.08483 -2.61359 1.02107 1.04974 -4.46679 2.42288 -1.92296 1.87263 -2.28443 -1.38054 1.57462 -1.09538 1.66273 -0.54154 -4.44561 
0.04054 0.04767 0.96872 -0.73785 0.12926 -0.73485 1.06006 -0.07394 0.10928 -0.12212 -1.41417 -1.08421 -0.80581 0.42839 0.39135 -2.14769 1.30987 -0.87985 0.91957 -1.36468 -0.77298 0.74756 -0.62814 0.66151 -0.24693 -2.23273 -0.70130 -0.90452 0.03417 -0.90306 0.81720 0.22684 0.69142 0.59232 0.64983 0.56158 1.40017 1.74334 4.68985 
-0.10731 -0.27821 0.29334 -0.40732 0.04351 -0.29079 0.53708 0.11496 0.67631 -0.13656 -0.23871 -0.56985 0.33559 -0.03588 -0.21801 -1.19688 0.45625 -0.12829 0.52540 -1.00601 -0.46047 0.24289 -0.09438 1.18571 0.65852 2.07626 -0.34671 -0.26981 2.52994 -0.97838 0.75969 -0.68546 1.17665 0.04322 -2.08040 0.43717 -1.08960 0.04001 2.35983 
0.00466 -0.17035 -0.22816 -0.28160 0.00097 -0.20946 0.05405 -0.53442 0.35217 -0.21650 -0.22846 -0.42569 1.27045 0.08168 0.12155 0.38225 0.33149 -0.12016 0.23411 -0.18802 -0.72976 -1.33284 -0.19097 -0.42809 -0.20692 0.12711 -0.03727 -0.19966 1.65874 -0.38057 0.21941 -0.27612 1.67951 0.57556 -0.16255 0.32867 -0.14492 -0.17507 -3.39549 
-0.02563 -0.15666 0.67560 -0.07583 -0.07665 -0.05668 0.34906 -0.61480 -0.65654 -0.32753 -0.66681 -0.77677 0.46269 -0.07314 -0.41767 0.46186 0.07568 0.09112 0.24928 0.67350 0.11509 0.08033 0.23429 1.04080 0.48345 -1.31923 -0.16656 -0.93752 -0.55598 -0.26031 0.33746 -0.70846 0.25463 0.35825 1.29323 0.20613 0.76875 -0.35970 -0.18887 
-0.06848 -0.58802 0.23371 -0.20592 0.09208 0.03982 0.72755 -0.41932 0.43250 0.01779 0.81234 0.05776 -0.04877 -0.08487 -0.81598 -0.17372 0.07118 0.21729 -0.47436 0.06661 -0.37151 -0.03961 0.01516 0.34066 -0.56663 -0.06176 0.14344 0.05234 -0.47708 -0.09884 -0.17734 -0.51136 0.74833 -0.24054 -1.07644 -0.30865 -0.51052 -0.95402 1.47622 
-0.11050 -0.97264 0.50187 -0.00465 0.14065 -0.53104 0.41567 -0.98631 -0.69615 -0.31236 -0.32615 -1.34339 0.40093 0.07030 -0.36534 -0.01522 -0.02316 -0.08622 -0.26208 1.42182 -0.12545 -0.99610 -0.07436 0.53028 -0.47057 0.15699 0.06393 0.22293 0.19374 0.03781 -0.04766 0.47476 0.58070 1.29154 0.38612 -0.49666 0.95460 1.43071 0.23646 
0.00182 -0.95336 0.21849 -0.22908 0.00586 -0.22226 2.14937 -0.54477 -0.56360 -0.05656 1.34261 -0.41281 0.10822 -0.02094 -0.59305 0.02001 0.10899 0.16964 0.00041 0.64731 0.92002 0.34651 -0.48150 1.29526 0.86408 0.17470 -0.14838 0.74810 0.67102 0.06070 -0.01660 -0.16606 -2.79826 0.26885 1.38124 -0.09324 -1.40530 0.76233 0.65408 
-0.13144 -1.56568 0.52189 0.10434 0.31028 -0.53063 1.06298 -0.06629 -0.34964 -0.79386 0.96911 -0.47931 0.57563 -0.07809 0.38276 0.65581 0.03755 -0.10283 -0.42815 -1.37643 0.14340 0.38514 -0.16760 -0.87502 0.29177 0.81107 0.06683 1.31926 -0.46850 -0.38591 -0.40426 0.40086 -1.14361 -0.38911 0.89564 1.00579 -2.51818 -0.95162 0.00529 
-0.07627 -0.57060 0.87430 -0.19154 -0.09697 -0.65041 0.77294 -0.40137 -0.17846 -0.22417 0.46759 -0.12104 0.91929 0.04589 0.72622 -0.44849 -0.27692 -0.23462 0.40126 -0.49630 0.53092 1.24214 0.52429 -1.22292 -0.08754 0.17998 0.07919 -0.64704 -1.39565 0.11908 0.35856 0.86878 1.28397 0.07380 -0.03837 0.25779 -0.34645 -0.54800 -0.41713 
-0.08555 -0.83946 0.07340 -0.17258 0.07566 -0.12937 0.56668 0.46463 0.89250 -0.26957 -0.25381 -0.56685 0.75561 0.00110 -0.26428 -0.73984 0.15663 0.25574 0.44063 -0.09246 0.21719 0.34677 0.09019 -1.22147 -0.25623 0.39394 -0.00077 -0.46353 -0.10578 0.35079 0.32747 -0.37685 0.33854 -0.70304 -2.00352 -0.58857 1.58378 0.29531 -0.67394 
-0.07516 -0.83488 0.13445 -0.03491 0.15877 -0.20978 0.68048 -0.18418 0.16830 -0.13397 -0.75388 -0.37728 1.31323 0.04511 0.26269 -0.55428 0.07387 0.09284 0.02441 -0.15776 -0.17213 -0.76138 -0.06427 0.36085 0.20778 -0.49396 0.01710 0.89266 1.19718 -0.25541 -0.28957 -0.49795 0.59319 -0.13579 -0.46164 -0.13155 1.71186 0.31896 -1.45964 
-0.04044 -0.57677 -0.48088 -0.09871 0.16851 -0.10496 0.40892 0.29250 0.13112 -0.33384 0.10704 -0.35907 0.26165 0.01821 0.62837 0.45734 -0.09878 -0.03383 -0.05732 0.50074 0.08141 -0.11487 -0.04135 0.49039 0.06273 -1.06570 -0.05923 -0.11895 0.83051 -0.11238 -0.05023 -0.01794 0.86733 -0.20877 0.43585 -0.09796 -0.58958 -0.31150 0.20482 
-0.05696 -0.20651 0.59179 -0.13369 0.12494 -0.26710 1.18122 -0.10277 0.05343 -0.17533 -0.26349 -0.31455 0.24753 -0.01412 0.14374 0.27623 -0.03851 0.04262 0.00646 0.70957 -0.38090 -0.32553 -0.16223 -0.22873 -0.10372 -0.28914 0.07257 -0.49100 -0.74725 0.03715 0.03926 0.28967 -1.42784 -0.27700 0.26736 0.03739 -0.48612 -0.10558 1.29606 
-0.05456 -0.43303 -0.20465 -0.13722 0.21112 -0.09850 1.11849 -0.08840 -0.19441 -0.49608 -0.12169 -0.46279 -0.02750 0.09078 0.13737 -0.28991 -0.06163 0.00543 0.23235 -0.92710 -0.19560 0.15249 -0.00397 0.00427 -0.04285 0.23036 0.05656 0.35566 0.16454 0.05149 -0.16179 0.03229 -1.69037 -0.05191 0.55324 0.42653 0.29049 0.43746 0.35875 
0.03382 -0.06914 0.30188 -0.19532 0.13036 -0.03475 0.25411 -0.29837 0.20592 -0.17930 -0.25922 -0.35740 0.47789 0.04244 0.49940 0.44077 0.01298 -0.11917 0.03875 -0.98081 -0.43281 0.22771 0.26429 0.06176 0.33374 0.06961 -0.14660 -0.24381 0.09446 0.19602 -0.10238 -0.24789 1.00457 0.31368 -0.57276 -0.03862 0.44238 0.01723 -0.66235 
-0.01212 0.06637 0.23612 -0.12424 0.09195 -0.05975 0.13768 -0.52121 0.03330 -0.23178 -0.05993 -0.12904 0.04212 -0.05583 -0.10644 -0.19546 0.13438 -0.09695 -0.01554 0.07747 0.11808 -0.42026 -0.04259 0.44665 -0.02563 -0.43199 -0.08582 -0.65805 -0.56191 0.04655 0.09394 -0.01766 0.80182 0.84108 0.11183 -0.30769 0.09366 -0.39312 0.53804 
-0.02201 -0.17558 0.10642 -0.06094 0.03341 -0.05029 0.33158 -0.18029 -0.21434 -0.22188 0.18742 -0.38303 0.04590 -0.04339 -0.15864 -0.12114 0.05954 -0.02523 0.02109 -0.17899 0.40827 0.33953 -0.04340 0.15542 -0.05938 0.60765 0.07610 0.20081 0.15979 -0.09381 0.13845 -0.03275 -0.43559 -0.05527 0.89897 0.18262 -0.73561 0.27175 0.91677 
-0.05551 -0.09227 0.11498 -0.06470 0.06672 -0.03866 -0.04130 -0.11294 0.37283 -0.27518 0.09549 -0.18842 0.64976 0.02028 0.09436 -0.03567 0.04058 0.04150 -0.04828 -0.35812 0.06281 0.47871 0.14003 -0.28896 0.24612 0.48478 0.11399 0.12969 0.10165 -0.08055 -0.00048 0.00259 0.63100 -0.45252 -0.57936 0.14746 -0.16103 0.14730 -0.64186 
-0.00173 -0.08122 0.07075 -0.02036 0.07491 -0.09857 -0.02654 -0.11748 0.26437 -0.08185 -0.10154 -0.13691 0.53067 0.07061 -0.02896 -0.01949 -0.02102 -0.02571 0.02368 0.45201 -0.04425 -0.23983 0.10406 -0.00562 0.08792 -0.03421 -0.05918 -0.04702 0.17384 -0.12362 -0.03223 0.06657 0.53849 -0.11524 -0.62305 -0.08168 0.22445 -0.16786 -0.79923 
0.01510 -0.12123 0.09549 -0.08572 0.04101 -0.01497 0.41071 -0.15719 0.13301 -0.17112 0.08987 -0.10050 0.61555 -0.03890 0.04734 0.13816 -0.08304 0.00927 0.01828 0.18037 -0.05243 -0.14434 0.05835 -0.06451 0.07826 -0.31446 -0.06694 0.04599 0.14884 0.01444 0.07681 -0.13137 -0.64373 -0.16179 0.11745 -0.25130 -0.30756 -0.49880 -0.76059 
-0.04063 -0.03387 0.20891 -0.10340 0.08418 -0.08029 0.15382 -0.16991 0.12002 -0.02350 -0.16606 -0.05865 0.21622 0.00367 0.01703 0.12935 -0.00658 0.05109 -0.10768 -0.19172 -0.20604 -0.12238 -0.14724 -0.31318 -0.41088 -0.79481 0.08722 -0.07316 -0.18096 0.15478 -0.08413 0.04230 -0.24948 0.02534 0.16098 -0.08816 0.16544 -0.11198 0.41187 
