0.02060 -0.02593 0.04817 -0.03229 0.07222 -0.03723 0.09368 -0.07835 0.09068 -0.09747 0.06515 -0.05142 0.11472 -0.96107 -0.71273 1.79531 -0.43168 0.00149 -0.62249 2.60805 -0.89369 0.81757 -0.85335 -0.30855 0.67112 -0.50334 -0.78701 -1.63453 2.69466 -0.62314 0.86898 -0.82432 3.53757 -1.88323 0.95445 -0.52637 0.53742 0.40070 -0.37396 
-0.91683 -0.76581 1.85911 -0.49811 0.16819 -0.66469 2.73154 -0.95154 0.95288 -1.04433 -0.22809 0.59422 -0.20150 -1.09459 -1.22194 2.28307 -0.30352 0.48215 -0.72495 2.88351 -1.95479 0.38907 -0.79781 -0.13964 0.16966 -1.23159 1.86662 1.43880 -3.69051 0.80906 -0.03507 1.25605 -5.00011 1.81622 -1.90114 1.65272 0.53504 -1.24147 0.95520 
-1.07399 -1.24786 2.33124 -0.33581 0.55437 -0.76218 2.97720 -2.03314 0.47975 -0.89528 -0.07449 0.11824 -1.11687 0.90556 0.72606 -1.89519 0.37738 -0.03358 0.63356 -2.39206 0.92253 -1.08357 0.79937 0.22650 -0.57035 0.45185 2.21001 2.42722 -4.52991 0.57621 -0.90131 1.43795 -5.69593 3.84945 -0.75045 1.53778 0.30104 -0.37799 2.51680 
-0.01127 -0.03974 -0.03608 -0.12074 0.13461 -0.03113 0.33948 -0.02900 -0.13069 -0.24496 -0.00160 0.02387 0.25035 1.11542 1.20528 -2.24684 0.27269 -0.41916 0.71300 -2.81241 1.89466 -0.36138 0.73996 0.16139 -0.20833 1.28521 -0.86822 -0.71045 1.98204 -0.29621 -0.02818 -0.63619 2.14780 -0.97329 1.29450 -0.64127 -0.16181 0.49867 -0.59535 
0.04142 -0.04258 0.08441 -0.06312 0.13521 -0.04918 0.16478 -0.13848 0.11837 -0.15531 0.08690 -0.09009 0.16834 0.03733 0.01561 0.08685 0.08117 -0.06176 -0.00264 -0.24425 -0.05075 0.21093 0.15810 0.06468 -0.07168 -0.14350 -1.11658 -1.20178 2.24917 -0.28102 0.40025 -0.71976 2.81311 -1.89737 0.36652 -0.72247 -0.14676 0.21994 -1.28476 
0.02606 -0.02413 0.05076 -0.03957 0.07285 -0.03377 0.09523 -0.07976 0.08024 -0.08686 0.06308 -0.04781 0.10685 -0.00117 0.00350 0.00233 -0.00833 -0.01891 -0.00676 0.00069 -0.00271 0.00514 0.01750 0.01463 0.01160 0.00046 -0.03829 -0.01544 -0.08527 -0.08372 0.06769 0.00009 0.24870 0.05049 -0.21433 -0.15141 -0.07042 0.07552 0.13821 
0.04025 -0.03908 0.08674 -0.07145 0.11630 -0.05593 0.16547 -0.14119 0.12351 -0.13781 0.10154 -0.07848 0.16880 -0.00096 0.00017 0.00158 -0.00255 0.00593 -0.00254 0.00444 -0.00027 -0.00340 0.00669 -0.00574 0.00385 -0.00529 -0.01319 0.01127 -0.03701 0.03861 -0.02114 0.02754 -0.06865 0.06419 -0.05050 0.03744 -0.05655 0.02152 -0.06631 
0.02511 -0.02396 0.05234 -0.04212 0.07878 -0.03631 0.09967 -0.08002 0.07685 -0.08017 0.05735 -0.04396 0.10156 -0.01436 0.01477 -0.03468 0.03028 -0.04004 0.02078 -0.06796 0.06148 -0.04536 0.05494 -0.04192 0.03312 -0.06585 -0.00093 -0.00169 0.00263 0.00444 -0.01890 0.00760 -0.00313 -0.01071 0.01161 -0.00501 0.00213 -0.00611 0.02341 
0.02590 -0.02432 0.05206 -0.04117 0.07625 -0.03515 0.09751 -0.07971 0.07815 -0.08287 0.05962 -0.04536 0.10295 -0.00189 -0.00152 0.00421 0.00189 -0.01297 0.00506 0.00131 -0.01098 0.00821 0.00168 -0.00361 -0.00226 0.01812 0.00553 -0.01583 0.03001 -0.04293 0.06560 -0.02399 0.08804 -0.05987 0.03754 -0.05623 0.01271 -0.01791 0.09408 
0.02322 -0.02548 0.05655 -0.04022 0.06581 -0.03125 0.10099 -0.09100 0.08506 -0.07849 0.05374 -0.04622 0.11968 -0.00882 -0.00106 -0.00467 -0.01264 0.02556 -0.00321 0.02008 0.00161 -0.00782 -0.00129 -0.02921 0.01521 0.02822 0.00457 0.00269 -0.00869 -0.00284 0.02341 -0.00897 -0.00478 0.02226 -0.01512 -0.00607 0.00949 0.00312 -0.03485 
0.01707 -0.02537 0.04739 -0.05381 0.10181 -0.03836 0.11760 -0.07810 0.07032 -0.08416 0.03041 -0.03016 0.13117 0.00268 0.00117 -0.00449 -0.00094 0.01044 -0.00391 -0.00347 0.01129 -0.00691 -0.00439 0.00588 0.00086 -0.01674 0.01562 0.00274 0.00080 0.01416 -0.03576 0.00635 -0.01327 -0.00154 -0.00387 -0.00028 0.04329 -0.01901 -0.03988 
0.02590 -0.02432 0.05206 -0.04117 0.07625 -0.03515 0.09751 -0.07971 0.07815 -0.08287 0.05962 -0.04536 0.10295 0.00680 0.00168 -0.00387 0.00151 -0.01021 0.00315 0.00682 0.00007 -0.01170 -0.00156 0.01408 -0.00380 -0.01166 0.01660 -0.01663 0.03636 -0.02909 0.03557 -0.01968 0.06993 -0.06413 0.04409 -0.04845 0.03710 -0.03229 0.06939 
0.02387 -0.02370 0.04352 -0.05230 0.09160 -0.03521 0.12442 -0.07804 0.05863 -0.08572 0.04449 -0.03396 0.11951 0.01928 -0.01547 0.03187 -0.03004 0.04602 -0.02358 0.06646 -0.05284 0.03718 -0.05284 0.04299 -0.03143 0.05266 -0.00774 -0.00070 0.01222 0.00744 0.00149 -0.00628 -0.02742 -0.00302 0.02816 0.01115 -0.00451 -0.00448 -0.00650 
0.04518 -0.03978 0.08393 -0.07120 0.12227 -0.05874 0.16397 -0.13255 0.11533 -0.13571 0.10261 -0.07680 0.15560 -0.00095 0.00098 0.00836 0.00896 -0.00872 -0.00314 -0.02061 -0.00295 0.01646 0.00959 0.00956 -0.00828 -0.01816 -0.04137 0.02821 -0.06321 0.06330 -0.08984 0.04632 -0.14276 0.10652 -0.06175 0.10238 -0.09296 0.05996 -0.08304 
0.02292 -0.02272 0.05188 -0.04334 0.08288 -0.03835 0.10381 -0.08099 0.07509 -0.07614 0.05406 -0.04224 0.10135 -0.02209 0.01274 -0.03134 0.03326 -0.04382 0.02274 -0.07631 0.05368 -0.02457 0.04954 -0.04997 0.02853 -0.03039 0.00472 -0.00294 -0.00847 -0.00582 -0.00048 0.00751 0.01211 0.00454 -0.01207 -0.01908 -0.00168 0.00373 0.02115 
0.02309 -0.02704 0.05259 -0.03795 0.07845 -0.03600 0.08766 -0.07887 0.09076 -0.08617 0.05264 -0.04827 0.12522 0.00378 -0.00196 -0.00011 0.00314 -0.00920 0.00437 -0.00849 0.00159 0.00439 -0.00949 0.00788 -0.00455 0.00300 0.04245 -0.02749 0.06300 -0.06337 0.08537 -0.04422 0.14394 -0.10916 0.06328 -0.10811 0.09839 -0.05943 0.07465 
0.02670 -0.02468 0.05177 -0.04020 0.07368 -0.03398 0.09532 -0.07940 0.07948 -0.08563 0.06194 -0.04679 0.10435 0.02036 -0.01475 0.03166 -0.03011 0.04154 -0.02148 0.06763 -0.05548 0.03871 -0.05857 0.04842 -0.03091 0.04426 -0.00378 0.00196 0.00011 -0.00314 0.00920 -0.00437 0.00849 -0.00159 -0.00439 0.00949 -0.00788 0.00455 -0.00300 
0.04345 -0.04179 0.08425 -0.06806 0.11999 -0.05748 0.15530 -0.13434 0.12947 -0.14474 0.10106 -0.07917 0.16948 0.00000 0.00000 0.00000 0.00000 0.00000 0.00000 0.00000 0.00000 0.00000 0.00000 0.00000 0.00000 0.00000 -0.04205 0.03402 -0.06271 0.05338 -0.07741 0.04127 -0.12387 0.11310 -0.09529 0.12605 -0.09272 0.06576 -0.11080 
0.02670 -0.02468 0.05177 -0.04020 0.07368 -0.03398 0.09532 -0.07940 0.07948 -0.08563 0.06194 -0.04679 0.10435 -0.02169 0.01927 -0.03105 0.02327 -0.03586 0.01979 -0.05624 0.05763 -0.05658 0.06748 -0.04430 0.03485 -0.06654 0.01708 -0.01763 0.03364 -0.02681 0.03848 -0.01984 0.06274 -0.06854 0.06003 -0.05254 0.02825 -0.03168 0.08762 
0.02177 -0.02252 0.05320 -0.04479 0.08413 -0.03768 0.09906 -0.07672 0.07289 -0.07726 0.05676 -0.04432 0.10294 0.01708 -0.01763 0.03364 -0.02681 0.03848 -0.01984 0.06274 -0.06854 0.06003 -0.05254 0.02825 -0.03168 0.08762 0.02662 -0.02143 0.02962 -0.01868 0.02541 -0.01609 0.05250 -0.06031 0.06317 -0.07585 0.04948 -0.03732 0.06795 
0.04378 -0.04231 0.08541 -0.06701 0.11216 -0.05382 0.15806 -0.14794 0.13951 -0.13817 0.09019 -0.07847 0.19197 0.00493 -0.00216 -0.00143 0.00459 -0.01045 0.00371 -0.00374 -0.00269 0.00659 -0.00837 0.00518 -0.00247 0.00141 -0.03415 0.03526 -0.06727 0.05363 -0.07696 0.03968 -0.12549 0.13707 -0.12006 0.10508 -0.05649 0.06336 -0.17525 
0.02670 -0.02468 0.05177 -0.04020 0.07368 -0.03398 0.09532 -0.07940 0.07948 -0.08563 0.06194 -0.04679 0.10435 -0.01708 0.01763 -0.03364 0.02681 -0.03848 0.01984 -0.06274 0.06854 -0.06003 0.05254 -0.02825 0.03168 -0.08762 -0.00493 0.00216 0.00143 -0.00459 0.01045 -0.00371 0.00374 0.00269 -0.00659 0.00837 -0.00518 0.00247 -0.00141 
0.02670 -0.02468 0.05177 -0.04020 0.07368 -0.03398 0.09532 -0.07940 0.07948 -0.08563 0.06194 -0.04679 0.10435 0.00000 0.00000 0.00000 0.00000 0.00000 0.00000 0.00000 0.00000 0.00000 0.00000 0.00000 0.00000 0.00000 0.01730 -0.02262 0.02773 -0.01790 0.04781 -0.02473 0.04298 -0.05848 0.07676 -0.05634 0.01298 -0.03190 0.11264 
0.02670 -0.02468 0.05177 -0.04020 0.07368 -0.03398 0.09532 -0.07940 0.07948 -0.08563 0.06194 -0.04679 0.10435 0.00022 -0.00499 -0.00590 0.00891 0.00933 -0.00490 -0.01976 0.01006 0.01673 -0.00380 -0.01527 -0.00022 0.02501 0.01675 -0.01711 0.03248 -0.02786 0.04631 -0.02350 0.05998 -0.05494 0.04999 -0.05911 0.03912 -0.03238 0.06513 
0.02692 -0.02966 0.04587 -0.03129 0.08301 -0.03887 0.07556 -0.06934 0.09620 -0.08943 0.04667 -0.04701 0.12936 0.01675 -0.01711 0.03248 -0.02786 0.04631 -0.02350 0.05998 -0.05494 0.04999 -0.05911 0.03912 -0.03238 0.06513 -0.00044 0.00997 0.01181 -0.01782 -0.01866 0.00979 0.03952 -0.02012 -0.03345 0.00761 0.03054 0.00043 -0.05003 
0.04345 -0.04179 0.08425 -0.06806 0.11999 -0.05748 0.15530 -0.13434 0.12947 -0.14474 0.10106 -0.07917 0.16948 -0.00022 0.00499 0.00590 -0.00891 -0.00933 0.00490 0.01976 -0.01006 -0.01673 0.00380 0.01527 0.00022 -0.02501 -0.03431 0.03459 -0.06468 0.05475 -0.09005 0.04582 -0.11776 0.10957 -0.10132 0.12098 -0.08055 0.06619 -0.13167 
0.02670 -0.02468 0.05177 -0.04020 0.07368 -0.03398 0.09532 -0.07940 0.07948 -0.08563 0.06194 -0.04679 0.10435 -0.01756 0.01748 -0.03220 0.02689 -0.04374 0.02232 -0.05778 0.05463 -0.05132 0.06187 -0.04144 0.03381 -0.06653 0.18768 -2.30193 -2.07859 1.19180 3.87345 -0.78608 -2.89004 0.54726 0.67787 -0.53588 1.71608 0.33332 0.92543 
0.02590 -0.02432 0.05206 -0.04117 0.07625 -0.03515 0.09751 -0.07971 0.07815 -0.08287 0.05962 -0.04536 0.10295 0.18746 -2.29695 -2.07268 1.18289 3.86412 -0.78119 -2.87028 0.53720 0.66115 -0.53207 1.73135 0.33354 0.90041 0.56000 -2.14492 -1.75858 0.93418 3.15734 -0.97816 -2.55820 -0.49325 1.46736 -0.08764 1.52331 0.33337 0.33287 
0.21417 -2.32163 -2.02091 1.14269 3.93780 -0.81516 -2.77496 0.45780 0.74062 -0.61770 1.79329 0.28675 1.00476 0.54245 -2.12744 -1.79077 0.96107 3.11360 -0.95583 -2.61599 -0.43862 1.41604 -0.02577 1.48187 0.36718 0.26633 -0.55598 3.66453 2.61101 -2.68252 -5.53774 0.55767 5.70836 -2.91071 0.07541 0.67445 -3.05743 -0.47908 -3.18752 
0.56834 -2.15176 -1.73871 0.91990 3.18985 -0.99099 -2.51847 -0.51833 1.49419 -0.10864 1.54150 0.32182 0.36928 -0.36851 1.36758 0.53832 -1.49963 -1.67363 -0.22352 2.83808 -2.37350 0.73656 0.14237 -1.32608 -0.14554 -2.28711 -1.36636 3.97307 2.98055 -2.03632 -4.33138 1.44628 5.32768 -0.01706 -1.65460 0.36040 -2.48650 -0.65114 -0.82819 
-0.15435 -0.95405 -1.48259 -0.35694 2.26417 -1.03868 0.06312 -1.91570 1.47718 -0.47533 0.46721 0.14120 -1.28235 -0.82392 1.84563 1.18978 -1.07525 -1.21778 0.49045 2.71169 -0.45568 -0.23857 0.33463 -1.00462 -0.28395 -0.56185 0.54740 -0.43844 0.99861 1.81587 -0.51957 1.22903 -2.80193 4.20378 -2.13209 0.25231 0.91550 -0.04145 3.68086 
-0.25558 -0.30613 -0.54894 -0.15534 1.97207 -0.50054 0.19322 -0.97401 1.25562 0.22599 0.53687 0.03787 -0.19258 0.17889 0.92914 1.53693 0.31624 -2.19320 1.00551 0.03615 1.83028 -1.39554 0.39468 -0.41058 -0.18699 1.39375 1.10539 -1.56381 -0.58878 1.18942 -0.67803 -0.02506 -2.80739 1.34998 -0.93891 -0.64350 0.52737 0.20072 0.85738 
0.02454 -0.02491 0.05434 -0.04070 0.07097 -0.03318 0.09927 -0.08543 0.08165 -0.08065 0.05663 -0.04578 0.11140 0.28147 0.28181 0.60099 0.11418 -1.89581 0.46539 -0.09570 0.89430 -1.17747 -0.30887 -0.47725 -0.08323 0.29552 2.65191 -3.63306 -3.58087 0.27810 3.10700 -2.51642 0.98028 -2.70810 1.54214 -0.50734 1.26556 -0.61430 -1.26785 
0.02590 -0.02432 0.05206 -0.04117 0.07625 -0.03515 0.09751 -0.07971 0.07815 -0.08287 0.05962 -0.04536 0.10295 2.83080 -2.70392 -2.04394 0.59434 0.91381 -1.51091 1.01642 -0.87782 0.14661 -0.11266 0.85498 -0.80129 0.12590 2.16813 -2.96169 -2.18001 -0.08667 1.20976 -1.92120 2.05662 -3.49392 1.43985 -1.93800 1.07411 -1.54362 -2.52713 
2.85535 -2.72883 -1.98960 0.55365 0.98478 -1.54409 1.11569 -0.96325 0.22825 -0.19330 0.91161 -0.84707 0.23730 2.44961 -2.67987 -1.57901 0.02751 -0.68605 -1.45581 1.96091 -2.59962 0.26238 -2.24686 0.59686 -1.62685 -2.23161 -2.54553 2.92642 1.79944 -0.85503 -2.54943 0.94865 0.50752 -0.44185 -1.85130 0.90722 -3.88526 1.08081 -1.62255 
2.47550 -2.70419 -1.52695 -0.01366 -0.60980 -1.49097 2.05843 -2.67933 0.34052 -2.32973 0.65648 -1.67222 -2.12866 0.28528 0.22250 -0.24450 -0.26069 -1.63563 -0.56226 1.52394 -1.31967 -1.70469 0.79456 -3.03028 0.27952 -1.49665 -2.06790 2.93967 0.74139 0.17587 1.09891 0.16654 -1.95109 2.33245 -2.50364 5.65021 -3.80832 2.54784 1.92601 
3.14062 -2.50633 -2.23409 0.29296 -0.65085 -2.10635 2.63963 -2.28292 -1.47644 0.60125 -2.11867 -0.56755 -1.25935 0.38170 0.25979 -0.83762 0.20339 0.41285 -1.28927 0.00982 -0.26717 -2.24126 3.40335 -3.21146 0.92099 -0.30560 -0.37748 0.37656 0.91477 0.38077 3.43210 0.19731 -0.67085 1.91356 2.09800 0.37289 2.97129 0.04184 1.43811 
2.85721 -2.44439 -2.36457 0.18973 -0.19695 -2.78023 2.06825 -2.94649 -1.90074 1.07362 -2.55497 -0.75123 -2.43426 -0.09220 0.59906 0.67027 0.12009 1.79648 -0.36496 0.85310 0.59389 0.39331 1.16745 -0.05899 0.32136 -0.05854 -0.74603 0.06792 1.40460 -0.63351 0.18322 1.55612 0.44237 1.19638 2.36968 -3.78192 3.84408 -1.12476 1.12356 
3.04842 -1.90728 -1.56382 0.41305 1.14563 -2.47131 3.49273 -1.68902 -1.08312 1.76870 -2.17765 -0.24620 -1.31790 -0.36432 0.32772 0.56698 -0.43013 0.59608 0.26685 0.45219 0.92922 0.12842 -0.37857 0.63262 -0.20377 0.81796 -0.62535 -0.75152 -0.31783 -1.06665 -2.50581 0.59325 -2.13534 -0.28272 -0.14742 -4.57608 2.18018 -1.80808 -0.95183 
2.49288 -2.11667 -1.79759 -0.24040 0.39913 -2.51338 2.52044 -2.01728 -1.77232 0.69505 -1.92235 -0.95500 -1.61629 -0.71755 -0.15246 0.35244 -0.94657 -0.70933 0.22829 -1.28225 0.31117 0.24589 -3.40864 2.12120 -1.48672 -1.01037 -0.04029 0.09254 0.25195 0.06122 -0.37571 0.49115 -0.94498 -0.37833 1.67201 -2.87405 1.69260 -0.37032 -0.45371 
2.33087 -2.05974 -1.21138 -0.53352 0.43630 -2.24302 2.21048 -1.37785 -0.83723 -1.63994 -0.05646 -1.73292 -2.32827 -0.40461 0.42026 0.81894 -0.36891 0.22037 0.75800 -0.49279 0.55089 1.80043 -3.25262 2.32522 -0.57410 0.36425 0.09655 0.08923 -0.02283 0.09994 1.43355 -0.05591 -0.51934 -0.00337 -1.32545 3.02880 -2.08496 1.34299 1.98467 
2.08827 -1.69641 -0.97865 -0.60930 0.61949 -1.75538 2.02765 -1.46639 0.02810 -2.55757 0.40286 -1.52910 -1.25205 -0.62101 -0.06323 0.32961 -0.84662 0.72421 0.17238 -1.80159 0.30780 -1.07956 -0.37984 0.03624 -0.14373 0.97430 -0.03609 -0.79940 -0.48825 -0.46193 0.85780 -1.09485 -1.18487 -0.17566 -2.99062 3.42842 -2.64963 0.03257 -0.49282 
1.70986 -2.12297 -0.88177 -1.38014 1.16051 -2.07064 0.40889 -1.07005 -1.91679 -2.01978 -0.02022 -1.87665 -1.35396 -0.44070 -0.37914 0.33069 -0.83084 1.07816 -0.33685 -1.67766 0.37522 -1.19020 0.17580 -0.32441 -0.54152 -0.12858 0.58145 0.27262 0.56882 1.11158 0.81884 0.04628 2.47200 -0.05706 1.68192 0.38582 0.83747 0.26846 0.11925 
1.64757 -2.07556 -0.64796 -1.44014 1.69766 -2.09223 0.35000 -1.09116 -1.16209 -2.38176 0.07846 -2.07062 -1.38062 -0.03955 0.20939 0.89843 0.26495 1.54305 0.21866 0.67041 0.25074 0.60236 0.00598 0.87371 0.12474 1.09356 0.67117 0.61602 0.10329 1.25034 -0.60838 0.60939 2.90782 0.01753 1.12779 0.53581 1.03199 0.73045 1.13533 
1.67031 -1.91358 0.01666 -1.11519 2.70356 -1.85198 1.07930 -0.81930 -1.31443 -2.01380 0.85349 -1.75191 -0.26040 0.23047 0.23688 0.43397 0.41950 0.46978 0.27254 1.23016 0.39275 -0.06240 0.71162 0.70758 0.18892 1.00675 -0.18335 -0.29598 -1.55160 -0.48917 -2.83832 -0.45135 -1.03025 -0.61332 -0.56420 -0.59351 -0.89070 -0.98173 -1.49521 
1.87804 -1.83868 -0.21399 -1.02065 2.16744 -1.81969 1.58016 -0.69841 -1.22449 -1.67015 0.78604 -1.88170 -0.37387 -0.22291 -0.08659 -0.65317 -0.22422 -1.29526 -0.23269 -0.35984 -0.36258 0.03816 -0.58752 -0.01699 -0.85699 -0.40165 -0.28073 -0.39487 -0.77918 -0.59422 -0.28221 -0.71116 -1.53389 -0.20457 -0.73443 -0.48174 -0.52967 -0.66078 -1.25233 
1.44740 -2.00017 -0.63651 -1.33942 1.40830 -2.08467 0.71947 -1.18188 -1.27627 -2.60132 0.83649 -2.60890 -0.66206 -0.05026 -0.15799 -0.34520 -0.17472 0.18757 -0.43862 -0.30373 0.18818 -0.79683 0.22988 0.17792 -0.47186 -0.24558 0.38573 0.10268 0.60679 0.66719 1.48053 0.47086 0.32473 0.11115 -0.08255 0.83011 0.39164 0.99723 1.13886 
1.82777 -1.99668 -0.55919 -1.19537 2.35501 -2.25831 1.27643 -0.51023 -2.02133 -1.44027 0.96396 -2.35355 -0.61945 0.16282 0.01609 -0.04638 0.44297 0.18526 0.23817 -0.03510 -0.25142 -0.04439 0.24258 0.37464 0.14023 0.73721 -0.29948 0.27724 0.38202 0.24165 -0.41445 0.63005 -0.14372 -1.26617 0.72281 -0.81914 -0.19897 0.51244 1.01091 
1.61022 -1.98408 -0.68289 -0.89645 1.59356 -1.84649 0.68436 -1.43330 -1.32066 -2.35874 1.21114 -2.46867 0.07515 -0.34975 0.11925 0.03681 0.06693 -0.22689 0.19143 -0.44744 -1.07799 -0.07402 -0.58926 -0.02105 0.04059 0.76534 -0.97168 0.29994 -0.36008 -0.48088 -1.26167 -0.44657 1.16147 -1.17671 0.83706 -0.27317 -1.11811 -0.24753 1.08048 
1.47803 -1.87743 -0.52238 -1.12844 2.12812 -2.06688 0.82899 -1.58822 -2.09535 -2.02953 0.94291 -2.31297 0.14589 -0.80887 0.31604 -0.40646 -0.03792 -1.07641 -0.20840 1.12637 -1.42814 0.79267 -0.03059 -0.74347 -0.10730 1.81768 -0.26183 0.23910 -0.27714 0.07576 -1.25029 0.03266 1.38024 0.20445 2.35329 0.09847 -0.10948 -0.25274 0.92200 
0.80135 -1.66804 -1.08935 -0.93437 0.51716 -2.05489 1.81074 -2.86144 -0.52799 -2.38933 0.46767 -2.57597 1.89283 -0.61157 0.35835 -0.24033 0.14269 -1.47717 0.22409 0.93280 -0.87354 2.27927 -0.49080 -0.13053 -0.21215 1.68733 1.52585 -0.61041 0.95591 -0.12754 2.23602 0.12173 -2.54541 2.97735 -1.74071 0.22771 1.05091 0.38866 -3.39473 
0.86646 -1.51908 -0.76271 -0.98575 0.65095 -1.84279 1.76178 -2.46176 0.18392 -2.52033 0.81238 -2.52512 1.83322 0.71699 -0.29437 0.54945 -0.16545 1.15961 -0.08667 -1.41904 1.54922 -0.94804 0.19712 0.30744 0.28136 -1.57705 1.52957 -0.60139 0.50845 -0.30768 2.64746 -0.73001 -1.74061 2.53049 -3.56574 1.42368 0.00372 0.53887 -3.92533 
1.51834 -1.96241 -0.53990 -1.09982 1.67677 -2.14156 0.39169 -1.31223 -1.47604 -2.19221 0.77511 -2.29461 0.31578 0.91800 -0.24304 0.26812 -0.16499 1.17029 -0.50592 -0.80781 1.65695 -1.28647 0.93289 -0.12680 0.32672 -2.23800 -0.41351 0.43020 -0.65256 -0.02160 -1.57937 -0.40194 1.71446 -1.07725 0.53013 0.01193 -0.09832 -0.32733 -0.17375 
1.78446 -1.76211 -0.49459 -1.15074 1.82124 -2.34871 0.95398 -0.80481 -1.10255 -1.58745 0.68558 -2.19840 -0.40478 0.30348 0.13583 -0.10311 -0.18705 -0.41976 -0.48861 0.29542 0.47197 -0.41791 0.20905 0.20912 -0.04597 -1.75081 -1.47513 0.09765 -0.70226 0.20371 -2.56824 0.31305 0.00066 -3.31474 1.30184 -2.59147 1.00493 -1.01379 2.23227 
1.82182 -1.82658 -0.64301 -1.28686 1.25701 -2.63017 0.68711 -0.84026 -1.89395 -1.98317 0.98423 -2.34058 -1.43502 -0.55712 -0.14539 -0.43414 0.03872 -1.39795 -0.19287 -0.80714 -1.65779 0.01538 -1.65858 0.87813 -0.68707 -0.00573 -0.54257 0.06984 0.53005 0.66988 0.51782 0.73548 -0.43700 -1.06049 1.76809 -0.44277 0.51520 -0.16045 3.77368 
1.22733 -1.90750 -0.92872 -1.11203 0.42329 -2.54158 0.14683 -2.46259 -1.08717 -3.24602 1.56371 -2.88547 -0.41050 -0.23909 0.20567 0.42695 0.48283 0.09806 0.24687 -0.14158 -0.58852 1.35018 -0.23372 0.72432 -0.20643 2.02287 1.12659 0.17639 0.82320 0.27806 1.54145 0.45926 -0.19037 2.45469 -0.28567 3.24901 -1.07543 0.66463 1.61188 
1.58273 -1.62091 -0.21606 -0.80404 1.35507 -2.38330 0.54552 -1.42878 -0.54377 -2.21688 1.70855 -2.54700 0.58785 0.56946 0.03101 0.38907 0.31678 0.14350 0.26639 -0.99752 0.79690 -0.27030 1.59043 -0.19730 -0.02245 1.60616 0.57635 -0.70494 -1.01964 -0.22883 -2.04623 -0.32429 -1.38853 -0.04031 -2.38087 0.83655 -1.59416 -0.42406 -1.47743 
1.79679 -1.87649 -0.53965 -0.79525 0.56679 -2.27519 -0.85069 -1.66570 -1.35747 -1.65559 1.36641 -2.90792 1.19566 0.33726 -0.49927 -0.59270 0.25400 -1.94816 -0.07742 -1.53012 -0.62883 -1.03069 0.60283 -0.86983 -0.63048 0.54545 -0.59199 -0.26630 -0.07651 -0.61161 -0.30507 -0.56893 1.33044 -1.17285 0.19953 -1.52603 -0.65571 0.68493 -3.86302 
1.91999 -2.12019 -0.80876 -0.55003 -0.59309 -2.46072 -0.98459 -2.05760 -1.57446 -1.61405 0.83872 -3.17749 1.13330 -0.02252 -0.23530 0.31255 -0.29483 -0.16157 -0.30254 0.33292 -0.37595 -0.07077 0.06441 -0.85300 0.66248 -2.25686 -0.27277 0.75949 1.89750 -0.35500 3.60898 0.66103 2.47824 1.18622 2.47728 -0.33940 1.28331 1.84635 -2.02826 
1.77427 -2.11179 -0.22710 -1.09008 0.40522 -2.57773 -0.51776 -2.04164 -1.42823 -1.59119 0.51341 -2.24544 -1.06121 0.06448 0.26022 1.30481 -0.10100 1.66082 0.58362 0.94812 0.55739 1.44659 0.26343 0.41347 1.21587 -1.48281 -0.47325 0.34476 -0.54348 0.36383 -0.22663 0.57101 -0.42604 -0.10581 0.89497 -1.86728 1.92602 -1.53571 3.82440 
1.98447 -1.85997 0.49605 -0.65103 1.06772 -1.87711 -0.03647 -1.50021 -0.12787 -1.35063 1.25219 -1.96162 -0.34951 -0.49578 0.10946 -0.23093 0.06900 -0.38820 0.26847 -0.09312 -0.48176 0.82420 -1.80287 1.07302 -0.87323 1.56754 -0.35998 -0.23443 -1.83607 0.48379 -1.95582 -0.62020 -0.20816 -1.30692 -1.20250 -1.13511 0.19528 -1.91804 3.26189 
1.27849 -2.00232 -0.45803 -1.02109 0.01702 -2.30926 -0.61088 -2.52340 -0.60403 -3.39405 1.58642 -3.11867 0.50633 -0.29549 0.02579 -0.53126 0.38279 -0.29500 -0.03659 0.73996 -0.74952 0.24409 -0.87168 0.60875 -0.70217 1.77908 0.92390 -0.12239 0.26184 0.89590 0.56199 -0.02601 0.88627 0.44033 -0.34183 2.87909 -0.75642 1.00066 -0.60220 
1.68898 -1.83418 -0.03521 -0.26824 0.77272 -1.91369 0.70349 -2.24973 0.11622 -2.22230 1.86094 -2.66378 1.42957 0.42812 -0.01292 0.03091 0.96490 0.17378 0.24246 0.79315 -0.04143 0.48237 1.07622 0.31659 0.12743 0.96534 -0.02054 -0.18228 0.60988 -0.21824 0.29643 -0.22963 -1.29509 0.16495 -0.81813 1.68123 -1.00080 0.76303 -1.72151 
1.70661 -2.01525 -0.42711 -0.05619 0.19080 -2.06680 0.18228 -2.56483 -0.12166 -2.31784 1.90302 -2.99124 1.47167 -0.31604 -0.15649 0.07862 0.16456 0.00143 -0.26622 -0.55513 -0.58458 -0.57404 0.80955 -0.39205 0.06087 0.05757 -1.22072 0.05140 0.69623 -0.82625 0.64376 -0.04619 -0.86763 -0.08307 -1.47321 -0.12834 -1.55105 0.95936 -1.17562 
1.37294 -1.99066 0.04341 -0.10368 0.77415 -2.17992 0.14836 -2.83431 -0.45782 -1.41275 1.46888 -2.60292 1.48714 -0.79260 0.03848 0.72714 0.13865 0.81755 0.19627 -0.07447 -0.12450 -0.99084 0.94787 -1.23446 1.08679 -0.21028 -0.89786 0.14826 -0.40248 -0.34531 -0.31658 0.16688 -0.30088 0.39080 -0.02255 -2.52219 0.03188 -0.37382 0.19836 
0.91401 -1.97677 0.30003 0.08246 1.00835 -1.87053 0.10781 -2.68933 -1.11250 -1.36996 0.66856 -1.90445 1.26139 -1.21390 -0.00823 -0.32387 -0.18075 -0.31515 -0.09934 -0.85601 -0.19378 -0.59659 -1.71264 -0.36017 -0.31295 0.25593 0.47028 0.21286 -0.93108 0.12335 -1.04527 -0.20250 0.30235 0.63979 1.94635 -1.37994 2.43486 -1.78223 1.58172 
0.15904 -1.99889 -0.28046 -0.28444 0.45900 -2.27926 -0.70765 -3.02809 -1.05441 -3.12539 1.10872 -2.91587 1.74307 -0.32231 0.25134 -0.20393 0.26199 -0.22773 -0.00623 0.22788 0.51529 0.95551 -0.43206 1.20041 -0.69544 1.37144 1.81963 0.18062 1.36288 0.03469 1.68498 0.34582 2.12908 1.06393 1.73833 3.51701 0.94667 1.19872 -0.50866 
0.59170 -1.72543 0.09610 0.34445 0.78062 -1.87676 0.33569 -2.17404 -0.15698 -1.80203 1.86896 -2.59989 2.63282 0.60573 0.17240 1.03901 -0.14606 1.36983 0.24648 1.27307 0.87015 1.14174 1.80437 0.58650 0.88577 -0.25273 0.79487 -0.53603 0.47098 -0.76832 0.89951 -0.46494 -0.11642 -0.15334 -1.27301 1.44469 -1.73995 1.18600 -2.22645 
0.76477 -1.82649 0.75855 -0.43050 1.82883 -2.03278 0.56543 -2.15794 0.08734 -1.32101 1.69522 -2.03010 1.49033 0.47256 -0.28470 0.26704 -0.50632 0.67178 -0.47117 0.11146 0.36195 -0.31750 1.01263 -0.53955 0.49056 -0.85502 -0.21242 -0.55781 -0.89087 0.16930 -1.33988 -0.48961 -2.07302 -0.41648 -2.17817 -0.98670 -1.48260 -0.68184 -0.54756 
1.06426 -2.01012 0.36314 -0.16187 1.45240 -2.34793 0.44715 -1.81209 -0.47448 -0.78940 1.32941 -2.10933 1.77781 0.39331 -0.38541 0.14814 0.02324 0.02996 -0.24313 -0.79995 0.45367 -1.03642 0.81768 -0.89610 0.20393 -0.80030 -0.43118 0.17558 0.42798 0.42560 0.06725 0.50196 -0.74181 -0.89923 -0.96826 -0.67380 0.41017 0.19996 -0.39910 
1.15808 -2.21190 0.90669 -0.40726 1.85879 -2.27590 -0.23452 -1.70427 -0.94909 -0.50333 0.79912 -1.82618 0.69003 0.04137 -0.10912 0.69502 -0.08072 0.73903 0.03079 -0.63035 -0.53728 -1.28576 0.33882 -0.12938 0.69051 -1.25411 -0.22733 0.52960 -0.23349 0.19250 0.24601 0.32399 1.41318 -0.74874 0.36886 -0.85847 0.79614 0.35646 0.77709 
1.10564 -2.11924 1.05816 -0.24259 2.19143 -2.31713 -0.18320 -2.34938 -1.76024 -0.45058 1.20004 -1.41882 0.52369 0.16598 0.14419 -0.08535 0.21573 0.27597 0.08087 0.61323 -0.29507 -0.66756 -0.04079 -0.09996 0.56039 -0.02320 0.74284 -0.14327 -1.16986 0.26596 -1.89971 -0.03488 0.52373 1.61863 0.51936 1.05525 -1.98861 -0.52090 2.10790 
1.32406 -2.06771 0.82134 -0.19153 2.13476 -2.19504 0.37870 -1.99933 -1.61665 -0.54412 0.69916 -1.26579 0.66683 0.78422 -0.25239 -0.47483 0.18524 -1.16068 -0.00408 -0.10662 1.08134 -0.76640 1.39408 -2.11799 0.16961 0.85378 0.07019 -0.13181 -0.09597 -0.01017 -1.02740 -0.50481 -0.18312 0.99958 0.84944 0.49930 -0.42034 -0.87588 0.74931 
1.88985 -2.37163 0.58333 -0.05735 1.03075 -2.32121 -0.28982 -1.26804 -2.52664 0.94350 -0.91795 -1.24921 1.37748 0.23617 0.01239 -0.18131 0.20556 -0.75143 -0.42394 0.43011 0.70451 0.18188 0.45851 -0.52030 -0.31550 0.72611 -1.31837 0.61619 0.74267 -0.58894 1.85455 -0.22845 0.62776 -1.20045 2.11083 -2.93853 3.22565 -0.72153 -1.02184 
1.56023 -2.05532 0.64003 0.01403 1.38333 -2.61898 0.80881 -1.29483 -1.43477 -0.08561 0.17886 -1.58129 1.39293 -0.53415 0.36380 0.26783 -0.40370 0.69387 -0.23253 0.52114 -0.11911 1.34442 -1.54446 1.10767 -0.55192 -0.16806 -0.52068 -0.08729 0.48377 -0.61214 1.21829 0.54981 -1.38386 -1.05115 0.09086 -0.80180 0.55920 0.18851 -1.11007 
1.35570 -2.00784 0.85116 -0.46104 1.72462 -2.55374 0.23132 -1.38714 -1.18222 -0.60096 0.18972 -1.80113 1.20942 -0.28451 -0.07490 0.30246 -0.40658 0.46686 0.12587 -0.95376 -0.34664 0.27274 -0.34329 0.03890 -0.12699 -0.38396 1.16304 -0.99632 -0.44463 1.19502 -1.89150 0.42323 -1.96913 0.30596 -3.07768 3.03923 -2.42720 1.25520 0.42474 
1.27572 -2.13022 0.94249 -0.39254 1.85019 -2.49311 -0.14495 -1.64147 -1.16204 -0.42891 0.21776 -1.70828 1.00897 0.62889 -0.63253 -0.17680 0.79133 -1.19762 0.19070 -1.44799 0.18685 -1.73326 1.49477 -1.31953 0.70328 0.25668 0.95188 -0.07139 -0.04535 1.47524 -1.69557 0.38285 0.20204 0.28314 -1.11337 1.60848 -0.89107 0.96696 2.27287 
1.98459 -2.64036 0.67436 0.33028 0.52700 -2.36304 -1.21667 -1.20030 -2.91548 0.89381 -1.12982 -1.09785 1.46610 0.66737 -0.14629 0.25711 1.06866 -1.22871 0.50871 -0.75171 -0.06350 -0.84064 1.26519 -0.85218 0.83997 1.88890 -1.23693 1.24901 0.47285 -0.92043 2.47697 -0.59111 1.86308 -1.59945 2.41164 -3.13804 2.70403 -1.39727 -0.20035 
1.94310 -2.27651 1.19960 0.67612 0.62148 -1.98440 -0.89666 -1.70497 -2.00267 0.83628 -0.63442 -0.86831 2.89787 -0.60804 0.61648 0.29605 -0.12910 1.27934 -0.40040 0.41509 -1.41260 0.67838 -1.64327 1.38450 -0.69399 0.05633 -0.62845 0.19398 -0.28557 -0.38591 1.64169 -0.76524 0.85341 -0.46127 0.58295 -1.52279 0.54200 -0.95051 -1.70800 
1.37655 -2.02388 0.97041 0.20118 1.80634 -2.76344 -0.80159 -2.61290 -2.23710 -0.74946 0.25468 -1.79184 1.52243 0.03892 0.04769 -0.02847 0.68276 0.41298 -0.25652 0.10170 -0.52477 -0.25769 -0.25760 -0.31018 -0.11054 0.18090 1.48429 -0.68893 -0.70930 1.11921 -2.01073 0.49808 -0.54391 1.46147 -1.92259 2.23030 -3.37908 1.44387 0.33614 
1.98202 -2.22883 1.17113 1.35887 1.03446 -2.24092 -0.79496 -2.22973 -2.26036 0.57869 -0.94460 -0.97885 3.07878 0.87624 -0.07245 -0.41325 0.99011 -0.73138 0.09767 -0.12883 0.04887 -1.24421 0.58703 -1.99458 0.74987 0.39247 0.15146 0.18051 -0.08680 -0.36635 -0.22755 0.42665 -0.26728 0.32979 -0.28299 -0.60698 -0.15185 0.16211 -0.36846 
2.25279 -2.09634 0.55716 1.19129 1.07496 -2.66577 -0.93041 -2.56403 -3.48130 -0.16242 -1.73990 -1.04197 1.91490 0.19038 0.22820 -0.11527 0.31640 0.18543 0.17012 -0.16558 -0.19497 -0.54068 -0.86458 -0.46204 0.05156 -0.18755 -0.42256 -0.36212 1.18058 -1.22457 1.60917 0.02540 0.74782 -0.87452 3.07784 -1.33969 1.58201 -0.85180 -0.56530 
2.17241 -2.00063 1.05586 1.67527 1.21988 -2.07080 -0.96054 -2.42471 -2.80104 -0.28589 -1.40664 -0.92729 2.89123 0.45369 -0.43457 0.76733 -0.23446 0.87778 0.12308 0.61899 -0.82566 1.83363 -0.75266 -0.41258 -0.10192 -0.17283 -0.04211 -0.17350 0.06900 -0.25845 0.05164 -0.17670 -0.02272 1.27288 1.24700 1.15816 -0.31243 -0.30570 -0.74067 
2.70647 -2.53091 1.32449 0.95684 1.95274 -2.54269 -0.31142 -3.38969 -1.64767 -0.91508 -2.15248 -1.14389 1.74206 0.14827 0.05469 -0.04627 0.05795 0.23706 -0.00658 -0.18831 1.07790 0.70632 0.29358 -0.77447 -0.25413 -0.92822 -0.70248 0.88489 -1.08535 1.41672 -1.78366 0.13527 -1.02645 2.91437 -3.01364 1.98670 0.47071 0.00419 -0.06458 
2.32068 -1.94594 1.00959 1.73322 1.45694 -2.07738 -1.14885 -1.34680 -2.09472 0.00769 -2.18111 -1.18142 1.96301 -0.24880 0.45031 -0.31802 1.18227 -0.90588 0.25835 -0.40746 2.08871 -1.18000 1.23405 0.05813 -0.09773 -0.23742 0.08161 -0.60506 0.62161 -0.04298 -0.03088 -0.35120 0.37715 -2.53760 -1.08320 -1.38348 1.01757 -0.27215 0.25194 
2.45768 -2.08059 1.00647 2.13910 1.04686 -2.28434 -0.71888 -1.30098 -2.82767 0.31896 -2.09435 -1.24162 1.50465 0.22989 -0.55037 0.57534 0.01497 0.20618 -0.35778 0.18884 -1.45969 -0.37688 -1.08990 0.24311 -0.52628 -0.67628 0.46945 -0.95931 1.30993 -1.20425 1.65796 -0.22900 0.55231 -3.59853 1.54965 -2.23474 -0.16174 -0.43432 0.29998 
2.55057 -2.49631 1.58493 1.74819 1.66313 -2.43516 -0.96000 -2.80650 -2.47160 -1.08221 -1.93800 -1.70771 1.28673 0.22066 -0.50899 0.99191 -0.02198 0.75208 0.02934 0.14485 -1.50982 0.36965 -1.00069 -0.10361 -0.53206 0.06256 -0.22440 0.78508 0.43419 0.78957 0.96110 0.68800 0.26569 1.74336 0.93445 1.85829 -0.62475 0.51442 1.59735 
2.67834 -2.58959 1.99838 2.11712 1.79894 -2.25500 -0.57403 -2.81079 -2.45802 -0.68173 -2.19796 -1.77368 1.56721 0.00548 0.23471 1.00953 0.80454 1.16728 0.33022 0.45453 0.28367 0.55758 0.76839 -0.38164 -0.01186 0.92107 -0.26457 0.98162 -0.49096 0.70829 -0.37982 0.02045 -0.44763 1.34816 0.80203 1.21636 0.20776 0.31500 -0.18068 
2.55605 -2.26159 2.59445 2.55273 2.83041 -2.10494 -0.50547 -2.52283 -1.91402 -0.31381 -2.31965 -1.71957 2.20780 -0.04391 0.47262 0.50095 0.68631 0.37226 0.04980 -0.30278 -0.16165 1.17169 0.21566 0.10415 -0.21706 -0.11812 0.01066 0.34892 -1.30519 -0.91844 -1.57510 -0.01477 -0.78285 -1.02033 0.23786 -1.36638 0.84117 -0.24491 -2.80798 
2.63443 -2.11697 2.49933 2.80343 2.17120 -2.20521 -0.87681 -2.97245 -1.28633 -0.46607 -2.09381 -1.99074 1.44909 0.01614 0.58363 -0.29566 -0.11390 -0.40782 0.31545 -0.32831 -0.73667 0.79544 -0.59798 0.45952 -0.25677 -1.88690 -0.39814 0.79533 -0.74647 -1.37273 0.13410 0.57880 -0.00509 0.32047 -0.17491 -0.17458 0.57197 0.41523 -1.25736 
2.57219 -1.67796 2.29879 2.43883 2.42259 -1.78948 -0.83378 -3.25950 -1.11858 -0.91180 -1.86012 -1.97634 0.32090 -0.44205 1.26796 -0.24552 -0.68642 0.50636 0.62859 -0.30787 0.15882 0.99678 0.04108 0.67612 0.19817 -1.37548 -0.92458 0.58355 0.15583 -0.50102 -0.12940 0.29985 0.14799 2.58203 0.16788 -0.43820 0.04211 1.09106 2.25631 
2.19238 -0.84901 2.25381 2.11701 2.67756 -1.57661 -1.18468 -2.81363 -0.28955 -0.42499 -1.41769 -1.79257 0.07361 -0.90844 1.16718 -0.13983 -0.61492 -0.53722 0.61530 -0.18032 1.84536 0.96332 -1.03618 0.50163 0.83430 0.36941 -0.78607 -1.00428 -0.64326 -0.13264 -1.19965 0.03319 0.60174 1.50345 -0.76831 -1.57677 -0.25579 0.35301 1.16695 
1.66375 -0.51078 2.15897 1.82392 1.88537 -1.17418 -1.01410 -1.41414 -0.15527 -1.94798 -1.35849 -1.14204 0.69031 -1.22811 0.26368 -0.88878 -0.81906 -0.69329 0.66178 0.29387 1.66227 0.22847 -1.53569 0.42034 0.55118 -0.20853 0.04961 -1.00621 -0.90515 -0.25380 0.10776 -0.37016 -0.41760 -1.66432 -0.45102 0.89441 -0.56176 -0.81138 -0.53718 
0.96427 -0.58534 1.36503 1.29795 1.98427 -0.91483 -0.89081 -1.15136 -0.06108 -1.96068 -0.99735 -1.24138 -0.13492 -0.85883 0.16097 -1.04498 -0.86872 -0.42946 0.24514 -0.59792 0.18103 0.51230 -0.14177 -0.06013 0.02291 -0.16777 0.93522 -0.11623 1.36803 0.22273 0.53779 -1.17383 -0.86763 -0.46236 -0.25956 1.21070 0.12065 0.08564 1.61623 
0.80492 -0.34980 1.11399 0.95520 1.45591 -0.92904 -1.61202 -1.23311 0.35703 -2.08975 -1.41862 -1.11913 0.52254 -0.29289 0.14745 0.47925 -0.59633 -0.15550 -0.51204 -0.57376 1.19990 -0.03108 -0.32499 0.54099 0.63683 1.40770 0.33783 -0.09834 0.80462 0.38033 0.20308 -0.33686 0.48613 0.02203 -1.50999 -0.28949 0.40191 0.60345 -0.04669 
0.67137 -0.43789 1.84429 0.70163 1.82877 -1.42687 -1.46457 0.04854 -0.09216 -2.28567 -0.45636 -0.60456 1.27278 -0.52100 0.06263 -0.24036 -0.48839 -0.22638 -0.09172 -0.11178 0.20307 -0.99770 -0.43126 0.34178 0.62636 -0.21446 -0.25502 0.25680 -1.60696 -0.35953 -0.84270 1.43437 1.43435 -2.39628 -0.46942 1.42587 -1.29886 -0.93767 -2.95064 
0.28393 -0.28717 0.87363 0.46681 1.22953 -1.02077 -1.72381 -1.03004 -0.64067 -2.52101 -1.07683 -0.49277 0.30808 -0.54792 0.40425 -1.12771 -0.95586 -0.99820 0.92232 0.86058 -1.19638 -0.50050 1.10088 -0.75787 -0.30085 -1.54294 1.16898 -0.77395 -0.64032 -2.44485 3.16119 0.44578 -0.17017 1.08674 0.30433 1.93497 0.63393 -1.55829 1.60999 
0.12346 -0.03364 0.71658 -0.25423 0.83057 -0.50455 -0.60399 -1.14784 -0.59266 -1.18479 -1.21424 -0.90540 -0.27016 0.64798 -0.71132 -0.88068 -2.93323 2.93481 0.35405 -0.28196 1.28980 -0.69337 1.50371 0.97571 -0.93194 1.39553 0.64151 -2.26044 1.62123 -1.85873 3.48444 -2.07974 -2.29110 1.70961 1.23802 -2.03816 1.51267 0.32296 2.06301 
0.93191 -0.99849 -0.00704 -2.46642 4.16434 -0.66672 -2.00576 0.25976 -1.33404 -1.01730 -0.10112 -1.42471 1.70360 0.09359 -1.85620 0.49352 -2.81459 2.48624 -1.15742 -1.43052 0.51323 0.73752 -0.93728 0.75479 0.02211 0.52007 -2.17252 -0.14136 2.85322 2.62002 -3.74762 -1.49849 1.96042 -3.41001 2.85955 -2.31071 -1.18294 1.46224 -3.02766 
0.21705 -1.88984 1.21011 -3.06882 3.31681 -1.66197 -2.03451 -0.63461 0.14486 -2.12207 -0.45944 -0.88329 0.24990 -1.52454 -0.85268 1.97254 -0.31321 -0.81282 -1.14444 1.67846 -2.12021 2.16618 -0.80700 -0.20723 0.53031 -1.63213 -1.08805 1.15713 -0.65238 3.19921 -2.66661 1.18902 3.57409 -2.07756 0.19694 2.51355 0.08761 0.78701 -0.15775 
-0.59263 -1.85117 1.96550 -2.77963 3.35152 -1.81116 -0.32730 -1.86045 0.83214 -1.82430 -0.30835 -0.89440 0.07147 -0.99446 -0.69907 -0.15885 0.38463 -0.18037 0.03160 2.14357 -1.56433 0.93446 1.57627 0.84241 0.80912 0.36232 2.01144 -0.08354 -3.05633 0.68803 0.17756 1.58522 -1.31715 2.66355 -2.51712 2.42897 0.59658 0.06823 2.35275 
-0.77741 -2.58891 1.05125 -2.68419 3.13644 -1.63037 0.10906 -2.19894 1.07932 -0.54580 0.38296 -0.07417 0.61222 0.48691 -0.93622 -1.08378 0.37482 -0.63525 0.44078 0.36131 0.54334 -0.35094 1.62197 0.38935 0.59853 0.72061 1.77471 0.41345 -0.78196 -0.14569 -0.93163 0.70535 -1.63931 3.62215 -1.70388 -0.81592 -0.94563 -1.30063 -0.24337 
-0.10572 -2.78739 0.88171 -2.40481 2.71627 -1.37038 0.03401 -1.31711 0.48120 -0.20233 0.08100 -0.29587 0.79208 0.78025 -0.28561 -0.94081 0.23894 -1.11200 0.73695 0.50426 2.05782 -0.76943 0.76035 -0.10322 -0.49151 0.11895 1.12348 0.86527 0.03492 0.50418 -1.31389 -0.16684 -0.19471 0.36721 -0.72748 -1.89839 -0.39294 -0.74403 -0.27351 
0.00284 -2.87452 0.11044 -2.44525 2.02444 -0.89342 0.61333 -0.14111 0.30990 0.21455 0.27974 -0.56568 0.73117 1.61039 -0.07095 -1.04886 0.87900 -1.94914 0.27393 0.16660 0.91055 -1.07843 -0.27641 -0.00359 -0.14550 0.44710 0.87791 0.90235 0.37859 1.27549 -0.31977 -0.66483 -0.83067 -3.41583 -0.59988 -1.06769 0.26060 0.53794 0.80991 
1.50467 -2.85835 -0.16715 -1.52581 0.76713 -1.09644 0.20061 -0.40657 -0.59723 -0.47874 0.07741 -0.44137 1.23918 1.65816 0.61674 -0.56222 1.51443 -1.43178 0.07213 -0.32641 -1.35801 -1.36931 -0.30734 0.15738 0.04644 0.92886 -1.92045 0.76043 -0.08949 0.33310 1.96356 -0.13435 0.15674 -1.62010 1.79584 0.68981 0.43837 0.03859 -0.48800 
1.66100 -2.25778 -0.45178 -0.93083 0.59266 -0.82129 0.28692 -1.49913 -1.05941 -0.09280 0.43712 -0.51924 1.66003 -0.31005 0.68947 -1.13835 1.21210 0.01441 0.13958 0.32334 -0.70955 0.71741 0.41340 0.43478 -0.10691 -0.04091 -2.28868 -0.50557 -0.96637 -1.09822 1.84073 -0.02396 0.35465 2.08227 2.93119 -0.04940 -0.17362 0.06318 -2.02090 
1.19462 -2.16887 -1.30550 -0.31372 0.78154 -0.95686 0.52395 -1.11612 0.12018 -0.06534 0.51219 -0.54828 1.19827 -0.63052 0.11116 -1.52859 0.41621 0.40895 0.04817 0.02824 0.72425 1.56188 -0.35675 -0.01624 0.10962 -1.09204 0.05994 -0.01243 0.95654 -1.08950 1.38978 0.37952 -0.24179 0.35396 -0.69745 -0.24489 -0.19332 0.19010 -1.21322 
1.03048 -2.14662 -1.98037 -0.51462 1.00161 -0.77312 0.31516 -0.77487 0.50247 -0.44954 0.42088 -0.40962 0.56799 -0.25011 0.67705 -0.18181 0.12259 1.40420 0.51910 0.08155 -0.35559 0.01996 0.16851 0.24145 0.08318 -1.25413 0.42278 0.80320 2.04922 -0.27525 0.61606 0.50333 -0.26214 -1.55474 -1.59516 0.46467 0.76772 0.65389 1.54195 
0.94451 -1.49183 -1.48731 -0.19112 2.18574 -0.43776 0.60550 -1.47171 0.14015 0.10317 0.75364 -0.46510 -0.05585 -0.20774 0.91437 0.52063 0.14096 1.02501 0.55150 -0.23390 -0.83049 -0.03328 0.10792 0.75148 0.76351 0.44991 -0.74032 -0.06230 0.58557 -0.71047 -2.53507 -0.27548 -0.45692 0.80178 0.42475 -0.43708 -0.62532 0.44641 1.54834 
0.82275 -1.23225 -1.45974 -0.37366 2.02662 -0.22162 0.08126 -1.60536 0.46920 -0.34162 1.17236 0.35389 1.01791 -0.99044 0.61475 0.40376 -0.58787 -1.13087 0.24362 -0.37538 0.44619 0.44471 -0.26857 -0.38387 0.52959 0.29421 -0.63785 0.10899 0.93823 0.00622 -2.52199 -0.13842 1.14613 2.20001 -0.64225 -0.41610 -2.00914 -0.92407 -1.20262 
-0.04593 -0.87708 -1.08355 -0.77900 1.05487 -0.19414 0.23012 -1.02552 0.58486 -0.16540 0.36977 0.06450 0.23836 -0.84559 1.02336 1.45885 0.14718 -1.49698 0.41308 0.91223 1.36952 -0.67553 -0.30818 -1.25766 -0.16056 -0.75271 0.97774 0.18097 0.74221 1.24808 0.31502 -0.04423 0.81015 0.37473 -1.04612 0.49476 -0.14349 -0.73760 -0.40964 
-0.02284 -0.20889 -0.00089 -0.22648 0.52965 0.19145 0.99349 -0.23585 -0.20633 -0.64980 -0.08530 0.19333 0.26520 -0.01269 0.79572 1.14597 0.66021 -0.81585 0.19939 0.43477 0.82093 -0.60140 0.22619 -0.52737 -0.20800 -0.11542 0.92379 -0.77857 -1.24001 0.18110 1.28433 -0.76236 -2.16738 -1.58660 1.16141 0.62562 1.16834 -0.18755 0.96917 
-0.05863 -0.08136 0.06242 -0.11879 0.23902 0.00525 0.66489 -0.20460 -0.01654 0.06079 -0.15760 -0.14351 0.12293 0.07820 0.24479 0.21884 0.32829 -0.21265 -0.34928 -1.25516 -0.21708 0.48589 0.31745 -0.08932 -0.34811 0.21646 0.01234 -0.79756 -1.10959 -0.54671 0.86171 -0.30357 -1.14591 -0.77545 0.98938 -0.32299 0.54846 0.19017 0.36437 
0.05535 0.03590 0.21795 0.10180 0.31700 -0.15783 -0.26167 -0.45293 0.27956 -0.33235 -0.17463 -0.15478 0.48166 -0.00036 -0.00184 0.03638 0.11350 0.04586 -0.10417 -0.71113 0.04547 0.38797 -0.09680 0.02109 -0.01783 0.24894 -0.09790 -0.33458 -0.49351 -0.50756 0.02935 0.49451 1.72709 0.63735 -0.74162 -0.29495 0.16644 0.49748 -0.32923 
-0.05898 -0.08320 0.09880 -0.00529 0.28488 -0.09893 -0.04624 -0.15913 0.37143 -0.03601 -0.13651 -0.16134 0.37188 -0.01970 -0.08979 -0.27467 -0.17927 -0.18330 0.14523 0.47194 0.42026 -0.25573 0.02250 0.07712 0.14937 -0.11277 0.00327 0.05460 -0.07749 -0.18178 -0.07704 0.06718 0.88890 0.03703 -0.70504 0.10042 0.07063 0.19038 -0.55716 
0.03565 -0.05389 -0.05673 -0.07747 0.13370 -0.01261 0.21027 -0.03267 0.02382 -0.30985 -0.09751 -0.00541 0.36890 0.00292 0.05276 -0.04111 -0.06828 -0.03118 -0.03699 0.17777 0.08250 -0.31706 0.00362 0.09172 0.17255 -0.30822 0.04409 0.13976 0.35898 0.14125 0.29954 -0.24270 -0.63415 -0.61778 0.31126 0.40729 0.06668 -0.18633 -0.05421 
-0.05607 -0.03044 0.05768 -0.07357 0.25370 -0.13592 0.13153 -0.07662 0.05437 -0.03239 -0.04478 0.01122 0.06366 0.02439 0.04997 0.08430 -0.03802 0.11624 -0.09747 -0.16221 -0.19752 0.05553 0.42979 0.14380 -0.03696 -0.16697 0.20397 0.00754 -0.01451 -0.02003 0.04179 0.09509 -0.02401 -0.05908 0.25421 -0.02617 0.01382 -0.19963 0.36263 
0.06003 -0.00391 0.02758 -0.11549 0.24993 -0.11008 0.04806 -0.23019 0.07935 0.11994 0.04629 -0.04237 0.20192 0.20689 0.06031 -0.05562 -0.08831 0.01062 0.05810 0.15376 0.02342 -0.06285 -0.02255 0.10555 -0.02707 0.05442 -0.05427 -0.09620 -0.04799 0.09793 -0.21078 0.15872 0.26355 0.30905 0.00988 -0.69142 -0.08734 0.00074 0.16031 
0.15083 0.02987 0.00206 -0.16188 0.26431 -0.07782 0.28529 -0.05320 -0.00849 -0.05494 0.06076 -0.01585 0.11808 -0.02988 -0.04623 0.03631 0.05991 -0.09454 0.06125 0.10134 0.11153 0.06541 -0.26163 0.05646 -0.03622 -0.00667 -0.45740 -0.12371 0.13471 0.21114 -0.23856 0.01717 -0.49256 -0.21286 0.24590 -0.01808 0.05300 -0.12830 0.04676 
0.03016 -0.05014 0.06389 -0.05557 0.15539 -0.04883 0.14940 -0.11865 0.14476 -0.14170 0.10275 -0.07859 0.19526 -0.25051 -0.06341 0.07909 0.12283 -0.22795 0.07527 -0.33880 -0.18944 0.18304 -0.04063 0.15855 -0.15538 0.10118 0.02473 0.01837 -0.11364 0.01311 0.07420 -0.11368 -0.36263 -0.04714 0.05457 0.30731 -0.20630 0.10395 0.23479 
-0.09968 -0.03354 0.08115 -0.03905 0.03637 -0.00256 -0.05351 -0.24264 0.17455 -0.09557 0.21931 -0.17123 0.21926 -0.00515 -0.02786 -0.07733 0.07303 -0.02034 -0.05243 -0.26129 0.06439 0.11998 0.04568 -0.14984 0.06773 0.22812 0.37176 0.06508 -0.11123 -0.11761 0.24649 -0.10849 0.54100 0.36098 -0.32231 0.03724 -0.29196 0.27060 -0.21569 
0.02500 -0.07800 -0.01344 0.01745 0.13505 -0.10127 -0.11189 -0.05426 0.26474 -0.09601 -0.04708 -0.01086 0.42338 0.12125 0.00167 -0.03214 0.00521 0.01855 -0.03322 0.20220 0.17153 -0.13927 -0.00339 -0.13341 0.11522 -0.11451 -0.04349 0.05491 0.19762 -0.15610 -0.06642 0.10207 0.54535 -0.17753 -0.24738 0.09689 0.17483 -0.08616 -0.49415 
0.02157 -0.03187 0.04901 -0.03384 0.05491 -0.03578 0.14869 -0.07111 0.03529 -0.09895 0.08591 -0.05601 0.10475 -0.04864 0.02705 0.12029 -0.08307 -0.08676 0.04964 0.28406 -0.11314 -0.12740 0.14258 0.02499 -0.01843 -0.26603 -0.14074 0.00782 0.04557 -0.05693 -0.03151 -0.00979 -0.18712 -0.21311 0.23872 0.14592 0.20594 -0.02519 0.20093 
