0.01286 -0.04396 0.05764 -0.04906 0.06554 -0.03181 0.16594 -0.10517 0.08682 -0.07751 -0.00800 -0.06472 0.16780 -0.02303 -0.01516 0.04191 0.04789 -0.14458 0.00317 0.14097 0.11395 0.12159 0.07325 0.06138 0.03478 0.08011 -0.01488 0.03284 0.01373 -0.04362 -0.05180 -0.04665 0.14844 -0.00178 -0.05485 0.06082 0.27380 0.02510 -0.16183 
0.00768 -0.03908 0.05652 -0.06921 0.06517 -0.03217 0.27022 -0.11206 0.05589 -0.07812 0.01919 -0.05763 0.15352 -0.01646 0.01231 0.02133 -0.03286 -0.06360 -0.03636 0.14878 -0.02805 -0.02321 0.06222 0.14253 0.03826 -0.07274 -0.13096 -0.28653 -0.26694 -0.09889 0.41652 -0.38915 -0.35104 0.44567 0.13565 -0.79900 0.05773 -0.09578 0.18950 
-0.00360 -0.03165 0.07897 -0.08192 0.00194 -0.06816 0.31472 -0.13321 0.06360 -0.01529 0.13453 -0.02646 0.09506 -0.15399 -0.30170 -0.22503 -0.05100 0.27194 -0.38598 -0.21007 0.55962 0.25724 -0.72575 0.11911 -0.06100 0.26961 -0.05169 -0.28952 0.63482 0.36138 0.27866 -0.70295 -0.58467 0.19627 0.07753 -1.30320 -1.72553 -0.52293 0.37812 
-0.14631 -0.34077 -0.16851 -0.12022 0.33711 -0.41814 0.06016 0.44756 0.31313 -0.80387 0.13830 -0.11864 0.42313 -0.06816 -0.27721 0.65615 0.32852 0.21506 -0.73931 -0.43589 0.16822 0.05431 -1.24098 -1.58300 -0.48466 0.30539 0.19274 -0.11395 1.70268 -0.12265 0.07778 -0.09522 0.25704 -0.55998 -0.41027 0.63185 -0.62847 -0.83388 0.31716 
-0.07176 -0.30886 0.73512 0.24661 0.21700 -0.80747 -0.12117 0.03501 0.11792 -1.25627 -1.44847 -0.51112 0.40045 0.03875 -0.41564 1.47765 -0.17365 0.34972 -0.48120 0.04697 -0.00036 -0.15303 -0.09390 -0.50936 -0.89488 0.58677 -0.00011 0.07572 -1.39834 -0.38997 0.48837 1.25679 0.39670 -0.24881 0.07961 1.39526 2.05682 0.28541 0.06741 
-0.10757 -0.75641 1.30914 -0.29387 0.68683 -0.89934 0.10713 0.44720 0.16010 -0.89777 -0.37106 -1.01352 1.00990 -0.06826 -0.20149 -0.74219 -0.06145 0.70344 0.51749 -0.03919 -0.08059 0.13392 0.15428 0.47382 -0.19925 0.37279 -0.02099 0.76392 -2.83803 -0.19963 0.25721 0.69038 -0.38737 -0.67064 -0.24634 0.16295 -0.98730 1.49493 -0.62248 
-0.14002 -0.51035 -0.00708 0.18516 0.92044 -0.28998 -0.16036 -0.04558 0.25184 -1.10199 -0.97464 -0.71038 0.77324 0.01775 0.34828 -1.36038 -0.37328 0.60693 0.20918 -0.34040 -0.67100 -0.39937 0.06905 -1.49666 0.60005 -0.03571 0.15188 0.48407 1.04956 -0.26671 -0.60915 -0.63263 0.20862 0.08608 -0.15699 0.49552 -0.39153 0.28302 -0.81430 
-0.08981 -0.40814 -0.05124 -0.66715 1.29375 -0.69016 -0.23327 -0.22379 -0.23927 -0.82872 -1.86773 -0.41347 0.97419 0.08362 0.28258 0.30737 -0.32816 0.09429 -0.11515 0.16942 0.00550 -0.02307 0.64980 0.08229 0.08377 -0.44151 -0.00807 -0.23732 1.36847 0.93556 -1.48556 0.42219 1.51857 0.60797 0.63693 0.54908 3.32457 -0.16154 -0.55188 
-0.05640 -0.22777 0.30029 -0.14300 1.01472 -0.40513 0.00906 -0.04008 0.22877 -0.45219 -0.89235 -0.62661 0.33173 0.00968 0.11095 0.00809 0.56228 -0.87863 0.63137 1.17817 -0.06303 0.23755 0.61813 1.82790 0.43851 -0.58759 -0.18517 -0.24785 -0.58860 -0.01343 -0.70696 0.56621 0.74938 -0.09741 -0.25557 -0.51317 1.38328 0.47705 0.33197 
-0.08013 -0.29719 -0.04316 -0.10487 0.41512 -0.05880 0.94490 -0.28682 -0.00172 -0.21059 -0.03982 0.02503 0.38659 -0.10155 0.03473 -0.28124 -0.34159 -0.61267 0.45106 0.91880 -0.09191 -0.27864 0.13663 1.46557 0.56082 -0.10954 0.04052 0.04653 -0.01477 -0.67273 0.40007 -0.73110 -1.82735 0.25819 -0.02631 -0.53706 -1.61702 -0.47961 0.63440 
-0.15796 -0.19303 0.01905 -0.48459 0.40205 0.04593 0.92787 -0.13199 -0.04986 -0.31556 0.57322 -0.06579 0.22219 0.05020 0.15749 -0.00669 -0.11045 -0.47856 -0.09974 -0.64918 0.19516 0.21124 0.08107 0.21088 -0.04111 0.04680 0.24938 0.08949 0.38218 0.69691 0.21236 -0.49065 -1.43540 0.01202 0.45247 0.15249 -2.07920 -0.49006 0.19644 
-0.02993 -0.13970 -0.04984 -0.21531 -0.06344 -0.15854 0.29572 -0.09166 0.20952 -0.12952 0.17106 -0.01607 0.43340 0.14782 0.12423 0.10095 0.35532 -0.40031 -0.03959 -0.51659 -0.07989 0.17383 0.28912 -0.61363 0.07075 0.08690 -0.01334 -0.07251 0.13600 0.28246 0.59999 0.23158 0.34591 -0.28936 -0.32073 -0.01582 -0.31920 -0.01511 -0.39782 
-0.01014 -0.06881 0.12000 -0.12927 0.00174 0.00634 0.41127 -0.21188 0.12397 -0.02644 -0.04041 0.00497 0.30908 0.03687 0.08498 0.12931 0.17201 0.12143 0.13184 -0.30327 -0.09420 -0.10949 0.06525 -0.10832 -0.05622 -0.35102 -0.12195 -0.10338 -0.20740 -0.27872 0.53423 -0.04173 0.19447 0.23452 -0.20004 -0.34112 0.65801 -0.11307 -0.23932 
0.00694 -0.05472 0.07947 -0.04330 0.05799 -0.02670 -0.00755 -0.18586 0.10003 -0.06427 0.06274 -0.07229 0.08238 0.02588 0.02084 -0.10645 0.07660 0.13392 -0.08132 -0.32213 0.15463 -0.02622 -0.05200 0.04438 -0.04232 -0.15242 -0.03838 -0.06651 -0.14866 -0.17071 -0.13105 -0.17252 0.47149 0.19036 0.09553 -0.04485 0.12045 0.07089 0.39748 
0.01574 -0.04797 0.01355 -0.05266 0.13566 -0.07499 0.08915 -0.05726 0.09775 -0.07845 0.00397 -0.03735 0.15666 -0.00152 0.01847 -0.01935 0.00130 -0.00962 -0.04068 0.16822 0.09616 -0.01396 0.02041 0.01214 0.01467 0.04646 -0.02795 0.00176 0.14024 -0.07803 -0.18673 0.11152 0.37942 -0.17214 -0.00696 0.04068 0.07593 -0.00700 0.08723 
0.00542 -0.03625 0.06012 -0.04200 0.04837 -0.06738 0.16067 -0.08970 0.08607 -0.04386 0.07488 -0.05761 0.12884 -0.00207 0.02260 0.03379 -0.00143 -0.05281 0.03020 0.05729 -0.01751 -0.03317 -0.01132 0.12031 -0.04931 -0.06520 0.00782 -0.01122 0.00983 -0.05121 0.04125 0.08260 -0.09259 -0.09914 -0.02873 -0.06600 -0.03001 -0.00114 -0.05905 
0.01367 -0.02537 0.04734 -0.05409 0.08285 -0.04478 0.14644 -0.07477 0.06458 -0.08977 0.12429 -0.08667 0.09147 0.00630 0.00725 -0.00952 -0.04991 0.03162 0.04192 0.07563 -0.00298 -0.04269 -0.04560 -0.01788 0.01353 -0.01259 -0.01624 -0.03758 -0.08951 0.00410 0.16715 -0.09673 0.12981 -0.02048 0.05001 -0.07503 -0.37676 0.07602 0.13552 
0.01172 -0.02900 0.05060 -0.09191 0.07999 -0.02545 0.23630 -0.09268 0.04338 -0.08946 0.05700 -0.04408 0.11626 -0.01831 -0.01498 -0.05572 0.00267 0.11434 -0.06652 0.18710 -0.03800 0.01684 -0.08635 -0.25645 0.02671 0.07033 -0.00664 -0.00102 0.01449 0.07360 -0.02598 -0.06223 -0.13136 0.01162 0.05323 0.06595 0.06555 -0.04115 -0.02387 
-0.00464 -0.04034 -0.00839 -0.05142 0.19719 -0.11130 0.33354 -0.11276 0.08142 -0.17613 -0.13216 -0.05996 0.16179 -0.00035 0.00624 0.00497 0.02369 0.00564 -0.02030 -0.05573 0.00865 0.01054 0.02036 0.04767 -0.02761 -0.03645 0.04326 0.01858 0.16183 -0.06427 -0.21329 0.12102 -0.23313 -0.00383 -0.00163 0.13976 0.55228 -0.09672 -0.07439 
0.01138 -0.02276 0.05557 -0.06821 0.08563 -0.04576 0.18056 -0.08403 0.05392 -0.06910 0.10468 -0.07169 0.07981 0.02495 0.00361 0.10611 -0.06160 -0.09895 0.05450 -0.04603 -0.04182 0.01521 0.05340 0.29584 -0.07001 -0.00406 0.01478 -0.02486 0.02050 -0.03395 0.05884 -0.01004 0.12577 -0.04949 0.03559 -0.09636 -0.01101 -0.04930 0.09260 
0.02032 -0.03674 0.09773 -0.11302 0.09825 -0.05681 0.28751 -0.15459 0.09663 -0.12272 0.16367 -0.12997 0.15773 0.01443 -0.01862 0.02546 -0.01026 0.06448 -0.03034 0.07004 -0.04084 0.04613 -0.07600 0.03667 -0.07692 0.05615 -0.01710 0.01063 -0.08228 0.07057 0.08251 -0.04895 0.08128 0.05552 -0.02833 -0.06131 -0.41297 0.00457 -0.05375 
0.02581 -0.04138 0.08103 -0.07847 0.15011 -0.07610 0.25060 -0.12487 0.10005 -0.14511 0.14134 -0.14861 0.13596 0.00786 0.01423 0.02383 0.00897 -0.01644 0.00555 0.03525 0.01370 -0.01312 -0.00791 -0.11714 -0.06544 -0.05781 -0.02497 0.03567 -0.05576 0.02940 -0.13904 0.06550 -0.15861 0.08746 -0.09061 0.14077 -0.05236 0.14696 -0.11422 
0.02817 -0.02250 0.12155 -0.10405 0.08181 -0.05125 0.32276 -0.14089 0.08351 -0.13063 0.04654 -0.19541 0.09992 -0.01054 0.01705 -0.03029 0.01914 -0.07456 0.03516 -0.08858 0.04662 -0.04448 0.06476 -0.01569 0.07004 -0.05807 -0.02182 -0.01957 -0.09257 0.03894 0.01403 0.00312 -0.21124 0.04956 -0.00620 0.05587 0.18020 0.17895 0.05058 
0.01527 -0.02433 0.05074 -0.05933 0.07555 -0.04094 0.16202 -0.07825 0.05557 -0.08035 0.12565 -0.07857 0.07789 -0.01396 -0.00533 -0.06874 0.04791 -0.00241 0.00867 -0.17599 0.06326 -0.01932 0.04796 0.06306 0.11351 -0.00724 0.02009 -0.02795 0.06156 -0.04455 0.12087 -0.05219 0.18914 -0.07965 0.07973 -0.09940 0.09631 -0.10427 0.10696 
0.01421 -0.02784 0.05281 -0.05614 0.07940 -0.04258 0.14676 -0.07763 0.06419 -0.08267 0.10960 -0.08190 0.09268 0.00956 -0.01090 0.03127 -0.02541 0.04631 -0.01703 0.10057 -0.03303 0.03525 -0.03464 0.08061 -0.03423 0.04889 0.01354 0.00993 0.06727 -0.05375 0.00163 -0.00738 0.18676 -0.06032 0.00877 -0.04526 -0.04391 -0.11299 -0.00555 
0.02483 -0.03523 0.08200 -0.08475 0.12186 -0.05797 0.26259 -0.11128 0.09082 -0.11499 0.20626 -0.11280 0.12677 -0.00043 0.00460 -0.00148 -0.00583 -0.00078 0.00129 0.01076 0.00294 -0.01055 0.00270 0.01915 0.00052 -0.01278 -0.02036 0.01857 -0.06103 0.05465 -0.08952 0.03278 -0.21772 0.06724 -0.06222 0.06734 -0.17772 0.06529 -0.08302 
0.01378 -0.02324 0.05133 -0.06197 0.07862 -0.04130 0.15753 -0.07469 0.05363 -0.07997 0.12875 -0.08139 0.07990 -0.01080 0.00767 -0.02976 0.02924 -0.04321 0.01576 -0.11716 0.03421 -0.02697 0.03270 -0.09710 0.03106 -0.03414 -0.00108 -0.00455 0.00448 0.00227 0.00504 -0.00539 0.01480 -0.01365 0.01047 0.01148 -0.05103 0.01319 0.01198 
0.01403 -0.02756 0.05225 -0.05551 0.07865 -0.04221 0.14543 -0.07707 0.06385 -0.08228 0.10916 -0.08174 0.09264 -0.00151 0.00005 0.00300 -0.00356 0.00426 -0.00410 0.02556 -0.01071 -0.00008 0.01418 -0.03187 0.01371 -0.00080 0.01158 -0.00409 0.02853 -0.03449 0.04275 -0.01590 0.13749 -0.03570 0.01776 -0.02818 0.10889 -0.02550 0.01834 
0.01227 -0.02319 0.05433 -0.06553 0.08288 -0.04540 0.18309 -0.08539 0.05355 -0.06579 0.09688 -0.06768 0.07909 0.00078 0.00358 -0.00123 -0.00525 -0.00046 -0.00015 0.02033 -0.00149 -0.00921 0.00452 0.01179 0.00556 -0.01580 -0.00141 -0.00590 0.00169 -0.00276 -0.02777 0.02086 0.01963 -0.01093 0.00502 -0.03772 0.03004 -0.01237 0.02562 
0.01481 -0.02398 0.05102 -0.06076 0.07819 -0.04235 0.16576 -0.07855 0.05464 -0.07776 0.12095 -0.07618 0.07684 -0.00292 -0.00586 0.00469 -0.00632 -0.02351 0.01675 0.04519 -0.02163 0.00494 -0.02354 -0.00183 0.00134 0.02482 -0.00078 -0.00358 0.00123 0.00525 0.00046 0.00015 -0.02033 0.00149 0.00921 -0.00452 -0.01179 -0.00556 0.01580 
0.00935 -0.02905 0.05902 -0.07185 0.05937 -0.02865 0.22828 -0.10703 0.05849 -0.08933 0.09504 -0.06634 0.10391 0.00000 0.00000 0.00000 0.00000 0.00000 0.00000 0.00000 0.00000 0.00000 0.00000 0.00000 0.00000 0.00000 0.00884 0.01057 -0.01297 0.01883 0.03968 -0.02905 -0.11145 0.05041 -0.00786 0.03253 0.03244 -0.01357 -0.05085 
0.01481 -0.02398 0.05102 -0.06076 0.07819 -0.04235 0.16576 -0.07855 0.05464 -0.07776 0.12095 -0.07618 0.07684 0.00592 0.00471 -0.00828 0.01252 0.01617 -0.01229 -0.06626 0.02878 -0.00292 0.00899 0.03060 -0.01223 -0.02603 0.10336 -2.85552 1.95190 -2.97521 1.04923 -1.58782 1.13801 0.44244 -2.20189 -1.28991 -1.81187 -2.62615 1.35032 
0.01527 -0.02433 0.05074 -0.05933 0.07555 -0.04094 0.16202 -0.07825 0.05557 -0.08035 0.12565 -0.07857 0.07789 0.10336 -2.85552 1.95190 -2.97521 1.04923 -1.58782 1.13801 0.44244 -2.20189 -1.28991 -1.81187 -2.62615 1.35032 -1.07946 -2.99872 4.78433 -3.30848 1.38687 -1.39131 1.98725 0.28563 -1.80858 -1.37282 -1.88851 -2.34826 0.85927 
0.11817 -2.87950 2.00292 -3.03597 1.12741 -1.63018 1.30376 0.36389 -2.14726 -1.36767 -1.69092 -2.70233 1.42716 -1.07354 -2.99400 4.77605 -3.29596 1.40304 -1.40360 1.92100 0.31440 -1.81150 -1.36383 -1.85790 -2.36049 0.83324 -1.40683 2.56451 1.18625 3.70589 0.47260 1.56716 1.78507 -0.48022 3.71170 2.80647 3.50198 4.00896 -1.69529 
-1.05827 -3.01834 4.82679 -3.35529 1.47859 -1.44454 2.08302 0.23616 -1.75594 -1.44418 -1.73226 -2.43907 0.91113 -1.30347 -0.29101 3.13815 0.73068 1.52183 -0.02066 2.92308 -0.03778 1.50981 1.51656 1.69012 1.38281 -0.34497 0.45479 3.30328 -5.91306 6.13329 -1.63743 1.91540 -2.49993 -0.07851 2.24894 1.97958 4.85858 2.51749 -0.30371 
-1.18530 -3.17051 5.14107 -2.30529 2.64924 -1.65084 4.22684 0.32611 -0.63745 0.14889 -0.00080 -1.31952 1.08219 -0.61876 0.30927 -1.13701 2.83733 -0.23439 0.51180 -0.57894 0.23589 0.43744 0.61575 3.00067 0.15700 0.52953 1.89477 0.51111 -4.08738 -0.18550 -1.51644 -0.19407 -4.45003 -1.02814 -1.75402 -2.71030 -1.09197 -1.97237 0.05956 
-1.67703 -2.70906 3.68978 -0.51796 1.24420 -0.93273 1.50408 0.47205 -1.31850 -0.82842 1.26841 -2.28207 1.44067 0.59130 0.22010 -0.94923 0.54518 0.00539 -0.21473 -1.52696 -1.06592 -0.24421 -1.19374 0.59815 -0.58957 -0.28541 1.20809 -0.82441 1.24552 -5.08192 1.46166 -1.87187 2.32260 -0.31844 0.56419 -0.95980 -5.90019 0.21602 -1.90931 
-0.59400 -2.95041 4.19184 -1.76012 2.65464 -1.86557 2.69988 -0.73982 -0.88166 -1.04484 0.59735 -1.90909 0.79678 0.58934 -0.51513 0.10851 -2.24458 1.22727 -1.36007 1.74366 -0.08255 1.00162 -0.34405 -2.89952 0.37302 -1.37977 -0.81930 -0.48965 0.42394 -0.97127 -0.00397 0.31939 0.84745 1.63504 0.58386 1.70768 -1.03301 0.61780 0.03291 
-1.08769 -3.22420 3.79830 -2.76254 2.47148 -2.29280 3.24774 0.38950 -0.31688 -1.17247 -1.63111 -1.90904 0.06089 -0.22800 -0.26956 -0.52529 -0.42609 0.00142 0.10465 -0.67951 0.56912 0.33965 0.51394 -0.43486 0.02824 -0.25250 -0.15815 0.20965 -1.24489 2.54285 -1.62134 1.70847 -1.80938 0.05679 -1.59670 0.58086 3.76346 -0.94350 2.05341 
-0.82200 -3.21997 3.66655 -2.18621 2.65606 -1.76092 2.02038 -0.17069 -0.54201 -0.53091 0.16249 -1.88085 0.54427 0.43119 -0.30548 -1.13638 0.29827 -0.39407 0.34841 -0.06572 -0.02575 -0.59508 0.23681 0.86393 -0.57048 0.67364 0.41562 0.17995 -0.44987 0.15963 -0.39117 -0.03740 1.75202 -0.25868 -0.20623 -0.11904 0.68389 0.00802 -0.36823 
-0.65650 -3.52968 2.66192 -2.46427 2.07741 -1.94439 3.18202 0.36375 -0.91196 -0.93566 -0.76717 -2.47952 0.73453 0.18762 -0.08961 -0.97516 -0.26646 -0.38975 0.06725 1.07251 0.31044 0.13342 0.39490 0.24904 0.03625 -0.62073 -0.02487 0.50680 0.29948 -0.21596 0.27280 -0.18132 -2.23272 -0.56659 0.46730 -0.51366 -0.57877 1.26097 -1.11496 
-0.63438 -3.30958 2.69139 -2.45267 2.26631 -1.69367 3.09289 0.13974 -0.40859 -0.13601 0.41153 -1.84460 -0.07646 0.40632 0.20132 -0.83689 0.08231 -0.12126 0.16709 -2.29843 -0.59234 -0.12778 -0.27685 0.28516 0.69049 -0.44132 0.50553 0.45486 0.21422 1.55862 0.21515 0.37152 -3.19079 -0.22606 -0.89329 -1.45275 -0.03016 0.02438 2.21596 
-0.25018 -3.32836 1.82503 -2.38196 1.95614 -1.77731 0.88359 -0.22860 -1.03973 -1.21251 -0.48201 -1.78903 0.29321 0.69315 0.36525 -0.76094 1.29215 -0.17459 0.43877 -2.11827 0.08438 -0.75987 -1.05785 0.21887 0.06063 1.59522 0.71305 1.14491 1.57106 2.48562 -0.19697 0.07833 0.91130 0.38443 -0.49872 -0.18608 -1.16518 -1.56182 0.94577 
0.05878 -2.94432 1.93045 -1.16051 2.09172 -1.25490 0.97462 0.22412 -1.16846 -1.19386 0.63040 -1.78397 1.51876 1.11937 1.34623 0.73417 2.56793 -0.31823 0.24542 -1.38714 -0.20791 -0.62649 -0.46292 -0.88002 -0.87132 0.50445 1.00414 0.97587 0.03091 1.05153 -0.59066 -1.47532 -1.18808 -2.61933 0.15424 0.51782 -2.53265 -1.66428 -2.62411 
0.86918 -1.98213 2.55919 0.18596 1.63791 -1.53189 -0.50355 -0.43651 -1.66623 -1.67543 -1.36203 -2.66035 0.79765 1.69729 1.34112 -0.73003 2.34368 -0.76525 -1.03655 -3.30636 -2.53495 -0.60562 -0.54003 -2.31377 -1.60365 -1.02888 -0.07374 -0.90129 -2.19321 -1.48876 -0.27040 -1.32342 0.43697 -1.26883 0.59069 0.54129 0.40937 0.96343 0.17860 
1.75607 -1.60320 1.20042 1.18317 1.32647 -2.29146 -2.33174 -2.31083 -1.77408 -1.73389 -1.68337 -3.38762 0.48988 1.04563 0.44494 -1.45905 1.07917 -0.58863 -1.07800 -0.95016 -1.47674 -0.03581 0.07836 -0.47064 0.09211 0.68305 -1.52775 -1.34515 0.32069 -3.05423 0.55221 0.47139 4.51467 3.15705 0.47189 1.63003 2.12573 2.31640 2.09483 
1.91481 -1.53719 1.10014 1.26513 1.04928 -2.60989 -1.45371 -1.91325 -1.70204 -1.59707 -1.83267 -2.56824 1.48070 0.16954 -0.00403 -0.40934 -0.71055 -0.21304 -0.56516 1.20831 0.62210 -0.13374 1.09000 -0.18804 0.71276 1.06595 -1.07462 -0.63956 0.89568 -2.39521 -0.18155 0.93810 1.93384 1.07896 -0.23991 0.67404 0.45584 -0.60528 -0.71154 
1.92561 -1.60723 0.79108 0.47262 1.11343 -2.85662 -1.12343 -1.68873 -1.90782 -0.64389 -1.87141 -2.67486 1.55583 -0.02899 -0.19462 -0.56336 -1.31604 -0.77018 -0.13990 0.98367 -0.39779 -0.27572 0.75241 -0.01481 -0.51317 -0.02849 -0.05060 -0.40014 0.04194 0.74147 -0.91112 1.06885 -0.04183 -1.38266 0.55010 -1.19730 0.71264 -0.66257 -1.07786 
1.88582 -1.73181 0.53678 -0.05091 0.27910 -2.74980 -0.47003 -2.31104 -1.97776 -0.84466 -1.84748 -3.08142 1.45221 0.11894 -0.40416 -0.36740 0.03092 -1.12416 0.50369 1.16649 -0.76056 0.41636 -0.10730 0.52461 0.05018 -0.01191 0.11770 -0.27453 -0.04161 1.33122 0.61943 0.31521 -1.61923 -0.00036 0.52056 -1.33190 0.63501 0.60869 -0.62697 
2.04456 -2.01139 0.42368 0.50354 -0.01072 -2.35293 0.04306 -2.44929 -1.49145 -0.75119 -1.34680 -2.62468 1.54392 0.08870 -0.46915 -0.60497 0.01519 -0.15076 0.17530 -0.63556 -0.39814 0.24484 -0.57949 0.62020 0.09551 -0.65546 0.01740 0.48736 -0.05801 -0.44520 1.84657 -0.19796 -1.71514 0.99847 -0.32949 -0.16476 0.28139 0.09568 -0.45926 
1.97452 -2.20096 -0.06819 -0.03572 0.12834 -2.57449 -1.10559 -2.70918 -1.73292 -1.42415 -1.22728 -2.98590 0.79676 0.13634 0.08319 -0.42541 -0.41428 0.72242 0.30573 -0.54865 0.23791 0.08687 -0.27206 0.80600 0.14586 -0.47117 -0.07077 0.74328 0.49768 -0.44414 1.03976 -0.24988 1.11881 0.93095 -0.50338 1.44699 -1.05530 0.56247 1.23052 
2.18090 -1.92819 -0.00172 0.08926 0.71169 -2.04720 -0.50559 -2.21138 -1.40458 -1.02324 -0.54081 -2.47882 1.07275 0.01793 0.27413 -0.10730 -0.42895 0.88901 -0.07457 0.48325 0.53280 -0.25854 0.86750 -0.43510 0.65798 0.57506 -0.29215 -0.14244 0.37497 -0.03776 -0.82406 -0.89555 1.83540 -0.61541 -0.83248 1.31411 -2.35436 0.24853 0.73870 
1.99245 -1.92683 -0.17549 -0.46467 1.01735 -2.64907 -0.62234 -2.17638 -1.99145 -0.55666 -1.66239 -2.32792 1.37182 -0.15581 -0.05925 -0.05044 -0.45204 -0.10164 -0.58983 1.28675 -0.37750 -0.74561 1.04205 -1.54836 0.39439 0.26753 0.00453 -0.18815 0.37949 0.37455 -0.71681 -0.03487 1.66710 -0.41541 -0.03927 0.06330 0.30769 -0.31529 -0.26093 
2.02508 -1.98744 -0.05216 -0.36278 0.61005 -2.63703 0.78117 -2.58887 -2.15019 0.01881 -2.08917 -2.08443 1.34028 0.02246 0.08598 0.27220 -0.05440 0.17220 -0.10944 2.15035 0.11739 -0.29781 0.93080 -0.12741 0.34269 0.31414 0.13710 0.09262 -0.17935 0.17269 -0.42719 0.36647 -1.01347 0.16141 0.39460 -1.49138 1.83890 -0.62748 -0.52118 
2.01491 -1.84085 0.09671 -0.51907 1.18954 -2.75851 1.52801 -2.05899 -2.28926 0.37414 -1.78980 -1.98523 1.68596 -0.01872 0.03337 -0.22979 -0.27935 -0.52883 -0.22336 0.27329 -0.21609 -0.35101 -0.44933 0.29054 -0.23309 -0.25365 -0.01804 -0.00285 -0.02032 -0.08533 -0.73399 0.44738 -1.89127 -0.64670 0.43464 -1.12620 0.56484 -0.22389 -0.12927 
2.00637 -1.95407 -0.28195 -0.64213 0.08122 -2.86039 1.05445 -2.80497 -2.50120 -0.43052 -1.79864 -2.31752 1.08663 0.00442 0.08313 0.25188 -0.13973 -0.56179 0.33793 0.25908 -0.52931 0.13683 -0.19540 0.43743 0.11881 0.18487 -0.00186 0.13167 0.45912 -0.34236 0.50460 0.34540 0.10460 -0.13846 0.25039 0.73882 -1.07275 0.63536 0.68628 
2.01934 -1.75772 0.34858 -0.65879 0.62775 -2.42058 1.78709 -2.58830 -2.15243 0.17875 -1.35237 -1.86642 1.87082 -0.02058 0.16504 0.22934 -0.62171 -0.02423 0.12204 0.37789 -0.35455 -0.10062 0.28949 -0.78222 0.40227 0.43263 -0.06585 -0.10887 -0.69505 -0.92665 -0.20671 -0.40944 -2.69761 0.10589 -0.51626 -0.77285 -1.72565 -0.50060 -0.03321 
1.98579 -1.78904 -0.05261 -1.26384 0.05699 -2.73834 1.43234 -3.15952 -2.60182 -0.14103 -2.58085 -1.91525 1.51926 -0.06143 -0.02574 -0.44318 -1.06637 -0.76850 -0.07151 -2.43853 -0.42342 -0.37943 -0.96825 -1.28822 -0.38179 0.15165 0.05732 0.10240 -0.40081 0.47457 0.18122 0.43498 -2.40083 0.64800 0.91256 -1.53092 1.67648 -0.10116 0.39070 
1.95791 -1.78346 -0.09459 -1.72517 -0.14075 -2.49209 -0.65144 -3.01172 -2.53186 -0.78950 -2.64059 -2.24821 2.02248 0.03674 0.26744 -0.17148 -0.14714 0.15699 0.55703 -2.02294 0.29345 0.81194 -1.24143 0.89426 0.30111 0.82333 0.27574 0.48210 0.64726 1.53143 1.38502 0.76384 3.04660 0.73598 1.30542 1.20592 2.00813 1.08887 0.93719 
2.02253 -1.52160 -0.22409 -1.41098 0.21398 -2.18131 -0.59060 -2.86607 -1.78989 -1.38245 -1.68659 -1.61414 2.34259 0.21431 0.45637 0.20409 0.46506 0.61652 0.69232 0.60807 0.31256 0.92599 0.23768 0.71991 0.70708 1.08884 -0.15603 -0.27850 -0.08339 -0.37526 -0.41559 -0.55875 0.84905 -0.81976 -1.01142 1.37507 -2.10431 -0.66002 -0.47079 
2.17222 -1.32709 0.10950 -1.26011 0.47576 -1.79977 -0.04336 -2.69916 -1.60587 -0.55183 -1.92068 -1.54114 3.11132 -0.11929 -0.01107 -0.25487 -0.52240 -0.25860 -0.00173 -1.17389 -0.52631 -0.19948 0.13364 -1.21005 -0.35891 0.35254 -0.30282 -0.33265 -0.28706 -0.67534 -0.24110 -0.80042 0.59135 -0.16416 -1.14585 -0.30424 -1.27486 -0.52338 -0.90649 
1.90324 -1.53267 -0.47896 -1.93338 -0.04462 -2.18304 -1.76448 -3.39239 -1.98937 -1.24881 -2.89664 -1.97304 2.69514 -0.08851 0.12372 -0.08297 -0.21028 0.37542 -0.10809 1.19942 0.14840 -0.21986 -0.06656 -0.55496 0.18370 0.18235 0.16074 0.41015 1.04289 0.38687 0.78725 0.28279 4.26118 1.50330 0.02820 0.60284 1.28646 0.46937 0.47570 
2.08371 -1.20337 0.02652 -1.47039 0.85119 -1.90786 1.15606 -2.55076 -1.82573 -0.61839 -2.47564 -1.35743 3.29367 0.04145 0.39908 0.78802 -0.13553 0.52865 0.28106 3.08729 0.97699 -0.17128 0.73648 0.07641 0.11046 0.82825 -0.18510 -0.29133 0.24483 -0.85523 -1.25084 -0.07109 -1.70617 -0.16154 -1.03652 0.16690 -0.24022 -1.30017 -0.12150 
1.94469 -1.13359 0.30907 -2.06891 0.48402 -1.90197 1.32281 -2.41540 -2.16065 -0.51234 -2.82023 -1.86258 3.52338 -0.27361 -0.16761 0.16186 -1.06552 -0.87542 -0.17919 -0.50675 -0.01314 -1.25638 0.10034 -0.79518 -1.11647 0.06085 -0.14818 -0.74324 -0.95367 0.02485 -0.37351 -0.41334 -3.58161 -0.31407 -0.74510 -1.47495 0.49267 -0.47373 -1.06591 
1.81010 -1.37098 0.18838 -2.53591 -0.02423 -2.08705 0.64931 -2.56390 -3.08211 -0.51805 -3.27082 -2.47390 3.35452 -0.10673 -0.34416 -0.16564 -0.11068 0.15514 -0.13228 -0.49432 0.66292 -0.91639 -0.73847 0.56908 -0.36326 -0.23767 0.31102 0.13291 -0.34853 1.48995 2.38649 0.21047 0.18071 1.89242 1.12758 -1.35843 2.96818 1.66193 -0.32413 
1.83797 -1.47775 0.14343 -2.17959 0.63916 -2.03426 0.82849 -1.75248 -3.07704 -1.25081 -2.25115 -2.22584 3.28572 0.03741 -0.03470 -0.18668 0.42443 1.51107 0.03128 -0.32604 1.87928 -0.12880 -1.25809 2.17300 0.54547 -0.26328 0.16667 0.47123 0.01116 0.34561 1.58268 0.40718 -0.41403 0.49919 0.92786 0.22569 -0.01514 1.04488 0.70203 
1.84752 -1.40568 0.00170 -2.11148 1.48684 -2.05578 0.32327 -0.68462 -3.21091 -1.77614 -1.09781 -1.92844 3.09125 0.05994 0.12706 -0.15449 0.23493 1.73782 0.27490 -0.90835 1.16211 0.01148 -0.51278 0.55394 0.68162 0.46436 -0.03334 0.07050 0.09863 -0.89469 -1.94537 0.14614 -0.02799 -2.41947 0.40588 1.49990 -3.90186 -1.00217 1.05727 
1.89791 -1.35069 -0.01106 -1.94466 2.37698 -1.75936 -0.07985 -0.59037 -3.06556 -1.76359 -1.69721 -1.54422 3.75008 0.00408 0.03580 -0.08805 -0.47025 -0.43430 0.17741 -0.35402 -0.54019 0.27708 0.24181 -1.72886 -0.45670 0.79399 0.02590 0.19383 0.23048 -0.68971 -2.96165 -0.39445 2.50558 -0.89067 0.44876 0.30491 -1.37237 -0.86906 -0.62243 
1.85159 -1.36988 -0.08635 -2.58173 1.05254 -1.87837 -0.03076 -1.22481 -2.93383 -1.53433 -2.82667 -2.38514 3.88524 0.08584 0.32089 0.07600 -0.45478 -1.22383 -0.11956 1.59723 0.27143 0.46024 -0.20787 -0.81843 -0.18744 -0.15807 0.07442 0.32532 0.14429 0.37639 0.12451 -0.55908 1.14275 1.95203 -0.19692 -1.64645 2.27983 0.74878 -1.76079 
1.98375 -1.02980 0.06494 -2.39944 1.15315 -1.87892 1.51738 -0.31894 -2.60532 -1.97147 -2.51564 -1.73166 3.59200 0.07849 0.36112 0.05624 -0.09386 -0.30978 -0.38166 0.78872 1.41184 0.08016 -1.40464 0.55098 0.29208 -0.96680 -0.05606 -0.27203 -0.09452 0.72896 0.68546 -0.16797 -2.63266 0.46083 -0.47265 -0.71396 1.60630 -0.20664 0.06339 
1.93009 -1.00876 -0.03010 -2.67560 0.74276 -2.26003 0.75797 0.18703 -2.85367 -2.93897 -2.27570 -2.09306 2.91844 0.02978 0.04885 -0.01852 0.27418 -0.53837 -0.28752 -1.03543 0.73227 -0.01241 -0.92183 0.78787 -0.39407 -0.09468 0.02091 -0.41752 -0.33455 0.69698 -0.12986 0.18594 -1.30796 -0.73874 1.17511 1.25176 -0.47109 -0.68392 0.44467 
2.01353 -0.98095 0.04642 -2.12526 0.61478 -2.16644 0.48195 0.41332 -2.61774 -2.89330 -1.72777 -2.12573 3.49732 0.09941 -0.05640 -0.27830 0.60311 -0.43964 -0.19573 -0.51924 0.67310 1.25527 -0.15288 0.07989 -0.39184 -0.52213 0.09538 -0.18148 -0.09885 -0.16472 -0.27907 -0.07862 1.40720 0.14333 1.09866 1.23087 -0.18062 -0.43270 -1.70478 
2.02950 -1.06516 -0.30841 -2.07248 0.30312 -2.45576 0.23873 0.86012 -1.59840 -3.09185 -2.19581 -2.48490 2.39631 0.12516 -0.13263 -0.11737 0.10946 -0.81745 -0.36614 0.37178 0.87560 1.08625 0.30904 0.60725 -0.82677 -1.79946 -0.02299 0.19145 0.34962 -0.92273 -0.53809 0.08712 0.64083 -0.22967 -0.97078 0.38325 0.50665 0.25411 -0.55890 
2.13869 -1.11358 -0.07095 -2.01580 -0.20267 -2.53258 0.85373 1.28892 -1.53149 -2.58426 -1.12052 -2.95251 1.69786 0.07642 0.13505 0.07131 -0.31962 -0.97773 -0.10861 0.12160 0.44343 0.28449 0.23037 0.58654 -0.13773 -1.08103 -0.26723 0.06785 0.10772 -0.47316 -0.06648 0.19115 -0.44956 -1.14454 -0.98081 -0.66863 -1.01783 1.38565 1.18392 
2.10592 -0.93011 -0.23709 -2.39210 -0.67460 -2.56437 0.36033 1.30355 -1.31391 -2.86147 -1.60928 -2.62262 1.31528 -0.14207 -0.06478 -0.00965 -0.36371 -0.88393 -0.17499 -0.07778 -0.26894 0.10544 -0.35959 -0.41058 0.55887 -0.61554 -0.29062 -0.54233 0.53358 0.69232 0.03218 0.23155 0.82216 -0.75136 0.13504 -0.68142 -0.70999 0.93321 0.55004 
1.99661 -1.17836 -0.08060 -2.37951 -1.08660 -2.70758 0.77594 1.01998 -1.42605 -2.94385 -1.53110 -2.39363 1.08232 -0.21420 -0.40727 0.60489 0.37270 -0.94554 0.12294 0.94376 -0.30793 0.41953 -0.45105 -0.12345 0.79548 -0.53099 0.02934 0.29649 0.84487 0.64046 0.55867 0.60669 0.49105 0.27831 0.84574 0.43746 -0.03384 0.19190 0.11799 
1.89172 -1.33738 0.36780 -2.01939 -1.62015 -2.44143 1.30409 0.99562 -0.89437 -3.31252 -1.73273 -1.82714 0.78429 -0.11274 0.23171 0.83522 0.27675 -0.32525 0.43170 0.41326 0.00937 0.95118 0.07788 -0.44442 0.75077 -0.49755 0.19723 0.92609 -0.21767 -0.33645 0.80521 0.14890 -1.86548 0.02065 -0.21083 0.50464 0.45138 -0.53319 0.03854 
1.88388 -0.94665 0.75463 -2.10276 -1.41185 -2.27588 1.18921 1.02935 -0.47488 -2.86597 -1.97552 -1.64286 0.58477 -0.01697 0.51882 0.38723 0.03626 -0.14034 0.27184 -0.92172 -0.28728 0.20871 0.05359 0.32792 0.26229 -0.49245 0.14026 0.31191 -0.57549 0.03190 -0.12002 -0.60306 -0.56103 0.05578 -1.07509 -0.50863 0.72398 -0.67578 0.37025 
1.87474 -0.81857 0.75502 -1.98314 -1.76048 -2.16960 0.38236 0.70834 -0.68567 -3.25893 -1.40480 -1.56485 0.29183 0.02752 0.54362 0.25973 0.30865 -0.44528 -0.17136 -0.14777 0.06515 -0.12391 -0.43076 0.27956 0.07499 -0.12730 0.10821 -0.06425 -0.23150 0.20178 -0.49403 -0.48559 1.67149 0.13192 -0.05967 -0.13253 -0.66419 -0.02077 0.35398 
1.91140 -0.40303 1.01436 -1.79411 -1.85713 -2.44723 1.04143 1.09450 -0.59879 -3.29673 -1.69596 -1.56787 0.45748 0.09124 0.45456 0.15573 0.23804 -0.63437 -0.21376 0.74977 -0.15536 0.14904 -0.07894 -0.33627 0.24153 -0.13847 0.01346 -0.31223 -0.33543 -0.37598 0.14333 0.28357 -1.18843 -0.56902 0.25140 0.08090 -0.00343 0.10113 0.16447 
1.96598 -0.36400 0.91075 -1.74509 -2.39485 -2.38336 1.13213 0.55299 -0.53663 -3.33787 -1.74107 -1.32332 0.15336 0.04098 0.23138 -0.07569 -0.06733 -0.30195 0.11221 -1.33620 -0.50387 0.12749 -0.34985 0.27613 0.17612 0.03718 -0.10767 -0.08348 -0.08487 -0.39108 0.93641 0.27419 -3.10646 -0.32358 0.09634 0.27674 0.15021 -0.76682 0.60384 
1.95238 -0.17164 0.93866 -1.86144 -2.15907 -2.33502 -0.29477 0.59063 -0.47130 -3.64658 -1.41983 -1.39175 0.49465 -0.01644 0.37109 0.07085 -0.15304 0.30204 0.06043 -2.35669 -0.47893 0.24538 0.19780 -0.18606 -0.52529 0.46536 -0.09523 0.07620 0.22916 -0.08179 0.19911 -0.21645 0.76586 -0.19592 0.02263 0.90920 -1.45132 -0.58119 -0.28026 
1.94955 0.00709 0.98161 -1.89813 -2.09281 -2.32292 -1.22456 0.07405 -0.29125 -3.14007 -1.92713 -1.84861 0.61872 -0.05425 0.30759 0.15346 -0.14912 -0.10284 -0.10424 -0.57034 -0.69979 0.15012 0.55935 -1.17519 -0.40507 -0.24308 -0.08307 0.05338 0.19903 0.01780 -0.13547 0.00227 2.74141 0.29108 -0.30714 0.22564 -0.14691 0.32466 -0.60797 
1.89813 0.13594 1.09213 -2.01056 -2.26191 -2.43926 -0.86511 -0.10916 -0.32118 -3.08723 -2.59501 -1.79682 0.25157 -0.09951 0.42447 0.26988 -0.13523 0.16657 0.06270 0.38471 -0.18786 -0.06175 0.42344 -0.33297 -0.20064 -0.14261 0.00927 -0.00002 0.08820 0.28781 0.18623 0.44092 1.08920 0.78107 0.03378 0.18818 1.39852 0.16704 0.29780 
1.85004 0.43156 1.25149 -2.03336 -1.92624 -2.26022 -0.83985 -0.11381 -0.35300 -2.71662 -2.26010 -2.04925 0.47611 -0.04497 0.30756 0.24166 0.13869 0.08339 0.33668 0.51886 0.08127 0.18390 0.74753 0.22334 -0.23803 0.05472 0.10035 -0.31802 -0.32227 0.14102 -0.03958 0.21446 -0.42226 0.22730 0.24874 -0.25547 1.12386 0.15382 -0.16711 
1.85316 0.44351 1.33379 -1.87187 -2.17853 -2.10258 -0.34625 -0.02789 -0.13728 -2.33971 -2.37168 -2.03485 0.30629 0.00084 0.10645 -0.05238 0.00578 0.12699 0.27717 -0.03754 0.03944 0.18698 0.16798 0.79089 -0.04682 -0.30972 -0.14340 -0.22712 -0.43579 -0.52402 0.10696 -0.40277 -1.28835 -0.70571 -0.46615 -1.06698 0.32634 0.05424 -0.85672 
1.85088 0.53800 1.19910 -2.02758 -1.79925 -1.98305 -0.87739 -0.07437 -0.16602 -2.54865 -1.46921 -2.09606 0.16639 -0.18837 0.08044 -0.19413 -0.38533 0.19035 -0.06609 -0.76949 -0.62443 -0.28225 -0.31945 0.54967 -0.18379 -0.80200 -0.11202 -0.12146 -0.39570 -0.03687 0.14223 -0.20617 -0.59665 -0.25613 -0.01326 -0.19207 -0.29765 0.34688 0.04229 
1.66480 0.52395 1.13966 -2.25720 -1.98818 -2.16867 -1.11574 -0.65232 -0.41953 -2.65916 -1.82200 -2.21863 -0.49571 -0.11118 -0.01501 -0.44809 -0.03109 0.26922 0.07099 -0.63419 -0.21669 0.17372 -0.02409 0.49325 0.30007 -0.26742 0.15809 -0.04773 -0.03770 1.11527 0.85005 0.80999 0.96219 0.25257 0.55406 1.60656 0.22508 0.50444 1.33658 
1.73970 0.52299 0.75101 -2.05867 -1.53003 -1.91205 -1.51158 -0.29106 0.00770 -2.57274 -0.97596 -1.79599 -0.10103 -0.03028 0.03271 -0.23183 0.72993 1.04040 0.74389 0.19270 -0.37186 0.27181 1.28711 0.77476 0.32066 0.53457 -0.24628 0.05352 0.65133 1.12498 0.82994 0.55727 1.82928 -0.62093 -0.03698 1.30474 -0.81651 0.48732 0.84043 
1.63451 0.55666 0.90783 -1.52727 -0.94778 -1.42478 -0.92304 -1.02417 -0.14772 -1.37205 -1.04724 -1.89797 0.03886 -0.35746 0.03851 0.20324 1.09389 1.09916 0.62826 1.19509 -0.83762 0.13674 1.28065 -0.32326 0.78739 0.57301 -0.27979 0.07296 0.05914 -0.31257 -0.48438 -0.67027 1.28639 0.21660 -0.15076 -1.55162 -1.51132 -0.17869 -1.02617 
1.38224 0.56149 0.95425 -0.96478 -0.43087 -1.28379 -0.31649 -1.12869 0.14444 -1.29209 -1.29922 -1.00860 0.47198 -0.31007 0.10566 -0.17269 0.41736 0.55602 0.07363 1.47909 -0.15525 0.12104 -0.26451 -0.73656 0.14196 -0.49160 0.12274 -0.14351 -0.65615 -1.24754 -0.80397 -0.36011 0.18041 1.08195 -0.41897 -1.21677 0.73108 -1.49689 -1.69274 
1.32445 0.66232 0.73513 -1.10991 -0.39175 -1.35115 0.55605 -1.17943 -0.02668 -1.63655 -1.78381 -1.75601 -0.45274 -0.23472 -0.10500 -0.45291 -0.15365 0.29519 0.26816 1.37550 0.24433 -0.28223 0.06389 0.40782 -0.70949 -1.11974 -0.21295 -0.55802 0.46289 0.39497 -0.27974 0.36580 -1.22172 0.31455 -0.30484 -0.05664 -0.08034 -0.19052 0.75471 
1.14751 0.45649 0.50134 -1.11844 -0.13568 -1.01564 1.05901 -0.88436 -0.13780 -1.22820 -0.89141 -1.71809 -0.64776 -0.52302 -0.45236 0.29019 0.81233 0.27629 0.43942 0.25737 0.15929 -0.18380 -0.32115 -0.81690 -0.04855 0.26311 -0.42683 -0.10784 0.53833 0.40364 -0.60928 0.01326 -2.01866 -0.53216 -0.09766 -0.32313 -1.48466 0.75886 1.37110 
0.80143 0.20996 1.02533 -0.29758 -0.11547 -0.91173 0.81342 -1.02014 -0.21048 -1.95770 -2.60071 -1.80456 -0.18963 -0.66156 -0.21284 0.08542 0.24999 -0.31409 0.28141 -0.64316 -0.28783 -0.37990 -0.25924 -1.07684 0.04937 0.25136 -0.15453 0.13489 -1.03195 -0.62156 -0.40367 0.17872 -0.52530 0.11176 0.19903 1.61271 3.49493 0.97456 0.01705 
0.48596 0.24365 0.58677 -0.86845 -0.44977 -0.73422 0.41584 -1.17219 -0.51769 -1.48744 -1.96825 -1.66872 -0.39640 -0.67755 -0.31747 -0.74176 0.19077 -0.12738 0.61814 -0.26794 0.27106 0.01524 1.29157 2.67803 0.92601 0.28016 0.24858 -0.34104 -0.60015 0.61673 1.52155 -0.17175 -0.40952 1.22454 1.03828 1.19648 2.87760 1.03737 0.76434 
0.12388 -0.10751 0.28357 -0.10681 -0.24284 -0.29359 0.54548 -0.74908 -0.19524 -0.66614 0.07732 -0.87855 0.09053 -0.41298 -0.55388 -0.51472 0.86672 1.20746 0.10967 -1.05268 0.93671 0.65838 0.93724 1.80075 1.08674 1.01571 1.02392 -0.06574 -0.09652 -1.18337 1.05153 -1.09841 1.23528 0.40852 0.28702 -1.49134 -3.35516 -1.01868 0.32480 
0.07297 -0.31023 0.07204 -0.00173 0.75769 -0.62456 -0.63684 -0.23548 0.14069 -0.55020 -0.16750 -0.58199 0.61931 0.34637 -0.38321 -0.83828 -0.99260 0.92415 -0.48027 0.96734 0.67958 0.30226 -0.19977 -0.67713 -0.09267 0.60496 0.34317 0.61036 0.82808 -0.82502 -1.94905 0.04505 1.65124 -0.76820 -0.36008 -0.51799 -1.32023 -0.94091 -1.77478 
0.47025 -0.49072 -0.55472 -1.09941 0.68131 -0.77385 1.51283 -0.06950 0.10701 -0.86591 -0.59980 -0.97122 0.69549 -0.06981 0.05648 0.31336 0.04170 -0.74159 0.15472 0.59856 0.16851 0.29830 0.41925 0.48053 0.14582 -0.75907 -0.84398 0.57570 1.49997 2.00486 -1.11807 1.02586 -0.15216 -1.08263 -0.85378 0.54978 0.36529 0.51859 -1.26463 
0.00316 -0.25375 0.38540 0.03998 0.01610 -0.46984 -0.03828 -0.06697 0.43899 -0.13095 0.31303 -0.43616 -0.13976 -0.49761 0.19250 0.66168 1.01227 -0.19392 0.54560 0.81518 -0.40305 -0.55152 0.35001 -0.31183 0.42592 -0.65967 -0.01224 -0.10000 -0.36128 -0.12658 1.23800 0.05659 1.25012 -1.10762 -0.82300 -0.86713 -0.97390 -0.33314 1.03208 
-0.02736 -0.29822 0.10696 -0.08714 0.48739 -0.22826 2.32801 -0.47254 -0.44451 -0.51590 -0.91164 -0.54530 0.03581 -0.08205 -0.04352 -0.04792 -0.08488 0.49641 0.21130 1.84869 -0.93911 -0.52470 -0.44788 -0.49337 -0.18731 0.27301 0.52711 -0.33925 -0.72653 -0.77956 0.10828 -0.94384 -1.81613 1.06047 1.00166 -0.04846 1.37210 -0.30495 1.44572 
-0.07889 -0.29727 0.33749 -0.04490 0.51251 -0.25854 1.81041 -1.00608 -0.08570 -0.57882 -0.18034 -0.62348 0.13325 0.02950 -0.14675 -0.06485 0.23270 -0.08564 -0.39824 -1.00094 0.65743 0.45014 0.30155 1.06027 0.12098 0.78604 0.14146 0.17390 -0.34209 -0.63633 -0.96328 -0.07787 -2.24871 1.91826 0.39641 0.87268 0.37997 0.96126 0.15572 
0.00214 -0.44497 0.04212 0.14556 0.40175 -0.62650 1.32707 0.18488 0.00563 -0.21436 0.14863 -0.42432 0.82185 0.05941 0.13038 -0.39000 -0.72121 -0.46687 0.13343 -0.40003 0.97915 -0.12828 0.42480 -0.11340 0.77395 0.42873 -0.16394 0.45764 0.21384 -1.14078 0.25715 0.30819 -1.05995 -0.82005 -0.33771 -0.35774 -1.42980 -0.32007 -1.42444 
-0.01948 -0.16688 -0.05252 -0.76611 0.04564 -0.12510 1.41038 -0.02693 -0.21398 -0.15402 -0.29374 0.15047 0.56197 -0.13444 0.31090 0.14899 -0.90808 0.17151 -0.09006 -2.06090 -0.16262 0.11242 -0.05620 -0.36953 -0.19909 -0.63840 -0.09733 -0.04477 0.49745 1.27393 0.53029 -0.14204 -0.62605 -1.12627 0.28941 -0.55512 0.69917 -0.82088 -0.68685 
-0.13229 -0.13407 0.19111 -0.76251 0.57326 -0.71656 -0.73383 0.02226 0.11805 -0.27055 -0.22090 -0.62341 0.18345 -0.03792 0.08561 0.10745 0.55272 0.06342 -0.00860 -1.02608 -0.14711 0.16112 -0.13032 0.58577 -0.04693 -0.25813 0.11009 -0.17837 0.22119 1.07991 -0.63922 0.46879 2.75314 -0.86995 -0.41521 0.24932 0.11872 0.37495 0.14007 
-0.05740 -0.08127 0.05493 -0.21339 0.10906 -0.13371 0.38430 -0.17404 -0.05286 -0.28434 0.29203 0.10354 0.30385 -0.02435 0.13252 0.37019 0.17183 -0.46771 0.37873 0.69224 -1.03257 -0.30279 0.19312 -0.25080 0.17586 -0.49833 0.01742 0.03058 0.17619 -1.07901 1.19641 -0.47190 2.12620 0.61538 0.00048 0.22590 -1.42299 -0.32047 0.10099 
-0.15664 -0.00155 0.56130 -0.59068 0.10555 -0.33783 -0.04158 -1.01031 -0.18474 -0.07743 -0.47170 -0.44755 -0.31488 -0.02051 0.11618 0.28364 -0.52629 1.25983 -0.48050 1.10012 0.46827 0.16160 0.09558 -0.83722 -0.36740 -0.15714 0.11707 -0.08909 -0.92846 0.21043 0.34315 -0.28477 -0.22323 1.45868 0.47724 -0.46177 0.96254 -0.10546 0.58453 
-0.07791 0.03491 0.33857 -0.73969 1.36888 -0.61421 1.48441 0.29422 0.10874 -0.18877 -0.54519 -0.26386 0.14671 0.09272 0.04343 -0.55828 0.38226 -0.12456 0.09396 0.46902 0.42611 0.17445 -0.26865 0.71173 0.07040 0.08620 0.07131 -0.16938 -0.40705 1.20358 -2.80076 0.93106 -1.97133 -0.98890 -0.24891 -0.08785 1.57262 0.22315 0.41552 
-0.06392 0.04188 0.00302 -0.20842 -0.01901 -0.24387 0.42743 -0.58420 -0.01029 -0.34608 0.24003 -0.37714 -0.22868 0.05080 -0.05320 -0.12341 0.67729 -1.54093 0.45056 -0.87121 -0.52063 -0.08731 0.00772 0.73540 -0.14425 0.25838 -0.11106 -0.24654 0.66226 -0.37816 0.00322 0.01778 -0.66829 -0.21156 -0.00119 0.31832 -1.35802 -0.14517 0.46369 
-0.02711 -0.01829 0.21516 -0.06240 -0.17205 -0.16365 0.61320 -0.22641 0.02143 -0.18105 0.19021 -0.40811 0.40509 -0.01834 -0.20311 0.10398 0.00410 -0.12133 0.11174 -0.19927 0.21455 0.17326 0.04968 -0.64629 -0.07476 0.54989 -0.06278 -0.00701 -0.04976 -0.78330 1.66876 -0.36696 1.30330 0.51346 0.10836 -0.35374 -1.50070 0.00654 0.15315 
-0.08226 -0.16122 0.10701 -0.20432 -0.14034 -0.13213 0.22816 -0.36965 0.16297 -0.29640 -0.40626 -0.45190 0.32122 -0.01198 -0.06021 -0.17317 -0.10602 0.12783 0.08360 0.43209 -0.00717 0.02105 -0.34602 -0.76530 -0.13771 0.41154 0.14537 0.44800 0.30345 0.09044 0.22799 -0.60867 -0.37560 -0.34033 -0.59955 0.00279 -0.02690 0.13780 -0.44015 
-0.03909 -0.07850 0.04199 -0.16842 -0.04422 -0.08005 1.04529 -0.23357 0.04248 -0.52706 -0.57510 -0.54582 0.81662 0.12703 0.24489 0.40744 0.09454 0.10666 -0.49694 -0.57487 -0.12578 -0.42629 0.05247 -0.67320 0.06304 0.10974 0.00600 -0.01667 0.85269 0.65851 0.55285 -0.54174 0.80923 0.29538 0.40018 0.39127 1.70530 1.41387 -0.48945 
0.04477 0.08367 0.51445 -0.10977 -0.03369 -0.62907 -0.34671 -0.49543 -0.26332 -0.24393 -1.07946 -0.38887 0.43096 -0.00598 -0.07688 0.67952 0.55249 0.68068 -0.45814 1.24131 0.28821 0.42123 0.04526 0.94000 1.27615 -0.07791 -0.35626 -1.03932 -0.25945 -0.16812 0.65074 0.58877 2.17364 0.38668 1.59414 -0.22789 1.29739 0.31886 1.14737 
-0.04507 -0.15537 0.72151 0.38407 0.63646 -0.53819 2.28660 0.05464 0.46370 -0.48181 0.36490 0.73033 0.73871 -0.22923 -0.79443 0.14799 -0.07357 0.75740 0.09184 1.59877 0.26090 1.16785 -0.17542 0.62419 0.38190 1.25712 -0.16113 -0.42591 -0.78982 -0.93732 -0.16784 0.61003 -2.07478 -0.61877 0.08660 0.45673 -1.73222 -2.14420 0.46883 
-0.18446 -0.71076 0.66243 -0.18334 0.72371 -0.53723 1.25206 -0.23453 0.90453 -0.41935 -0.45526 -0.00696 1.68807 -0.16711 -0.50279 -0.11030 -0.38483 0.51284 0.15188 -0.83347 -0.33056 0.50783 0.50199 -0.79222 -0.86804 0.39092 0.40173 1.15629 0.14735 0.57585 -0.71469 0.09044 -3.04130 -0.94625 -1.62842 -0.16672 -0.90731 -0.51728 -1.76887 
-0.21217 -0.65816 0.61122 -0.00076 1.14930 -0.38631 1.45313 -0.27592 0.97153 0.02018 -0.42732 -0.13771 1.12963 0.17250 0.36186 0.29533 0.50227 0.04271 0.18228 -1.44253 -0.68535 -0.46057 -0.34214 -0.28312 -0.13537 -0.51175 0.22587 0.63785 0.12947 0.59241 -1.24273 -0.07063 -0.98991 -0.41453 -0.94506 -0.83993 0.37548 0.51648 -0.73458 
-0.01196 -0.34890 0.95777 0.31893 0.76642 -0.35495 -0.19047 -0.91988 0.44396 -0.76149 -0.73838 -0.14234 1.17632 0.05876 0.13506 0.01917 0.20758 -0.72989 0.08125 -1.82338 -0.74509 -0.43723 -0.33794 -0.41674 -0.35156 -0.34366 -0.16121 -0.46573 -1.01147 -0.90434 -0.35185 -0.35904 1.83976 1.31271 0.25741 0.52256 0.79577 0.51236 -0.03946 
-0.15341 -0.52310 0.63038 0.20682 0.41941 -0.30506 -0.37025 -1.02101 0.53430 -0.31776 -0.84406 -0.48927 0.78597 0.01129 -0.10387 -0.71614 -0.40207 -0.30914 -0.17676 0.39723 0.62736 -0.20316 0.18042 0.51265 0.37699 -0.55121 0.04158 0.10109 -0.53018 -0.01057 0.88037 -0.24138 1.24744 1.69220 0.15904 0.26927 0.02464 0.26378 0.15300 
-0.00066 -0.45277 0.24163 -0.08314 0.45728 -0.53172 0.20677 -0.29252 0.24080 -0.58106 -0.22573 0.23465 0.62511 0.10034 0.23615 -0.51101 0.19701 0.15047 -0.16013 -0.57594 0.94711 -0.27819 -0.06867 -0.39211 -0.08778 -0.19066 -0.03644 0.44764 0.68191 0.41088 -0.04216 0.44396 -0.13823 -0.65411 0.02923 0.19534 -0.42189 -0.73001 -0.14296 
-0.05307 -0.28694 0.11937 0.40383 0.56989 -0.46519 -0.94619 -0.07390 0.25611 -0.38642 -1.23617 -0.57705 0.59531 -0.02515 0.34378 -0.03422 0.00880 -0.35130 0.26719 0.25900 -0.02675 -0.17393 0.37576 0.09076 -0.35303 -0.69417 -0.07174 -0.06219 0.58371 -0.60256 -0.84216 0.57258 1.70567 -1.22563 0.24490 0.50349 1.52195 0.53132 0.00992 
-0.02581 -0.10899 0.20741 -0.07434 0.10598 -0.26452 0.46576 -0.31927 0.06687 -0.20530 -0.13497 -0.11838 -0.06906 0.02860 0.17397 0.07270 -0.40555 -0.69169 0.41244 1.12973 -0.27852 -0.03329 0.43482 1.12985 0.44354 -0.18074 0.02020 -0.28296 -0.05009 -0.05483 0.30891 -0.01904 -0.42336 0.18324 0.14209 -0.29420 -0.06652 0.42074 0.96910 
-0.02448 -0.11298 0.19207 -0.00171 -0.12180 -0.05274 0.18354 -0.35241 0.22282 0.04840 -0.10632 -0.13351 0.41458 -0.00494 0.06082 -0.08432 -0.04603 -0.04239 0.24815 -0.16436 0.15649 -0.03184 0.08157 0.02424 0.06771 0.27493 0.00268 -0.09743 -0.21675 0.33431 0.84657 -0.40062 -1.20480 0.48090 -0.12741 -0.59966 -0.92267 -0.36591 -0.01633 
-0.03075 -0.04817 0.12309 -0.12036 0.06359 -0.01637 0.30140 -0.16278 0.03503 -0.12373 -0.11073 -0.05067 0.20587 0.03128 0.07654 -0.14406 -0.07124 0.15488 0.01182 -0.07508 0.20238 -0.16070 -0.16484 0.20718 0.07763 -0.19706 0.05879 -0.09234 0.08464 0.01782 0.19773 -0.34021 0.35091 -0.25082 0.10169 -0.16528 0.30598 -0.24297 -0.33164 
0.00680 -0.03643 0.04801 -0.07295 0.03308 -0.04092 0.10846 -0.15003 0.06212 -0.11644 0.10086 -0.05588 0.21751 0.05385 -0.03152 0.00033 -0.02820 0.15534 -0.09206 0.18655 -0.09433 0.06985 -0.08372 0.33022 -0.17526 -0.05671 -0.01882 -0.07105 0.16074 0.07237 -0.07577 -0.04241 0.10417 -0.14317 0.19695 0.15946 -0.16750 -0.14995 0.10789 
0.02310 -0.07969 0.12342 -0.14857 0.21893 -0.10843 0.48795 -0.25711 0.10488 -0.20745 0.21949 -0.22593 0.14916 0.01246 0.00549 0.01669 0.00113 0.07911 -0.03059 0.02909 0.05921 0.03625 -0.00538 0.03968 -0.07232 -0.08917 -0.05651 0.07991 -0.05179 0.10001 -0.28606 0.14014 -0.48035 0.23772 -0.09974 0.18813 -0.35781 0.28118 -0.01642 
0.01926 -0.03094 0.06470 -0.07182 0.11219 -0.07151 0.13755 -0.09082 0.09838 -0.12181 0.14054 -0.12820 0.12834 -0.00266 0.04839 -0.05146 0.07180 -0.13072 0.04808 -0.29381 0.14339 -0.02989 0.10441 -0.02759 0.10592 -0.07313 -0.02075 -0.00298 -0.02910 0.00430 -0.12684 0.06840 0.05004 -0.04968 -0.09362 0.03848 -0.05680 0.12497 0.05465 
0.02043 -0.03130 0.07196 -0.07677 0.08821 -0.06035 0.19414 -0.11372 0.07498 -0.10304 0.19190 -0.12000 0.07602 -0.00830 0.00252 -0.01241 0.00543 -0.04773 0.03781 0.07913 0.00954 -0.05737 0.03310 -0.01711 0.05264 -0.03452 -0.00430 -0.04003 0.03134 -0.05993 0.12835 -0.03420 0.27627 -0.10913 0.00688 -0.07166 -0.05698 -0.05514 0.07089 
0.01096 -0.02842 0.05229 -0.06638 0.06447 -0.03370 0.21668 -0.08128 0.04101 -0.08871 0.12343 -0.07555 0.09382 -0.00696 0.00836 -0.02012 0.01187 -0.00237 0.01389 -0.01754 0.03426 -0.02302 0.03275 -0.08457 0.05078 -0.00224 0.01093 0.00212 0.00438 -0.01768 0.07675 -0.04479 -0.09456 -0.00122 0.05701 -0.02868 -0.00576 -0.04002 0.03212 
