0.00989 -0.02143 0.04758 -0.07158 0.05595 -0.05217 0.09463 -0.07049 0.09395 -0.08071 0.06038 -0.09973 0.09714 -0.11697 -0.76437 1.30887 0.02669 0.07471 -0.37913 1.90887 -1.67083 -0.19931 0.23508 0.28907 -1.83182 0.45797 -0.01131 -0.95869 1.33604 0.22908 -0.35956 -0.14498 2.49997 -1.18404 -1.47934 -0.02766 0.68530 -1.19282 1.24402 
-0.10455 -0.78684 1.35331 -0.03767 0.12652 -0.43057 2.00565 -1.74164 -0.10995 0.16211 0.34402 -1.92853 0.55753 -0.06517 -0.72696 1.13153 0.33261 -0.34387 -0.15234 2.36077 -1.26818 -1.86284 -0.37731 0.31133 -1.69480 0.76381 0.22912 1.53403 -2.61869 -0.06779 -0.12840 0.73778 -3.79688 3.34259 0.37976 -0.44407 -0.60109 3.69786 -0.93472 
-0.05528 -0.74840 1.17911 0.26103 -0.28792 -0.20451 2.45540 -1.33867 -1.76888 -0.45803 0.37171 -1.79454 0.86095 0.11214 0.76966 -1.30982 -0.04110 -0.05369 0.35865 -1.88801 1.67176 0.18045 -0.20900 -0.31202 1.86603 -0.47675 0.13328 1.45345 -2.26772 -0.65748 0.68342 0.30850 -4.73156 2.54368 3.72513 0.74076 -0.60472 3.36674 -1.52385 
0.00760 -0.01717 0.04349 -0.07877 0.07283 -0.07192 0.11764 -0.06987 0.07050 -0.04688 0.03200 -0.06250 0.08078 0.06811 0.72649 -1.13619 -0.32488 0.33955 0.15616 -2.37079 1.27550 1.86229 0.36345 -0.29339 1.67193 -0.76004 -0.10679 -0.77632 1.30533 0.06477 0.03506 -0.33953 1.84893 -1.66242 -0.14887 0.16435 0.34398 -1.91985 0.50927 
0.01283 -0.02191 0.04292 -0.06385 0.05163 -0.04834 0.08460 -0.06317 0.09341 -0.09458 0.07832 -0.12260 0.10091 0.00535 -0.00666 -0.00449 0.02367 -0.01864 0.01912 -0.03908 0.00934 0.03158 -0.04465 0.03196 -0.05382 0.03253 -0.06642 -0.72729 1.13422 0.33010 -0.34301 -0.15533 2.37343 -1.27771 -1.86353 -0.35631 0.28484 -1.66071 0.75826 
0.01295 -0.02383 0.03901 -0.05510 0.05419 -0.05280 0.07856 -0.06053 0.10208 -0.09153 0.06396 -0.11632 0.11331 0.00169 -0.00080 -0.00197 0.00522 -0.00346 0.00083 0.00264 -0.00221 -0.00124 0.00714 -0.00855 0.01122 -0.00178 -0.00377 0.00778 0.00644 -0.02719 0.01261 -0.01383 0.04777 -0.01420 -0.04150 0.04873 -0.02614 0.05876 -0.04671 
0.01452 -0.02271 0.04096 -0.05862 0.04816 -0.04751 0.08724 -0.06538 0.09216 -0.08745 0.06978 -0.11138 0.09913 0.00157 0.00112 0.00195 -0.00352 -0.00603 0.00529 0.00869 -0.00485 -0.00992 0.00408 0.00582 0.00494 -0.01418 -0.00169 0.00080 0.00197 -0.00522 0.00346 -0.00083 -0.00264 0.00221 0.00124 -0.00714 0.00855 -0.01122 0.00178 
0.01452 -0.02271 0.04096 -0.05862 0.04816 -0.04751 0.08724 -0.06538 0.09216 -0.08745 0.06978 -0.11138 0.09913 0.00000 0.00000 0.00000 0.00000 0.00000 0.00000 0.00000 0.00000 0.00000 0.00000 0.00000 0.00000 0.00000 -0.00201 -0.00079 -0.00172 0.00211 0.00771 -0.00693 -0.00668 0.00460 0.00838 -0.00127 -0.00843 -0.00154 0.01285 
0.01452 -0.02271 0.04096 -0.05862 0.04816 -0.04751 0.08724 -0.06538 0.09216 -0.08745 0.06978 -0.11138 0.09913 -0.00044 0.00033 0.00023 -0.00141 0.00168 -0.00164 0.00201 -0.00026 -0.00154 0.00281 -0.00261 0.00340 -0.00133 0.00000 0.00000 0.00000 0.00000 0.00000 0.00000 0.00000 0.00000 0.00000 0.00000 0.00000 0.00000 0.00000 
0.01408 -0.02238 0.04118 -0.06004 0.04985 -0.04915 0.08926 -0.06564 0.09062 -0.08463 0.06717 -0.10798 0.09780 0.00000 0.00000 0.00000 0.00000 0.00000 0.00000 0.00000 0.00000 0.00000 0.00000 0.00000 0.00000 0.00000 0.00088 -0.00067 -0.00046 0.00282 -0.00337 0.00329 -0.00402 0.00051 0.00308 -0.00563 0.00522 -0.00679 0.00266 
0.01452 -0.02271 0.04096 -0.05862 0.04816 -0.04751 0.08724 -0.06538 0.09216 -0.08745 0.06978 -0.11138 0.09913 0.00044 -0.00033 -0.00023 0.00141 -0.00168 0.00164 -0.00201 0.00026 0.00154 -0.00281 0.00261 -0.00340 0.00133 -0.00258 -0.00446 -0.00404 -0.00496 0.00261 0.00376 0.01370 0.00273 -0.00521 -0.02011 -0.00858 0.00643 0.03100 
0.01452 -0.02271 0.04096 -0.05862 0.04816 -0.04751 0.08724 -0.06538 0.09216 -0.08745 0.06978 -0.11138 0.09913 -0.00258 -0.00446 -0.00404 -0.00496 0.00261 0.00376 0.01370 0.00273 -0.00521 -0.02011 -0.00858 0.00643 0.03100 -0.00088 0.00067 0.00046 -0.00282 0.00337 -0.00329 0.00402 -0.00051 -0.00308 0.00563 -0.00522 0.00679 -0.00266 
0.01194 -0.02717 0.03692 -0.06359 0.05077 -0.04374 0.10094 -0.06265 0.08696 -0.10756 0.06119 -0.10495 0.13013 -0.00044 0.00033 0.00023 -0.00141 0.00168 -0.00164 0.00201 -0.00026 -0.00154 0.00281 -0.00261 0.00340 -0.00133 0.00472 0.00925 0.00830 0.00851 -0.00353 -0.00917 -0.02538 -0.00572 0.00888 0.04304 0.01456 -0.00947 -0.06333 
0.01408 -0.02238 0.04118 -0.06004 0.04985 -0.04915 0.08926 -0.06564 0.09062 -0.08463 0.06717 -0.10798 0.09780 0.00214 0.00479 0.00427 0.00355 -0.00092 -0.00541 -0.01169 -0.00299 0.00367 0.02293 0.00597 -0.00304 -0.03233 0.00998 -0.01642 0.02524 -0.03780 0.02691 -0.02957 0.05088 -0.04473 0.06106 -0.06600 0.04929 -0.08388 0.06454 
0.01408 -0.02238 0.04118 -0.06004 0.04985 -0.04915 0.08926 -0.06564 0.09062 -0.08463 0.06717 -0.10798 0.09780 0.00955 -0.01608 0.02547 -0.03921 0.02859 -0.03121 0.05289 -0.04498 0.05952 -0.06318 0.04668 -0.08048 0.06321 -0.00170 -0.00513 -0.00449 -0.00214 -0.00076 0.00705 0.00967 0.00324 -0.00213 -0.02574 -0.00336 -0.00036 0.03366 
0.02363 -0.03846 0.06666 -0.09925 0.07844 -0.08036 0.14215 -0.11062 0.15014 -0.14782 0.11385 -0.18847 0.16101 0.00044 -0.00033 -0.00023 0.00141 -0.00168 0.00164 -0.00201 0.00026 0.00154 -0.00281 0.00261 -0.00340 0.00133 -0.01983 0.03162 -0.04914 0.07912 -0.06064 0.06519 -0.10418 0.08526 -0.11497 0.12864 -0.09673 0.15996 -0.11839 
0.01452 -0.02271 0.04096 -0.05862 0.04816 -0.04751 0.08724 -0.06538 0.09216 -0.08745 0.06978 -0.11138 0.09913 -0.01028 0.01553 -0.02367 0.03990 -0.03204 0.03398 -0.05129 0.04028 -0.05546 0.06546 -0.05005 0.07948 -0.05518 -0.00267 -0.00816 -0.00758 0.02454 0.01391 -0.02092 -0.01703 0.00903 0.04023 -0.01719 -0.01840 -0.01603 0.04075 
0.01335 -0.02293 0.04299 -0.05935 0.04639 -0.04639 0.09086 -0.07034 0.09468 -0.08236 0.06380 -0.10898 0.10583 -0.00224 -0.00849 -0.00781 0.02595 0.01223 -0.01928 -0.01904 0.00928 0.04177 -0.02000 -0.01579 -0.01943 0.04208 0.01111 -0.01482 0.02084 -0.03826 0.03327 -0.03481 0.04759 -0.03561 0.05383 -0.07180 0.05732 -0.08430 0.05086 
0.01228 -0.03121 0.03315 -0.03267 0.06040 -0.06678 0.06821 -0.05610 0.13394 -0.10745 0.05399 -0.13081 0.14121 0.00083 0.00072 -0.00283 0.00164 0.00123 -0.00083 -0.00369 0.00467 -0.00163 -0.00635 0.00727 -0.00482 -0.00432 0.00404 0.01732 0.01585 -0.05332 -0.02278 0.03691 0.04009 -0.01882 -0.08508 0.04282 0.02897 0.04226 -0.08549 
0.01417 -0.02221 0.04016 -0.05770 0.04762 -0.04721 0.08716 -0.06567 0.09305 -0.08871 0.07107 -0.11380 0.10151 0.00180 0.00883 0.00804 -0.02737 -0.01055 0.01763 0.02105 -0.00954 -0.04331 0.02282 0.01318 0.02283 -0.04341 0.00858 -0.01692 0.02960 -0.04472 0.03197 -0.03535 0.06342 -0.05068 0.05488 -0.04434 0.02697 -0.05822 0.05919 
0.01408 -0.02238 0.04118 -0.06004 0.04985 -0.04915 0.08926 -0.06564 0.09062 -0.08463 0.06717 -0.10798 0.09780 0.00941 -0.01620 0.02677 -0.04307 0.03320 -0.03618 0.05973 -0.04601 0.05325 -0.05069 0.03424 -0.06303 0.05487 0.00718 -0.02360 0.01618 -0.01435 0.04419 -0.05354 0.03455 -0.03308 0.09787 -0.08298 0.03160 -0.09785 0.10046 
0.02358 -0.03841 0.06694 -0.10078 0.08082 -0.08339 0.14689 -0.11168 0.14631 -0.13940 0.10531 -0.17683 0.15639 0.00897 -0.01478 0.02422 -0.04172 0.03364 -0.03591 0.05560 -0.04262 0.05456 -0.06016 0.04478 -0.07502 0.05705 -0.01890 0.03224 -0.05253 0.08381 -0.06417 0.07042 -0.11737 0.09205 -0.10894 0.10545 -0.07238 0.13188 -0.11346 
0.02306 -0.03715 0.06540 -0.10175 0.08349 -0.08506 0.14485 -0.10825 0.14518 -0.14479 0.11195 -0.18300 0.15485 -0.00949 0.01603 -0.02575 0.04074 -0.03098 0.03424 -0.05764 0.04604 -0.05568 0.05476 -0.03814 0.06885 -0.05859 -0.02450 0.03254 -0.04661 0.08011 -0.06230 0.06061 -0.08777 0.07949 -0.12309 0.14096 -0.10061 0.15529 -0.10777 
0.01408 -0.02238 0.04118 -0.06004 0.04985 -0.04915 0.08926 -0.06564 0.09062 -0.08463 0.06717 -0.10798 0.09780 -0.01553 0.01776 -0.02239 0.03839 -0.02865 0.02471 -0.03218 0.03687 -0.06853 0.08080 -0.05583 0.08027 -0.05072 -0.08913 -0.52501 0.39454 -0.08511 0.66852 -0.55929 -1.06613 -0.52212 0.33170 -0.77638 0.04344 -1.39980 -0.19801 
0.00753 -0.01939 0.04301 -0.06336 0.05484 -0.06035 0.11268 -0.07138 0.07666 -0.06399 0.05611 -0.10273 0.10413 -0.09863 -0.50897 0.36879 -0.04437 0.63754 -0.52505 -1.12377 -0.47608 0.27602 -0.72162 0.00530 -1.33095 -0.25660 -0.23839 -1.57294 0.71056 -0.26382 1.57747 -0.75009 -1.86701 -0.12079 1.98973 -1.02102 -0.50107 -1.57420 1.62094 
-0.08455 -0.53135 0.40997 -0.10440 0.68739 -0.57420 -1.03451 -0.54171 0.36664 -0.80625 0.07247 -1.43894 -0.15880 -0.25391 -1.55518 0.68816 -0.22543 1.54882 -0.72538 -1.89918 -0.08391 1.92121 -0.94022 -0.55691 -1.49392 1.57022 -0.72180 -0.59730 1.69287 -2.45473 1.42139 0.23335 0.18115 1.78632 0.03824 1.55487 0.02100 1.47980 1.14322 
-0.24638 -1.57457 0.73117 -0.28879 1.60365 -0.78574 -1.78651 -0.15529 1.99786 -1.00422 -0.50079 -1.59666 1.67435 -0.82043 -1.10627 2.06165 -2.49910 2.05894 -0.29170 -0.94262 1.31025 0.31426 0.83325 0.02630 0.14885 0.88662 -0.73321 1.35044 1.50611 -2.81436 -0.28528 0.09878 3.23807 0.73384 -3.49788 2.55963 0.98475 3.11843 -2.30990 
-0.90497 -1.63762 2.47162 -2.60350 2.74632 -0.86590 -1.97713 0.76854 0.68090 0.02700 0.09877 -1.29009 0.72782 -0.98713 -0.20474 2.19428 -3.03979 1.26353 -0.62661 1.33889 0.64992 -1.57668 1.61941 0.42784 1.62451 -0.73969 0.41630 0.99741 -1.43249 1.82763 -1.73396 -0.70488 2.76248 -2.11219 -0.29617 -0.38846 -0.84515 0.70696 -1.35881 
-1.23351 -1.77931 2.92545 -3.32858 2.86719 -1.41235 -0.44762 0.49463 0.42119 0.61520 -0.07295 0.02785 0.93466 -0.40413 -0.10886 0.62917 -0.67147 0.32498 -0.99658 1.81986 -0.80194 0.01809 0.44480 -0.81885 0.85581 -0.47219 0.54105 0.19822 -2.08820 3.13091 -0.86389 -0.00884 -0.05454 -2.18151 1.97563 -2.02285 -1.39408 -2.16835 0.39613 
-1.30910 -1.74648 3.10079 -3.27497 3.07130 -1.86248 -0.15727 -0.03340 0.69899 0.47180 -0.72008 -0.43429 0.25563 -0.44607 -0.00651 0.10608 0.09112 0.39964 -0.63545 1.28435 -1.53158 0.39895 -0.40344 -0.96624 -0.54384 -0.34355 0.22408 0.25341 -1.07872 0.61103 0.58557 0.92276 -1.61652 0.69374 0.53836 -1.26741 0.57794 -0.29776 1.75252 
-1.67958 -1.78582 3.03153 -3.23747 3.26683 -2.04780 0.83672 -1.03695 0.82013 0.21176 -1.03919 -0.51599 0.59111 -0.18004 0.14455 -0.44956 -0.06044 0.91055 -0.07382 0.20334 -0.10820 0.55644 -0.82262 -0.24091 0.55805 1.28033 0.89515 0.55787 -0.64798 -0.38700 0.31866 0.32172 -2.15802 2.77241 -0.57630 -0.43002 1.80360 1.01310 0.96680 
-1.48915 -1.60193 2.65123 -3.33540 3.98185 -1.93631 0.04608 -0.14161 1.25543 -0.35082 -0.96099 0.12376 1.53596 0.44907 0.55136 -0.54190 -0.29588 0.71830 -0.31373 -0.87367 1.24083 -0.17735 -0.83346 0.83736 0.46926 0.62325 0.31396 -0.26827 0.75587 0.15274 -1.18718 -0.23651 0.71005 0.14518 -0.00806 -0.09475 0.39159 0.04451 -1.50457 
-1.23051 -1.23446 2.48964 -3.53335 3.98513 -2.36153 -0.03695 0.20388 0.64278 -0.62170 -0.20183 -0.04673 1.21436 0.13392 -0.12372 0.30631 0.09230 -0.27663 -0.31033 0.91340 0.03697 0.54838 -0.91737 0.15068 0.60256 -0.22424 -0.51547 -1.52568 0.16619 0.45976 -1.07349 0.91509 2.76519 -2.91615 0.69356 0.70959 -1.08415 -0.45087 -0.85627 
-1.35523 -1.72565 2.95754 -3.24310 3.70522 -2.24664 0.95947 -0.10463 1.80382 -1.26819 -0.81032 0.72632 1.31172 -0.06640 -0.97432 -0.37571 0.16387 -0.35519 0.60136 1.89151 -1.67532 0.51621 -0.12387 -0.24678 0.01839 -0.23302 0.23810 -0.34260 -1.64116 0.70975 0.09124 1.04573 -0.84947 -1.10033 -0.65945 1.78047 -0.01454 -2.45223 -0.45599 
-1.29691 -2.20878 2.11393 -3.36948 3.62994 -1.76017 1.85456 -1.47145 1.15899 -0.74557 -0.44861 -0.02833 0.98134 0.37201 -0.46632 -1.33484 0.80205 -0.18539 0.73539 0.06393 -1.06335 -0.11107 0.86310 0.13614 -1.84967 -0.68023 2.47963 2.02014 -1.25486 1.13868 -0.86013 -1.25628 -4.72663 1.18142 -3.11060 0.06049 -0.21962 -1.38992 -0.53843 
-0.98322 -2.19197 1.62270 -2.44105 3.51983 -1.51124 1.02340 -1.16799 1.69275 -0.40509 -0.67418 -1.12335 0.63149 2.41323 1.04582 -1.63057 1.30255 -1.21532 -0.65492 -2.83511 -0.49390 -2.59439 -0.06338 -0.46640 -1.37153 -0.77145 2.30038 0.53701 -0.90919 0.58406 -1.76485 -2.47621 -1.30435 -0.55843 -3.90628 -0.61376 -0.17271 0.52944 0.49764 
1.11632 -1.16296 0.48336 -2.06692 2.41462 -2.41509 -0.98055 -1.96535 -1.43540 -0.80896 -0.91500 -1.39986 0.20989 2.67240 0.07068 -2.24404 1.38611 -1.95024 -1.74081 -1.24042 -1.62179 -4.01735 0.24934 -0.03657 -1.32023 -0.18259 -1.74833 -2.20325 -0.15638 -0.64799 -0.31018 -0.41511 4.73417 -0.43430 3.04951 1.17487 0.07126 -0.39259 0.04613 
1.68918 -2.12129 -0.62134 -1.05494 1.56959 -3.25206 -0.21702 -2.78977 -2.32460 -0.15574 -0.71075 -2.44358 0.44890 0.66490 -1.15743 -1.78695 0.65456 -1.52550 -1.07004 1.89906 -0.92820 0.45512 1.11148 -0.39513 -1.76412 -0.72532 -2.70028 -0.01309 1.03211 -1.22786 0.53332 2.14102 2.34401 2.00166 5.34709 0.44362 -0.97229 0.92447 -1.27227 
1.78123 -2.32039 -1.30359 -1.41236 0.88913 -3.48513 0.91851 -2.89355 -0.98027 0.30252 -1.31014 -3.16399 -0.51543 -0.02788 0.05760 -1.21193 0.15825 -1.41692 0.40020 1.10360 0.37987 1.32975 0.69296 -1.00887 -0.39576 -1.45485 -0.73205 1.46465 2.08844 0.01772 1.05850 2.67275 -1.60987 1.62871 0.76923 -1.02561 0.32858 3.49747 -0.32065 
1.66130 -2.06369 -1.83327 -0.89669 0.15267 -2.85185 0.88658 -2.40990 -0.99485 0.53722 -1.71961 -2.83934 -1.00595 -0.06715 0.30722 0.30149 0.67228 -0.46700 1.60271 0.28918 0.70050 1.22436 0.08587 -0.06655 1.73335 -1.04597 -0.10814 -0.24476 1.45797 -0.49384 1.62053 0.18675 -0.97704 -0.78082 -0.42816 -1.55769 0.43411 1.31895 0.68841 
1.71408 -2.01317 -1.00210 -0.74008 0.42213 -1.88242 1.20769 -2.19305 0.24408 0.38840 -1.37669 -1.43064 -1.56140 -0.13602 -0.18716 0.24604 -0.33558 0.20361 0.58696 0.12656 -0.40095 0.90159 -0.86473 -0.57476 0.92318 -0.76644 -0.03225 -0.11582 -0.45464 -0.43309 1.00257 -1.32505 0.87754 -0.62820 -1.03862 0.13792 -0.64764 -0.96353 1.75344 
1.52528 -2.25085 -1.58723 -1.23228 0.35628 -2.26489 1.01314 -2.81085 -0.09326 -0.32752 -2.29437 -1.91616 -1.77239 -0.09940 0.19140 -0.15314 0.23919 0.53557 0.27766 1.16672 0.07231 0.18574 0.22379 -0.71419 0.76982 0.70747 -0.04235 0.35037 -0.49427 0.59372 -0.21135 -0.55595 0.70513 0.16816 -0.96011 1.37558 -0.31912 -0.48726 1.13976 
1.61468 -1.82177 -1.15525 -0.50089 0.95770 -1.60475 2.37441 -2.12074 0.42982 0.61218 -2.09088 -0.66082 -0.85393 -0.17837 0.16321 -0.24823 0.25814 -0.00774 0.03101 0.83169 -0.23279 -0.05853 0.51084 -0.89387 0.43592 0.37332 0.01857 -0.23290 -0.12916 -0.27911 -0.60749 -0.81968 -0.49647 -0.05491 -0.28943 0.13091 -0.48190 -0.64509 -0.58478 
1.34691 -2.08764 -1.83546 -0.97414 0.34853 -2.23388 1.84483 -3.04364 -0.15179 0.18332 -3.18825 -1.48023 -1.39907 -0.08083 -0.04150 -0.28230 -0.03991 -0.07191 -0.54202 0.67025 0.01740 -0.10369 0.35470 -1.19609 0.12473 0.12270 0.31595 0.00903 0.87755 0.20357 0.65050 0.21423 0.22793 1.12181 -0.15177 -0.00213 0.88274 0.71098 0.75922 
1.53384 -1.86327 -1.43755 -0.54081 0.88578 -2.14677 3.04466 -2.10334 0.32613 0.96688 -3.28697 -0.53609 -0.73123 0.13758 0.17224 0.62932 0.46170 0.64276 0.24524 1.05962 0.88902 -0.21029 0.50871 -0.01114 1.14691 1.13254 0.06606 -0.12645 -0.04401 0.06877 -0.10361 0.32152 -0.68202 -0.26345 -0.08440 -1.11583 1.05609 0.07578 -0.46894 
1.48450 -1.91540 -1.20613 -0.51243 0.99129 -1.98864 2.90444 -2.15462 -0.36209 0.69203 -3.19938 -0.33333 -0.26653 -0.01477 -0.16795 -0.32631 0.02886 -0.17552 -0.22050 -0.01176 -0.24605 -0.18809 -0.76113 -0.13999 0.20051 -0.34624 -0.04458 -0.16475 -0.90411 -0.31644 -0.58358 -0.38056 -0.87982 -0.63954 0.50866 -0.57637 0.26152 -1.06211 -1.88622 
1.51907 -2.03122 -1.76386 -0.51194 0.71026 -2.36727 3.03290 -2.34939 0.13804 0.20575 -3.42696 -0.33559 -1.07747 0.09300 0.00750 -0.27478 0.14527 0.05918 -0.13532 0.17980 0.24948 0.29836 -0.06766 0.25038 0.08480 -0.75368 -0.08665 0.05387 0.20603 -0.47373 -0.18293 0.40187 -0.78720 -0.05148 -0.86167 0.32775 0.83016 -2.13400 0.87560 
1.57749 -1.90790 -1.48092 -0.36717 1.05047 -2.12396 3.08424 -1.90514 -0.06372 0.62438 -2.94900 -0.24853 -1.02021 -0.10142 -0.11408 -0.12028 -0.44487 -0.35845 0.18137 -0.79896 -0.29753 -1.04976 -0.43338 0.69017 -1.93349 0.52935 -0.10718 -0.39203 -0.14139 -0.62221 -1.04569 0.13875 -1.58997 -0.65852 -1.42152 -0.60612 -0.08635 -2.76501 0.96991 
1.41765 -2.14529 -1.88414 -0.95681 0.35181 -2.18590 2.23394 -2.64692 -0.91172 -0.22762 -2.73679 -2.26908 -0.54812 -0.01418 -0.38453 -0.41618 -0.47695 -0.98651 0.00344 -1.41017 -0.40903 -1.12316 -0.67378 0.16404 -2.68021 0.21624 0.32286 0.07675 0.41373 0.38380 0.57668 -0.12834 0.72353 1.12702 0.87586 0.55758 -0.00742 0.98406 -0.31219 
1.56332 -2.29243 -1.89710 -0.84412 0.06397 -2.12052 1.67407 -2.31417 -1.18688 -0.04940 -2.78496 -2.92874 -0.80397 0.22144 -0.03733 0.29345 -0.06106 0.21823 0.05303 -0.07543 0.82949 -0.17390 0.12420 0.68275 -0.94944 0.21717 0.16323 0.22499 1.41973 -0.58684 1.87182 -0.44048 1.79765 0.91265 1.42772 0.08575 0.75230 0.95179 1.28298 
1.63909 -2.18262 -1.59069 -1.01787 0.57005 -2.13287 2.15851 -1.81744 -1.08562 -0.10342 -2.05404 -3.21852 -0.33095 0.14905 -0.15954 1.00355 -1.06379 0.88531 -0.43705 0.38748 0.50361 0.30456 -0.58802 0.91634 -1.72842 1.49922 -0.19010 -0.36378 0.31698 -1.20521 0.17595 -0.55623 -0.52157 -1.04623 -0.14484 -0.70702 -0.69635 0.99257 -0.58545 
1.71237 -2.45197 -0.89355 -1.90791 0.94928 -2.55757 2.06154 -1.81056 -0.88232 -0.63743 -1.86862 -4.65716 0.69525 0.03134 -0.40111 0.61042 -1.26627 0.39418 -0.50320 -0.59701 -0.21674 -0.31874 -0.58282 -0.01361 0.04314 -0.36828 -0.22338 0.17242 -1.47559 0.81949 -1.17603 0.32942 -1.26681 -0.93037 -1.16898 -0.09164 -0.83996 3.56465 -3.17053 
1.67043 -2.58373 -0.98027 -2.28414 0.96423 -2.63607 1.56150 -2.03418 -1.40437 -0.68625 -2.06765 -3.17538 -0.69923 -0.07433 0.01288 -0.47204 -0.24430 -0.29072 -0.10762 -0.87933 -0.42675 -0.86442 -0.67967 0.07638 1.83623 -1.67131 0.02824 0.69205 -0.19346 2.24488 -0.65531 0.75892 0.92513 0.06461 0.18734 0.49276 0.83131 1.54768 0.65711 
1.63804 -2.43908 -1.36558 -2.15220 0.65856 -2.66519 1.18221 -2.23731 -1.74674 -1.31709 -1.79224 -2.82092 -0.97606 0.05959 0.29094 0.41697 0.97861 -0.26113 0.25572 0.32812 -0.15213 -0.13141 -0.09006 0.81771 1.59082 0.28883 0.16780 0.31450 1.62149 1.14820 0.52273 0.15974 1.54414 0.94144 1.22950 2.29157 0.41357 -0.28460 2.31645 
1.73002 -2.29279 -0.56330 -1.30553 0.70310 -2.38035 1.88961 -2.18632 -1.53577 -0.77631 -1.24994 -1.58457 -0.41040 0.09347 0.32738 1.14945 0.90391 0.23201 0.05212 0.66481 0.51469 0.36507 1.61191 0.48995 1.55163 0.64514 -0.02514 0.02308 -0.15098 -1.28638 -0.07438 -0.59354 -0.50692 0.76906 0.25407 0.71978 -1.22884 -1.27019 -0.46818 
1.73152 -2.11170 -0.21613 -1.24830 0.89056 -2.61307 1.84702 -1.72262 -1.38167 0.29481 -1.30229 -1.26929 -0.33093 0.03445 0.31402 0.26598 -0.30777 -0.33551 -0.33781 -0.17880 0.61693 0.12267 0.62972 -0.41113 0.32062 -0.17935 0.12127 -0.11572 -1.16138 -1.22789 -1.05173 0.00677 -1.07027 -0.19145 -0.36982 -2.70948 -1.13593 -1.65036 0.21567 
1.76447 -1.97877 -0.29732 -1.61330 0.36760 -2.71816 1.71081 -1.56939 -1.41310 -0.14659 -1.66107 -1.26394 -0.58975 0.21474 0.21166 -0.01193 -0.32399 -0.81972 0.05889 -0.40547 0.32324 -0.00475 -1.09758 -0.64598 -0.09873 0.86081 0.21828 0.05643 -0.52462 0.89965 -0.40798 0.96701 -0.02271 -0.90797 -1.03921 -2.72438 0.39045 -0.55859 2.48985 
1.94626 -1.90004 -0.22807 -1.57229 0.07084 -2.55418 1.44155 -1.39938 -1.38642 -0.80276 -1.94827 -1.36802 0.52988 0.25273 0.37045 -0.25863 0.59188 -0.74349 0.62920 -0.20151 -0.29104 -0.91654 -2.09466 -0.02068 -0.23796 2.31050 -0.22106 0.26587 -0.59769 0.96037 0.76809 0.67990 -0.12775 -0.58351 -1.45838 -2.10655 0.66181 -0.36015 -0.42955 
2.01719 -1.60832 -0.55595 -1.02142 -0.37589 -2.08896 1.50930 -1.86043 -2.32964 -2.24125 -1.68175 -1.50191 1.72076 -0.00632 0.47753 -0.60962 0.63638 -0.05164 0.73879 -0.53322 -0.26027 -1.46313 -3.20413 0.01583 -0.45888 0.43126 -0.36039 0.09490 0.05711 -0.57625 1.06997 -0.16236 -0.41274 0.68312 0.52648 0.35481 -0.14188 -0.12991 -2.99091 
1.93994 -1.42250 -0.83769 -0.93590 0.01920 -1.81539 0.90833 -1.65965 -2.84955 -4.00689 -1.93244 -1.82691 0.96114 -0.10766 0.46536 -0.20152 0.01563 0.32649 0.46683 -0.61425 0.39208 -0.39005 -1.73985 -0.16256 -0.36788 -0.68040 -0.10395 -0.05350 0.89790 -0.57284 0.08121 -0.83886 0.31033 0.80206 1.77292 3.33441 0.05023 0.83463 -0.41341 
1.90953 -1.14296 -0.75747 -1.00579 -0.04940 -1.62213 0.89505 -1.46835 -2.71969 -3.98110 -1.84431 -1.86978 1.04035 -0.11026 0.42403 0.28828 0.06354 0.02957 -0.10007 -0.22289 0.54179 0.30978 0.13028 0.06606 0.37575 0.01785 -0.03911 -0.52968 0.30566 -0.02318 -0.18545 -0.22059 0.09385 -0.66257 0.89431 1.81541 -0.05165 0.78492 1.06111 
1.82968 -0.99847 -0.54941 -0.87236 0.04878 -1.91546 0.68544 -1.11786 -2.53977 -3.87662 -1.86638 -1.45116 0.97899 -0.14677 -0.06432 0.10414 -0.00755 0.14104 0.24624 -0.52040 -0.27049 0.50426 0.07556 -0.21421 0.41704 0.38071 0.14677 -0.46284 -0.10229 -0.29420 -0.01198 0.90009 0.11530 -1.06435 0.24399 -0.01339 -0.19971 0.13463 1.36774 
1.76276 -1.20728 -0.65333 -1.01334 0.09164 -1.37588 0.37465 -1.73884 -2.21543 -3.90554 -2.05851 -1.45274 1.42106 0.03651 -0.03881 0.18598 -0.23065 0.01759 0.80002 -0.10759 -0.52256 0.55377 0.11689 -0.13365 0.51038 1.38559 0.32579 -0.37167 0.21185 -0.46837 -0.64539 -0.20774 0.03061 0.02012 0.89359 1.24623 0.45810 0.39675 0.67428 
1.86619 -1.03728 -0.36343 -1.10301 0.06637 -1.11543 0.57785 -1.64042 -1.98600 -3.75973 -2.00003 -0.94078 2.36458 0.17902 -0.43599 0.31599 -0.47592 -0.50435 0.03851 -0.48979 -0.25037 1.39785 1.32179 0.24389 0.81380 1.05499 -0.05070 -1.19314 0.06523 -0.16595 -1.19109 -1.26977 0.83420 0.21556 -0.06976 2.37784 0.96943 -0.93682 -2.04171 
1.94178 -1.64327 -0.33733 -1.48926 -0.41271 -1.33737 -0.11514 -1.98921 -0.81759 -2.58376 -1.81462 -0.63894 2.47605 -0.01419 -1.23195 0.25122 -0.39660 -1.17350 -0.46975 0.72661 -0.30700 0.48401 2.49473 0.83579 -0.42644 -0.65611 -0.37085 -0.48240 -0.25382 0.16385 0.34906 -0.18780 1.79679 1.01369 -2.12201 0.58172 0.66919 -2.28957 -1.32787 
1.85200 -2.26923 -0.11221 -1.49961 -1.10713 -1.58518 1.30445 -1.94743 -1.50198 -1.26499 -1.16424 -1.36722 1.70847 -0.19183 -0.91839 0.06217 -0.31207 -0.15528 -0.14929 1.30700 0.76332 -0.72417 1.90350 0.91308 -1.47578 -0.27288 -0.05999 0.80943 -0.33266 -0.28193 1.67635 0.71034 -1.15589 1.21746 -0.58887 -1.40651 0.40836 -0.85270 1.69086 
1.74996 -2.56166 -0.27516 -1.80133 -0.56800 -1.48666 1.19187 -1.22589 -1.54175 -0.68026 -0.90155 -2.11472 2.20316 -0.07418 -0.42251 -0.08144 -0.67853 0.50285 0.24059 -0.42928 0.91046 -0.10485 1.08822 1.24415 -1.27914 1.03475 0.20672 0.74815 -0.36041 -0.00153 0.43773 -0.00318 -1.88633 -0.42414 0.59052 -1.88134 -0.04034 0.83544 0.67369 
1.77781 -2.69174 -0.19365 -2.17814 -0.60428 -1.34459 0.87517 -1.03697 -1.60684 -0.17677 0.07990 -2.64636 2.74322 0.01489 -0.17023 -0.29824 -0.31360 0.28245 -0.15247 -0.57933 0.33917 -0.13364 0.02217 0.87274 -0.64033 0.40081 0.17534 0.51167 0.09848 0.94691 -0.04479 -0.24331 1.10013 -0.77334 0.69158 -1.02517 -1.16938 2.78199 -0.77677 
1.76485 -2.73189 -0.57340 -2.11494 -0.28555 -1.63913 0.61254 -0.88672 -1.67539 -0.65809 -0.02881 -2.75506 2.60397 0.10116 0.08916 0.01704 0.26838 0.45807 -0.00271 0.67084 0.13712 0.58673 0.06305 0.07477 1.50284 0.25798 0.08942 0.32161 0.52245 0.35400 -0.39326 -0.03471 1.86594 -0.25191 1.18075 0.31476 -0.90779 1.97702 -0.96720 
1.87898 -2.60258 -0.17661 -1.90977 -0.14621 -1.34730 1.54602 -0.89985 -1.02011 -0.11372 0.15467 -1.14352 3.00120 0.10432 0.15138 0.22421 0.04040 -0.11081 -0.18719 1.28661 0.08727 1.04711 0.33692 -0.03505 1.33669 -0.56639 -0.08298 -0.07065 -0.48066 -0.38307 -0.70104 -0.43623 -0.45777 0.02035 0.15302 -0.11891 -0.29692 -1.92042 -1.02242 
1.86917 -2.58051 -0.34920 -2.07453 -0.39636 -1.82632 1.89915 -0.79945 -0.62829 -0.32116 -0.06386 -1.41837 2.03758 0.01818 0.01851 -0.46362 -0.11469 -0.24297 -0.43895 0.21308 0.15747 0.73975 -0.05586 -0.22215 -0.41758 -0.76445 -0.15472 -0.33404 -0.60253 0.18609 -0.00612 0.27363 -1.59281 -0.72721 -1.29823 -0.59809 -0.17313 -0.88901 0.89068 
1.89715 -2.58407 -0.64022 -2.02446 -0.38918 -1.78625 1.75909 -0.74238 -0.28036 -0.16958 -0.06748 -1.56110 2.23675 -0.05041 -0.18266 -0.37832 0.22649 -0.11693 0.08644 -0.30620 -0.63995 -0.25112 -0.26117 -0.20818 0.44768 0.32428 -0.21091 -0.01379 0.24929 0.66920 0.46620 0.09624 -0.94468 -0.66177 -1.46069 -0.28716 0.31577 1.15974 0.85581 
1.81876 -2.76318 -0.72752 -1.84805 -0.51328 -1.73988 1.59295 -1.43940 -0.87941 -0.58233 -0.27204 -0.97069 2.36186 -0.19274 0.00472 -0.21433 0.55451 0.22323 -0.34271 -0.73160 -0.50430 -0.72094 -0.34302 0.09362 0.74216 0.09136 0.02759 0.31656 0.11765 0.36007 0.73686 -0.69482 -0.38563 0.30368 -0.88754 0.22767 0.41543 -0.32651 -0.96908 
1.70442 -2.57935 -0.85455 -1.46994 -0.16596 -2.12896 1.02749 -1.24668 -1.00130 -0.51261 0.02614 -0.81894 2.32811 -0.02282 0.13390 -0.26067 0.58656 0.61994 -0.60838 -0.69183 -0.33627 -1.13866 -0.03350 0.20725 0.12116 -0.64480 0.20556 0.15248 -0.00798 -0.12738 0.14518 0.26431 0.79089 -0.54352 -0.94678 -0.41589 -0.43391 -0.93657 -0.46037 
1.79595 -2.62928 -0.98819 -1.26149 0.10665 -2.34826 0.90113 -1.77567 -2.01807 -0.61583 -0.06479 -0.84953 1.71706 0.01282 0.15720 -0.22230 0.42714 0.36841 -0.07840 0.05928 -1.04782 -1.66772 -0.75891 -0.34029 -0.19441 -0.36901 0.07177 0.29234 0.48134 -0.12608 -0.21442 0.79209 1.73926 0.21319 1.72817 0.86855 -0.77923 -0.60906 0.64631 
1.71724 -2.42215 -1.07685 -1.04281 0.20245 -2.20736 1.08677 -2.29450 -2.66902 -1.27152 -0.31416 -1.01335 1.95910 0.04895 0.42624 0.22066 0.46048 0.40551 0.18371 1.04743 -0.12308 0.58951 0.83505 -0.57198 -0.48789 0.00151 0.15865 0.19431 0.44329 -0.57567 0.00893 0.24868 0.58502 1.47631 2.38361 1.69968 -0.23731 -0.42791 -0.40072 
1.84490 -2.20305 -0.76752 -0.80101 0.51217 -2.16454 1.94856 -1.89875 -1.42855 0.21922 -0.63677 -1.33742 1.71858 0.17147 0.35151 0.22099 -0.14853 0.37734 0.17028 0.64431 0.42849 0.71589 0.94076 -0.57760 -0.62232 -0.76974 0.00301 -0.11290 -0.04123 0.07667 -0.50729 0.87900 -1.42694 -0.62757 -1.08810 -1.71310 0.40278 -0.26385 -0.05699 
1.88871 -2.07065 -0.85586 -1.19134 0.57979 -2.03708 1.73108 -1.86600 -1.95313 -0.33075 -0.89176 -1.63567 1.18936 0.05196 0.31334 0.17943 0.53715 -0.10177 1.06271 -0.37950 -0.75065 -0.49858 -0.87805 -0.16921 -0.75174 -0.05547 -0.20060 0.30879 0.23061 1.49818 -0.03826 1.05327 -1.73507 -1.20914 -1.22208 -1.98339 0.40891 -0.26140 1.58851 
1.89686 -1.88971 -0.58809 -0.26386 0.41039 -1.10183 1.56906 -2.64939 -1.92714 -0.65883 -0.80598 -2.08916 1.66310 -0.02913 0.66029 0.45159 1.34965 0.33908 1.22356 -1.09077 -0.78065 -0.50619 -1.04263 -0.16870 -0.88372 0.81877 -0.20652 0.57571 0.21908 0.35697 1.11221 -1.00427 -1.68850 1.01052 1.39997 -0.54299 -0.67816 1.51392 0.39237 
1.85958 -1.41035 -0.40427 0.15832 0.91887 -0.81352 0.64031 -2.64666 -2.45932 -1.37338 -1.06045 -2.51939 2.00813 -0.15456 0.88905 0.39851 0.89413 1.01044 0.05844 -2.06800 0.25987 0.90138 -1.42104 -0.84736 0.76218 0.33690 -0.25470 -0.34945 -0.26670 -0.44648 0.23751 -1.62032 -1.37644 0.95105 2.42177 -0.24769 -0.24121 2.58221 -0.34323 
1.74230 -1.00066 -0.18958 0.63027 1.42083 -1.04339 -0.49894 -2.38952 -1.02575 -2.07987 -1.65334 -1.32698 2.00000 -0.28383 0.31085 0.18490 0.90318 0.57659 -0.39676 -2.46721 0.17040 1.91558 -1.29032 -0.40991 1.69849 0.47554 -0.31785 -0.90661 -0.30479 -0.68927 -1.25190 -0.23808 1.23284 -0.28583 0.16393 1.14739 0.12328 -1.02043 -0.34949 
1.57575 -1.09951 -0.21937 1.06149 1.49545 -1.21028 -1.82689 -2.47626 -0.54374 -2.66370 -1.47036 -0.82090 2.48367 -0.47241 -0.01756 0.09372 0.20485 -0.24146 -0.17964 -0.83516 -0.02596 1.06531 -0.27365 -0.72408 -0.25825 -0.01259 -0.11387 -0.52525 -0.03144 -1.25365 -1.15000 0.56907 2.71301 -0.54369 -1.55706 1.61885 -0.66900 -2.61968 -0.07887 
1.26989 -1.01823 -0.09587 0.83512 1.17937 -1.22302 -1.33410 -2.41548 0.03956 -2.35352 -2.37743 -1.58523 1.98741 -0.39770 -0.21441 0.15346 -0.35047 -0.57342 0.17230 0.24580 -0.37329 0.35852 0.32853 -1.07891 -0.92119 0.39667 -0.09319 0.58821 -0.14251 -1.31548 -0.19682 0.77093 1.57102 0.16992 -2.51887 0.14032 1.45388 -0.00584 -0.85170 
1.17805 -1.31392 -0.06591 0.71102 0.92204 -1.03798 -1.58109 -2.84955 -0.18522 -2.33517 -2.54927 -1.74209 2.88034 -0.56559 0.57064 -0.04879 -1.11063 -0.43829 0.59129 0.73586 0.14396 -1.45356 -0.13333 0.72980 -0.26409 -0.86429 -0.71582 1.09470 -0.80876 -1.33203 -0.40963 0.58447 1.76088 2.79844 0.15419 0.94558 3.73033 2.53133 -2.27696 
0.70429 -0.44758 -0.14466 -0.27551 0.74108 -0.63174 -0.59824 -2.27152 -1.41400 -2.48685 -1.64763 -1.84932 1.12312 -1.11352 0.88030 -0.65530 -1.68250 -0.98305 0.75677 2.00669 2.42515 0.51270 1.27411 2.65143 1.61014 -1.88028 -0.16516 -0.37697 -0.11593 0.69248 0.03146 0.12355 0.55832 1.76100 1.87925 2.35216 1.25043 2.78813 0.65037 
0.06453 -0.43362 -0.72121 -0.97147 -0.06101 -0.28121 0.42560 -0.42440 0.32748 -1.06105 0.10215 -0.13195 1.00006 -0.73075 0.19368 -0.16472 -0.41815 -0.40683 0.71484 1.29418 1.90496 0.42570 2.21883 1.98023 2.52403 -0.21392 0.95837 -0.46313 1.48342 2.59732 1.26580 -0.69414 -2.18518 -2.27189 -0.85107 -0.64727 -2.93122 -1.25418 0.81824 
-0.02646 -0.25391 -0.30938 -0.69366 0.33425 0.08311 0.69594 -0.36655 -0.98830 -0.26802 0.33259 0.67471 0.90919 -0.15515 0.41717 0.82812 0.91482 0.28276 0.06263 -0.17849 0.15326 -0.33837 0.62684 -0.27980 0.35596 -1.06204 0.75127 -0.02546 0.55301 0.71279 0.15211 -0.96086 -1.82635 -2.68269 0.21451 -1.78249 -2.34996 -2.98170 -0.10280 
-0.09062 -0.01645 0.10691 -0.05665 0.22175 -0.21857 0.24710 -0.27114 -0.01089 -0.43421 -0.17764 0.22401 -0.06198 0.02052 0.16822 0.38829 0.29464 -0.25472 -0.24602 -0.53218 -0.77773 0.64020 0.43634 -0.36973 -0.45767 -0.31673 0.19269 -0.53483 -0.86495 -0.80641 -0.39160 -0.15016 -0.03224 -0.02278 0.72958 -0.15996 0.26332 -1.24273 1.69882 
-0.00594 -0.08569 0.07891 -0.39901 0.07953 -0.16291 0.16376 -1.14428 -0.34810 0.16832 -0.03714 0.21704 0.59247 0.03754 -0.11767 -0.03683 0.10841 -0.10884 -0.08753 -0.21073 0.13047 0.39121 0.46688 -0.01647 -0.88677 0.63677 -0.07108 -0.25629 -0.46001 -0.11210 0.09053 0.33439 0.78290 1.47553 -0.17888 -1.08409 0.17614 0.00660 0.27156 
-0.05309 -0.13412 0.07008 0.05176 0.11291 -0.30610 0.03637 -0.14067 0.38032 0.03267 -0.19412 -0.66275 0.57479 -0.05056 -0.08808 -0.07172 0.18254 -0.16418 0.08838 0.25072 0.69781 0.46132 -0.64774 -0.19359 -0.45107 -0.04517 -0.04511 0.18108 -0.00457 -0.09288 0.20773 0.13956 0.02520 -0.07979 -0.17030 -0.56312 -0.13401 1.29544 -0.44692 
-0.05650 -0.17377 0.00719 -0.21648 -0.08465 -0.07453 0.41448 -0.44648 0.11322 -0.47942 -0.23073 -0.23403 0.54730 -0.00757 0.06341 -0.04140 0.01553 0.09888 0.05204 -0.18553 0.05068 0.22091 -0.09624 -0.15048 0.40867 0.18985 0.10526 0.16859 -0.01534 -0.07895 0.38859 -0.12143 -0.59872 -0.27398 -0.32821 0.94657 0.32088 0.77443 0.03449 
-0.06066 -0.07071 0.02868 0.06729 0.21179 -0.25406 -0.14916 -0.08998 0.60123 -0.06357 -0.34460 -0.25408 0.76464 0.05470 0.08052 -0.08705 0.10359 0.22440 -0.03306 -0.34800 0.42382 0.13311 0.29883 0.12729 0.32336 -0.01068 0.08469 -0.11613 0.09560 -0.20202 -0.35028 0.07979 0.54463 -0.08571 -0.39241 0.11974 0.32133 -0.32960 -0.46950 
-0.00180 -0.09325 -0.07986 -0.11289 0.13975 -0.10759 0.06648 -0.02265 0.24633 -0.18059 -0.10344 0.08933 0.53662 0.07712 -0.05271 0.05420 -0.18649 -0.25140 0.13183 0.35910 -0.03502 -0.17150 0.02351 0.17085 0.07907 -0.27965 -0.09099 -0.01055 0.24267 -0.09603 -0.18105 -0.09580 0.48696 -0.43764 -0.29095 0.08665 -0.12610 -0.32678 -0.34531 
0.01646 -0.12342 0.08288 -0.11921 -0.03961 -0.12223 0.20994 -0.12501 0.42973 -0.04006 -0.17375 -0.17501 0.48499 -0.03629 0.06997 0.15562 0.00757 0.04335 -0.12886 0.13896 -0.01382 -0.15784 0.38547 0.00119 -0.00342 -0.35599 -0.09722 0.14538 -0.08405 0.26572 0.36786 -0.10851 -0.46229 0.07310 -0.19313 -0.08717 -0.00490 -0.06380 -0.02675 
-0.03809 -0.02328 0.07575 -0.10532 0.18310 -0.23645 0.20544 -0.03647 0.08849 0.20488 -0.10225 0.08591 0.18063 -0.02010 0.09267 -0.02985 0.07923 0.11646 0.02332 -0.10320 0.03808 -0.36463 -0.06367 0.16594 0.01527 -0.30640 0.08481 -0.06985 -0.17723 -0.01046 -0.12318 0.27643 -0.08974 -0.07213 0.14692 -0.77179 0.13864 -0.28556 0.28993 
-0.00364 -0.03076 0.05303 -0.03997 0.07685 -0.09891 0.10674 -0.08693 0.06510 -0.10372 -0.00781 -0.15973 0.17859 0.04852 0.00011 -0.02161 -0.00289 -0.07982 0.14758 0.04922 -0.08595 -0.01092 -0.38631 0.13983 -0.28899 -0.06606 0.03638 -0.11404 0.03827 -0.15987 -0.14437 -0.10216 0.15537 -0.09383 0.54635 -0.03845 -0.04869 -0.09305 0.53899 
0.01044 -0.02317 0.05414 -0.10821 0.10328 -0.08887 0.25467 -0.12243 0.07757 -0.18144 0.03758 -0.20308 0.11457 0.01628 -0.02137 0.00842 -0.08064 -0.02791 -0.07883 0.05217 -0.05575 0.18172 -0.10212 0.11726 -0.07778 0.23259 -0.02625 0.06786 0.14524 -0.09818 -0.05126 -0.18719 0.05500 0.22622 0.09359 0.50718 -0.27875 0.53569 0.19567 
0.01264 -0.05213 0.06145 -0.12062 0.04894 -0.17774 0.15891 -0.14269 0.24682 -0.20584 0.10944 -0.23751 0.41118 0.02227 0.06797 0.12363 -0.10108 -0.13108 -0.03961 0.10422 0.14027 0.08267 0.12086 -0.13892 0.24670 0.12961 -0.05110 0.05656 -0.01926 0.09380 0.06492 0.18675 -0.18733 0.15315 -0.28776 0.12032 0.02603 0.02539 -0.49404 
0.03270 0.04480 0.17777 -0.20929 -0.02780 -0.12848 0.35889 0.01784 0.16025 -0.06057 -0.10134 0.04362 0.24419 -0.03482 0.03519 -0.01084 0.01316 0.03701 0.10792 -0.13515 0.09739 -0.10604 0.01820 0.14329 -0.05239 -0.26145 -0.04535 -0.14415 -0.25468 0.22147 0.19292 0.09561 -0.39605 -0.22926 -0.09133 -0.10146 0.29068 -0.34804 -0.18821 
-0.02218 -0.01694 0.05060 -0.10746 0.08595 -0.06982 0.02376 -0.04529 0.14078 -0.18764 0.25273 -0.28991 0.14974 -0.02308 -0.07618 -0.13106 0.12039 0.06183 0.05600 -0.29183 -0.08899 -0.00866 0.01941 0.15176 -0.10134 -0.05860 0.07034 -0.05049 0.02386 0.03603 -0.09677 -0.06328 0.21392 -0.15189 0.09481 0.09471 -0.34219 0.19887 0.29089 
0.00962 -0.03138 0.04671 -0.08890 0.03403 -0.07249 0.06706 -0.07115 0.15158 -0.04117 0.05042 -0.05771 0.18559 0.03552 -0.01530 0.01301 0.04919 -0.05975 0.04464 0.07877 -0.05450 -0.01123 0.11292 -0.19890 0.14648 0.02944 0.01963 0.05257 0.15305 -0.16886 -0.09314 -0.12690 0.28762 0.02632 0.23945 0.18235 -0.00585 0.05639 0.00010 
0.01334 -0.03224 0.06361 -0.05827 0.02620 -0.02518 0.10253 -0.09979 0.12955 -0.07472 0.05383 -0.14342 0.17918 -0.00345 -0.02361 0.02199 -0.04847 -0.03130 -0.07090 -0.00421 -0.06267 0.23079 0.20175 0.14591 -0.04495 -0.05850 -0.02803 0.00570 -0.01567 -0.06378 0.03881 -0.08388 -0.09826 0.03067 0.06974 -0.00227 0.29193 -0.09840 -0.03593 
0.00617 -0.05500 0.06870 -0.13737 0.00273 -0.14338 0.06284 -0.13382 0.38237 0.16059 0.19633 -0.10266 0.12709 0.00749 -0.00960 -0.00266 -0.01459 -0.02094 -0.03924 -0.01949 -0.02383 0.05851 0.11065 0.09303 0.04808 -0.00648 0.01721 0.04721 -0.01535 0.07125 0.11404 0.14919 0.06695 0.11138 -0.44568 -0.51570 -0.20982 -0.01970 0.13596 
0.02083 -0.04185 0.06095 -0.07286 0.00526 -0.06442 0.08304 -0.12362 0.18807 0.03593 0.14686 -0.09534 0.17270 0.01376 0.02360 0.00663 0.02277 0.08274 0.07829 0.06273 0.04871 -0.21489 -0.31395 -0.06391 -0.06465 0.07746 -0.02017 0.01551 -0.01919 0.05399 0.03244 0.02524 0.06660 0.10429 -0.19735 -0.22417 -0.12888 -0.05754 -0.06445 
0.01993 -0.03139 0.07533 -0.11460 0.08547 -0.06509 0.12557 -0.08511 0.16748 -0.15337 0.13243 -0.16731 0.20455 -0.01267 0.00590 -0.02185 0.03940 0.01150 -0.01400 0.04711 0.08045 -0.13884 -0.11352 -0.03585 -0.00946 -0.07093 -0.02191 -0.01967 -0.02692 0.02799 -0.13093 -0.05015 -0.09458 -0.04716 0.15096 0.39801 -0.02017 0.12530 -0.15569 
0.00816 -0.03594 0.03911 -0.03346 0.01675 -0.07842 0.13015 -0.04317 0.04923 -0.07759 0.11101 -0.10480 0.10176 -0.00815 0.00393 -0.02029 0.05076 -0.04819 0.02814 -0.03185 0.00154 -0.06393 0.08406 -0.08408 0.06065 -0.07823 0.01702 -0.00607 0.00818 -0.10523 0.01915 0.09691 -0.04156 -0.13243 0.17514 0.03246 -0.03616 0.07905 0.15839 
0.01178 -0.02746 0.05504 -0.06383 0.03728 -0.03695 0.09373 -0.08357 0.10356 -0.06930 0.04835 -0.10666 0.12632 0.00434 -0.00016 -0.01367 -0.06584 0.03065 0.08291 0.00555 -0.05198 0.03630 -0.08106 -0.07201 0.06959 0.08745 0.00856 0.00230 0.00813 -0.05316 0.06644 -0.04418 0.02886 0.01915 0.04400 -0.09241 0.09838 -0.05708 0.04733 
0.01251 -0.03611 0.02544 -0.09929 0.04740 0.00449 0.13570 -0.09514 0.08553 -0.15864 0.03900 -0.03522 0.18922 0.00041 0.00624 -0.01215 -0.00240 0.01826 -0.01604 -0.00298 0.02070 -0.01992 -0.00834 0.01430 0.00357 -0.03090 0.00489 -0.00020 0.06660 0.07397 0.00223 -0.15952 -0.00025 0.04417 0.01672 0.07880 0.13750 -0.24990 -0.11937 
