0.01608 -0.02350 0.03380 -0.03860 0.03917 -0.04069 0.09799 -0.04672 0.06567 -0.07504 0.08267 -0.08381 0.07480 -0.00034 -0.00243 0.03239 -0.00582 -0.03877 -0.00453 0.00994 -0.01187 0.03632 0.02788 -0.01067 0.04340 0.03275 0.06399 -0.21934 0.64709 0.34752 0.22027 -0.07264 0.48148 -0.31247 0.34232 -0.21458 -0.49107 -0.71785 0.66762 
0.01730 -0.03687 0.04723 -0.03666 0.00988 -0.03529 0.08446 -0.06649 0.11219 -0.04519 0.06033 -0.05394 0.12873 0.06900 -0.21987 0.64707 0.35125 0.22541 -0.05488 0.49982 -0.32349 0.32869 -0.22002 -0.53262 -0.72632 0.65410 -0.32739 -0.86919 0.03625 0.28977 -0.08487 0.07385 1.23130 -0.26640 -0.21836 0.04656 0.76832 -0.87813 0.50824 
0.08508 -0.24337 0.68088 0.31265 0.26458 -0.09557 0.59781 -0.37021 0.39436 -0.29506 -0.44995 -0.81013 0.72890 -0.32773 -0.87162 0.06865 0.28395 -0.12364 0.06932 1.24124 -0.27828 -0.18204 0.07443 0.75765 -0.83473 0.54099 -0.13569 0.43863 -1.29551 -0.69904 -0.45467 0.11280 -1.00273 0.64635 -0.65460 0.43632 1.06894 1.44908 -1.30482 
-0.31043 -0.90849 0.11588 0.24728 -0.11376 0.03403 1.32570 -0.34476 -0.06985 0.02924 0.81798 -0.88867 0.66972 -0.06669 0.21877 -0.64843 -0.34780 -0.22926 0.05792 -0.50292 0.32286 -0.32590 0.21631 0.53632 0.72276 -0.65072 0.65200 1.75082 -0.15113 -0.56823 0.26173 -0.12681 -2.44615 0.56429 0.32009 -0.19667 -1.49884 1.63614 -1.09535 
0.01839 -0.02460 0.03244 -0.03515 0.03532 -0.03765 0.09489 -0.04734 0.06845 -0.07875 0.08636 -0.08737 0.07817 0.32427 0.87920 -0.08249 -0.28429 0.13809 -0.05749 -1.20491 0.28601 0.13805 -0.12223 -0.74119 0.80141 -0.55437 0.06683 -0.22182 0.65210 0.34914 0.22303 -0.05189 0.50224 -0.32875 0.33304 -0.21495 -0.54169 -0.72606 0.66191 
0.01384 -0.02930 0.03340 -0.03701 0.02433 -0.02346 0.12079 -0.05875 0.06821 -0.09299 0.07680 -0.08726 0.11535 0.00014 -0.00306 0.00367 0.00134 -0.00623 0.00603 -0.00068 -0.00589 0.00714 0.00135 -0.00537 -0.00330 0.01118 -0.31856 -0.87524 0.08118 0.28775 -0.12939 0.04573 1.17487 -0.27423 -0.13546 0.13111 0.75767 -0.80714 0.51933 
0.01853 -0.02766 0.03611 -0.03381 0.02909 -0.03162 0.09421 -0.05324 0.07559 -0.07740 0.08099 -0.09067 0.08936 0.00572 0.00396 -0.00130 0.00346 0.00870 -0.01177 -0.03004 0.01178 0.00259 0.00887 0.01649 -0.00573 -0.03503 -0.00440 0.00071 -0.01360 -0.01239 0.01304 -0.02282 0.00109 0.01157 -0.00933 0.00784 0.03955 0.02999 -0.01256 
0.01956 -0.02534 0.03209 -0.03355 0.03303 -0.03523 0.09074 -0.04698 0.07080 -0.08412 0.09328 -0.09299 0.08032 -0.00427 -0.00235 -0.00993 -0.01105 0.00681 -0.01679 0.00041 0.00568 -0.00220 0.00919 0.03418 0.02668 -0.00137 -0.00671 -0.00457 0.00272 -0.00306 -0.01107 0.01382 0.03171 -0.01516 0.00053 -0.00669 -0.02099 0.00490 0.04154 
0.01426 -0.03001 0.02618 -0.04486 0.03590 -0.04841 0.09462 -0.04756 0.07339 -0.06821 0.11517 -0.06399 0.08799 -0.00099 -0.00061 0.00141 0.00039 -0.00237 0.00205 0.00167 -0.00338 0.00312 0.00219 -0.00451 -0.00083 0.00650 0.00459 0.00865 0.01921 0.01615 -0.00298 0.02260 0.01332 -0.00971 -0.00680 -0.00136 -0.08860 -0.03304 -0.01000 
0.01857 -0.02595 0.03351 -0.03315 0.03066 -0.03318 0.09241 -0.05036 0.07391 -0.08193 0.08878 -0.09383 0.08682 0.00033 0.00631 0.00928 0.00510 0.00383 0.00581 0.01373 -0.00403 -0.00899 0.00783 -0.05442 -0.00636 -0.01137 0.00383 -0.02097 0.01442 -0.01957 0.03409 -0.02777 0.04429 -0.02567 0.04449 -0.05137 0.01777 -0.07559 0.05099 
0.01458 -0.02370 0.03546 -0.03976 0.03974 -0.04260 0.10835 -0.05160 0.06440 -0.06038 0.06075 -0.07034 0.07662 0.00284 -0.02158 0.01584 -0.01918 0.03172 -0.02572 0.04596 -0.02905 0.04761 -0.04918 0.01327 -0.07642 0.05750 0.00049 -0.01425 -0.00829 -0.00479 -0.01839 0.01439 -0.00758 0.00040 0.00938 -0.03956 0.07134 -0.00970 0.04493 
0.02141 -0.04754 0.04934 -0.05233 0.06238 -0.05890 0.13837 -0.07941 0.12152 -0.13111 0.10204 -0.17025 0.14432 0.00081 -0.00795 0.00099 0.00031 -0.01456 0.02019 0.00615 -0.00364 0.00038 -0.03173 0.01692 -0.01606 0.03356 -0.00469 0.04378 -0.03309 0.03796 -0.06107 0.04939 -0.09359 0.06149 -0.09833 0.09618 -0.02203 0.15367 -0.12150 
0.01540 -0.03165 0.03645 -0.03945 0.02518 -0.02241 0.11450 -0.05523 0.06478 -0.09211 0.07767 -0.08640 0.11018 -0.00185 0.02220 -0.01725 0.01878 -0.02935 0.02367 -0.04763 0.03243 -0.05073 0.04699 -0.00876 0.07725 -0.06400 0.00335 0.01425 -0.00535 0.00559 0.02241 -0.03302 -0.02990 0.01189 0.00563 0.03973 -0.00131 0.00946 -0.06342 
0.01956 -0.02534 0.03209 -0.03355 0.03303 -0.03523 0.09074 -0.04698 0.07080 -0.08412 0.09328 -0.09299 0.08032 0.00416 0.00631 -0.00436 0.00590 0.00785 -0.01282 -0.02375 0.00825 0.00601 0.00799 0.01561 -0.00660 -0.02986 0.00185 -0.02220 0.01725 -0.01878 0.02935 -0.02367 0.04763 -0.03243 0.05073 -0.04699 0.00876 -0.07725 0.06400 
0.01956 -0.02534 0.03209 -0.03355 0.03303 -0.03523 0.09074 -0.04698 0.07080 -0.08412 0.09328 -0.09299 0.08032 0.00000 0.00000 0.00000 0.00000 0.00000 0.00000 0.00000 0.00000 0.00000 0.00000 0.00000 0.00000 0.00000 -0.00416 -0.00631 0.00436 -0.00590 -0.00785 0.01282 0.02375 -0.00825 -0.00601 -0.00799 -0.01561 0.00660 0.02986 
0.01956 -0.02534 0.03209 -0.03355 0.03303 -0.03523 0.09074 -0.04698 0.07080 -0.08412 0.09328 -0.09299 0.08032 0.00000 0.00000 0.00000 0.00000 0.00000 0.00000 0.00000 0.00000 0.00000 0.00000 0.00000 0.00000 0.00000 0.01227 -0.01757 0.02014 -0.02325 0.02076 -0.02437 0.05710 -0.03251 0.04454 -0.05807 0.05891 -0.06436 0.05013 
0.01956 -0.02534 0.03209 -0.03355 0.03303 -0.03523 0.09074 -0.04698 0.07080 -0.08412 0.09328 -0.09299 0.08032 0.01227 -0.01757 0.02014 -0.02325 0.02076 -0.02437 0.05710 -0.03251 0.04454 -0.05807 0.05891 -0.06436 0.05013 -0.00678 -0.00094 0.00725 -0.00313 -0.00377 0.00351 0.01088 -0.01158 0.00588 0.01739 -0.02634 0.00321 0.02230 
0.03183 -0.04292 0.05223 -0.05679 0.05379 -0.05960 0.14784 -0.07948 0.11533 -0.14219 0.15220 -0.15735 0.13045 -0.00678 -0.00094 0.00725 -0.00313 -0.00377 0.00351 0.01088 -0.01158 0.00588 0.01739 -0.02634 0.00321 0.02230 -0.02454 0.03515 -0.04027 0.04650 -0.04152 0.04873 -0.11420 0.06501 -0.08907 0.11614 -0.11783 0.12872 -0.10027 
0.01278 -0.02628 0.03934 -0.03668 0.02926 -0.03172 0.10162 -0.05856 0.07668 -0.06673 0.06694 -0.08979 0.10262 -0.01227 0.01757 -0.02014 0.02325 -0.02076 0.02437 -0.05710 0.03251 -0.04454 0.05807 -0.05891 0.06436 -0.05013 0.02437 -0.01867 0.00614 -0.00842 0.03487 -0.04237 0.00320 -0.00018 0.05133 -0.09200 0.11020 -0.09263 0.01479 
0.01956 -0.02534 0.03209 -0.03355 0.03303 -0.03523 0.09074 -0.04698 0.07080 -0.08412 0.09328 -0.09299 0.08032 0.01759 -0.01961 0.01339 -0.01155 0.03109 -0.03885 0.01408 -0.01176 0.05722 -0.07461 0.08386 -0.08942 0.03709 0.02560 -0.03541 0.03816 -0.04431 0.04532 -0.05247 0.09323 -0.05610 0.10819 -0.12995 0.09274 -0.13111 0.12811 
0.03038 -0.04589 0.05274 -0.04823 0.06035 -0.07057 0.11571 -0.07032 0.13390 -0.14134 0.15081 -0.17921 0.13971 0.01333 -0.01784 0.01803 -0.02106 0.02456 -0.02811 0.03613 -0.02359 0.06365 -0.07188 0.03383 -0.06675 0.07797 -0.01542 0.02310 -0.01533 0.00359 -0.03710 0.04943 0.01559 0.00476 -0.07660 0.06983 -0.07620 0.10868 -0.04861 
0.03289 -0.04318 0.05012 -0.05461 0.05759 -0.06334 0.12687 -0.07057 0.13445 -0.15600 0.12711 -0.15974 0.15829 0.00217 0.00350 -0.00194 -0.00796 -0.00601 0.01057 0.02967 -0.00700 -0.01938 -0.00478 0.00766 0.01926 -0.01152 -0.03012 0.03070 -0.03921 0.03928 -0.04733 0.05900 -0.05801 0.04915 -0.13130 0.12440 -0.07913 0.13887 -0.13083 
0.03255 -0.04240 0.05079 -0.05619 0.05434 -0.06000 0.14538 -0.07732 0.11451 -0.14612 0.15847 -0.15995 0.12818 -0.01680 0.01286 -0.02119 0.01822 -0.02277 0.03090 -0.02188 0.02555 -0.06765 0.05253 -0.04530 0.07212 -0.05286 -0.00368 -0.00087 -0.00340 0.00492 -0.00052 0.00293 0.01041 0.02411 -0.00406 -0.00783 -0.00169 0.04706 0.04333 
0.01609 -0.03032 0.02893 -0.03639 0.03482 -0.03244 0.10499 -0.04501 0.06680 -0.10347 0.08181 -0.08762 0.10543 -0.00151 0.00263 -0.00534 -0.00304 -0.00653 0.01350 0.04008 0.01711 -0.02344 -0.01261 0.00597 0.06632 0.03181 0.01869 -0.00812 0.02595 -0.01580 0.01977 -0.03286 0.01139 -0.03108 0.07359 -0.02829 0.04878 -0.07549 0.03317 
0.03103 -0.03977 0.04545 -0.05923 0.04782 -0.04650 0.18546 -0.06021 0.09107 -0.15873 0.16444 -0.09363 0.15999 0.00189 0.00474 0.00476 0.00243 -0.00300 -0.00196 -0.01049 -0.00553 0.00593 0.02424 0.00348 -0.00337 -0.01969 -0.01278 0.01207 -0.00529 0.02544 -0.00576 -0.00515 -0.12487 -0.00778 0.00101 0.10115 -0.09696 -0.05342 -0.11114 
0.01798 -0.02558 0.03368 -0.03396 0.03182 -0.03440 0.09450 -0.05054 0.07273 -0.07923 0.08529 -0.09099 0.08574 -0.01429 0.01470 -0.01063 0.02240 -0.01229 0.00835 -0.08480 0.00933 -0.02243 0.08854 -0.09099 0.01290 -0.07933 -0.00313 -0.00422 -0.00362 -0.00529 0.00672 -0.00179 0.01665 0.00519 -0.01002 -0.01520 -0.01531 0.01362 0.01460 
0.01674 -0.02507 0.03482 -0.03683 0.03553 -0.03815 0.10066 -0.05088 0.06864 -0.07019 0.07346 -0.08074 0.08066 -0.00124 0.00052 0.00114 -0.00287 0.00371 -0.00375 0.00616 -0.00034 -0.00409 0.00904 -0.01183 0.01025 -0.00509 0.01706 -0.01587 0.00513 -0.02584 0.00740 -0.01701 0.05773 -0.00881 0.03616 -0.07087 0.14447 -0.00462 0.06961 
0.01674 -0.02507 0.03482 -0.03683 0.03553 -0.03815 0.10066 -0.05088 0.06864 -0.07019 0.07346 -0.08074 0.08066 0.00276 -0.00116 -0.00550 -0.00344 -0.00489 -0.00866 -0.02707 0.00052 0.01373 0.01767 0.05348 0.00827 -0.00972 0.00203 -0.01024 -0.12842 -0.12516 0.05905 0.04224 0.41157 0.00485 -0.19648 -0.23101 -0.15096 0.20630 0.25617 
0.01950 -0.02623 0.02932 -0.04026 0.03064 -0.04681 0.07359 -0.05036 0.08237 -0.05252 0.12693 -0.07247 0.07094 0.00079 -0.00972 -0.12729 -0.12803 0.06276 0.03848 0.41773 0.00451 -0.20057 -0.22197 -0.16279 0.21655 0.25109 -0.13363 -0.37285 0.41879 -0.33681 0.49207 -0.26080 -0.60528 0.47039 0.25054 -0.72774 -0.12327 -0.68064 0.61793 
0.01752 -0.03479 -0.09247 -0.16485 0.09829 0.00033 0.51839 -0.04637 -0.13193 -0.29216 -0.08933 0.13581 0.33175 -0.13087 -0.37402 0.41330 -0.34025 0.48718 -0.26947 -0.63235 0.47091 0.26427 -0.71007 -0.06979 -0.67237 0.60821 -0.94481 -0.87117 1.62769 -1.01698 1.75371 -1.07282 -2.57560 0.64677 0.64450 1.04061 -0.10049 -1.85405 1.84164 
-0.11136 -0.40025 0.44262 -0.38051 0.51783 -0.31628 -0.55876 0.42056 0.34663 -0.76259 0.05714 -0.74484 0.67914 -0.94403 -0.88089 1.50040 -1.14500 1.81648 -1.03433 -2.15786 0.65129 0.44393 0.81864 -0.26328 -1.63750 2.09273 -1.38780 -0.73416 1.21532 -1.16268 1.20112 -0.76401 0.15635 -0.47286 -0.58118 1.88968 -1.37136 0.99577 0.24816 
-0.92650 -0.91568 1.40793 -1.30986 1.91477 -1.03400 -1.63947 0.60492 0.31201 0.52648 -0.35261 -1.50169 2.42448 -1.51867 -1.10818 1.62861 -1.50293 1.68830 -1.03348 -0.47600 -0.00195 -0.31692 1.17961 -1.44116 0.32340 0.85637 0.20992 0.69169 -0.28355 -0.12313 -1.50658 0.66230 4.12978 -1.12588 -0.72745 -1.41963 -0.47843 3.23733 -4.00536 
-1.63003 -1.50843 2.07123 -1.88344 2.20613 -1.34976 -1.03476 0.41861 0.02972 0.41702 -1.38401 -0.42144 1.53551 -0.73411 -0.18921 1.21685 -1.26813 0.30989 -0.37203 1.97192 -0.47459 -0.28352 -0.60099 -0.74171 1.59983 -1.91263 0.80253 1.47713 -1.17533 0.89730 -1.49561 1.05080 2.83436 -0.33934 0.31802 -2.01462 2.66706 0.04986 -1.48508 
-1.66061 -1.10489 2.62478 -2.57799 2.22466 -1.40603 0.33245 0.13032 0.02849 -0.07451 -1.09432 0.09814 0.51184 -0.71614 0.36895 0.45328 -0.60563 0.19269 0.01733 2.35835 -0.34128 0.00110 -0.83501 1.22590 0.37326 -0.62871 0.27927 0.51667 -1.38590 0.98096 -0.20769 0.49238 -1.22840 0.15046 0.46596 0.36644 1.39411 -2.47518 2.20611 
-2.34618 -1.13948 2.52451 -2.48907 2.39882 -1.33243 1.32359 0.07732 0.03082 -0.41799 -0.15811 -0.04818 0.90680 -0.45483 0.32746 -0.16905 -0.28718 0.10220 0.12034 0.74352 -0.32414 0.18244 -0.23455 0.65240 -0.87534 0.29348 1.39060 0.20203 -0.75300 0.37988 -0.17815 -0.21259 -2.63712 0.10777 0.23803 1.16406 -1.25652 -0.88716 0.88007 
-2.11544 -0.77743 2.45573 -2.86516 2.32686 -1.28569 1.07596 -0.19381 0.21093 -0.30906 -0.44192 -0.77720 0.80532 0.67445 0.57098 -0.29972 -0.22575 0.01454 -0.19526 -0.27876 -0.23351 0.23913 0.32905 -0.03062 -0.51390 0.25136 0.07661 -0.44209 -0.23806 0.49314 0.27202 -0.63993 -0.65522 0.40321 0.36656 -0.62856 -0.41551 1.17264 -0.61034 
-1.67172 -0.56850 2.22479 -2.71482 2.41336 -1.52769 1.04482 -0.15619 0.26994 -0.08894 -0.18873 -0.56208 1.15816 -0.37823 -0.11463 -0.40711 0.20596 0.37422 -0.51959 0.08830 0.07908 0.54900 -0.86311 0.23689 0.29730 -0.31685 0.05140 0.62362 1.28342 1.38721 0.50574 -0.35046 -1.05734 -1.37754 -1.08012 -4.49097 -2.94093 -1.19297 -1.01486 
-2.49367 -0.89206 2.04862 -2.65920 2.70108 -1.80528 1.16426 -0.11474 0.75993 -1.17216 -0.20503 -0.47990 0.48847 0.72585 1.19459 0.98370 1.16146 0.52028 -0.54573 -1.33611 -1.61105 -0.84099 -4.16192 -2.97155 -1.70686 -0.76350 1.84448 1.18577 1.31792 1.43745 0.62134 1.07549 0.29954 -0.88883 -0.64568 -1.09361 -1.33708 -1.52510 -0.20450 
-0.94587 0.62609 3.20849 -1.55336 2.93364 -2.07342 -0.29128 -1.76723 -0.57105 -4.25085 -3.16028 -2.26894 0.39465 1.46626 1.07115 0.91081 1.64341 0.99555 0.55590 0.38784 -0.80975 -0.09668 -1.95671 -1.10019 -1.22780 -0.52135 -1.49541 -3.21021 -1.93453 -1.22269 -0.45099 1.21491 4.49029 2.39796 3.20360 6.91116 7.13476 3.75717 1.41317 
-1.02741 0.17909 2.95943 -1.01579 3.69663 -1.24938 1.55210 -0.92449 0.66325 -3.12888 -1.30522 -1.70770 -0.03288 -0.76956 -2.01562 -0.95084 -0.06123 0.06929 0.66918 3.15419 0.78691 2.36261 2.74924 4.16321 2.05030 0.64966 -1.89469 -3.13677 -2.00184 -2.44471 -2.12492 -0.61085 1.38321 0.41475 0.23730 2.43004 1.31024 -0.77282 -0.64237 
-1.71542 -1.38953 2.25765 -1.61459 3.00293 -1.40424 2.86291 -0.98032 1.79156 -1.50161 1.00293 -0.21863 1.04432 -0.42843 -2.06563 -1.09103 -0.80130 -1.12937 -0.05496 1.77105 -0.39500 0.14061 0.47333 0.21005 -2.00061 -1.16372 1.03740 0.90101 -0.48906 -0.61299 -1.01916 -0.75036 -2.67084 -0.59138 -3.53258 -2.69012 -5.54681 -3.63413 -0.84779 
-1.45584 -1.88654 1.86840 -1.81709 2.56726 -1.30433 3.32315 -1.31948 0.80386 -2.65555 -1.09517 -3.70832 -1.19660 0.26784 -1.11460 -1.43989 -0.67422 -0.94987 -0.08118 0.48335 0.19554 -1.16997 0.05912 -1.38360 -1.58382 -0.19813 2.03973 2.69572 0.88669 1.31152 0.75113 -0.35890 -4.50337 0.16201 -1.41421 0.62639 -0.15612 4.40664 3.11747 
-1.44758 -2.50413 0.81776 -2.28880 2.05306 -1.48543 3.34626 -0.78478 0.62159 -1.44249 -0.38067 -1.80246 0.84619 1.61130 0.63009 -0.20434 0.51023 -0.37823 -0.41386 -2.73232 -0.23299 -1.27360 1.09972 0.05393 2.40603 1.95375 2.59538 1.26927 1.20072 1.85051 0.40873 -0.97061 -4.13760 -1.60273 -2.00738 0.38913 -0.00263 0.69235 0.01056 
0.15546 -1.25645 1.66406 -1.30686 2.18903 -1.71819 0.59083 -1.55248 -0.46974 -1.55583 -1.04124 -1.30229 0.75714 2.86322 0.15466 -0.23917 1.17629 -0.54114 -1.05179 -3.65425 -1.40719 -3.17735 0.44824 -1.38623 -0.89147 -0.18757 -0.53253 -1.68448 -0.96502 0.67913 -0.55116 0.16844 1.60152 0.23051 -1.34120 1.18480 -0.58153 -3.15082 -1.62303 
1.41564 -2.34947 0.57859 -1.11252 1.51192 -2.53721 -0.30799 -2.19197 -2.55576 -0.99425 -1.76690 -2.69393 0.65862 1.07877 -1.05439 -1.16936 1.18935 -0.92939 -0.24542 -1.13079 -0.00248 -2.61480 2.28452 -0.52760 -0.74479 0.33071 -2.88253 -0.17015 0.00935 -0.09262 0.00008 1.70226 3.69615 2.23806 2.91338 1.81761 1.43976 1.49070 0.63515 
1.23423 -2.31084 0.49470 -0.11751 1.25964 -1.96361 -0.53996 -1.55496 -3.08454 0.72869 -1.56884 -2.04709 1.08786 -0.01931 -0.01549 -0.22982 1.08366 -0.54106 0.65047 0.04190 0.83087 -0.26397 2.26586 0.05353 0.59922 0.44758 -0.86013 0.97455 0.66803 -1.08032 0.36600 0.14047 1.16542 0.02765 2.51704 -2.12854 1.01628 0.19540 -0.02164 
1.39632 -2.36496 0.34877 -0.02885 0.97087 -1.88675 -0.26609 -1.36110 -2.81973 1.27161 -1.71337 -2.09471 1.10620 0.21864 -0.07984 -0.50133 0.10904 -0.56340 -0.10495 0.03462 0.02517 -0.09776 0.15598 0.48868 -0.54939 0.30908 0.10358 0.17289 -0.36528 -0.81851 0.29510 -0.89519 0.34425 -1.37918 0.76661 -2.78292 0.88810 -0.82525 -0.10473 
1.45287 -2.39068 -0.00663 -0.00847 0.69624 -2.06856 -0.50534 -1.52979 -3.18230 0.88467 -1.08016 -2.59648 1.39694 0.08427 0.15740 -0.59510 0.26515 -0.24595 -0.24472 0.38615 -0.54831 0.50264 -0.51706 0.94163 -0.22603 0.34285 -0.63062 0.51473 0.35461 -0.20222 1.19487 -0.43251 1.35748 -0.54983 1.06615 -0.72708 0.53617 0.66946 -0.37856 
1.48059 -2.20756 -0.24633 0.23630 0.72491 -2.13147 0.12006 -1.90941 -2.31709 0.75455 -0.77174 -2.32074 1.44905 -0.41198 0.43489 -0.14672 -0.09318 0.63148 -0.53746 1.39210 -0.52466 0.96839 -0.57110 1.02485 0.12007 -0.06949 -0.69420 -0.07153 0.44281 -0.93886 0.68991 -0.49363 -0.33787 -0.06119 -0.83552 -0.82876 -0.25290 -0.39643 -0.65482 
1.04088 -1.95580 -0.15335 -0.10166 1.32772 -2.60601 0.88676 -2.05445 -2.21391 0.31357 -0.05531 -2.47641 1.32745 -0.60993 0.08588 -0.15230 -0.67371 0.44395 -0.73835 0.04828 -0.60950 -0.33288 -1.34582 0.68873 -0.62246 -0.31197 0.25648 -0.54547 -0.42968 -0.33381 -0.83814 -0.00565 -2.01045 0.28211 -1.65948 0.09837 -2.06924 -0.31774 -0.31539 
0.87066 -2.12168 -0.39863 -0.43741 1.16887 -2.86981 0.16834 -2.51891 -2.64997 -0.59127 -0.08301 -2.94320 1.13708 -0.15550 -0.11058 -0.57640 -0.42699 -0.20667 -0.54311 -0.61835 -0.24255 -0.69109 -0.47273 -1.04439 -0.19768 -0.38487 1.18570 -0.12394 0.18100 1.32135 -1.31538 1.23174 0.50765 0.73137 2.04318 2.07070 -2.68530 3.07356 -0.58744 
0.88538 -2.06638 -0.72975 -0.52865 1.12105 -3.14913 0.26841 -2.29700 -2.90500 -0.15915 -1.09970 -2.67409 0.94258 0.57576 -0.03806 0.02871 0.64764 -0.87143 0.49340 0.55594 0.12187 1.71030 0.72488 -1.99657 2.45110 -0.89941 0.78475 -0.02521 0.99893 1.25649 -0.91271 0.67047 1.30967 0.07837 2.66461 1.16796 -0.58439 1.88001 -0.58060 
1.44643 -2.15974 -0.36992 0.21022 0.29744 -2.37642 0.72428 -2.39704 -0.93968 0.13361 -2.07958 -0.49210 0.23767 0.62924 -0.13579 0.42253 0.82950 -1.11938 0.12736 0.69132 -0.16418 1.97352 0.69523 -1.62877 1.68233 -0.96548 -0.44591 0.23937 0.11434 -0.37791 0.74524 -0.92282 -0.89324 -0.10440 -0.91934 -0.23237 1.94106 -2.70480 0.76121 
1.51462 -2.20217 -0.30722 0.30085 0.00167 -3.02177 0.95972 -2.46118 -0.93148 0.53608 -2.72847 -0.99176 -0.02290 0.12985 0.20131 0.14305 0.26973 -0.12619 -0.42942 -0.33731 0.01747 0.79096 0.49250 -0.05551 -0.25370 -0.13820 -0.63198 0.16341 -0.07949 -0.81261 1.53207 0.21405 -0.91439 0.66013 -2.51528 -0.52157 2.06978 -1.26464 2.23368 
1.57628 -1.95843 -0.22688 0.47995 0.17125 -2.80584 0.38697 -2.37956 -0.14872 0.62611 -2.13509 -0.74580 0.09947 -0.00274 0.02762 0.34304 0.01689 0.41270 0.34141 -0.22308 0.49595 -0.54176 0.17366 0.44100 0.41769 1.26820 -0.56477 -0.46146 0.35500 -0.47676 0.67464 0.72498 0.20093 0.21761 -2.11999 -0.56451 0.51087 -0.09658 2.05153 
1.51188 -2.17454 0.03582 0.31775 0.41437 -2.68036 0.73665 -1.96523 -1.47324 0.70974 -2.28747 -0.57407 1.24530 -0.43492 -0.26015 0.49805 -0.20704 0.54845 0.29556 -0.13637 0.23509 -1.32903 -0.07201 0.45536 -0.35027 1.91333 -0.52176 -0.11434 0.24080 0.34743 0.27016 -0.29491 -0.27651 -0.51084 0.00706 0.79221 -0.35348 -0.18861 -0.32082 
1.14136 -2.21858 0.27117 0.27291 0.71969 -2.51028 0.25059 -2.14448 -1.47775 0.55410 -1.67972 -1.09607 2.01279 -0.52450 -0.08671 0.58384 0.36433 0.68286 0.04649 -0.49959 -0.01489 -0.53470 0.96587 0.08753 0.22908 0.94738 0.16597 0.12762 -0.48886 0.61844 -0.36897 -0.40744 -0.04403 -0.20940 0.29283 0.23746 -0.41635 0.40577 -0.86291 
0.98738 -2.26126 0.61966 0.68208 1.09723 -2.63387 0.23705 -1.98011 -2.00794 1.67562 -2.19994 -0.34498 2.19268 -0.26895 -0.13254 0.00919 0.41140 0.17947 -0.11189 -0.18040 0.02568 -1.03620 0.16545 0.03901 0.05550 1.05042 0.56508 0.12981 -1.02922 -0.18208 -0.96681 -0.35950 -0.00890 0.08013 0.23373 -1.21874 -0.27629 -2.29652 -0.79128 
0.87241 -2.35112 0.28036 0.68431 0.89917 -2.62217 0.07019 -2.11880 -2.51395 0.71955 -1.64071 -1.04057 3.06321 0.04058 0.04309 -0.44539 0.18225 -0.28395 -0.31300 -0.50849 0.06524 -0.30097 -0.25287 -0.18876 -2.06744 0.15610 0.68592 -0.06722 0.37378 -0.25839 -0.06029 -0.24166 -0.74124 -0.62115 1.44709 -0.30530 -0.42239 -2.17661 -1.88765 
1.02796 -2.21817 0.17427 0.86433 0.81328 -2.94688 -0.27144 -1.91487 -2.30891 1.42275 -2.38870 -2.41242 2.34878 0.41697 -0.19975 0.38297 0.15301 0.11919 -0.35355 -0.92165 -0.59546 0.41088 -0.13985 -0.38337 -2.12111 -0.83724 0.44325 0.36885 1.24738 0.33807 0.40538 0.97989 0.42959 -0.28532 1.35164 -0.71946 0.60971 1.22051 -1.34193 
1.28938 -2.55087 0.66333 0.83731 1.01835 -2.97572 -0.85146 -2.71426 -2.10307 0.57970 -2.02408 -3.16168 2.22597 0.48383 0.41194 0.80200 0.52032 0.12143 0.66689 -0.07890 -0.22008 1.05067 -0.97233 0.42095 -0.84693 -1.18583 -0.37128 1.06701 -0.35843 0.31643 -0.71852 1.53365 0.71434 1.64832 0.79918 -0.57498 1.00744 1.39727 -0.04594 
1.51180 -1.80623 0.97627 1.38465 0.93471 -2.27999 -0.35035 -2.13495 -1.25825 0.45042 -1.96775 -3.25935 1.16295 0.04568 0.86726 0.02454 0.46944 -0.59933 1.18010 -0.20731 1.05285 1.21006 -0.71483 0.62407 -0.72384 -0.88318 -0.92375 -0.07216 -1.09171 -0.65782 -0.97990 -0.30072 -0.78984 0.88691 -0.24199 -0.01888 0.94308 1.35531 2.13050 
1.33506 -1.68361 0.68787 1.30676 0.41902 -1.79562 -1.05877 -1.66141 -0.89301 -0.13513 -1.40002 -3.88552 1.34279 -0.43992 0.33978 -0.28971 -0.13750 -0.85847 0.36617 -0.86874 0.66683 0.80868 -0.99121 1.36403 0.50838 0.94467 -0.69576 -0.42682 -0.22424 -0.99232 0.38303 -0.95491 0.61632 -0.59550 -0.85675 0.43236 0.82476 2.81505 1.11291 
1.07188 -1.46645 0.68656 1.24715 0.07624 -1.91381 -1.21909 -1.46812 -0.44957 -0.54078 -0.60372 -2.75097 2.10762 -0.65008 0.44044 -0.19971 -0.52288 -0.21630 0.22518 0.40901 0.45735 0.35331 -0.28247 1.44883 2.09121 0.22973 0.31944 -1.18844 -1.89590 -2.73852 2.52351 0.36572 3.09443 -0.94515 -1.24581 1.85887 -2.13887 2.22592 -1.76646 
0.68498 -1.24317 0.48816 0.78388 0.20272 -1.57044 -0.64976 -1.20406 -0.53970 -0.41760 0.04881 -1.79432 1.57252 -0.12048 -0.84866 -2.18562 -2.87602 1.66504 0.73189 2.22569 -0.27832 -0.43713 0.86766 -0.77484 2.73430 -0.82180 0.76723 -1.12955 -1.02383 -2.22527 1.54477 0.54587 1.68068 -0.94565 -0.54450 1.30318 -3.48264 -0.91896 -0.77304 
0.95140 -2.31511 -1.49906 -1.62887 1.74129 -1.18192 1.00661 -1.74644 -0.88670 0.32688 -1.37856 -0.01667 1.28582 0.11715 -0.68911 -1.22354 -2.74816 1.32847 0.77105 2.08969 -0.48830 -0.19119 1.02071 -2.03381 1.17225 -0.54331 -1.16681 1.03561 3.95108 2.26383 -1.41358 -0.53677 -1.73933 0.39283 0.89424 -1.47473 -0.30113 -2.90919 0.33517 
0.80213 -1.93227 -0.73538 -1.96428 1.53118 -0.79939 1.43993 -1.69236 -0.73089 0.60311 -1.98500 -0.62207 1.02922 -1.28729 0.18695 1.76546 -0.61219 0.25146 0.19513 0.48636 0.11451 0.45710 -0.60707 -1.07597 -0.17489 -0.48662 -1.82963 0.18892 2.96293 2.59863 -0.45891 -1.22123 -2.59283 0.68580 -0.12472 -2.39222 3.79392 -0.52583 1.14690 
-0.33589 -2.12817 0.26640 -2.24106 1.99275 -0.98679 1.49297 -1.63193 -0.42959 -0.28019 -2.45453 -0.19156 0.79920 -1.71247 -0.50018 1.73939 -0.14952 0.86956 -0.45017 -0.50314 0.19749 -0.31591 -1.37152 1.76011 0.64642 0.60359 -0.11321 -0.66520 -0.66843 0.68418 -0.11915 -0.64300 -0.57552 -0.07902 -0.07977 0.15243 3.60251 -0.10033 1.30588 
-0.91034 -2.43246 1.00401 -2.11380 2.40075 -1.24956 0.93679 -1.49487 -1.04681 -0.76841 -0.22489 0.02435 1.63281 -1.40050 -0.47825 1.09703 0.07199 0.13231 -0.44787 -0.08916 0.03548 0.37733 -0.45464 2.52654 -0.27522 0.81925 0.61976 0.75897 -1.35406 0.25237 -0.90832 0.49775 2.00206 -0.28324 1.66290 1.20445 -0.21568 -1.02477 -1.39123 
-1.73639 -2.60641 1.36343 -2.16906 2.12507 -1.43466 1.40381 -1.59645 -0.05226 -0.73483 0.07202 -0.46678 1.61845 -1.09271 0.25879 0.38534 0.10285 -0.03876 0.04757 1.49892 -0.08575 1.34699 -0.16707 1.54443 -0.37835 -0.78764 1.26621 1.59627 -0.32111 0.49701 0.56164 0.77059 1.90980 0.16579 -1.07929 -2.11168 -4.33355 -2.59028 -4.13636 
-2.00305 -2.17366 1.38935 -2.01096 2.36199 -1.20199 2.43571 -1.58061 0.30019 -0.93548 1.31954 -0.35400 0.84516 -0.13428 1.11803 0.77592 0.56900 0.69396 0.32272 1.82064 0.20128 -0.70196 -2.56631 -1.80701 -2.86550 -3.31711 1.58647 1.24228 0.72582 0.08342 -0.04871 -0.54760 -2.94188 -0.62188 -1.42580 0.59405 -1.15659 1.30759 2.38897 
-1.87067 -1.48839 2.13935 -1.60006 2.81902 -1.11194 3.22446 -1.39517 -0.75422 -3.30115 -1.73499 -3.33229 -1.69865 0.49375 1.50107 1.11115 0.18627 -0.08747 -0.50003 -1.44296 -0.70763 -0.07880 0.42699 0.38784 0.92923 1.60132 0.85301 0.16026 -0.46386 -0.96744 -1.48929 -1.61438 -6.15901 -2.48401 -0.65209 1.78746 2.26154 4.12763 6.93579 
-1.50930 -0.67259 2.50050 -1.82469 2.27452 -1.70202 0.99275 -2.28825 0.22138 -0.50849 1.70739 0.57524 2.44649 0.71873 1.27828 0.31206 -0.39844 -0.79534 -1.29166 -4.33837 -2.28274 -1.35405 -0.77885 0.45453 1.26212 3.61868 0.18747 -0.20346 -0.21149 0.34820 0.92307 0.98035 2.00522 0.24171 -0.71286 -2.77595 -1.83629 -3.51939 -2.28133 
-1.15194 -0.21010 2.45141 -1.99849 2.02368 -2.40360 -1.11391 -3.67791 -2.10826 -4.08000 -1.28047 -2.07016 1.92003 0.68122 1.29761 0.89966 0.53446 0.83560 0.48032 0.56226 -0.46592 -0.79166 -2.34897 -1.44844 -2.59015 -0.68001 -0.24549 0.00393 0.36980 0.99176 1.14431 1.79092 5.90663 2.98579 2.53923 1.95607 1.53077 -0.22809 -3.44873 
-0.82808 0.62501 3.40016 -1.29023 3.11012 -1.22170 1.55501 -2.75417 -0.57028 -2.85746 0.25895 -2.01492 1.76648 0.47324 1.28221 0.68186 0.59333 0.34897 0.49926 1.56826 0.70305 1.18519 1.17722 1.98530 1.03403 0.16995 -1.36454 -1.95276 -2.22429 -0.60822 -3.44024 -2.21382 -6.32992 -0.80708 1.63650 2.92124 1.54026 3.08825 4.66737 
-0.67870 1.07211 3.13327 -1.40517 2.37265 -1.90435 0.45435 -2.97485 -0.92308 -2.90278 0.70483 -1.03613 2.08998 -0.68332 -0.65515 -1.32463 -0.07376 -2.60464 -1.73350 -5.76766 -1.27300 0.84484 0.57227 0.09181 0.49810 3.98736 -1.40620 -2.17692 -2.03943 -2.00100 -3.26535 -1.00277 -2.70761 0.00060 2.65462 3.45785 1.64811 0.33048 2.63950 
-1.51140 -0.03014 2.07553 -1.36398 0.50548 -2.95520 -4.21265 -4.02717 0.27456 -2.28519 0.35076 -1.51682 5.75384 -0.93296 -0.89470 -1.35756 -1.40767 -2.91638 -0.50352 -1.13935 0.70365 3.83981 4.63506 3.63341 1.36452 2.80945 0.32878 -0.20707 1.60088 -0.98900 4.09166 3.43329 12.03939 4.45236 0.21454 0.57936 -0.40882 0.76667 -7.83738 
-1.61166 0.17741 1.77571 -2.81284 -0.54373 -2.40786 -0.68501 -2.27120 2.91673 1.73228 4.33824 0.32839 4.89943 -0.35455 -0.86223 0.27625 -1.06275 1.48702 1.69979 6.27173 3.17936 1.05938 1.15163 -0.31701 1.26477 -3.85001 -0.00013 -1.33263 1.72266 1.69555 5.32038 1.50229 3.72403 0.14509 -6.13086 -7.35329 -8.27450 -2.79387 -6.82267 
-1.86595 -0.89237 2.35178 -2.42674 1.99250 -1.25541 2.05908 -0.84780 1.33394 -1.13356 0.03375 -0.25204 1.90382 -0.93308 -2.22734 0.36509 0.28788 2.40399 0.99878 2.58468 0.84874 -2.29105 -2.71823 -4.64109 -1.42936 -4.01322 0.16122 -0.15390 -0.11956 1.32382 -1.60431 -1.85844 -5.59987 -3.25362 -2.21028 -0.18462 0.71397 -1.90515 2.61429 
-2.54474 -2.04993 2.14080 -2.52496 1.86026 -1.40909 1.89967 -1.42246 0.62568 -0.98595 -0.30285 -1.10097 0.88621 -0.19333 -1.01613 0.15669 0.26107 -0.11729 -0.15864 0.67185 -0.07426 -1.15090 0.96700 0.39697 -0.64038 -1.23572 1.63172 1.72612 -0.32094 0.93196 -2.17782 -0.90024 -2.64496 -0.28649 1.61965 3.82268 4.78338 1.99312 3.56025 
-2.05927 -1.90850 2.50847 -2.16567 1.87520 -1.41405 2.73093 -0.92206 0.18303 -0.16656 0.43072 -0.89242 0.66810 0.69864 -0.50122 0.04415 1.21984 0.22617 0.09853 -0.06028 0.56225 -0.67140 1.10445 0.14229 0.56377 -0.45297 1.01386 0.42100 -1.00862 0.50715 -0.07627 0.45745 -3.50138 0.37386 0.98997 -0.40596 -1.14343 0.66150 1.30388 
-1.84610 -2.55115 2.18496 -1.30512 2.08644 -1.31055 1.83940 -0.86021 -0.04572 0.11850 -0.16056 -0.53720 0.43323 0.82053 -0.59513 -0.85193 0.76822 -0.19356 0.29880 -2.82953 0.29960 -0.16094 0.56105 -0.74646 0.02112 0.06816 0.30922 0.85783 -1.10094 -1.12292 -0.60909 0.35361 -1.80658 -0.23835 -0.34588 -1.24825 -0.15289 -0.37587 1.46950 
-1.23874 -2.50363 1.65654 -1.39745 1.68165 -1.11525 -0.09860 -0.62246 0.02209 0.39448 -0.31574 -0.87130 0.73626 1.00786 0.35661 -1.05679 0.09692 -0.38291 0.45214 -1.86686 0.32390 -1.01728 -0.14380 -0.01060 0.18790 1.01653 -0.23054 1.74685 -0.01088 -0.23255 -0.03469 -0.01234 3.07906 0.05501 -0.93821 -0.90632 0.86636 -0.45851 0.87080 
-0.83824 -2.19454 1.12817 -1.20819 1.70352 -0.85841 -0.02746 -0.53631 -1.06301 -0.02529 -0.17116 -0.34930 1.44976 0.59000 1.15172 -0.86281 0.53567 -0.22825 0.28646 0.24953 0.35461 -1.09915 -0.34527 0.11990 -0.43739 0.93897 -0.72437 1.43862 0.70866 0.24933 -0.27253 -0.39575 2.76678 0.10726 1.23424 0.65262 0.70759 -0.81373 -0.96762 
-0.64874 -1.35192 0.79373 -0.86179 1.45340 -0.82879 0.15093 -0.26785 -1.07706 0.04921 -0.19585 -1.30869 1.67523 0.28349 1.79523 -0.34813 0.34626 -0.65544 0.05639 0.89992 0.43116 0.21696 0.50882 0.69700 -0.62583 0.04891 -0.25146 0.24777 0.54004 -0.36971 -0.54965 -0.13830 0.70210 -0.19296 1.98384 0.83778 0.04295 0.83688 -2.22832 
-0.55475 -0.39930 0.78004 -0.86194 1.04808 -0.80202 0.87246 -0.10515 -0.84605 0.48353 0.52584 -0.97513 1.49867 0.33854 1.39949 -0.32277 0.16596 -0.77791 0.14816 0.95163 0.16165 0.88470 0.49251 0.16284 0.39949 -1.28936 0.18984 -1.27682 -0.09145 0.20528 -0.01924 0.20404 -1.81650 -0.51382 0.59437 -0.85649 -1.27363 1.13739 -1.51317 
-0.31020 0.04758 0.47095 -0.69583 0.67549 -0.68063 1.10256 -0.10620 -0.19236 0.54172 -0.03300 -0.90920 0.38587 0.47333 0.51842 -0.43958 0.55153 -0.67468 0.26043 -0.91658 -0.08266 0.81133 -0.34766 -0.57663 0.51157 -1.46427 -0.03253 -1.60455 -0.16740 0.48333 0.26006 0.38162 -1.42578 -0.13355 -0.70817 -1.05210 -0.18376 0.42486 1.28253 
-0.08143 0.11911 0.34046 -0.31040 0.37341 -0.54159 -0.04412 -0.18781 -0.03472 0.13587 -0.05079 -0.46356 0.03440 0.30601 -0.20506 -0.49018 0.64929 -0.51785 0.52979 -0.47416 0.02810 0.17652 -0.55959 -0.02091 0.82435 -0.00683 -0.38948 -0.71836 0.08891 -0.28920 0.37747 0.23603 1.07942 0.24131 -0.64097 0.02734 0.50796 -0.03008 1.75014 
-0.00419 -0.15748 -0.01923 -0.04654 0.15764 -0.15085 0.62840 -0.07811 -0.01584 -0.01787 -0.05392 -0.08485 0.37904 0.08384 -0.19994 -0.35067 0.26234 -0.29721 0.49646 0.16284 0.15865 0.17036 -0.32032 -0.06867 0.48148 0.28588 -0.31811 0.33165 0.52774 -0.69478 0.39986 -0.37795 0.12042 -0.01385 -0.16423 0.39426 0.09619 -0.75143 -0.16083 
0.00242 -0.08083 -0.01021 -0.04806 0.07619 -0.04513 0.11872 -0.02916 0.13564 -0.18445 -0.11946 0.01792 0.32028 -0.01210 0.12660 0.03756 -0.04549 -0.11799 0.15184 -0.35373 0.01425 0.01230 -0.16534 0.07528 0.07292 -0.16766 -0.18129 0.12605 0.44963 -0.12186 0.21988 -0.55005 -0.30012 -0.12057 0.02281 0.24104 0.06448 -0.60282 -0.30075 
-0.01629 -0.03088 0.01834 -0.09203 0.03965 0.00099 0.27467 -0.06386 -0.00354 -0.18321 0.02136 -0.01193 0.21138 -0.09745 -0.07389 0.09896 0.14048 -0.07733 -0.05359 -0.13728 0.03809 0.19317 -0.07928 -0.00419 -0.12134 -0.01487 -0.00424 -0.14642 0.03115 0.06943 0.09244 -0.14114 0.03329 -0.13790 0.25476 0.22601 0.08967 -0.22912 0.02189 
-0.09503 -0.15472 0.08875 0.09242 -0.00114 -0.09873 -0.01855 0.00893 0.32881 -0.26373 -0.12365 -0.10342 0.30541 -0.01634 -0.01982 0.06872 0.02394 -0.02555 0.01070 -0.32044 -0.12366 0.26706 0.06067 0.16495 -0.15620 -0.14577 0.19377 0.16838 -0.14955 -0.26479 0.18024 0.06124 0.28859 -0.07989 -0.39224 0.13142 0.14364 0.13682 -0.12594 
-0.03264 -0.05070 0.08706 -0.06809 0.01410 0.01169 -0.04577 -0.18752 0.26352 -0.12254 0.18632 -0.16813 0.06561 0.09632 0.09449 -0.05059 -0.12431 0.10291 0.00765 0.15131 -0.04180 -0.19907 0.05214 0.13945 0.01548 -0.14081 0.07109 0.11726 -0.12122 -0.02435 0.07862 -0.13412 0.46259 0.26886 -0.39702 0.09043 -0.39092 0.21441 0.27219 
0.00130 -0.06023 0.03816 -0.03189 0.10177 -0.09108 0.13276 -0.03287 0.12974 -0.21159 0.01580 -0.08794 0.16459 0.05475 0.09744 -0.05250 -0.00040 0.05307 -0.12343 0.14215 0.14520 -0.12997 0.15110 -0.22597 0.05821 0.12642 -0.05081 -0.09798 0.11250 0.06764 -0.11958 0.01104 -0.10618 -0.05082 0.29084 -0.15268 0.05875 -0.14813 0.20708 
0.02211 0.04674 0.03455 -0.06849 0.06717 -0.11174 0.09638 -0.04232 0.13355 0.02857 -0.03966 -0.10992 0.19203 0.04552 -0.00349 0.06191 -0.05667 -0.01667 0.01869 0.04513 -0.09263 0.09177 -0.10054 0.19819 -0.13265 0.06627 -0.07453 -0.16577 0.04451 0.01474 -0.07639 0.21342 -0.15318 -0.13424 0.05079 -0.29918 0.33194 -0.01115 -0.20582 
0.04681 -0.06372 0.10007 -0.08857 0.08510 -0.07239 0.17788 -0.12550 0.22151 -0.31213 0.21399 -0.22059 0.23086 -0.01978 -0.06832 -0.00799 0.01434 -0.02333 0.08999 -0.01103 0.01096 -0.07918 -0.14808 0.10597 0.04706 -0.07940 -0.08307 0.04507 -0.13861 0.09917 -0.01758 0.01162 -0.08760 0.15324 -0.24924 0.33430 -0.33053 0.27365 -0.22443 
0.00233 -0.02159 0.02656 -0.05416 0.04384 -0.02175 0.08534 -0.03136 0.05436 -0.11951 0.06631 -0.06286 0.11263 -0.03755 0.04158 -0.07670 0.04250 -0.03425 0.03031 -0.04247 0.06061 -0.15748 0.23376 -0.13233 0.14100 -0.15816 0.02750 0.05701 0.01481 0.01698 0.00350 -0.09469 0.01861 -0.04943 0.11639 0.20058 -0.08252 -0.11401 0.08372 
0.00926 -0.02214 0.02337 -0.04606 0.05086 -0.04208 0.13541 -0.06489 0.06403 -0.07837 0.08166 -0.07959 0.07271 0.00772 -0.01132 0.00681 0.03132 -0.01983 -0.00469 0.00758 -0.03847 0.03720 0.05250 0.02345 -0.06695 0.00432 0.01588 -0.06203 0.12048 -0.03873 0.00910 -0.01157 -0.00329 -0.09052 0.26171 -0.24472 0.05969 -0.17469 0.27712 
0.01005 -0.03290 0.03337 -0.02284 0.02401 -0.02644 0.09292 -0.06983 0.09157 -0.06701 0.08976 -0.12981 0.11695 -0.02168 -0.02046 0.04378 0.00378 -0.02515 0.01874 -0.04576 -0.02991 0.10423 -0.01096 -0.07264 -0.03369 0.11896 0.00840 -0.00837 0.00638 -0.04683 0.05848 -0.02244 0.06331 0.02422 0.02540 -0.12979 0.01143 0.06579 0.04727 
-0.01242 -0.04260 0.06716 -0.04229 0.02571 -0.02334 0.08965 -0.09480 0.16826 -0.08934 0.00902 -0.11328 0.19167 0.01613 -0.01968 0.01319 -0.01551 0.03865 -0.02713 0.07088 -0.01425 0.06260 -0.07729 0.03488 -0.00116 0.05159 0.05061 -0.00393 -0.02305 -0.02055 0.01516 -0.00464 0.21541 -0.01053 -0.18449 -0.05269 0.12653 0.04315 -0.10394 
0.02618 -0.05259 0.04656 -0.03835 0.06267 -0.05357 0.16380 -0.08408 0.15417 -0.14429 0.12464 -0.13097 0.16854 0.02893 -0.02438 0.02073 -0.01678 -0.00998 0.01410 0.16965 -0.04044 -0.08026 -0.06365 0.05389 0.00946 0.01503 -0.03680 0.04063 -0.00946 0.01597 -0.07719 0.04916 -0.11327 0.02830 -0.13617 0.17467 -0.13101 0.06253 -0.09666 
0.01652 -0.06698 0.08789 -0.05906 0.01573 -0.00925 0.25930 -0.13524 0.08799 -0.15299 0.06291 -0.10382 0.20669 -0.02067 0.02095 0.00372 0.00046 -0.03854 0.02203 -0.04239 0.01405 -0.07357 0.09738 -0.09613 0.06137 -0.04508 -0.01879 0.06588 -0.08321 0.03067 -0.00459 -0.07356 -0.36942 0.11851 0.10356 0.24133 0.04913 0.04759 -0.11986 
0.00551 -0.03164 0.05029 -0.03790 0.02413 -0.03154 0.12142 -0.07002 0.08060 -0.04691 0.02851 -0.06961 0.12346 0.01014 0.04150 -0.06247 0.01389 -0.01457 -0.05946 -0.19977 0.07807 0.02330 0.17768 0.10303 0.05705 -0.10483 0.02634 -0.02508 -0.03577 -0.01387 0.02267 -0.07044 -0.01625 0.00828 0.14371 -0.09676 0.21752 0.00752 0.08958 
0.02666 -0.02548 0.02541 -0.04517 0.00116 -0.06870 0.05952 -0.05717 0.11129 0.02470 0.16593 -0.04676 0.10186 0.00566 -0.00413 -0.03204 -0.01341 -0.01586 -0.04841 -0.05863 0.02234 0.07013 0.00062 0.12139 0.06889 0.04451 -0.01046 -0.06393 0.09788 -0.02710 0.06507 0.06785 0.30817 -0.11869 -0.00392 -0.31837 -0.17236 -0.14517 0.15349 
