0.00997 -0.03689 0.09470 -0.06710 0.00848 -0.00450 0.20883 -0.16804 0.07967 -0.04797 0.00646 -0.04525 0.19581 0.40276 -0.67274 -0.46112 0.71220 0.04071 -0.42512 -1.63383 -0.81830 -0.28853 -0.45600 -0.13548 -0.21244 0.13637 0.40093 -0.93803 -0.05386 0.51548 0.18321 -0.92855 -1.19128 -1.19226 -0.43851 -0.96050 -1.02400 -0.79015 0.47750 
0.39737 -0.69613 -0.36987 0.66075 0.04429 -0.44048 -1.42032 -1.00815 -0.19631 -0.48040 -0.13905 -0.27065 0.35676 0.42640 -0.89002 -0.15082 0.53536 0.30595 -0.94413 -1.12608 -1.07934 -0.47763 -0.81648 -1.03717 -0.84445 0.30880 -0.76418 1.31112 0.98281 -1.70703 -0.16294 0.65160 3.52963 1.57901 0.88129 0.80434 0.06474 0.27917 0.26195 
0.43638 -0.92690 -0.05613 0.46825 0.31443 -0.94863 -0.91725 -1.24738 -0.39796 -0.86445 -1.03071 -0.88971 0.50462 -0.36142 0.63838 0.52170 -0.99483 -0.12222 0.22648 1.89579 0.76070 0.59276 0.34834 -0.07074 0.06672 0.39831 -0.96418 1.64132 0.48902 -1.04689 -0.76775 1.81947 2.87045 1.92559 0.94073 1.63766 1.54012 1.78200 -0.31686 
0.03595 -0.05775 0.15182 -0.33409 -0.07793 -0.21401 0.47547 -0.24744 0.39645 -0.13206 -0.20979 -0.20392 0.75508 -0.53778 0.75130 0.33820 -0.51153 -0.46180 0.87534 1.74437 0.84625 0.46310 0.82117 0.50295 0.93755 -0.00806 0.10204 -1.19233 1.16072 0.78341 0.54655 -0.05880 0.55686 -1.06918 -0.33776 -0.36408 -1.62099 -0.28333 -0.25531 
-0.10140 -0.17560 0.28207 -0.04328 -0.14737 -0.07328 0.82712 -0.40113 0.06514 -0.04328 -0.52776 0.04784 0.49656 -0.25938 -0.55395 1.68242 -0.21142 0.42433 0.16767 2.45266 -0.30848 0.25500 -0.01574 -1.69173 -0.21661 0.14300 0.69435 -1.13906 -0.65284 0.44355 1.99366 -1.42310 -3.46099 -1.58805 0.08428 -0.92316 0.63352 -1.35633 0.69634 
-0.22343 -0.61170 1.83424 -0.54551 0.34639 -0.04633 2.92813 -0.55592 0.65146 -0.14780 -1.90152 -0.42053 0.89808 0.15657 -0.38776 -0.31464 -0.06798 1.53186 -0.54776 -1.71661 -0.74180 0.54738 -0.10198 1.13646 -0.41878 0.68828 0.48786 1.13168 -3.46911 0.67710 -0.71879 -0.16319 -5.03143 0.76628 -0.89160 0.02424 3.79398 0.59682 -0.97443 
0.05517 -0.56336 -0.03256 -0.11126 1.38449 -0.62104 -0.88949 -1.14293 0.61252 -0.14526 0.60870 -0.37095 1.18484 0.22849 0.57773 -1.78670 0.46568 -0.29446 0.00448 -2.57877 0.45781 -0.63660 0.00850 2.10225 0.38021 -0.83143 -0.21025 0.91867 0.43596 0.11507 -2.86271 1.13230 2.76989 1.74456 -1.09038 0.22171 -1.68635 0.72360 -1.72728 
0.00506 -0.03397 0.04754 -0.07983 0.05194 -0.04185 0.34936 -0.09811 0.01486 -0.13930 0.20073 -0.04032 0.06665 -0.05368 0.53091 0.12132 0.04708 -1.33085 0.58454 1.05328 1.00276 -0.54300 0.11973 -0.54989 0.30482 -1.03900 -0.16333 -0.65189 1.91190 -0.54496 0.32035 0.01400 2.31209 -0.37939 0.66142 0.08237 -2.23466 -0.41090 1.01844 
0.00149 -0.03245 0.08876 -0.06418 0.05364 -0.03650 0.16378 -0.14017 0.06952 -0.02553 0.05881 -0.06613 0.14584 0.06515 -0.07416 0.12520 -0.07927 0.02590 0.01848 -0.26668 0.07842 0.02482 0.09087 -0.13241 -0.03069 0.18701 0.06745 -0.52057 -0.15212 -0.04262 1.34053 -0.59552 -1.07349 -0.94781 0.53019 -0.16352 0.62242 -0.29488 0.98640 
0.07021 -0.10813 0.17274 -0.15910 0.07783 -0.02337 0.08269 -0.01970 0.03967 -0.04843 0.06832 -0.07101 0.25366 0.01377 0.01034 -0.03079 0.00446 0.00968 -0.01098 -0.02022 0.05495 -0.01281 -0.04380 0.07253 0.00994 -0.05260 -0.13158 0.15871 -0.22417 0.17949 -0.05872 -0.02377 0.29690 -0.16907 0.02659 -0.13112 0.17845 0.04300 -0.30996 
0.01526 -0.02211 0.05796 -0.05971 0.06332 -0.04748 0.14357 -0.08522 0.05671 -0.06933 0.13134 -0.05619 0.09324 -0.06643 0.08455 -0.09897 0.10021 -0.03282 -0.00529 0.03022 -0.09066 0.05141 -0.04025 0.04604 0.01231 -0.12295 -0.01506 -0.01232 0.03911 -0.00615 -0.01689 0.01687 0.02015 -0.06445 0.01806 0.04426 -0.07694 -0.01322 0.06537 
0.00378 -0.02357 0.07377 -0.05889 0.04501 -0.02866 0.11291 -0.11035 0.09108 -0.08868 0.11435 -0.05870 0.13071 -0.00128 -0.00199 0.00831 -0.00168 -0.00721 0.00589 -0.00006 -0.00950 0.00525 0.00046 -0.00441 -0.00328 0.01278 0.08702 -0.09733 0.12022 -0.14069 0.10543 -0.03550 0.11092 0.05787 -0.06863 0.00615 0.04240 -0.06803 0.14198 
0.01398 -0.02410 0.06628 -0.06140 0.05610 -0.04158 0.14351 -0.09472 0.06196 -0.06887 0.12693 -0.05947 0.10602 0.02059 -0.01278 0.02125 -0.04048 0.07261 -0.04079 0.14114 -0.03279 -0.01722 -0.03410 0.08844 -0.05572 0.01903 -0.00670 -0.01622 -0.03253 0.03821 0.08500 -0.05785 -0.14428 0.07886 0.04721 -0.01262 -0.15609 -0.00400 0.09505 
0.02437 -0.03635 0.09501 -0.09937 0.11761 -0.06945 0.25405 -0.14314 0.07386 -0.12278 0.20279 -0.11442 0.14974 -0.00798 -0.01820 -0.02422 0.03652 0.07778 -0.05196 -0.14434 0.06936 0.05246 -0.01216 -0.16050 -0.00728 0.10782 -0.02923 0.01575 -0.08327 0.05658 -0.13442 0.09209 -0.13939 0.06956 -0.01319 0.04282 -0.23075 0.13391 0.02441 
0.00600 -0.04230 0.04206 -0.02487 0.13389 -0.09354 -0.00084 -0.02536 0.11442 -0.08103 -0.03357 -0.06675 0.21384 -0.00864 0.00297 -0.06203 0.01610 -0.06181 0.05130 0.00175 0.03678 -0.03041 0.00872 -0.14231 0.07819 0.04344 0.02783 0.02218 0.07669 -0.11095 -0.11159 0.06769 0.37391 -0.18739 -0.07327 -0.02724 0.41507 -0.02324 -0.16961 
0.01573 -0.03338 0.03298 -0.08327 0.05580 -0.01815 0.25579 -0.10637 0.04345 -0.11406 0.06048 -0.03622 0.19318 0.01985 0.00398 0.05247 -0.07443 -0.03381 0.01573 0.22956 -0.11803 -0.02082 -0.03940 0.25457 -0.03052 -0.06178 0.00801 0.00607 0.07228 0.00417 0.07547 -0.10153 -0.15751 -0.02791 0.07045 0.06617 0.22018 -0.08972 -0.12887 
0.02585 -0.03832 0.09453 -0.09930 0.10008 -0.07781 0.22873 -0.14339 0.09360 -0.12043 0.22100 -0.09727 0.15206 -0.00063 0.00904 0.01025 0.02027 0.01365 -0.05024 -0.15576 0.00887 0.04005 0.07490 0.07787 -0.01153 -0.08543 -0.01908 -0.00312 -0.04561 0.08181 0.02508 -0.01362 -0.24839 0.10479 0.02989 0.05998 -0.27243 0.02595 0.06004 
0.01510 -0.02434 0.04323 -0.06300 0.06945 -0.06839 0.10003 -0.09750 0.08350 -0.03916 0.13836 -0.04775 0.10775 0.00077 0.00086 0.00686 0.00738 -0.00873 0.00211 -0.01883 -0.01324 0.00907 0.02058 -0.01786 -0.00457 -0.00174 0.00034 -0.00674 0.00557 -0.01822 -0.01970 0.07234 0.19387 0.00522 -0.06548 -0.11032 -0.07132 -0.00164 0.07306 
0.02662 -0.03747 0.10139 -0.09192 0.09134 -0.07570 0.20990 -0.15662 0.10268 -0.09985 0.20314 -0.10183 0.15032 -0.00029 0.00230 0.01582 0.00205 -0.00604 0.02210 0.03811 0.01408 -0.02544 -0.03543 0.00655 -0.01317 -0.01237 -0.01142 0.00132 -0.05725 0.05046 -0.00254 0.01332 -0.11643 0.10511 -0.02342 0.00055 -0.12750 0.04499 0.00552 
0.01481 -0.02205 0.05905 -0.06095 0.06341 -0.04629 0.13814 -0.08341 0.05806 -0.07459 0.14490 -0.06092 0.09538 -0.01065 0.00217 -0.05039 0.05784 -0.01127 0.01543 -0.13525 0.09187 -0.01434 0.02113 -0.14536 0.04042 0.00378 0.03098 -0.05898 0.06731 -0.02369 0.07256 -0.11694 0.50769 -0.37982 0.17967 -0.04347 -0.07263 -0.05983 0.19008 
0.01598 -0.03530 0.05100 -0.03408 0.08007 -0.06026 0.07465 -0.06476 0.08833 -0.07872 0.05779 -0.06141 0.15410 0.03069 -0.05668 0.08313 -0.02164 0.06652 -0.09484 0.54580 -0.36574 0.15424 -0.07889 -0.06608 -0.07299 0.17771 -0.03294 -0.02488 0.43767 -0.09552 0.27607 -0.03156 0.28028 -0.30704 0.07043 -0.34343 0.16259 -0.10097 0.88078 
0.04550 -0.07873 0.14218 -0.08258 0.12992 -0.14113 0.68394 -0.44915 0.21229 -0.15348 0.07882 -0.13391 0.27308 -0.04359 -0.02271 0.38728 -0.03768 0.26479 -0.01613 0.14503 -0.21517 0.05609 -0.32230 0.01723 -0.06055 0.88455 -0.04771 0.00724 -0.18377 0.11460 -0.19012 0.18864 -0.98433 0.27004 -0.40674 -0.20421 -0.70683 0.01356 0.35451 
-0.02761 -0.05800 0.43828 -0.07177 0.34486 -0.07639 0.21967 -0.27992 0.14442 -0.40102 0.07502 -0.12196 1.03865 -0.01702 -0.04944 -0.10064 0.09297 -0.12360 0.09380 -0.43853 -0.09570 -0.25250 -0.28311 -0.77291 -0.05944 0.53221 0.05085 -0.01534 -0.60198 -0.00876 -0.62323 0.09338 -0.02887 0.19336 0.02503 0.73003 -0.05813 0.05568 -1.40613 
0.02848 -0.12817 0.04154 0.01039 0.00632 -0.04732 0.24542 -0.54484 -0.04021 -0.43659 -0.69409 -0.19335 0.80529 0.00727 -0.03805 -0.21470 -0.04645 -0.35844 0.07725 0.11616 -0.02181 0.08112 0.40773 -0.04090 -0.00487 -0.52157 -0.04074 0.10409 0.22452 -0.27798 0.17678 -0.04962 0.64336 0.34542 0.40658 0.80144 1.11093 0.25139 -0.97500 
-0.02035 -0.09605 0.22358 -0.11821 -0.01358 0.00086 0.33583 -0.30173 0.22555 0.00672 0.03412 -0.12682 0.51707 -0.05776 0.05465 0.12388 -0.18501 0.05318 0.04418 0.20483 0.24973 0.15408 0.51833 0.33802 0.19195 -0.44279 0.02780 0.09036 0.00606 0.12362 0.45563 -0.12783 -0.25058 0.28932 -0.26645 -0.55271 0.13732 0.05678 0.21875 
-0.02928 -0.07353 0.16542 -0.17462 0.05950 -0.00314 0.45025 -0.29511 0.11387 0.08175 -0.35607 -0.00140 0.36251 0.03506 0.05231 -0.20863 0.07717 0.09719 -0.05058 -0.13442 0.26752 -0.18533 -0.14497 0.09642 0.05191 -0.30282 0.08846 -0.02056 -0.21470 0.29693 -0.02241 -0.10424 -0.54335 0.01856 -0.22042 -0.69980 0.17669 -0.28403 0.24591 
0.01472 -0.04375 0.01495 -0.04104 0.08361 -0.04972 0.20141 -0.03422 0.04022 -0.13826 0.13054 -0.07492 0.21425 0.03070 0.03408 -0.09082 0.11192 0.03077 -0.06005 -0.33851 0.26829 -0.06634 -0.18147 0.51471 -0.09208 -0.19687 -0.04123 -0.05585 0.27202 -0.17498 -0.09519 -0.00236 0.26647 -0.33832 0.19999 0.17996 -0.01135 -0.06594 0.15462 
0.00143 -0.03944 0.07459 -0.06270 0.09027 -0.06320 0.11174 -0.02682 0.04752 -0.09972 0.15864 -0.09348 0.16563 -0.00617 -0.00354 0.06338 -0.09781 0.00200 -0.05294 0.13205 -0.07080 0.01467 0.03499 0.08507 -0.01403 -0.14820 -0.02629 -0.01894 0.08218 -0.13915 -0.02696 0.06347 0.42287 -0.33061 0.06814 0.21555 -0.62443 0.16396 0.12063 
0.00855 -0.04728 0.07833 -0.13885 0.08560 -0.10266 0.33346 -0.10502 0.05489 -0.10327 0.21561 -0.08895 0.06605 0.00441 0.01515 -0.00864 -0.02722 0.00380 0.00342 0.08435 -0.06232 0.00180 0.03408 -0.10972 0.07188 -0.07624 0.01783 -0.00251 -0.04969 0.14437 0.02577 0.08594 -0.15678 0.05140 -0.00704 -0.10289 -0.06475 -0.01731 0.25104 
0.00584 -0.02430 0.06595 -0.08992 0.09407 -0.05978 0.19609 -0.08914 0.04932 -0.06564 0.04893 -0.02160 0.08939 0.01166 -0.00605 0.01369 0.04657 0.02777 0.03300 -0.02473 -0.01940 0.00763 -0.06790 0.02032 -0.03134 0.10284 0.00186 -0.01117 0.00377 0.04932 -0.02575 0.00518 -0.13764 0.07179 0.00128 -0.03462 0.19110 -0.10668 0.07860 
0.02021 -0.05333 0.09202 -0.09228 0.11337 -0.06966 0.30873 -0.12441 0.06252 -0.17117 0.23592 -0.12028 0.16889 0.00628 0.00397 -0.00487 0.02210 -0.02194 0.00860 -0.05329 0.00947 0.00308 -0.00054 0.08138 -0.03481 0.00236 -0.02159 0.03650 -0.04566 -0.01223 -0.07343 -0.01489 -0.14021 0.05148 -0.00438 0.17558 -0.16127 0.09561 -0.15130 
0.01211 -0.02033 0.06108 -0.06783 0.07212 -0.05118 0.14280 -0.07967 0.05240 -0.06617 0.13030 -0.05641 0.09175 -0.00993 0.03045 -0.03197 0.03434 -0.04567 0.01811 -0.16494 0.03208 0.00325 0.10768 -0.14095 0.06428 -0.04846 0.54967 -2.48635 -2.00292 1.11783 0.47448 -1.19454 3.27006 1.50887 0.02109 -0.60995 1.47247 -0.00926 0.80417 
0.01027 -0.02287 0.06005 -0.05794 0.06770 -0.05154 0.14380 -0.09234 0.06577 -0.06349 0.09497 -0.05600 0.12043 0.55595 -2.48238 -2.00779 1.13993 0.45254 -1.18594 3.21677 1.51834 0.02417 -0.61048 1.55385 -0.04406 0.80652 0.03151 -3.17960 1.74142 -1.46277 1.35756 -1.11788 1.62574 1.82978 -1.66727 -1.68923 1.50441 -2.06905 1.88145 
0.56806 -2.50270 -1.94672 1.07211 0.52466 -1.23712 3.35957 1.43867 0.07657 -0.67666 1.68416 -0.10047 0.89827 0.02158 -3.14915 1.70945 -1.42843 1.31189 -1.09977 1.46080 1.86185 -1.66402 -1.58155 1.36346 -2.00478 1.83299 -2.32834 1.66057 9.02833 -3.47667 0.93315 1.04847 -4.43870 -1.25539 -1.18718 0.18388 -0.97755 -1.21681 0.34317 
0.03185 -3.17202 1.76950 -1.48638 1.37960 -1.15131 1.60460 1.76952 -1.59826 -1.64504 1.45843 -2.06078 1.95341 -1.77240 -0.82181 7.02054 -2.33674 1.38569 -0.13747 -1.22192 0.26295 -1.16301 -0.42660 0.57631 -1.26087 1.14969 -1.27502 2.91981 1.69170 1.58545 -0.68884 0.86667 0.07660 -2.19865 2.28430 2.07515 -2.49395 2.96750 -2.54054 
-1.20434 -3.32451 5.07382 -1.26463 1.91035 -1.37459 2.13765 1.70163 -1.08644 -1.10326 2.26046 -1.36134 2.04796 -1.25345 -0.22934 3.40115 0.15702 0.62305 -0.23310 1.53740 -0.33679 0.62028 0.49360 -1.13049 0.96272 -0.70756 1.88886 0.71198 -7.19755 2.23766 -1.26373 -0.04403 0.99076 -0.81800 1.46552 1.51578 -1.90296 1.63405 -1.76574 
-1.22159 -3.40136 5.17065 -1.32936 2.00265 -1.38442 3.14200 1.43272 -0.97798 -1.15144 0.32794 -1.09806 1.24585 0.11646 -0.10983 -0.17702 -0.09908 0.12196 -0.18149 -0.23116 -0.55505 0.30251 1.08918 -1.32665 0.37318 -0.61604 1.75765 0.50177 -4.35200 -0.38289 -0.21438 0.10771 -2.47339 -0.71615 -0.67102 0.11481 1.34606 -0.95306 0.91884 
-1.08788 -3.43434 4.89680 -1.36371 2.03231 -1.55608 1.90649 1.14658 -0.78393 -0.01408 0.93381 -0.98816 1.43192 0.50421 0.27243 -0.95085 -0.22587 0.40867 -0.12539 -0.93599 -1.05295 -0.05074 0.60841 0.21557 0.00966 0.21128 0.23755 0.04425 -1.64968 -0.11889 0.22757 0.38884 0.51433 -0.22351 -0.15965 -1.32554 1.22639 -0.88792 -0.23776 
-0.71739 -3.12893 4.21981 -1.55523 2.41132 -1.50981 2.20601 0.37978 -1.02872 -0.54303 0.54351 -1.08840 1.45714 0.35401 -0.06558 -1.82669 -0.21796 0.34953 0.20735 0.28316 -0.77857 0.14286 -0.23636 -0.10026 -0.51474 -0.85380 -0.07945 -0.45549 -1.15510 -0.27851 -1.05797 0.36018 0.69882 1.57985 0.34501 0.08860 1.02534 -0.48797 -0.85344 
-0.73387 -3.49992 3.07011 -1.58167 2.38184 -1.34873 2.18965 0.36801 -0.64106 -0.25044 0.83355 -1.50290 0.57812 0.42476 -0.18306 -2.10594 -0.50438 -0.64930 0.23479 -0.23717 0.52691 0.29426 0.69701 1.24090 -0.47831 -0.64216 0.31628 0.42629 0.33007 -0.57245 -1.23727 0.35940 -0.34945 1.10006 -1.02652 0.07216 0.50818 0.52527 1.80066 
-0.29263 -3.31199 2.11386 -2.05961 1.76202 -1.27502 1.96884 0.90668 -0.73446 0.15398 1.78441 -1.56670 0.81498 0.67029 0.36072 -1.49662 -0.79041 -0.88774 0.56674 -0.06629 0.32150 -0.88366 -0.16421 0.40792 0.01052 0.94686 -0.15030 0.32104 0.57784 1.51267 0.10852 -0.38140 -0.61918 -1.39692 -1.13019 -1.14342 -1.55416 0.82889 1.62631 
-0.06358 -3.13920 1.57348 -2.37209 1.49410 -0.78199 2.12336 0.68951 -1.52472 -0.41465 1.24147 -1.49238 1.52497 0.27445 0.13798 -1.52810 1.00829 -0.54078 -0.14661 -0.85635 -0.87001 -0.83593 -0.44641 -0.31326 0.35059 0.98415 0.66272 1.35875 2.43946 4.83268 0.80327 -1.44383 -2.90821 -3.04484 0.32536 -1.00625 -2.53608 -0.83528 -1.42374 
-0.01817 -3.17401 0.58576 -1.05133 1.22124 -1.42164 1.11249 0.03667 -1.57039 -0.29243 1.47115 -1.21612 1.79912 1.33301 1.71946 0.94284 4.04227 -0.08447 -0.87708 -2.97450 -2.72335 -0.55830 -1.17045 -2.12817 -0.82475 -0.47688 1.62461 1.42028 1.86213 1.28697 0.33966 -0.53746 -1.79752 -2.59087 -0.13159 -0.89532 -2.23528 -1.67685 -0.95860 
1.26943 -1.41974 2.51632 1.67018 1.40963 -1.65907 -0.85114 -2.03384 -2.08302 -1.58510 -0.88670 -2.31713 1.04809 1.89906 1.55826 0.33404 2.29526 -0.20112 -0.68408 -2.65388 -3.46089 -0.96752 -1.34173 -2.54854 -1.32626 0.02554 -0.68910 -1.75315 -2.70039 -5.61449 -0.25955 0.08022 2.16484 2.07005 -0.18071 2.23890 3.61922 0.13566 0.68967 
1.88089 -1.61575 0.91980 1.24393 1.02012 -2.10571 -1.54139 -3.42422 -2.53791 -1.63416 -1.07739 -2.54238 1.82466 0.64391 -0.03369 -1.75755 -1.57222 -0.34402 -0.79687 -0.80966 -0.65329 -0.73900 1.06845 1.49106 -0.68909 0.21279 -1.80271 -1.36456 -0.22690 -3.54235 -0.47521 0.61236 4.77229 4.72487 1.41064 2.33571 4.20612 0.95493 -0.27893 
1.91334 -1.45343 0.75877 0.09796 1.06561 -2.45594 -1.66080 -2.68714 -2.82203 -0.51665 0.60436 -3.00622 1.26089 0.09635 0.19370 0.10714 -1.24709 -0.67633 -0.07172 2.11842 1.26398 0.44312 0.99398 1.65759 -0.37133 -0.25338 -0.60171 -0.24611 1.42556 1.01510 -0.52933 0.89003 3.02491 0.80794 1.15975 -1.07448 -2.09584 0.78314 0.50552 
1.97724 -1.42205 1.02694 -0.00317 0.34380 -2.17743 0.57703 -2.16024 -2.09478 -0.64018 0.58020 -2.91371 1.57128 0.04220 -0.27980 -0.33199 -0.55712 -0.87335 0.09316 2.21526 0.15465 0.42075 -0.00604 -0.60479 0.09404 0.71832 -0.05084 -0.57445 -1.00387 0.27177 0.76513 0.34636 -3.35978 -1.61406 -0.28021 -1.52983 -1.78461 0.55630 0.04137 
1.95553 -1.73323 0.42678 -0.45916 0.19226 -2.36278 0.55446 -2.53249 -2.40128 -0.52269 -0.00043 -2.91218 1.97920 0.04552 -0.38075 -0.89673 -0.97532 0.08880 0.27464 -1.24137 -0.35008 0.16291 -0.53585 -0.12703 0.18497 -0.21202 0.01418 0.16128 0.09167 -0.16691 1.12604 0.33962 -2.83234 0.00855 -0.16480 -0.61526 1.25617 0.08292 -1.04216 
2.02275 -1.80279 0.13020 -0.97849 0.43260 -1.90278 -0.66433 -2.51032 -1.93187 -1.17603 0.45317 -2.72874 1.35926 0.05637 -0.11851 -0.24032 -0.72404 0.25269 0.43278 -0.61709 0.16319 0.25595 -0.62130 0.65138 0.17697 -0.32384 -0.19556 0.24391 0.60621 0.39640 0.01934 -0.72343 1.26855 0.64725 -0.60354 0.27154 0.25836 -0.30522 0.72813 
2.01190 -1.85174 0.18646 -1.18320 0.44495 -1.93000 -0.06263 -2.36930 -2.14532 -1.14399 0.65096 -2.73522 1.65536 -0.15004 -0.13684 -0.29052 -0.57892 0.10814 -0.44879 0.02718 0.29717 -0.44063 -0.26431 0.13133 -0.12025 0.51611 -0.12588 0.11896 -0.03483 0.53113 0.02985 -0.92907 1.02126 -0.01479 -0.34313 0.58321 -1.14107 0.16734 0.45696 
1.87271 -1.93964 -0.16032 -1.55741 0.54074 -2.35157 -0.63715 -2.21316 -2.37250 -1.44034 0.58450 -2.84900 1.87537 -0.06951 0.00045 -0.27514 -0.19290 0.28254 -0.49629 0.40417 0.14841 -0.08717 -0.03808 -0.48969 0.34431 0.13311 0.32034 0.12018 0.34517 1.20104 -0.43399 0.48130 1.58975 -0.65103 0.55576 0.53031 -0.54234 0.84424 -0.24569 
1.94239 -1.85130 -0.08868 -1.37610 0.72749 -2.42630 0.34154 -2.22089 -2.23249 -1.18207 0.16126 -2.39091 1.78847 0.17030 -0.01666 0.05464 0.62212 -0.32585 0.03252 1.61693 -0.35387 0.11513 0.26600 -0.41101 0.72399 0.27042 0.04422 0.03209 0.40651 0.02345 -0.46842 0.66956 -0.38082 -0.03264 0.17678 -0.06439 0.55720 0.26722 -0.32171 
2.04301 -1.95630 -0.10568 -0.93529 0.21488 -2.31905 0.97978 -2.56702 -2.25737 -1.17434 0.17349 -2.12501 2.14580 -0.02529 0.03254 0.13136 -0.16945 -0.18588 0.17327 0.02335 0.11577 0.08961 -0.10247 0.06751 0.61153 -0.18859 -0.12979 0.12274 0.09796 -1.25757 0.95581 0.10401 -1.50167 0.87379 -0.33676 0.21796 0.51619 -0.51996 -0.10926 
1.91710 -1.81876 0.04268 -1.54555 0.54161 -2.25303 0.36489 -2.10512 -2.14288 -1.28454 0.22878 -1.77938 1.59988 0.04051 0.10607 0.15260 -0.63545 0.62995 0.13653 0.11527 0.51992 -0.22163 0.48396 0.10519 0.20403 0.16116 -0.08036 -0.20713 -0.35756 -0.29764 -0.21975 -0.43356 0.35279 -0.96932 -0.59037 0.19334 -0.92107 -0.86875 0.52772 
2.08352 -1.85022 0.04692 -1.57074 0.84484 -2.18253 1.09505 -2.04710 -2.47900 -0.69037 0.27868 -1.92098 2.30696 -0.10565 -0.17459 -0.22620 -0.46709 -0.40563 -0.26030 0.37615 -0.85356 -0.50075 0.09087 -0.85356 -0.25722 0.33913 -0.10154 -0.05653 -0.16359 0.32627 -0.70803 -0.21277 -0.20717 -0.46518 0.14348 -0.64013 -0.17017 -0.21894 0.06827 
1.81146 -1.99335 -0.18352 -2.01265 0.13598 -2.51333 0.74104 -2.95868 -2.64363 -1.19366 -0.62478 -2.03660 1.93901 -0.06103 0.04955 -0.01099 -0.30918 -0.07808 -0.07624 -0.09191 0.05474 -0.07815 -0.15617 -0.06499 -0.01491 0.22943 0.21575 0.30255 0.44350 -0.14810 0.67011 0.54133 -2.22757 1.96409 0.35342 -0.66150 2.13834 0.04410 -0.62521 
2.02249 -1.80068 0.03594 -1.87992 0.76676 -2.25877 1.00314 -1.99235 -2.55716 -0.84655 0.21369 -1.93589 2.53639 0.11010 0.12796 0.21730 -0.61519 0.26448 0.28103 -1.85143 1.11053 -0.14733 -0.57063 1.28478 -0.21313 -0.28608 0.01722 -0.07431 0.63802 -0.29531 -0.34666 0.48673 -1.64697 0.21321 0.48108 -0.62697 0.67255 -0.24183 -0.44134 
1.92156 -1.86540 0.03379 -2.62784 0.40046 -2.23230 -1.11038 -1.84815 -2.79096 -1.76429 0.66000 -2.24973 1.65293 -0.04381 -0.02477 0.62704 -0.60449 -0.42473 0.41048 -1.73888 0.26795 0.40293 -0.78314 0.60756 -0.25674 -0.21191 -0.03275 -0.14877 0.29093 0.90276 -0.54016 -0.13563 2.09931 -0.85334 0.72078 0.62915 -1.50980 0.25550 1.38137 
1.97868 -1.82545 0.66297 -2.48441 0.34203 -1.84829 -0.73574 -1.72440 -2.15423 -1.62969 0.82125 -2.19262 2.32448 0.07735 -0.02082 0.50823 0.28757 -0.27568 0.14540 0.24788 0.25720 0.57345 0.05853 -0.22502 0.04237 1.09529 0.03724 0.03897 -0.90992 0.69070 0.21912 -0.81384 2.04826 -0.20616 -0.38053 0.85840 -1.62905 0.36531 0.58965 
1.99891 -1.88621 0.54202 -2.34027 0.12477 -2.08690 -0.86250 -1.59095 -2.21751 -1.70576 0.43498 -2.20736 2.74822 -0.00657 0.01420 -0.28288 0.08621 -0.20561 -0.40335 0.30938 0.06179 0.02240 0.07526 -1.02149 0.10858 0.37774 -0.07269 0.14911 -0.47758 -0.27266 -0.44083 -0.19522 0.41317 -0.49663 -0.53961 0.05952 -0.53586 0.21823 -1.15199 
1.97211 -1.81125 0.38009 -2.39821 0.13642 -2.25164 -0.42636 -1.66261 -2.13182 -1.55443 -0.20024 -2.08404 2.70222 0.00465 0.12830 0.03065 0.01491 -0.71651 -0.04982 0.66105 -0.23944 0.03384 0.11805 -0.76088 0.26061 -0.05670 0.07873 0.19972 0.66427 0.01704 -0.27640 0.65926 0.55648 0.06427 -0.03042 -0.19997 1.02472 0.45569 -0.25750 
2.00356 -1.75792 0.57267 -2.32536 -0.59174 -2.13672 -0.20145 -1.83039 -2.18368 -1.58772 -0.32591 -1.94675 2.69152 0.07216 0.21392 0.38139 0.10325 -0.48201 0.25590 0.86585 0.12607 -0.00802 -0.12471 0.00322 0.56427 0.12023 -0.13914 0.00912 0.01882 -0.31965 0.78379 -0.10710 -0.41424 0.34426 0.12507 -0.46073 -0.21404 -0.08220 0.17591 
2.04427 -1.59733 0.76148 -2.29496 -0.34559 -1.99574 0.43949 -1.53654 -2.13984 -1.67914 -0.19702 -1.51977 2.82245 -0.13449 0.13741 0.04948 -0.30474 0.06727 -0.15691 0.24681 0.10483 0.15891 -0.34269 -0.97492 0.17840 0.11921 -0.23095 -0.25776 -0.09364 -0.75934 0.30034 -0.26977 -1.49545 0.18217 0.18793 -0.27724 -0.90185 -0.81418 0.32128 
1.86907 -1.62051 0.62215 -2.63010 -0.52447 -2.29363 0.04536 -1.72556 -2.02477 -1.93040 -1.30083 -1.76835 2.81073 -0.15879 -0.04384 0.28775 -0.65609 -0.18167 -0.01387 -0.62960 0.30824 0.17991 -0.40195 -0.89863 -0.24991 0.44151 0.02169 -0.11256 0.27493 -0.32357 -0.40741 0.35969 -0.01493 0.17775 -0.50045 0.28649 0.28148 -0.69412 0.17895 
1.88548 -1.64117 1.04923 -2.95105 -0.52727 -2.00960 -0.19010 -1.22830 -1.95993 -2.08109 -1.09564 -1.76968 3.26397 -0.11280 0.02485 0.32440 -0.62831 -0.34014 0.20277 0.23189 0.28258 -0.34154 -0.05620 -0.69344 -0.51572 0.29816 0.05256 0.18014 -0.12006 0.65604 -0.25087 -0.17197 1.46405 0.01923 -0.27428 0.16856 0.24567 -0.31139 -0.03368 
1.75627 -1.59565 0.94655 -3.25841 -0.86461 -2.09086 0.27725 -1.44297 -2.36631 -1.98660 -1.99427 -2.28407 3.10889 -0.10624 0.13630 0.16769 -0.00006 -0.43254 -0.18584 0.83446 0.32747 -0.09436 -0.23338 -0.65296 -0.56130 0.40783 0.01182 -0.03112 -0.46273 0.58120 -0.37431 -0.40650 -0.62821 -0.35845 0.58230 -1.10669 0.19358 0.46133 -0.89503 
1.77924 -1.50486 1.21692 -2.95111 -0.95981 -2.19544 0.64435 -0.90083 -2.05429 -2.31447 -1.74860 -2.33098 3.67180 -0.10098 -0.00627 -0.13832 -0.04711 -0.71445 -0.20373 -0.39633 -0.07587 0.24076 -1.16289 -0.49986 -0.05439 -0.59686 0.27765 -0.05695 -0.62704 0.59062 0.82728 0.61584 -0.67181 0.30166 0.47764 -0.45375 1.58996 1.15848 -1.26067 
1.65530 -1.60192 0.80823 -3.30552 -1.57906 -2.29459 -0.11908 -1.51885 -2.12555 -3.14949 -2.49414 -2.33846 2.51203 0.17142 0.07936 -0.45935 0.59056 0.39474 0.43000 0.16265 0.62913 0.38328 -0.68714 0.93701 0.59718 -0.85284 0.33885 0.22500 -0.00330 0.99443 1.52088 0.82243 1.85377 0.41292 -0.02670 1.34049 1.36230 0.37273 1.58391 
1.95066 -1.42550 0.75758 -2.36055 -0.56507 -1.76544 0.80700 -0.27170 -1.67101 -3.00161 -0.81159 -1.73381 2.81896 0.23787 0.21873 -0.14163 0.94732 0.80642 0.61870 1.45744 0.33705 0.21406 0.17760 0.86244 0.31834 0.98704 -0.10044 0.17357 0.80972 -0.43298 -1.02958 -0.40247 1.38140 -0.72121 -0.28351 0.75902 -1.18960 -0.47439 1.31916 
1.89317 -1.38319 0.66660 -2.35820 -0.77264 -1.67589 1.33836 -1.18180 -1.91150 -2.97189 -1.63170 -2.02012 3.49907 0.07098 0.25293 0.35037 0.15758 -0.63484 0.02753 1.54405 -0.09208 0.09977 0.07188 -0.25260 0.12279 0.46632 -0.10792 0.08694 0.38529 -0.74170 -1.24171 -0.85752 -1.01157 0.62449 -0.06123 -0.80203 -0.03319 -0.27103 -1.49783 
2.02163 -1.17257 1.10795 -2.20297 -1.19991 -1.73791 2.35105 -0.36378 -1.57124 -2.92973 -1.06419 -1.61102 3.28528 0.12995 0.30568 0.24367 0.20562 -0.43528 -0.23882 0.44587 0.96154 0.15283 -0.62443 0.82925 0.04731 -0.51079 -0.12251 -0.22127 -0.45876 -0.09271 0.13912 -0.39056 -2.43723 -0.13506 -0.24331 -0.82484 -0.29298 -0.24917 -1.02594 
2.02311 -1.07751 0.91026 -2.15258 -1.20792 -1.91471 1.78423 -0.22026 -1.75867 -3.59633 -0.80245 -1.97282 2.98829 -0.05153 0.03166 -0.10838 0.06486 -0.49571 -0.36302 -0.89318 -0.22714 -0.14354 -0.75296 -0.54558 -0.12638 -0.55962 -0.11163 -0.29284 -0.12858 -0.16029 0.57711 0.03233 -1.13637 -0.51785 0.52945 0.97562 -0.99574 -0.04506 0.25677 
1.97010 -1.14091 0.99957 -2.13811 -1.69562 -2.10093 1.45787 -0.59092 -1.71478 -3.68269 -1.60977 -1.73741 2.72566 0.01831 0.01284 0.11508 0.04533 0.14182 -0.20648 -0.69050 0.44369 0.68228 0.35118 -0.16650 0.00225 -0.25402 0.08559 -0.10118 0.26265 0.00674 0.32454 -0.05783 1.19061 1.50883 0.69338 1.42802 2.52463 -0.69701 -0.45792 
2.04143 -1.06467 1.02535 -2.10725 -1.06610 -2.12120 1.09373 0.22343 -1.07639 -3.24514 -0.96895 -1.97057 2.73427 0.03406 -0.06952 0.15427 0.07161 -0.17118 -0.42086 0.29743 1.28168 0.54984 0.67506 1.97905 -0.82340 -1.01755 0.03129 -0.00577 -0.35800 0.14829 -1.14206 -0.49881 1.26804 0.17347 -0.77271 0.10565 0.69502 -0.63574 -0.91421 
2.00416 -1.21043 1.15384 -2.06650 -1.86680 -2.52179 1.75530 0.69076 -1.16494 -3.00762 0.36928 -2.56080 1.70811 0.04960 0.00707 -0.24292 0.19362 -1.00023 -0.70530 0.57754 0.61716 -0.09044 0.45684 0.52852 -0.63350 -1.16822 0.13291 0.34382 -0.24271 0.21051 0.06340 0.43833 0.05998 -0.87182 -0.36487 -0.05931 -2.41648 1.11320 1.35876 
2.09103 -1.05760 0.78243 -1.91364 -2.06633 -2.82649 1.67127 0.84059 -1.16682 -2.78830 -0.44043 -2.60407 1.56604 0.16697 0.27431 -0.08845 0.28212 -0.10778 0.01747 0.35741 0.40986 0.18497 0.61575 -0.43743 0.28980 0.34122 -0.03397 -0.04272 0.37930 -0.12662 0.53700 0.77877 -0.34658 -0.62684 0.15829 -0.35534 -1.04986 0.94623 1.51802 
2.17113 -0.93612 1.06539 -1.78438 -1.97458 -2.50432 2.11270 1.10063 -0.97997 -2.39188 -0.06816 -2.27100 2.04933 0.01564 -0.03564 0.13638 0.06700 -0.46323 0.07348 0.23096 -0.00968 0.06786 0.10150 -0.52134 0.31273 0.34979 -0.20017 -0.41474 0.15024 0.17169 -0.28804 -0.15328 0.41776 -0.25120 -0.24896 -0.63759 0.22776 -0.11115 -0.63598 
2.10667 -1.09324 0.91881 -1.84664 -2.52956 -2.75302 1.90224 0.83091 -1.09896 -2.68681 -0.96176 -2.29134 1.91584 -0.03320 -0.14043 0.06180 0.45381 -0.39582 -0.13581 0.77517 0.15867 -0.06399 -0.02184 -0.20967 0.17865 -0.29476 -0.08325 0.28626 -0.06838 -0.00211 0.45702 0.00383 1.06843 -0.00682 -0.09032 0.37078 0.48875 -0.53588 -0.89604 
2.13792 -1.07655 1.12719 -1.33058 -2.37040 -2.64013 2.88787 1.25930 -1.04396 -2.41371 -0.27782 -2.09235 1.75456 -0.06761 0.25061 0.06800 0.06489 -0.00622 0.07730 1.29939 -0.01650 -0.02246 0.47227 -0.03259 -0.22315 -0.54624 0.01042 0.56351 0.03042 -0.50208 0.35154 0.29439 -0.17904 -0.65198 0.23839 0.54482 -0.22953 -0.34167 0.29604 
2.03906 -0.84263 0.98682 -1.78175 -2.53578 -2.67571 3.20163 0.81441 -1.12143 -2.21453 -0.99435 -2.51449 1.36959 -0.02279 0.42308 0.09222 -0.04828 -0.04427 0.15858 0.59613 -0.49331 0.17439 0.52298 -0.43920 -0.16302 0.00128 0.05143 -0.04782 0.09215 0.39829 0.09748 -0.38188 -2.56963 0.03461 -0.25703 -1.02890 -0.21375 0.51910 0.00895 
2.11514 -0.65347 1.21941 -1.37885 -2.41467 -2.48155 3.48400 0.76599 -0.86957 -1.89073 -0.71702 -2.25537 1.75585 -0.01619 0.20279 0.16015 0.46318 0.09126 -0.30457 -1.27024 0.01811 -0.27949 -0.55662 -0.24633 0.29595 -0.53729 0.03394 -0.20633 -0.17710 0.33122 -0.00475 -0.38157 -1.62759 0.32128 -0.20285 -1.20513 -0.35423 0.37150 -0.68653 
2.02287 -0.63984 1.14697 -1.31857 -2.44451 -2.98029 1.93139 0.83252 -1.40092 -2.77115 -1.24068 -2.21853 0.83230 0.01116 0.21675 -0.08488 0.28294 -0.04903 -0.22300 -1.03146 -0.17203 -0.02846 -0.68215 -0.79343 0.20848 -0.68525 0.07157 0.32936 -0.04051 -0.69900 0.22715 0.70520 1.12258 -0.59062 0.81052 1.13232 0.00635 -0.23404 0.27497 
2.12630 -0.43672 1.13454 -1.09591 -2.46370 -2.70455 2.45253 0.59396 -0.89803 -2.57288 -1.51046 -2.04689 1.07059 0.05539 0.53215 0.11964 -0.23582 0.31841 0.40063 -0.14766 -0.57251 0.53103 0.57570 -0.23998 0.06191 -0.26232 -0.05679 0.30079 -0.15343 -0.90736 0.77167 0.35055 -0.52937 -0.08284 0.12578 0.85429 0.04857 -0.47975 0.53620 
2.07826 -0.10769 1.26661 -1.55439 -2.12610 -2.57966 1.78372 0.26001 -0.86989 -2.19546 -1.48067 -2.15662 0.56999 -0.04563 0.51754 -0.23830 -0.62441 0.72265 0.12755 -1.56083 -0.25487 0.09733 0.17214 -0.74486 -0.27127 -0.14905 -0.10812 -0.23770 -0.16821 -0.25325 0.23108 -0.09793 -1.04542 0.52337 -0.22167 -0.93262 -0.11354 -0.12589 0.31006 
2.08067 0.08081 0.89623 -1.72032 -1.74105 -2.57699 0.89170 0.33908 -0.80070 -2.40074 -2.25532 -2.31816 0.92154 -0.05273 0.29445 -0.04857 -0.48907 0.54950 0.30270 -1.19308 -0.04914 0.30936 -0.35692 -0.35352 -0.06398 0.04774 -0.12482 -0.31731 1.04972 0.53214 -0.97848 0.15743 2.14881 -0.38371 -0.31338 0.04537 1.19512 0.30319 -0.37093 
2.02553 0.18676 1.21804 -2.04346 -1.57660 -2.27695 0.59064 0.21087 -0.56053 -2.55238 -1.83418 -2.22060 0.61773 -0.17045 0.20023 0.81142 -0.09228 -0.25583 0.28498 0.58798 -0.63859 -0.21605 0.21752 0.45025 0.03192 -0.51998 -0.09587 0.02102 0.64209 0.86080 -0.77186 0.07672 2.03462 -0.80567 -0.61583 0.95368 0.43391 0.00605 -0.57931 
1.91021 0.28104 1.70765 -1.81260 -1.99689 -2.29201 1.47968 -0.29951 -1.01675 -2.18322 -1.80507 -2.28624 0.40156 -0.14860 0.31546 0.59353 0.37173 -0.22236 0.37943 0.84153 -0.85480 -0.30647 0.59675 0.08040 -0.05793 -0.53157 -0.00615 0.09265 -1.11017 0.43562 1.03494 0.15501 -1.11913 0.29074 0.40324 -0.31189 -0.22604 0.04066 -0.74168 
1.87693 0.50222 1.81157 -1.67174 -1.79896 -1.89753 1.43217 -0.64393 -0.86700 -1.95563 -1.75379 -2.27853 0.08616 -0.17661 0.29288 -0.29876 0.34334 0.77910 0.43999 -0.53115 -0.34784 0.18719 -0.09437 0.22421 0.07258 -1.26166 -0.16111 -0.24462 -1.17462 0.15449 1.47176 -0.13695 -1.66695 0.88441 0.79653 -0.35334 -1.23261 0.18594 -0.08601 
1.73361 0.57392 1.40890 -1.46926 -1.21778 -1.85202 0.94853 -0.64735 -0.82956 -2.27759 -1.58085 -2.21365 -0.86010 -0.30970 0.07085 -0.58109 0.52622 1.24940 0.24247 -0.82542 0.02960 0.49006 0.24341 -1.15222 0.12801 -0.61758 -0.30263 -0.23709 -0.09871 0.16726 0.44648 0.40458 0.82511 0.16479 0.60608 0.95679 -0.80943 0.52397 2.56041 
1.56723 0.57306 1.23048 -1.14552 -0.54956 -1.65506 0.60676 -0.61433 -0.37694 -1.71221 -2.90601 -2.15051 -0.53142 -0.47923 0.05579 -0.39747 0.51060 1.22558 0.84457 0.29396 -0.18306 0.79327 0.86242 -0.58521 0.59655 1.29875 -0.17567 -0.15044 0.18427 -0.47016 -0.58384 0.42283 1.19925 -0.30752 -0.60325 0.04515 2.06127 0.79166 0.85857 
1.25437 0.62972 1.01143 -0.95866 0.00780 -1.00745 1.24249 -0.83041 -0.03629 -1.41518 -2.16607 -1.61711 0.43865 -0.48537 -0.07959 -0.39682 0.05606 0.66556 0.66530 0.37384 -0.27791 -0.11319 0.28857 0.90905 0.91967 0.24100 0.05499 -0.71094 -0.57348 -0.81755 -1.18561 -0.57486 -0.97218 0.94602 -1.03013 -1.06745 0.04271 -0.53199 -2.17871 
1.08186 0.49347 0.83365 -1.08945 0.11600 -0.98976 0.98059 -0.89224 -0.49013 -1.42365 -1.99696 -1.23084 -0.29042 -0.42424 -0.65515 -0.97096 -0.30695 0.03997 0.26971 -0.67822 0.76296 -0.23686 -0.20504 -0.54251 0.06455 -0.87996 -0.16250 -0.50951 -0.48712 0.26923 -0.59225 -0.33685 -1.04321 0.98041 0.46542 0.26509 -1.03362 -0.99724 -0.36914 
0.83013 -0.02543 0.04047 -1.26562 0.04777 -0.73774 0.56427 -0.06745 -0.27315 -1.62021 -2.70857 -1.55255 -0.44130 -0.64788 -0.58910 -0.88395 0.32530 0.07331 0.32845 -0.66937 0.70250 0.35223 0.55365 -0.12457 -0.07757 -0.12815 -0.13833 0.19330 0.96574 0.36586 -0.64941 -0.58020 0.33374 -1.54192 0.45563 0.39885 0.38245 0.12334 1.83070 
0.43398 -0.09563 -0.05029 -0.76416 0.18931 -0.66131 0.31123 -0.18975 -0.13790 -0.86999 -2.12153 -1.30841 -0.41857 -0.56258 -0.46184 -0.00521 0.05890 -0.60944 -0.31050 -0.34448 -0.77896 0.21876 0.19381 -0.16006 0.18789 0.95075 0.21138 -0.11617 1.73485 -0.78785 -0.31493 -0.13428 0.47030 -1.49575 0.47958 -0.68229 -0.45385 0.26645 1.47908 
0.26755 -0.48727 0.03526 -1.20671 -0.56167 -1.04824 0.21978 -0.84641 -0.05439 -1.42640 -2.86863 -1.36466 0.50944 -0.43649 -0.70527 0.85091 -0.46255 -0.24162 0.19417 -0.19906 -0.79326 0.83181 -0.12863 -0.57842 0.18888 1.35094 0.27173 0.22013 1.44536 0.91267 1.64064 1.04042 1.42655 1.53384 0.92527 0.58216 2.84044 0.95827 -0.22881 
-0.00251 -0.80090 0.80061 -1.22671 -0.05231 -0.46714 0.11217 -0.98300 0.69392 -0.99863 -2.69995 -1.11952 0.93237 -0.29085 -0.24171 1.44015 0.97158 1.03120 0.72992 1.08207 0.75488 1.14403 0.77598 2.68038 1.14616 0.72193 0.34472 0.60989 -1.06603 1.39663 0.38568 0.19503 1.85938 1.70591 -0.47525 0.86635 3.00003 0.54299 -0.58237 
-0.02329 -0.72898 1.47541 -0.23514 0.46953 -0.31832 1.30185 -0.09153 1.08964 -0.65042 -0.18825 -0.21850 1.23137 -0.09177 -0.09538 -0.21513 0.93408 0.14406 0.38919 1.66032 0.91265 0.35656 0.73771 2.42161 0.73187 0.76856 0.35781 0.31211 -1.86819 -0.81380 -1.56299 -0.78505 -0.76182 -0.98935 -1.59663 -0.70440 -3.84826 -1.49812 -0.73365 
-0.09427 -0.89628 0.58548 -0.29263 0.09175 -0.07795 1.77248 -0.07035 1.05048 -0.26091 -0.27833 -0.38765 1.70093 0.06697 0.07040 -0.42804 0.15777 -0.53179 -0.05513 0.32025 -0.23447 -0.45259 0.07157 -1.16788 -0.35196 -0.01171 0.14599 0.48891 0.11821 -1.00397 0.02369 -0.48601 -3.77562 -1.43829 -1.05615 -1.05346 -2.57566 -0.92353 -2.15278 
0.04367 -0.65859 1.04738 -0.07736 -0.06226 -0.37345 1.62211 -0.32600 0.63705 -0.57885 -1.35613 -0.57046 1.21966 0.05423 0.39354 -0.09692 -0.06989 0.16774 -0.09682 -2.11531 -0.52564 -0.69959 -0.31574 -0.15404 -0.19166 -1.38422 -0.19571 0.29289 0.23753 0.15024 0.95030 0.29643 -0.55016 0.52481 0.24344 0.51223 2.56108 0.51506 -0.70644 
-0.04005 -0.50274 0.48856 -0.36252 0.25950 -0.17477 -0.34282 -0.59599 0.35089 -0.57666 -0.43238 -0.57931 0.31671 -0.12874 0.36329 -0.19050 0.30801 0.41851 0.24130 -0.22991 0.29035 -0.20915 0.58381 1.39320 0.16310 -0.71815 -0.21718 -0.40698 -0.52116 0.39017 -0.23906 -0.22380 2.52076 1.02446 0.48387 0.66455 0.75678 0.45449 1.87701 
-0.08507 -0.29530 0.85688 0.23065 0.35625 -0.13214 1.39220 -0.03565 0.42789 0.00496 0.03708 -0.40736 0.50151 -0.16295 -0.01344 -0.61808 0.32028 -0.07131 -0.32061 0.40545 0.49882 -0.21572 0.34881 0.60274 0.26283 0.49279 -0.15479 -0.59473 0.14541 -1.08387 -0.94072 -0.90936 -0.53300 0.31642 0.10409 -1.26012 -1.73807 -1.05030 0.39261 
-0.20299 -0.51618 -0.12952 -0.04225 0.18818 -0.49538 0.06263 -0.09717 0.13517 -0.22784 0.17036 -0.31648 0.80950 -0.28354 -0.23145 -0.04509 -0.77586 -0.52221 -0.66806 -0.76291 0.60676 -0.10506 -0.67631 -0.34487 -0.88720 -0.32554 0.34348 0.10541 0.80982 -0.60558 0.05570 0.48783 0.98838 -0.02493 0.07975 -0.79899 -1.30252 -0.27837 -0.38351 
-0.36860 -0.52675 0.81178 -0.54521 -0.16596 -0.80020 0.62929 0.57111 0.32283 -0.67136 -0.30779 -1.29456 0.17596 0.18054 0.09197 0.19174 -0.28530 -0.01561 0.16722 1.39383 0.47389 -0.13598 -0.45018 -0.69978 -0.01554 0.10928 0.68527 -0.43164 -0.19417 1.27310 1.00114 0.81321 0.97096 -3.04091 -0.07223 0.72773 0.91304 1.81050 1.09947 
-0.02246 -0.42422 0.06222 -0.32755 0.17257 -0.32816 1.45646 0.37673 -0.00081 -0.67802 -0.52942 -0.33203 0.91878 0.40173 -0.66308 -0.23926 0.49724 0.47893 0.14515 0.20805 -2.43415 -0.17730 0.05142 0.56817 0.92330 0.77393 -0.22065 0.12238 0.37327 0.84745 0.42710 0.00298 -2.26252 -0.96956 0.35675 0.60738 1.28396 0.23353 -0.18444 
0.03313 -1.18983 0.57252 -0.04798 0.31297 -0.65505 0.83734 -1.86304 0.14553 -0.61994 0.26038 -0.37125 0.94989 -0.04012 0.21435 0.56501 0.56215 0.41148 0.17019 -0.86869 -0.49567 0.22078 0.15720 0.58419 0.21798 -0.07516 -0.50188 1.70777 -0.27079 -0.71711 -0.82519 0.29946 0.07881 4.39307 -0.00083 0.43703 -0.73459 -0.69417 -1.34273 
-0.06257 -0.20987 0.62724 0.23460 0.58405 -0.15797 0.58776 -0.11894 0.21997 -0.52082 0.05477 -0.11405 0.84362 -0.10015 1.04468 -0.51006 -0.21988 -0.34626 0.44461 0.28686 1.95893 -0.17813 0.48844 -0.16641 0.22913 -0.56881 -0.04574 -0.10525 -0.94698 -0.95341 -0.80208 -0.03963 0.59053 0.38937 -0.45564 0.10227 0.07643 -0.31162 -0.24424 
-0.06702 -0.14515 0.06246 -0.26785 -0.03328 -0.21044 1.12420 0.09589 -0.03260 -0.13149 0.09397 -0.14212 0.38108 -0.08586 0.10910 -0.38197 -0.39126 -0.39060 0.13057 -0.27816 -0.10630 -0.23487 0.25947 0.66062 -0.09364 -0.31940 0.18309 -0.96596 0.37871 0.39554 0.75278 -0.47888 -0.63702 -2.49849 0.51885 -0.54095 0.63810 -0.10450 0.51758 
-0.14843 -0.10077 0.24527 -0.15666 0.19346 -0.02740 0.30960 -0.22524 -0.01490 -0.26135 0.71538 -0.20769 0.52422 0.08294 0.07872 -0.13135 0.17567 0.40652 -0.03427 -0.35015 -0.53957 0.34072 -0.05251 0.47169 0.12463 -0.05122 0.16267 -0.09277 0.20585 0.49882 0.48610 -0.29980 -0.31493 0.11928 0.54758 -0.07800 -1.60507 0.18255 0.28221 
0.01592 -0.06643 -0.06889 -0.09218 0.37324 -0.24471 0.77404 -0.44367 0.30812 -0.18400 0.56566 -0.01749 0.32986 0.07681 0.01632 -0.17613 0.10756 0.09551 -0.16924 -0.59309 0.01298 0.31271 0.18147 -0.94445 0.08891 -0.03719 -0.10676 -0.05527 0.58597 -0.23982 -0.70461 0.05272 -0.44787 0.79621 -0.60196 -0.15202 -0.47056 0.23580 -0.08734 
-0.07162 -0.08445 0.06914 -0.04910 0.28896 -0.19664 -0.28349 -0.21226 0.29781 -0.07988 -0.22906 -0.11878 0.48703 -0.02383 0.02345 0.45462 -0.06416 -0.29809 0.01845 -0.79803 0.25664 -0.26124 -0.20453 0.00113 0.36043 -0.13856 0.02538 -0.00711 0.55157 -0.35713 -0.69687 0.02755 1.60911 -0.12213 -0.86197 0.00014 2.83752 -0.10226 -0.33084 
-0.00791 -0.04298 0.38574 -0.15634 0.07515 -0.22626 -0.02398 -0.18703 0.04688 -0.38853 0.56678 0.34294 0.19130 0.10220 0.00922 0.37544 -0.24957 -0.60136 -0.14169 1.01602 -0.10915 -0.54926 0.18162 1.89307 -0.01335 -0.36803 -0.02052 0.03444 -0.47076 0.38732 0.67248 0.28052 2.09120 0.01125 0.34857 0.59427 -0.21567 -0.71296 0.08080 
0.03058 -0.07524 0.44458 -0.29866 -0.31240 -0.33832 0.73253 -0.32141 -0.25145 0.10174 1.66400 -0.13212 0.11900 -0.04435 0.05789 -0.01613 0.32316 0.37439 0.29896 1.29318 0.26789 0.08733 0.38974 -0.21454 -0.35253 -0.05777 -0.22052 0.07424 -0.75613 0.43410 1.33250 0.34667 -1.51989 0.24303 0.92329 -0.47369 -3.73208 0.10153 0.64375 
-0.05226 0.01492 0.36960 0.16682 0.44954 0.07270 1.26920 0.08086 0.13420 0.00120 0.35225 -0.00959 0.13353 -0.11832 0.08345 -0.38069 0.18453 0.73114 0.20498 -0.50387 0.13388 0.37403 -0.29208 -1.83901 0.08818 0.27572 0.04882 -0.13273 -0.21637 -0.74982 -0.82909 -0.40872 -2.21113 -0.61398 -0.48014 -0.73730 -0.22788 -0.03326 0.40951 
-0.08774 0.00822 0.06390 -0.11413 0.41874 -0.13334 0.22865 -0.18753 0.12258 -0.19034 -0.17501 -0.04394 0.39472 0.00447 -0.07484 -0.23250 -0.42665 -0.45470 -0.10976 -0.91795 -0.34609 -0.39281 -0.34756 -0.44242 -0.38578 0.35174 0.15547 -0.12595 0.50123 -0.15303 -0.90936 -0.17567 0.39233 -0.35538 -0.50299 0.24939 2.06496 -0.28675 -0.70054 
-0.04779 -0.05992 0.13711 -0.25983 -0.00517 -0.03707 0.35124 -0.26524 -0.25860 -0.34636 -0.09017 -0.39538 0.48527 0.03715 -0.04250 0.12054 0.03151 -0.17822 0.02931 -0.11155 -0.22150 -0.12896 -0.04268 0.22595 -0.19857 -0.42482 -0.03879 0.12882 0.16179 0.60645 0.74288 0.07399 0.59918 0.56386 0.78177 0.43234 0.93541 0.65073 -0.56232 
-0.05059 -0.03428 0.18443 -0.08262 0.24053 -0.10403 0.11711 -0.40902 -0.00638 -0.23302 0.05094 -0.24251 -0.03009 -0.03432 0.05398 -0.07071 0.17980 0.28817 -0.03577 -0.31877 0.21777 0.38896 0.08478 0.49299 0.26494 -0.21058 -0.01545 -0.04672 -0.52652 -0.34427 0.00154 0.13517 0.69767 0.53973 0.26071 0.23843 -0.36653 0.28358 0.65603 
-0.08210 -0.00594 0.06640 -0.08003 0.28300 -0.07283 0.03247 -0.04746 0.13036 -0.26158 0.40281 -0.13043 0.27470 0.02170 -0.08922 -0.40598 -0.31276 -0.17668 0.16448 0.58613 0.31823 0.13175 0.19575 -0.14058 0.08502 0.23121 0.08199 -0.11942 0.00651 -0.39849 -0.37079 0.03612 1.10377 -0.47837 -0.51420 0.14009 -1.08400 -0.08162 -0.21915 
-0.02890 -0.12350 -0.22155 -0.39539 0.06385 0.06044 0.70323 -0.09079 0.12536 -0.03727 -0.08963 -0.15749 0.20112 0.04767 -0.06545 -0.06419 -0.21869 -0.08262 0.00036 0.78500 -0.26059 -0.12523 0.22487 -0.59101 0.18332 -0.42973 0.00490 0.14663 0.64285 0.57238 0.20261 -0.35674 -1.38307 -0.59948 -0.19782 -0.18971 0.48654 -0.13203 -0.25360 
-0.03443 -0.07139 0.00221 -0.29872 0.20038 -0.07248 0.81747 -0.30806 0.00513 -0.03671 -0.18820 0.05289 -0.15503 0.02660 0.05740 0.23687 0.25962 0.02593 -0.19226 -0.79694 -0.28125 -0.06607 0.00604 0.34596 -0.04701 -0.02239 0.00100 0.05386 0.10936 0.26628 -0.06074 0.06790 -1.07086 0.35249 0.17195 -0.35176 0.62146 -0.21186 0.96440 
-0.00229 -0.06610 0.01532 -0.13577 0.08978 -0.13182 -0.09371 -0.37204 0.05929 -0.03123 0.25633 -0.20450 0.17873 0.04867 -0.01159 0.04517 0.04759 -0.14336 0.06825 -0.28586 0.09190 0.04671 -0.12688 0.03045 -0.02854 0.53467 -0.01746 -0.01969 -0.17342 -0.26616 0.02126 0.23232 1.24160 0.54777 0.03448 -0.01550 -0.45976 0.18873 0.11780 
