0.01323 -0.02085 0.05939 -0.09877 0.03492 -0.04333 0.05889 -0.07403 0.10441 -0.08378 0.06338 -0.08883 0.11870 0.00967 -0.00674 0.02863 -0.08424 0.02481 -0.03116 0.04510 -0.04988 0.03958 -0.05256 0.04958 -0.04538 0.03153 -0.68978 -0.81567 2.79707 -2.23480 -0.09279 -1.31236 1.38685 -1.03824 0.59521 -0.47071 -0.56808 0.40483 0.36497 
0.02232 -0.03088 0.08992 -0.17560 0.06037 -0.07481 0.09751 -0.12299 0.16160 -0.14200 0.10651 -0.14104 0.17295 -0.68468 -0.81406 2.78825 -2.24836 -0.07964 -1.32243 1.38199 -1.02274 0.58267 -0.46883 -0.57571 0.43277 0.31957 -0.74771 -1.10649 2.99953 -2.00443 -0.22753 -1.03190 1.75257 -1.56104 -0.81164 -0.12889 -0.50808 -0.15517 0.43660 
-0.67145 -0.83491 2.84764 -2.34713 -0.04472 -1.36575 1.44088 -1.09677 0.68709 -0.55262 -0.51233 0.34394 0.43827 -0.73804 -1.11323 3.02816 -2.08867 -0.20272 -1.06306 1.79767 -1.61092 -0.77206 -0.18145 -0.45850 -0.20055 0.46813 1.30612 1.54578 -5.48131 4.26034 0.11120 2.62781 -2.38575 1.73525 -1.67861 0.79001 0.78454 -1.18021 -0.23903 
-0.71572 -1.14411 3.11809 -2.26426 -0.14235 -1.13787 1.89518 -1.73391 -0.61046 -0.32346 -0.35199 -0.34159 0.64108 0.62144 0.73173 -2.69306 2.01198 0.03156 1.30538 -1.00376 0.71251 -1.09594 0.32118 0.20883 -0.74743 0.08053 1.46819 2.23670 -6.08965 4.25529 0.38130 2.15657 -3.63623 3.27601 1.48408 0.41582 0.88001 0.45134 -0.99814 
-0.05001 -0.10318 0.15458 -0.33515 -0.01316 -0.06037 0.43713 -0.38426 -0.40885 -0.23144 -0.30350 -0.40349 0.51880 0.73015 1.12347 -3.06148 2.16663 0.17858 1.09351 -1.83856 1.66508 0.71202 0.23437 0.42151 0.25079 -0.53001 -0.55701 -0.64919 2.59508 -1.77446 0.01783 -1.28938 0.62325 -0.39708 1.60634 -0.17882 0.16419 1.06012 -0.48826 
0.01442 -0.02065 0.05660 -0.09763 0.03623 -0.04436 0.05662 -0.06883 0.10156 -0.08909 0.06952 -0.09080 0.11107 0.06443 0.08254 -0.09798 0.23752 0.04939 0.01601 -0.38051 0.31543 0.51041 0.14235 0.37302 0.31269 -0.40773 -0.73035 -1.12785 3.05579 -2.16360 -0.18604 -1.08595 1.85694 -1.66521 -0.74171 -0.24658 -0.41833 -0.25009 0.54924 
0.01442 -0.02065 0.05660 -0.09763 0.03623 -0.04436 0.05662 -0.06883 0.10156 -0.08909 0.06952 -0.09080 0.11107 -0.00020 -0.00438 -0.00570 0.00303 -0.00746 0.00756 0.01838 -0.00013 -0.02969 -0.01221 0.00318 0.00070 0.01923 -0.06573 -0.08164 0.09888 -0.24416 -0.04585 -0.02031 0.38421 -0.31623 -0.51538 -0.13379 -0.38085 -0.30440 0.40331 
0.01422 -0.02503 0.05091 -0.09460 0.02877 -0.03681 0.07500 -0.06896 0.07186 -0.10130 0.07270 -0.09010 0.13030 -0.00130 0.00089 0.00090 -0.00664 0.00354 -0.00430 0.00371 -0.00080 -0.00497 0.00857 -0.00782 0.00829 -0.00442 0.00086 0.00846 0.01108 -0.00376 0.01369 -0.01363 -0.03803 0.00052 0.06111 0.02146 -0.00365 -0.00425 -0.03694 
0.01313 -0.01975 0.05751 -0.10427 0.03977 -0.04867 0.06033 -0.06963 0.09659 -0.08052 0.06170 -0.08251 0.10665 0.00065 0.00408 0.00538 -0.00073 0.00623 -0.00608 -0.01965 0.00039 0.03142 0.00925 -0.00048 -0.00355 -0.01772 0.00260 -0.00178 -0.00180 0.01329 -0.00709 0.00860 -0.00741 0.00160 0.00994 -0.01713 0.01565 -0.01658 0.00885 
0.01487 -0.02095 0.05629 -0.09533 0.03501 -0.04288 0.05534 -0.06856 0.10328 -0.09205 0.07222 -0.09366 0.11258 0.00130 -0.00089 -0.00090 0.00664 -0.00354 0.00430 -0.00371 0.00080 0.00497 -0.00857 0.00782 -0.00829 0.00442 -0.00110 -0.00377 -0.00507 -0.00157 -0.00501 0.00459 0.02093 -0.00066 -0.03315 -0.00628 -0.00223 0.00641 0.01621 
0.01442 -0.02065 0.05660 -0.09763 0.03623 -0.04436 0.05662 -0.06883 0.10156 -0.08909 0.06952 -0.09080 0.11107 -0.00045 0.00031 0.00031 -0.00230 0.00122 -0.00148 0.00128 -0.00027 -0.00173 0.00296 -0.00270 0.00286 -0.00151 -0.00170 -0.00008 0.00448 -0.00702 0.00143 -0.00207 0.00477 -0.00543 -0.00142 0.01228 -0.01265 0.00949 0.00199 
0.01442 -0.02065 0.05660 -0.09763 0.03623 -0.04436 0.05662 -0.06883 0.10156 -0.08909 0.06952 -0.09080 0.11107 -0.00040 -0.00097 0.00357 -0.00038 -0.00212 0.00223 0.00107 -0.00463 0.00355 0.00372 -0.00482 0.00120 0.00642 -0.00027 -0.00196 -0.00362 0.01261 0.00071 -0.00033 -0.00934 0.00589 0.01629 -0.01319 0.00208 -0.01272 0.02064 
0.01403 -0.02162 0.06018 -0.09801 0.03411 -0.04214 0.05769 -0.07346 0.10511 -0.08537 0.06470 -0.08961 0.11749 -0.00072 -0.00165 -0.00330 0.01031 0.00194 -0.00181 -0.00806 0.00562 0.01457 -0.01022 -0.00062 -0.00986 0.01912 0.00124 0.00163 -0.00746 0.00305 0.00301 -0.00298 -0.00341 0.00952 -0.00538 -0.01040 0.01235 -0.00525 -0.01132 
0.01371 -0.02229 0.05330 -0.08732 0.03817 -0.04617 0.04856 -0.06321 0.11612 -0.09931 0.06890 -0.10067 0.13020 0.00085 0.00066 -0.00389 0.00268 0.00089 -0.00075 -0.00234 0.00490 -0.00182 -0.00668 0.00753 -0.00405 -0.00491 0.00188 0.00299 0.00630 -0.01833 -0.00510 0.00510 0.01485 -0.01098 -0.02741 0.01749 0.00394 0.01687 -0.03674 
0.01487 -0.02095 0.05629 -0.09533 0.03501 -0.04288 0.05534 -0.06856 0.10328 -0.09205 0.07222 -0.09366 0.11258 0.00116 0.00134 0.00299 -0.00802 -0.00316 0.00329 0.00679 -0.00536 -0.01284 0.00726 0.00332 0.00701 -0.01761 -0.00085 -0.00066 0.00389 -0.00268 -0.00089 0.00075 0.00234 -0.00490 0.00182 0.00668 -0.00753 0.00405 0.00491 
0.01487 -0.02095 0.05629 -0.09533 0.03501 -0.04288 0.05534 -0.06856 0.10328 -0.09205 0.07222 -0.09366 0.11258 0.00000 0.00000 0.00000 0.00000 0.00000 0.00000 0.00000 0.00000 0.00000 0.00000 0.00000 0.00000 0.00000 -0.00202 -0.00059 -0.00336 0.00586 0.00472 -0.00560 -0.00407 0.00309 0.01403 -0.00644 -0.00494 -0.00458 0.01536 
0.01487 -0.02095 0.05629 -0.09533 0.03501 -0.04288 0.05534 -0.06856 0.10328 -0.09205 0.07222 -0.09366 0.11258 -0.00085 0.00075 -0.00037 -0.00216 0.00156 -0.00230 0.00272 -0.00227 0.00119 0.00083 -0.00162 0.00243 -0.00225 -0.00338 0.00233 0.00234 -0.01728 0.00922 -0.01120 0.00967 -0.00211 -0.01288 0.02226 -0.02037 0.02162 -0.01161 
0.01402 -0.02020 0.05592 -0.09750 0.03656 -0.04518 0.05806 -0.07083 0.10447 -0.09122 0.07060 -0.09122 0.11033 -0.00338 0.00233 0.00234 -0.01728 0.00922 -0.01120 0.00967 -0.00211 -0.01288 0.02226 -0.02037 0.02162 -0.01161 0.00170 -0.00150 0.00074 0.00433 -0.00311 0.00461 -0.00543 0.00454 -0.00237 -0.00165 0.00325 -0.00487 0.00451 
0.01149 -0.01863 0.05863 -0.11262 0.04423 -0.05408 0.06501 -0.07068 0.09040 -0.06979 0.05186 -0.07204 0.10098 0.00085 -0.00075 0.00037 0.00216 -0.00156 0.00230 -0.00272 0.00227 -0.00119 -0.00083 0.00162 -0.00243 0.00225 0.00557 -0.00485 -0.00188 0.03339 -0.01973 0.02342 -0.01705 -0.00098 0.02859 -0.03917 0.03454 -0.04122 0.03082 
0.01487 -0.02095 0.05629 -0.09533 0.03501 -0.04288 0.05534 -0.06856 0.10328 -0.09205 0.07222 -0.09366 0.11258 0.00218 -0.00252 0.00046 0.01610 -0.01051 0.01222 -0.00738 -0.00309 0.01570 -0.01691 0.01418 -0.01960 0.01921 -0.00125 -0.00022 0.00320 -0.00254 -0.00056 -0.00007 0.00378 -0.00690 0.00474 0.00454 -0.00645 0.00363 0.00416 
0.01367 -0.02115 0.05908 -0.09651 0.03372 -0.04187 0.05764 -0.07376 0.10610 -0.08669 0.06603 -0.09164 0.12019 -0.00040 -0.00097 0.00357 -0.00038 -0.00212 0.00223 0.00107 -0.00463 0.00355 0.00372 -0.00482 0.00120 0.00642 -0.00202 0.00101 -0.00463 -0.01034 0.01619 -0.01758 -0.00141 0.01489 -0.00969 0.00894 -0.01483 0.01366 -0.00992 
0.01447 -0.02192 0.05987 -0.09571 0.03289 -0.04065 0.05641 -0.07319 0.10683 -0.08833 0.06740 -0.09246 0.11900 0.00016 -0.00152 -0.00417 0.00576 0.00568 -0.00536 -0.00879 0.01180 0.00601 -0.00796 -0.00066 -0.00594 0.00930 0.00080 0.00194 -0.00715 0.00076 0.00423 -0.00446 -0.00214 0.00926 -0.00710 -0.00743 0.00965 -0.00239 -0.01283 
0.01384 -0.02267 0.05492 -0.09075 0.03940 -0.04723 0.04885 -0.06197 0.11211 -0.09465 0.06537 -0.09758 0.12949 0.00040 0.00097 -0.00357 0.00038 0.00212 -0.00223 -0.00107 0.00463 -0.00355 -0.00372 0.00482 -0.00120 -0.00642 0.00087 0.00323 0.00554 -0.01035 -0.01008 0.00971 0.01528 -0.01839 -0.01484 0.01057 0.00751 0.00987 -0.02620 
0.01487 -0.02095 0.05629 -0.09533 0.03501 -0.04288 0.05534 -0.06856 0.10328 -0.09205 0.07222 -0.09366 0.11258 0.00104 0.00172 0.00137 -0.00458 -0.00440 0.00435 0.00649 -0.00659 -0.00883 0.00261 0.00685 0.00392 -0.01690 -0.00482 0.00179 0.00762 -0.02310 0.00877 -0.00944 0.00911 -0.00331 -0.01367 0.02734 -0.02440 0.02116 -0.00485 
0.01487 -0.02095 0.05629 -0.09533 0.03501 -0.04288 0.05534 -0.06856 0.10328 -0.09205 0.07222 -0.09366 0.11258 -0.00442 0.00277 0.00404 -0.02272 0.01089 -0.01167 0.00804 0.00132 -0.01722 0.02362 -0.01958 0.01997 -0.01127 -0.00104 -0.00172 -0.00137 0.00458 0.00440 -0.00435 -0.00649 0.00659 0.00883 -0.00261 -0.00685 -0.00392 0.01690 
0.01045 -0.01819 0.06033 -0.11806 0.04589 -0.05455 0.06338 -0.06724 0.08606 -0.06843 0.05264 -0.07369 0.10131 0.00000 0.00000 0.00000 0.00000 0.00000 0.00000 0.00000 0.00000 0.00000 0.00000 0.00000 0.00000 0.00000 0.00964 -0.02290 0.07241 -0.03551 0.00178 0.00361 -0.01141 -0.05618 0.09390 -0.07887 0.08554 -0.11081 0.13353 
0.01487 -0.02095 0.05629 -0.09533 0.03501 -0.04288 0.05534 -0.06856 0.10328 -0.09205 0.07222 -0.09366 0.11258 0.00521 -0.02013 0.07646 -0.05823 0.01267 -0.00806 -0.00336 -0.05487 0.07668 -0.05525 0.06596 -0.09084 0.12226 -0.16606 -0.66565 -0.42628 0.07366 1.14507 -1.26963 0.20287 -0.31748 1.00753 -0.94718 -1.44464 0.30469 0.75413 
0.01566 -0.03832 0.13679 -0.17628 0.05856 -0.06261 0.06002 -0.12211 0.16275 -0.12368 0.11861 -0.16453 0.22357 -0.16606 -0.66565 -0.42628 0.07366 1.14507 -1.26963 0.20287 -0.31748 1.00753 -0.94718 -1.44464 0.30469 0.75413 -0.49988 -1.13902 -0.53629 -0.66010 2.07288 -2.07421 0.63062 -0.38709 -0.15861 0.17372 -1.34553 2.01635 0.16306 
-0.15119 -0.68661 -0.36999 -0.02168 1.18007 -1.31252 0.25821 -0.38604 1.11081 -1.03923 -1.37242 0.21103 0.86671 -0.49466 -1.15915 -0.45983 -0.71833 2.08555 -2.08227 0.62726 -0.44196 -0.08193 0.11847 -1.27957 1.92550 0.28532 -0.42578 0.11378 0.79966 -2.63801 0.67906 0.37151 0.64312 0.66811 -2.45086 2.22287 1.16688 1.08401 -0.25303 
-0.47900 -1.19747 -0.32304 -0.89461 2.14411 -2.14488 0.68728 -0.56407 0.08082 -0.00521 -1.16096 1.76097 0.50889 -0.59184 -0.55188 0.37338 -2.56436 1.82413 -0.89812 0.84599 0.35063 -1.44333 1.27569 -0.27776 1.38870 0.50110 0.00578 0.76798 0.94294 -2.11029 -1.05202 1.39669 -1.13714 1.29125 -1.87743 -0.06039 1.29573 -3.36264 0.67441 
-0.74303 -1.23848 0.00340 -2.58603 3.00421 -2.21064 1.10420 -0.03540 -0.33251 0.23646 -1.65018 1.59974 1.36780 -0.48888 -0.39117 0.48311 -2.82862 1.03353 -0.68557 -0.50988 0.84929 -1.95936 0.05808 0.01616 -1.43714 0.95973 0.21618 0.26407 -0.28102 1.61089 -1.65423 0.66569 -1.16323 -0.33191 0.53553 -1.33818 1.20142 -2.37919 -1.10561 
-0.96788 -1.58865 0.16007 -3.72323 3.17764 -2.83046 0.17740 0.28523 -1.87854 0.05287 -1.14480 0.32383 1.46862 -0.37566 -0.28780 0.09236 -0.95347 0.16990 -0.23243 -0.31724 0.01873 -0.90780 -0.06249 0.92366 -0.99049 -0.60452 0.35404 0.52983 -0.21587 3.94240 -1.40185 0.52470 1.49032 -1.03221 3.10152 0.30285 -0.00733 1.72493 -1.82113 
-1.11869 -1.52629 0.09576 -3.53950 3.17411 -2.44307 0.78696 -0.01668 -1.24031 0.17396 -0.72652 0.60924 0.76329 -0.13484 0.13865 0.26725 1.11377 -0.36833 -0.16087 0.98044 -0.18292 1.14216 0.36093 0.00883 0.28779 -0.86140 0.42989 0.67898 0.87331 2.35635 -0.33682 -0.64543 0.73735 0.18947 3.05170 0.24752 -1.25111 2.00067 0.78562 
-1.10272 -1.44999 0.42732 -2.60946 2.80931 -2.99133 1.15784 0.10231 -0.73637 0.41380 -1.13597 0.61162 0.60722 0.05423 0.39117 0.96567 1.40288 -0.16692 -0.87786 0.42011 0.20820 2.14390 0.18503 -0.32745 1.01018 0.18110 0.28928 0.28438 -1.04015 -1.48390 1.00570 0.02239 -1.11800 -1.08046 -0.11238 -0.96970 0.38781 -0.23295 0.29197 
-1.06446 -1.13511 1.06143 -2.13663 3.00718 -3.32093 1.20707 0.19152 0.90359 0.35899 -1.05397 1.61942 0.94439 0.15444 0.42303 -0.77290 -0.37013 0.63737 -0.13848 -0.13756 -1.26337 1.02978 -0.60878 0.39664 0.05485 -0.56944 0.15642 -0.23783 -2.34846 -2.50248 0.50307 1.21389 -0.15094 -1.90951 -2.52468 -1.84242 0.94387 -2.04333 -1.12677 
-0.94827 -1.02696 -0.34558 -2.97959 3.44668 -3.12981 1.02028 -1.16106 0.29341 -0.19498 -0.73933 0.66647 0.03778 0.21065 0.15334 -1.38279 -1.09961 0.33614 0.33603 0.26917 -1.70131 -0.38079 -1.65739 0.61642 -1.03315 -0.94567 -0.32684 -1.01481 0.71094 1.65846 -0.60654 0.77572 0.90947 0.15463 -0.47632 0.54292 0.69783 -1.08653 2.04428 
-0.85381 -0.98178 -0.32136 -3.23623 3.34333 -2.98490 1.47623 -1.50979 0.52280 -1.29840 -0.43755 0.58627 -0.00128 -0.17240 -0.59178 -0.06196 1.28833 0.03083 0.63724 0.77191 -1.10874 0.55347 -0.06586 1.09447 -1.03169 1.47485 -0.54465 -1.25405 1.68067 2.55504 -0.43088 0.23649 0.40341 0.98985 -0.13706 2.43208 0.55478 -0.24173 2.09930 
-1.12067 -1.61874 -0.40754 -1.69126 3.47751 -2.49256 1.79219 -2.26981 0.84688 -0.26084 0.35514 -0.36522 1.51262 -0.33401 -1.10072 0.29787 1.45543 -0.09473 0.57252 0.67258 -0.71146 -0.51784 0.77469 1.17120 -1.27488 1.15362 0.40187 0.00509 -0.02695 -1.21746 -0.86768 -0.24624 -0.68814 1.70240 -1.19098 -0.70516 -1.27251 0.64576 -2.11078 
-1.18782 -2.08249 -0.02349 -1.78080 3.24859 -2.41238 2.14881 -2.22126 0.00496 -0.52370 0.73365 -0.68861 1.15234 0.22948 -0.58668 -0.08890 0.07086 -0.83686 0.39100 0.08377 0.59365 -0.63752 -0.77103 -0.17804 -0.38593 -0.63594 3.15518 2.25218 -0.73615 -2.12276 -2.48216 -1.03679 -1.81029 1.92411 -0.43843 -2.15528 -3.00409 1.03592 -1.00447 
-0.89119 -2.20542 -0.49644 -1.62040 2.64065 -2.10156 1.87597 -1.67615 0.20936 -1.03187 0.17710 -0.75114 0.87669 2.82118 1.15147 -0.43828 -0.66732 -2.57690 -0.46427 -1.13771 1.21265 -0.95628 -1.38058 -1.83289 -0.23896 0.14916 2.80199 0.79863 -0.58824 -0.52111 -2.53453 -0.98187 -0.96125 -0.18891 -0.36776 -0.28047 -2.19035 -0.24140 0.86801 
1.63336 -0.93102 -0.46177 -2.44812 0.67170 -2.87665 1.01110 -1.00860 -0.95131 -1.90429 -1.09925 -0.92756 1.30150 3.03146 0.21194 -0.67715 -0.45025 -3.37138 -0.59086 -0.87748 0.40474 -1.00528 -1.05150 -2.36839 -0.62733 0.23207 -2.43301 -1.96657 -0.31203 3.01306 0.49153 2.10553 1.34937 -0.70089 0.90968 2.07945 0.65455 0.16776 0.11347 
2.14027 -1.99348 -1.17359 -2.07064 -0.73073 -2.69242 0.99849 -1.27141 -0.79592 -2.08336 -2.19128 -1.37848 1.10875 0.38816 -0.81510 -0.75031 2.34574 -2.08536 1.64126 0.21165 0.51176 -0.04659 0.69887 -1.17834 -0.07120 0.26263 -3.51930 -0.11511 0.40970 0.83889 2.73850 1.68390 0.69733 -0.12198 0.38450 0.81594 2.28313 0.30837 -0.53081 
2.02152 -1.74612 -1.21208 -0.10238 -1.41367 -1.23539 1.22275 -0.49684 -0.99791 -1.20542 -2.27759 -0.99876 1.56413 -0.48784 0.09683 -0.26745 0.38865 -0.63289 1.09304 -0.18015 0.28276 -0.62078 -0.23556 -0.08525 -0.31897 -0.29874 -0.62098 0.67814 0.90751 -3.04435 2.75396 -2.09214 -0.10047 -0.28545 -0.30254 -0.20046 1.02782 -0.19469 -0.35790 
1.65244 -1.89665 -1.44104 -1.68200 -1.36362 -1.59939 0.81834 -0.98865 -1.41670 -2.31892 -2.27654 -1.69744 0.81001 -0.23281 -0.13696 0.15720 -0.69861 0.66859 -0.45088 0.11118 0.22631 -0.34914 0.49841 -0.15052 -0.26589 -0.09528 0.62820 -0.28426 0.94119 -1.18145 1.73262 -1.53646 1.02447 -0.11586 1.99430 -0.05710 0.51903 0.51114 -0.20667 
1.78871 -1.88309 -1.05487 -0.80099 -0.74508 -1.68627 1.33394 -0.27054 -1.34704 -0.70701 -2.42811 -1.26465 1.46885 0.14036 -0.18743 0.67375 -0.79281 1.09973 -0.44343 0.84432 0.16690 1.37352 -0.29265 0.43378 0.19218 -0.50541 0.42937 -0.06621 0.37574 0.01771 0.11724 0.29781 0.80600 -0.75245 1.81382 -1.91796 0.75091 0.57632 -0.39918 
1.79280 -2.08408 -0.76729 -2.47481 -0.26388 -2.04282 1.66266 -0.82175 -0.04319 -2.61157 -1.84276 -1.50527 0.30460 0.19655 -0.20317 0.53295 -0.68090 0.78583 -0.15307 0.91719 -0.52614 1.46468 -1.41955 0.60039 0.31043 -0.49446 -0.00304 0.07749 -0.78244 1.27930 -1.07681 0.45134 -0.30238 -0.68834 -1.85367 0.84578 -1.06337 0.16295 0.61521 
1.98526 -2.08626 -0.52192 -1.48189 0.04076 -1.83934 2.25112 -0.79668 0.11764 -2.12657 -1.82772 -0.95421 0.97439 0.13733 -0.10995 -0.10870 0.48650 0.02292 0.00791 0.54194 -0.52144 -0.48015 0.55312 -0.62959 0.35513 0.10980 -0.25542 0.11223 -1.04530 0.37241 -1.01458 -0.10997 -1.21626 0.04578 -1.75442 1.38548 -1.04463 -0.65341 -0.42226 
1.93013 -2.19403 -0.87598 -1.98831 -0.24097 -2.03491 2.20460 -1.34320 -0.52334 -2.05845 -2.47235 -1.15014 0.41440 -0.05887 -0.09094 -0.51236 -0.30849 -0.22875 -0.26304 -0.29907 -0.48037 -0.28974 -0.03407 -0.44424 -0.34297 -0.91672 -0.20073 0.09900 -0.11072 0.06904 -0.01406 0.02987 -0.70641 0.05007 0.75177 -1.05273 0.27131 -0.29647 -0.43801 
1.92639 -2.17721 -1.03428 -1.79039 -0.18799 -2.10238 1.95205 -1.27705 -0.17210 -2.16064 -2.27195 -1.29719 0.05767 -0.06341 -0.01094 -0.21941 0.55554 0.00886 0.03778 -0.16448 -0.47138 0.27162 -0.49960 -0.35828 0.05865 -0.32821 0.17159 0.22688 0.34502 0.81072 0.31664 0.36110 0.94461 0.33320 1.18959 0.05160 0.11808 0.98902 0.43267 
1.86672 -2.20497 -1.09540 -1.43277 -0.23211 -1.99713 2.04012 -1.81458 -0.25172 -2.55805 -2.83063 -1.09148 0.08619 0.11272 0.13594 -0.16734 0.50223 0.08789 0.09806 0.64554 -0.14717 0.89985 0.01752 -0.32616 0.64605 -0.48406 0.14708 -0.03369 -0.51615 -0.92359 -0.15757 -0.27824 0.31704 0.15958 -0.31436 0.61718 -0.03702 -0.01345 -0.37652 
2.03912 -2.04126 -1.20162 -1.28816 -0.10010 -2.00432 2.59760 -1.42422 0.72775 -2.14311 -2.59811 -0.65114 -0.42638 0.08367 -0.04464 -0.73556 -0.36806 -0.14871 -0.24046 0.15256 -0.31180 -0.04273 0.11757 -0.39530 0.04521 -0.70473 -0.15544 -0.20005 -0.14880 -0.29090 -0.41740 -0.02657 -1.00803 -0.43972 -1.10229 0.07096 0.39265 -1.95784 1.01586 
1.95039 -2.24961 -1.83096 -1.80083 -0.38082 -2.23758 2.19268 -2.12638 -0.29445 -2.44048 -3.22593 -1.04628 -0.61854 -0.04272 -0.06411 -0.31614 0.21132 -0.32951 0.07149 -0.36248 -0.58689 -0.20244 0.08848 0.06649 -1.31179 0.53180 -0.14392 0.05996 0.96202 0.37469 0.02390 0.64497 -0.56657 0.35408 0.36974 -0.11723 0.99645 -0.87612 1.00633 
1.99640 -2.10537 -1.51775 -1.07684 -0.42961 -1.93283 2.23511 -2.01111 0.52531 -2.05463 -2.53162 -1.96293 0.10542 -0.06024 0.01533 0.22645 0.00664 -0.12481 0.40451 -0.41401 0.04228 0.32700 0.00035 0.60115 -0.83092 0.30160 -0.08700 0.09725 0.56429 -0.12644 0.51686 0.42237 0.29715 1.03004 -0.75232 -0.70288 1.52722 1.23842 -0.71475 
1.89015 -2.23428 -1.60451 -1.79419 -0.50563 -1.83308 1.77868 -2.08409 0.03255 -2.44013 -2.62478 -1.87719 -0.31694 -0.12971 0.03314 0.24815 0.08489 0.18735 0.49385 -0.06533 0.44314 -0.95477 -0.61440 1.59371 -0.07338 -0.18294 -0.06899 0.13008 -1.21122 1.44920 -0.21026 0.12266 0.05722 1.06058 -1.59688 0.13556 0.01374 0.96583 -0.52245 
1.86669 -2.07223 -1.26960 -0.99195 -0.24226 -1.43898 2.16978 -1.56796 -0.42945 -2.66903 -0.93791 -2.03631 -0.07752 -0.12924 0.14540 -0.98477 1.45584 -0.33507 0.52716 -0.35679 1.10286 -1.26988 0.13591 0.61488 0.13492 -0.22085 -0.58701 0.31152 -1.54115 -1.76870 0.05745 -1.46192 -0.21037 -0.67367 -0.23399 2.05615 -3.91420 1.24943 -1.12083 
1.76091 -2.08888 -2.58928 -0.33835 -0.84070 -1.30591 1.42189 -0.98123 -1.23733 -2.30422 -2.00990 -1.74227 -0.53780 -0.71673 0.34466 -1.29300 -1.68381 0.24480 -0.96807 -0.27571 -0.23053 -1.18876 1.44175 -2.32049 1.17606 -1.30377 -0.19785 0.32017 1.10643 -2.68588 1.50834 -1.41613 1.67287 -1.89032 1.22272 2.24825 -1.71213 2.03696 0.07102 
1.14996 -1.72758 -2.56260 -2.67576 0.00254 -2.40705 1.89407 -1.79849 -1.61821 -1.22728 -3.25840 -0.86025 -1.38130 -0.32708 0.46557 0.12166 -1.23004 1.17328 -0.88897 1.31608 -0.78746 -0.04715 2.38416 -1.09724 2.17188 -0.14983 1.04985 -0.28124 1.84717 3.52095 0.18235 1.05561 1.26165 0.45720 2.11319 0.63884 2.87857 -0.10529 2.24695 
1.43383 -1.62331 -2.46762 -1.56839 0.33258 -2.19488 2.73797 -1.76869 -1.28448 0.07994 -3.10714 0.42960 -0.68763 0.33313 0.06341 0.55417 1.83714 0.42715 0.08754 0.98594 0.22668 0.92443 2.08059 0.55808 1.07077 0.94317 0.45659 -1.06499 0.29223 -0.53724 -0.93665 -0.13966 -0.81945 -0.19397 0.19500 -2.77623 1.04001 -2.67303 0.11559 
1.48309 -1.66416 -2.00843 -0.83862 0.42969 -2.31951 2.88001 -1.57181 -0.69378 0.85332 -2.70032 0.21052 -0.43812 0.12950 -0.59942 0.41389 -1.76728 0.23662 -1.02863 0.49663 -0.98143 0.14785 -0.39207 -0.05723 -0.50116 -0.03424 0.00631 -0.88431 -0.57947 -2.18349 -1.06973 0.08656 -1.21291 -0.62639 -0.88227 -4.32613 0.48622 -2.63460 -0.73126 
1.56333 -2.22273 -2.05373 -3.33567 0.56920 -3.22351 3.23460 -2.75012 -1.13664 -0.31214 -3.16437 -0.07155 -0.72187 0.33943 -0.82090 -0.02529 -0.34635 -0.64259 0.17410 -0.22697 -0.39971 0.04216 -2.24554 1.04430 -1.56383 0.21191 0.21452 0.46101 0.16705 4.24427 -0.71229 2.61291 -0.67384 2.36218 1.25536 -0.70362 1.65551 0.13825 1.22043 
1.82252 -2.48506 -2.03372 -1.18498 -0.21290 -2.14541 2.65304 -1.97152 -0.65162 -1.39222 -1.65601 -1.35331 -0.22621 0.34403 -0.13841 0.58094 2.47699 -0.47567 1.58428 -0.17721 1.38075 1.40320 -1.09570 1.59828 -0.36291 1.18619 -0.47680 0.60797 -0.35733 -0.22289 0.36890 -0.49000 -0.09593 0.33175 -0.28827 1.68086 -1.86100 0.69475 -0.29919 
1.90736 -2.36114 -1.47279 -0.85868 0.09353 -1.63923 3.05740 -1.36937 0.26656 -1.40783 -1.56610 -0.43446 0.46432 -0.13737 -0.21293 -0.38262 -0.56924 -0.27368 -0.31590 -0.32289 -0.06796 -0.24611 -0.56467 -0.81670 -0.86909 -0.08728 -0.54898 0.43011 -1.44338 -1.05220 -0.06835 -1.30180 -0.19493 -0.07482 -1.76034 2.13319 -1.44703 -0.61218 -0.79673 
1.68515 -2.69799 -2.41634 -1.75422 -0.48658 -2.46131 2.33015 -2.03948 -0.89773 -1.95689 -2.47272 -2.22240 -0.31349 -0.20495 0.29170 -0.86244 1.42479 -0.54402 0.28248 -0.37213 1.30593 -0.35714 1.03749 0.15125 -0.97508 0.38946 0.18379 0.43674 0.93960 0.95941 0.65264 0.61242 0.80838 1.02510 1.39247 2.00240 1.84198 1.17753 0.73115 
1.70241 -2.06944 -2.33523 0.56611 -0.45050 -1.35674 2.68526 -0.06344 -0.09058 -0.37034 -1.41485 -1.40955 0.85378 0.04642 0.22382 0.55698 0.39016 0.37895 0.29652 0.48549 0.95714 1.14636 1.43772 1.02528 0.30844 0.64387 0.15337 -0.43181 0.34608 -2.14963 0.55754 -0.57368 -0.00699 -1.64536 -0.47438 -0.32824 -0.05707 0.55912 -0.59052 
1.73158 -2.47417 -1.85936 -1.36405 -0.10763 -2.16478 2.81563 -1.08233 0.24863 -0.51917 -1.44744 -1.91396 0.33038 -0.05158 -0.14010 -0.51636 -0.72484 0.01351 -0.29120 -0.37912 -0.33943 -0.83152 0.70925 0.09418 -0.41596 -0.20106 -0.01340 -0.15727 -0.44506 -0.37351 -0.02445 -0.23396 -0.60766 -0.76419 -1.13904 -0.87960 -0.89004 0.34242 -0.25642 
1.65084 -2.20955 -2.85158 -0.15873 -0.43698 -1.64794 2.30614 -0.40288 -0.92210 0.33891 -1.32067 -1.82551 0.65273 0.03302 0.06654 0.11192 0.01665 0.35451 0.06257 -0.12217 0.19295 0.00732 0.55813 0.13523 0.65085 0.38744 0.19281 -0.19787 1.49961 -0.89167 0.68640 -0.38011 0.70111 -0.31443 1.57665 -0.92447 -0.44572 0.98695 -0.09001 
1.76460 -2.40763 -1.74745 -1.34740 0.24688 -2.10221 2.69346 -0.88938 0.25596 0.03896 -1.31221 -1.26311 0.71782 0.14124 -0.33797 0.98325 -1.61651 0.69991 -0.67131 0.32199 -0.65386 0.74513 -0.21522 -0.35154 0.57098 -0.29107 -0.06936 -0.01467 0.15186 -0.25258 -0.20052 -0.03062 0.10372 -0.26104 -0.85282 -0.42946 0.45149 -0.66717 0.00601 
1.79207 -2.54752 -1.86833 -1.77524 0.26293 -2.31925 2.62813 -1.05674 -0.17696 0.12369 -1.67221 -1.25453 0.36166 -0.03634 0.05187 0.26378 -0.23593 0.15399 0.03195 -0.01845 -0.06808 -0.84550 0.12866 0.58672 -0.01631 0.39346 -0.23671 0.59012 -1.69547 2.42753 -1.34023 1.53626 -1.04534 0.72645 -2.18491 1.19833 0.70509 -0.69714 1.17426 
1.72826 -2.35576 -1.48366 -1.58333 0.40087 -2.07027 2.67501 -0.95747 -0.58954 0.16762 -0.72549 -1.27942 1.11128 -0.09548 0.25215 -0.71222 0.81102 -0.64032 0.86496 -0.72335 0.07259 -1.43978 0.98311 0.35355 -0.12615 0.88319 -0.01801 0.02249 -1.31002 0.27124 -0.95505 0.41301 -1.21459 0.71214 0.04196 0.18985 -0.41464 -1.04884 0.42919 
1.69660 -2.29537 -2.58056 -0.96422 -0.37738 -1.45429 1.90478 -0.98415 -1.61674 1.10680 -1.31866 -1.38068 1.24485 -0.05435 0.07436 -1.04624 0.03531 -0.80105 0.44496 -1.23304 0.64405 -0.80354 0.31851 0.17208 -1.06515 0.82264 0.10875 -0.16907 1.09418 -1.06563 0.75275 -1.17104 0.35278 0.66317 1.80238 -0.77567 -0.23246 -0.69773 -0.09233 
1.67390 -2.28140 -2.52990 -1.54802 -0.40018 -1.62531 1.44197 -0.31342 -1.39309 0.48613 -0.55341 -2.34457 1.93393 0.01328 0.08308 0.38196 -0.25462 0.11243 -0.30608 -0.37057 0.73576 0.36260 0.20744 0.12109 -0.82389 0.79086 0.11484 -0.02408 1.39831 0.40179 0.87804 -0.23115 1.12999 -0.97077 1.50423 0.35109 -0.27464 0.80034 -0.48401 
1.70987 -2.21229 -2.19860 -1.21884 -0.26495 -1.76037 1.53422 -0.24839 -1.25415 1.31424 -1.19757 -2.20457 2.03571 0.06048 0.05028 0.35208 0.43710 0.07699 0.21381 -0.10305 -0.32672 0.70069 0.66961 -0.10256 -0.26481 0.33864 0.12914 -0.52191 -0.13342 -1.36827 -0.01293 0.11740 -0.15589 -2.19010 0.37143 -0.87159 0.70105 -0.47214 -0.75071 
1.73439 -2.23112 -2.17783 -1.11092 -0.32319 -1.41150 1.33892 -0.64013 -0.69240 1.15574 -0.65597 -2.60938 2.27256 0.14241 -0.43883 0.24854 -1.62288 0.09950 -0.18868 -0.52645 -1.45434 0.73403 -0.66415 0.82213 -1.29603 0.04014 0.21268 -0.52021 0.08447 -1.38399 -0.01753 -0.47705 -0.39678 -0.70228 -0.79130 -1.16323 0.78790 0.12192 0.01124 
1.85229 -2.65112 -1.95006 -2.84172 -0.16545 -1.94905 1.00776 -1.70273 -0.52012 0.65009 -0.37544 -3.50060 2.07585 0.27316 -0.46992 0.43655 -0.94689 0.05946 -0.26324 -0.49983 -1.02899 -0.09061 -0.49362 0.68534 -0.14289 0.34988 0.00637 0.56567 -0.00985 3.09065 0.05767 0.39954 0.14626 0.87896 -0.58463 1.10223 0.11442 2.49083 0.05780 
2.00755 -2.70104 -1.74128 -2.05781 -0.26373 -1.67475 0.83909 -1.66913 -0.78301 0.66212 0.02937 -2.75227 2.62244 0.14879 0.12684 0.23869 1.46777 0.15717 0.21086 -0.38020 -0.57538 0.14940 0.43808 0.93655 1.19480 0.09794 -0.37388 0.54450 -0.28608 1.69656 0.05870 0.17189 -0.09263 -0.32267 0.15101 0.95439 -0.71901 0.44940 -1.17558 
2.00107 -2.52428 -1.71138 -1.37396 -0.00828 -1.73819 0.62756 -2.27811 -0.37072 1.08817 0.56111 -2.30580 2.17379 -0.10072 0.07458 0.15047 0.74967 0.11816 -0.09135 -0.59246 -1.35167 0.06040 0.46077 -0.03367 0.30651 -0.82570 -0.26242 -0.13763 0.27636 -1.09049 0.05524 -0.39493 -0.05792 -0.16870 -1.35763 -0.38223 -1.32470 -0.95358 -0.00506 
1.90683 -2.62647 -1.59080 -1.30814 -0.14557 -1.76610 0.24663 -3.02079 -0.72261 1.12289 -0.00430 -2.44575 1.79674 -0.11364 -0.01078 0.51505 0.37727 0.21242 -0.18407 -0.43812 -0.74408 -1.20823 0.05585 -0.38814 0.24122 0.09288 -0.05657 -0.07630 0.66601 -0.77713 0.18216 -0.06280 0.16912 0.92061 -1.66740 -1.38362 0.14482 0.18156 0.84880 
1.88743 -2.53506 -1.19633 -0.99668 0.20414 -1.92225 0.18945 -3.02219 -1.57895 1.14402 0.17297 -2.06459 2.26668 -0.15728 -0.00173 0.81648 -0.02746 0.30031 -0.15416 -0.42334 -0.43106 -1.60700 -0.92284 0.11115 0.48807 0.02310 -0.19720 0.03023 0.35023 -0.66966 -0.09076 0.19969 -0.02079 0.25694 0.85370 -0.78037 -0.01959 -0.02576 -0.04320 
1.74955 -2.62819 -0.77432 -1.33560 0.15475 -1.92025 -0.17671 -3.45185 -2.32962 0.20005 0.10685 -1.95768 1.81985 -0.31084 0.01944 0.86528 -0.29239 0.12166 0.01562 -0.45891 -0.48713 -0.35453 -0.72453 -0.40774 0.21546 0.04968 0.03962 0.12881 0.21171 -0.07264 0.06562 0.00551 0.32527 0.95403 1.65984 1.94463 -0.37508 -0.01908 0.97377 
1.57660 -2.51562 -0.33105 -1.28907 0.32579 -1.90663 -0.26946 -3.50932 -1.93348 0.41949 -0.23477 -1.84913 2.31636 -0.11766 0.12708 1.02819 -0.10011 0.36594 -0.14865 -0.09807 0.52297 0.05284 1.02179 -0.26393 0.46900 0.99688 0.21990 0.06599 0.06831 0.25961 0.18334 -0.24940 0.19588 0.96097 -0.68891 1.29547 0.34924 0.37120 1.01762 
1.63188 -2.50111 0.25387 -1.43571 0.52068 -2.06890 -0.27477 -2.92888 -2.27678 1.22184 -0.15708 -1.48868 2.81672 -0.09093 0.08544 0.93358 -0.03277 0.30500 -0.23378 -0.26303 0.47383 -1.04344 0.57094 -0.05850 0.58666 1.06730 -0.11802 0.07159 -1.09097 0.38700 -0.45824 0.24310 -0.55754 0.31188 -1.58380 -0.79433 0.02914 -0.97670 -0.24959 
1.48566 -2.43018 0.60253 -1.32185 0.63079 -2.14041 -0.53249 -3.03549 -2.97692 0.99043 -0.29327 -1.26247 3.38366 -0.23569 0.19868 -0.06278 0.28689 -0.09230 0.09445 -0.65560 0.83486 -1.53096 0.22746 -0.23479 -0.50770 0.74728 0.21693 -0.02421 -1.24841 -0.42582 -0.34633 0.37874 0.32343 -0.05131 0.57816 -0.26933 0.11456 -1.99682 -0.27919 
1.39620 -2.30243 0.19109 -1.14882 0.42838 -1.97446 -0.93037 -2.09402 -3.80774 1.44929 -0.39187 -1.99639 3.56401 0.12599 0.06122 -0.31483 -0.45859 -0.04133 0.14496 0.06041 0.42253 -0.46528 0.30161 0.05606 -1.41015 0.78811 0.40842 -0.15580 -0.02752 0.06736 0.31661 0.08065 0.78962 -1.79396 1.91487 -1.31204 0.99481 0.04524 -0.71348 
1.61165 -2.36896 0.28770 -1.78044 0.58946 -1.99545 -0.47208 -2.61296 -3.44220 1.29204 -0.23721 -2.67262 4.17177 0.17273 0.04288 -0.09030 0.35426 0.22431 0.17509 0.13402 -0.95910 0.38390 -1.08459 0.76001 -0.46246 0.03380 -0.05943 0.28607 -0.28371 2.10879 0.10130 -0.01318 0.06799 -0.98741 0.23394 -1.85804 0.47471 1.98289 -2.24258 
1.56893 -2.25955 0.10079 -0.79456 0.65269 -1.79937 -0.79635 -3.05313 -3.42383 0.36471 0.36814 -2.45885 3.59781 0.06656 0.34730 -0.59854 1.65019 0.05997 0.13178 0.12840 -0.56488 -0.23134 -1.55643 0.53076 0.57273 -1.45446 -0.02925 0.64246 -0.01825 0.31894 -0.37059 0.29696 0.52579 1.47669 0.27243 -0.13409 -1.08295 0.84022 -1.29323 
1.67821 -2.02166 -0.31084 -0.13025 0.64943 -1.86367 -0.34368 -3.17784 -3.67354 -0.26440 0.29356 -2.09989 2.71731 0.14348 0.68534 -0.10855 0.67319 -0.14629 0.47205 0.65982 0.51759 0.65634 -1.21868 -0.32294 0.37775 -1.25943 -0.17419 0.31251 1.05272 -1.35777 -0.25147 0.63233 0.21295 1.07629 1.66609 0.67450 -1.33986 -0.47718 1.11684 
1.71241 -1.57421 -0.00777 -0.12137 0.50640 -1.32732 -0.13654 -2.53553 -2.76750 -0.85397 0.04520 -2.08110 2.33839 -0.10764 0.65981 0.45418 0.29242 -0.19150 0.76411 0.34135 0.51141 1.43475 -0.88193 -0.80910 0.09555 -0.33763 -0.38767 -0.24595 0.07562 -0.39621 0.10373 -0.01087 -0.47634 -0.20999 -0.37558 -0.35617 -0.42314 -0.05975 1.51410 
1.57057 -1.36186 0.14334 0.16217 0.45793 -1.09956 -0.00233 -2.66643 -2.23879 -1.14633 -0.51554 -2.00433 2.37968 -0.24419 0.43939 -0.03294 0.27698 -0.04256 0.46117 0.18348 0.30760 0.28076 -1.57485 -0.74607 0.31800 0.25468 -0.19333 0.04660 -0.34932 -1.10621 0.42784 0.11058 0.04662 -0.05656 -1.42963 -0.17798 -0.09217 -0.28481 0.30948 
1.46822 -1.13482 -0.04071 0.15561 0.46384 -0.86615 0.04694 -2.22793 -2.48674 -2.42882 -0.70087 -1.76309 2.59306 -0.30097 0.70641 0.10486 -0.81379 0.23634 0.87469 0.38797 0.45485 0.00512 -1.05991 -0.90127 -0.18926 -0.02815 -0.00354 0.28532 0.03260 -1.00728 0.30698 -0.16425 0.04283 0.27303 0.74216 0.96787 -0.12620 -0.71498 -0.55640 
1.26961 -0.65545 0.24820 -0.65162 0.69427 -0.22487 0.38563 -2.21158 -2.23367 -2.20624 -1.41681 -2.19359 2.35153 -0.24773 0.72471 -0.00034 -0.73030 0.26443 0.29693 0.22631 0.58064 1.02292 -0.60698 -0.87227 -0.39697 -0.30172 -0.05589 -0.54238 -0.60458 1.10827 -0.05401 -1.39808 -1.14516 0.27023 1.40940 1.06056 1.28417 0.39517 -2.03040 
1.22048 -0.41011 -0.04104 -0.57469 0.72827 -0.56922 0.27325 -1.64729 -1.46383 -3.03580 -1.57314 -2.16007 2.29134 -0.35686 0.16403 -0.49972 0.29448 0.18233 -0.52339 -0.75719 0.72508 1.41452 0.00065 0.38290 0.20591 -2.05855 -0.49895 -1.14880 -0.07922 0.90000 0.55272 -0.20516 -0.77433 -1.04201 -0.26349 2.50496 2.29344 2.11461 -1.39831 
0.91275 -0.49142 -0.25152 -0.35714 0.87659 -0.74827 -0.37155 -1.48650 -0.81915 -2.20559 -1.03391 -1.98769 0.29299 -0.74668 -0.42408 -0.07956 0.16969 0.81715 0.09176 -0.54802 -0.46137 0.75943 1.89798 1.42116 1.71763 -1.70003 -0.39985 -0.69956 0.30093 -1.98701 0.36462 0.60790 0.98380 -1.33009 -1.90923 1.72577 1.03026 1.58093 2.86979 
0.47381 -0.83419 -0.12060 -0.40500 1.54541 -0.47746 -0.27477 -2.10866 -0.70440 -1.13782 -0.15198 -0.44243 0.59130 -0.75670 -0.53553 -0.19879 -1.69254 0.54695 0.08451 0.22661 -0.60501 -0.49471 1.72641 1.41316 1.78683 0.81124 0.17892 0.11514 -0.06225 -1.03150 -0.49808 -0.47540 1.27212 1.31666 -0.54239 -1.06727 -0.32320 -0.66861 2.68908 
0.15605 -1.02695 -0.45031 -2.04967 1.42354 -0.66376 -0.14494 -2.09151 -1.31387 -0.47918 0.37925 -0.20086 1.10423 -0.56776 -0.30894 -0.14181 -0.86181 0.31907 -0.38364 0.72410 0.85529 0.21703 0.83071 1.09796 1.04902 0.98905 0.34358 0.34759 0.38262 1.31692 -0.00799 -0.48854 0.63286 1.47604 1.06380 -1.52126 -1.87727 -1.75953 -0.50091 
-0.09395 -1.14313 -0.26241 -1.26681 1.86448 -0.86110 0.44933 -1.25337 -0.48737 -0.30711 0.94598 0.60658 1.58035 -0.41312 -0.18794 0.18383 -0.37561 0.53896 -0.40403 0.85947 0.87103 0.56909 0.20516 -0.46411 0.02730 0.31033 0.46305 0.34210 0.21610 0.78711 -0.19211 0.35370 -0.42980 -0.85582 0.01631 -0.46448 -2.06368 -2.68107 -2.19677 
-0.25706 -1.21490 -0.26648 -2.42529 1.96250 -1.06778 0.71453 -1.22048 -0.74478 -0.27402 -0.08486 -0.17355 1.41456 -0.10471 0.03316 0.07429 -0.07469 0.12696 -0.02994 0.29430 -0.00053 0.23335 0.36623 -0.96572 -1.63205 -1.20772 0.51216 0.35251 -0.61557 0.85027 -0.93429 0.72704 -1.11071 -0.90439 0.24896 -0.23148 0.12633 -0.45180 -0.85611 
-0.19867 -1.10998 -0.18812 -1.34150 1.99144 -0.89104 0.74362 -1.25390 -0.25402 0.05912 -0.01973 -1.02547 0.37263 0.09904 0.16457 -0.43174 0.47466 -0.39534 0.32301 -0.25124 -0.03336 0.81805 -0.02632 -0.33778 -0.42450 -0.54578 0.30979 0.42258 0.14018 0.44666 -1.12174 0.60627 0.04556 1.05464 0.46204 -0.44669 0.83416 2.20446 1.71881 
-0.15802 -1.05033 -0.69822 -1.95063 1.56716 -0.74478 0.46329 -1.25384 0.07327 -0.30034 -0.42265 -0.59805 0.86878 0.20508 0.45573 0.21447 0.37197 -0.99478 0.57633 0.33985 1.05412 0.69539 -0.08046 -0.13156 0.57241 0.51109 0.01890 0.56311 1.23041 1.76265 -0.75584 0.39522 0.12144 0.93918 -1.37535 0.03905 0.49649 0.76490 0.92726 
0.00641 -0.65425 0.02635 -0.96953 0.99666 -0.31470 1.08348 -0.19979 0.44137 -0.02134 -0.15129 -0.45306 0.88371 0.11795 0.72768 0.79867 2.23731 -1.15118 0.71823 -0.12980 0.90582 -0.55730 0.01272 0.15871 0.34040 0.38148 -0.21570 0.18624 -0.29788 0.23164 -0.04030 -0.45353 -1.08648 -0.92992 -0.80558 -0.38697 0.03728 -0.52751 -1.40019 
-0.04008 -0.32265 0.10044 0.28669 0.41598 -0.02655 0.33349 -0.34802 -0.48403 -0.28762 -0.26394 -0.25766 1.25027 -0.01063 0.64197 -0.08341 0.60361 -1.03508 0.12280 -0.74662 0.12420 -0.11019 -0.46743 -0.09428 0.04490 -0.88910 -0.00397 -0.41805 -0.86744 -2.95984 0.92819 -0.88609 -0.10059 -0.73627 1.16925 0.14380 0.12313 -0.31396 -1.31599 
-0.00422 -0.01228 -0.05706 -0.36592 -0.03842 -0.19191 0.33685 -0.07559 0.33117 -0.48878 -0.24557 -0.40816 -0.00539 0.11398 0.30962 -0.06878 -0.72253 -0.22299 -0.16787 -0.23039 0.16955 0.61195 0.15652 0.28184 0.02644 -0.93451 -0.03972 -0.65043 0.28141 -0.56244 1.26619 -0.16637 0.56780 -0.24108 0.16961 1.03649 0.17697 0.46102 1.33620 
0.07390 -0.01302 0.03167 -0.43585 0.19298 -0.19442 0.10309 -0.17847 0.12792 -0.13110 0.01791 -0.23122 0.31576 -0.05034 -0.00847 0.19800 0.04116 0.23111 -0.04357 -0.17883 -0.11688 0.05941 0.56906 0.08269 0.50592 0.44710 -1.06423 -0.52212 0.87823 -3.02795 0.93554 -0.80513 0.29677 -0.54977 0.36615 -1.89453 0.03009 -1.17501 1.59675 
-0.05456 -0.02075 0.14094 -0.32476 0.19270 -0.23548 0.15803 -0.19246 0.39059 0.08028 -0.16288 0.09775 0.44171 -0.95025 -0.21250 0.80945 -3.75048 0.71254 -0.97300 0.06637 -0.38022 0.97810 -1.73801 0.31193 -1.14857 0.66224 0.00994 -0.04185 -0.14297 -0.71839 -0.33988 -0.04527 0.32180 0.04846 -0.53277 -1.39147 0.35222 -0.34212 -0.26108 
-0.87635 -0.22552 0.84112 -4.18633 0.90553 -1.16742 0.16947 -0.55869 1.10602 -1.86912 0.32984 -1.37979 0.97800 -0.04041 -0.05032 0.05504 -0.67723 -0.10877 -0.08884 0.14298 -0.06842 -0.47336 -0.82242 0.43491 0.16380 0.18602 1.76573 0.42293 -1.63755 7.72196 -1.52575 2.02860 -0.22417 0.81649 -1.79987 3.71859 -0.79640 2.44321 -1.55288 
-0.09497 -0.07106 0.19598 -1.00199 0.08393 -0.32432 0.30100 -0.26088 -0.08277 -0.74214 0.27203 0.26155 0.62772 0.81547 0.21043 -0.82809 3.97148 -0.81321 1.05560 -0.15780 0.43627 -0.82177 1.98057 -0.48447 1.29464 -0.89064 0.14792 0.08104 -0.26823 1.46797 0.00887 0.32182 -0.33189 0.26648 0.68360 1.55310 -0.68955 -0.29027 -0.44880 
-0.06088 -0.01509 0.01303 -0.21485 0.09232 -0.11181 0.01167 -0.12242 0.28425 0.11145 -0.15463 -0.08515 0.08736 0.10751 0.03072 -0.21319 0.79074 -0.09989 0.23298 -0.18891 0.19806 0.21025 0.73068 -0.25464 -0.12647 -0.26279 -0.78625 -0.24603 0.84136 -3.90079 0.84357 -1.01234 0.05017 -0.40118 0.73127 -1.99611 0.81209 -1.56126 1.01554 
0.01254 -0.04034 -0.01722 -0.21125 -0.01597 -0.09134 0.11209 -0.06282 0.12747 -0.01145 0.01740 0.13508 0.36494 0.02923 -0.03560 0.01327 0.07069 0.03037 0.04327 -0.10763 0.03509 -0.09050 -0.01554 0.32763 -0.26662 0.12490 -0.12026 -0.00167 0.26396 -0.64433 0.13415 -0.19714 0.11941 -0.20901 -0.17883 -0.78612 0.29578 -0.06854 0.06527 
-0.03165 -0.05069 0.02630 -0.14415 0.12268 -0.06855 -0.09595 -0.08733 0.19375 0.09591 0.17300 -0.35177 0.21226 -0.01274 0.02905 0.05077 0.14641 0.03426 0.03585 -0.06950 -0.01095 0.03142 -0.05544 0.04115 -0.19501 -0.19752 0.01114 0.05380 0.10867 -0.01944 -0.11542 -0.02157 0.28694 -0.06132 0.05239 -0.32464 -0.42597 0.48007 -0.08155 
-0.00020 -0.01129 0.03355 -0.06484 0.01829 -0.05549 0.04259 -0.07377 0.15889 -0.06689 0.05854 -0.05993 0.16742 0.04037 0.01820 0.12194 0.05126 -0.08505 0.02170 0.17931 -0.02622 -0.03811 -0.34019 -0.09835 0.21345 0.04335 0.02569 -0.03665 -0.03047 -0.17730 -0.01655 -0.02428 0.08224 0.01828 -0.09223 0.03468 -0.02903 0.15947 0.14948 
0.00872 -0.03248 0.14824 -0.09290 0.03763 -0.04685 0.08336 -0.11355 0.15563 -0.24427 0.07465 -0.13833 0.25562 0.01294 -0.00760 0.02030 -0.03089 0.01771 0.01156 0.01274 0.00733 -0.06082 -0.02076 0.01212 -0.03554 -0.04804 -0.04324 -0.04971 -0.33241 -0.28796 0.15267 -0.00205 -0.10304 0.17673 -0.10915 0.30975 -0.13483 -0.03061 0.14803 
0.01274 -0.01888 0.05386 -0.09573 0.03600 -0.04393 0.05533 -0.06645 0.09808 -0.08765 0.07066 -0.09547 0.11938 -0.00287 -0.03151 -0.21047 -0.23670 0.06762 0.01965 0.07628 0.15051 -0.14727 -0.03043 -0.23318 0.18283 0.19138 -0.02133 0.01237 -0.05842 0.01801 -0.03422 -0.00185 0.00690 -0.04206 0.09439 -0.00734 0.02957 0.02215 0.15881 
0.00585 -0.06399 -0.06222 -0.32960 0.10525 -0.02720 0.15963 0.03696 0.00836 -0.27471 -0.15852 0.04451 0.44699 -0.00839 0.00478 -0.03812 -0.01288 -0.01651 0.00971 0.01963 -0.03473 0.03358 -0.02810 0.04169 -0.01340 0.11078 -0.01120 0.04947 0.33908 0.40588 -0.14188 -0.09737 -0.23345 -0.23047 0.44421 0.25129 0.46739 -0.35737 -0.32078 
0.00435 -0.01410 0.01573 -0.10861 0.01948 -0.03422 0.07496 -0.10118 0.13165 -0.11575 0.11235 -0.10887 0.23016 -0.01407 0.01797 0.12861 0.16918 -0.07426 -0.07772 -0.15717 -0.07996 0.29694 0.22086 0.23421 -0.17454 -0.12940 0.01849 -0.02375 0.06682 -0.01451 0.06095 -0.07613 -0.07941 0.05354 -0.00794 0.11151 -0.11656 -0.02395 -0.23053 
-0.00821 -0.04602 0.06639 -0.16042 0.03099 -0.10492 0.00247 -0.04300 0.30530 -0.05384 0.07569 -0.13003 0.31759 0.01009 -0.01898 0.02870 -0.02739 0.04444 -0.06642 -0.05977 0.01881 0.02564 0.08341 -0.07487 -0.03734 -0.11975 0.03477 0.00018 -0.14620 -0.12070 0.07010 0.13508 0.21029 0.04306 -0.47841 -0.24635 -0.22100 0.23344 -0.04688 
0.01445 -0.03308 0.04443 -0.13600 0.06392 -0.10065 0.01519 -0.08237 0.15729 -0.03235 0.03748 -0.14621 0.11041 0.02070 0.01815 -0.01759 0.04848 -0.00417 0.05735 0.05312 -0.03690 -0.18147 -0.02548 0.01321 0.05890 -0.17628 -0.02275 0.00963 -0.01710 0.11563 -0.03435 0.07772 0.05810 0.02506 0.03189 -0.15335 0.02176 0.06246 0.28336 
