0.01611 -0.02330 0.06338 -0.04120 0.10111 -0.06537 0.09098 -0.10851 0.12990 -0.05151 0.10727 -0.09319 0.08902 -0.15003 -0.16428 0.57868 -0.12388 0.17204 -0.12905 0.40465 -0.14249 0.61400 0.13779 -0.10302 -0.30981 0.26024 -0.47548 -0.53277 2.71979 -0.66989 0.16936 -0.93944 2.63791 -2.66540 2.07698 0.33474 -0.50844 1.57043 0.78769 
-0.13523 -0.18780 0.64520 -0.16559 0.26944 -0.19287 0.49941 -0.25923 0.74745 0.08928 -0.00494 -0.40099 0.35528 -0.47359 -0.53410 2.71842 -0.66602 0.15559 -0.93062 2.62972 -2.66371 2.08540 0.32829 -0.49280 1.55934 0.79239 0.21553 0.22646 -0.99411 0.08379 -0.56386 0.19899 -0.50377 -0.23849 -1.46047 -0.04091 0.22155 0.57888 -0.55346 
-0.45748 -0.55741 2.78181 -0.70723 0.25670 -0.99599 2.72071 -2.77223 2.21531 0.27678 -0.38553 1.46615 0.88140 0.06550 0.06219 -0.41544 -0.04009 -0.39181 0.06994 -0.09912 -0.38098 -0.84648 0.09688 0.11853 0.26907 -0.29322 0.94359 1.06697 -5.43483 1.33149 -0.29440 1.85080 -5.26065 5.32689 -4.15862 -0.65211 0.95787 -3.11337 -1.57047 
-0.06973 -0.12561 0.22977 -0.20569 -0.12237 -0.12294 0.40029 -0.64021 -0.09903 0.18616 0.11359 -0.13192 0.06206 0.47000 0.53287 -2.71640 0.66546 -0.13881 0.92018 -2.63093 2.66318 -2.07321 -0.32382 0.46507 -1.55403 -0.77808 0.01762 0.04090 0.25322 0.20119 0.62182 -0.01738 -0.20032 0.90318 1.07270 -0.32676 -0.14567 -0.22009 0.32269 
0.01252 -0.02454 0.06540 -0.04176 0.11789 -0.07581 0.08977 -0.10905 0.14210 -0.04704 0.07954 -0.08788 0.10332 0.08312 0.10308 -0.16222 0.16110 0.23000 0.05255 -0.29944 0.52221 0.22623 -0.22988 -0.02714 0.04898 0.02948 -0.47066 -0.53450 2.70684 -0.67938 0.10520 -0.91805 2.63997 -2.67604 2.06189 0.32750 -0.39332 1.56963 0.77168 
0.01340 -0.02253 0.06754 -0.04458 0.10763 -0.07038 0.10085 -0.11801 0.12720 -0.04372 0.08645 -0.08293 0.09154 -0.00066 -0.00164 -0.00956 -0.01392 -0.03361 0.00213 0.00904 -0.01287 -0.01132 0.00368 0.07175 0.01560 -0.00640 -0.08042 -0.10385 0.15806 -0.15772 -0.23652 -0.04754 0.28958 -0.51271 -0.22352 0.22209 0.04795 -0.05924 -0.03199 
0.01186 -0.02618 0.05585 -0.05568 0.08429 -0.07368 0.09881 -0.12191 0.13077 -0.04336 0.15128 -0.07228 0.09693 0.00271 -0.00077 -0.00416 0.00338 -0.00652 0.00501 -0.00986 0.00949 0.00270 -0.00779 0.02082 -0.01026 -0.00252 0.03258 -0.03671 0.11864 -0.04458 0.22155 -0.11220 0.13153 -0.16134 0.22520 -0.10755 0.07422 -0.20748 0.14276 
0.01611 -0.02330 0.06338 -0.04120 0.10111 -0.06537 0.09098 -0.10851 0.12990 -0.05151 0.10727 -0.09319 0.08902 0.03192 -0.03834 0.10908 -0.05850 0.18794 -0.11007 0.14057 -0.17421 0.21388 -0.10387 0.14597 -0.19188 0.13636 -0.00401 0.00055 0.00731 -0.00389 0.00280 -0.00347 0.01363 -0.01773 0.00084 0.01079 -0.03001 0.01226 0.00853 
0.04378 -0.06452 0.16493 -0.11419 0.27223 -0.18375 0.23938 -0.29612 0.34465 -0.14723 0.29725 -0.26417 0.23329 -0.00130 -0.00022 0.00315 -0.00051 -0.00372 0.00155 0.00377 -0.00823 0.00355 0.00300 -0.00920 0.00201 0.00602 -0.06454 0.07054 -0.17414 0.12930 -0.41353 0.26048 -0.27740 0.30137 -0.39163 0.21712 -0.39332 0.36655 -0.23124 
0.01480 -0.02352 0.06653 -0.04171 0.09740 -0.06382 0.09475 -0.11675 0.13345 -0.04851 0.09807 -0.09118 0.09503 -0.03262 0.03220 -0.06505 0.07079 -0.22559 0.15041 -0.13683 0.12716 -0.17775 0.11325 -0.24735 0.17467 -0.09488 0.00377 -0.02304 0.02001 -0.05461 0.02376 -0.04986 0.04705 -0.14324 0.05206 -0.04529 0.03772 -0.05261 0.03689 
0.01116 -0.03232 0.09987 -0.04340 0.04664 -0.03335 0.10255 -0.16896 0.16691 -0.03398 0.04990 -0.08950 0.13841 0.00247 -0.02326 0.02315 -0.05512 0.02004 -0.04831 0.05082 -0.15147 0.05560 -0.04229 0.02852 -0.05061 0.04290 0.03756 -0.02318 0.02856 -0.06860 0.28006 -0.18243 0.12527 -0.06672 0.14074 -0.13078 0.30472 -0.17837 0.04548 
0.01727 -0.04678 0.08968 -0.09683 0.11744 -0.11214 0.14557 -0.26822 0.18905 -0.09080 0.12659 -0.14179 0.13794 0.00494 0.00902 -0.03649 0.00220 0.05447 -0.03202 -0.01156 0.06044 -0.03700 -0.01753 0.05737 -0.00370 -0.04940 -0.00412 0.04708 -0.04910 0.10976 -0.03284 0.09282 -0.10331 0.31076 -0.11692 0.08325 -0.05186 0.10205 -0.09302 
0.01611 -0.02330 0.06338 -0.04120 0.10111 -0.06537 0.09098 -0.10851 0.12990 -0.05151 0.10727 -0.09319 0.08902 -0.00165 0.02382 -0.02595 0.05464 -0.01279 0.04451 -0.05249 0.15928 -0.06132 0.04095 -0.02334 0.05144 -0.05011 -0.00983 -0.01283 0.05406 -0.00123 -0.08291 0.04252 0.02559 -0.08982 0.04935 0.02416 -0.07552 0.00645 0.06208 
0.01562 -0.02296 0.06373 -0.04220 0.10465 -0.06763 0.09308 -0.10894 0.12773 -0.04985 0.10325 -0.09035 0.08782 -0.00489 -0.00381 0.01757 0.00096 -0.02844 0.01050 0.01403 -0.02938 0.01234 0.00663 -0.01815 0.00276 0.01269 0.01323 -0.03593 0.07223 -0.07414 0.08239 -0.07002 0.11023 -0.20189 0.14965 -0.06611 0.10277 -0.10626 0.11303 
0.01121 -0.02711 0.08095 -0.04024 0.07268 -0.05487 0.10501 -0.13789 0.14225 -0.04487 0.08912 -0.09044 0.10170 0.01157 -0.01211 0.04628 -0.01950 0.06959 -0.02551 0.05774 -0.04261 0.08832 -0.02515 0.07943 -0.05481 0.06292 0.00978 0.00761 -0.03513 -0.00192 0.05687 -0.02100 -0.02805 0.05876 -0.02469 -0.01327 0.03630 -0.00551 -0.02537 
0.02719 -0.03507 0.11002 -0.06170 0.17424 -0.09314 0.15082 -0.15155 0.21606 -0.07500 0.18269 -0.14516 0.15074 0.00489 0.00381 -0.01757 -0.00096 0.02844 -0.01050 -0.01403 0.02938 -0.01234 -0.00663 0.01815 -0.00276 -0.01269 -0.02309 0.02280 -0.08889 0.03984 -0.14883 0.05667 -0.11583 0.07832 -0.17001 0.05073 -0.16202 0.10798 -0.11957 
0.01611 -0.02330 0.06338 -0.04120 0.10111 -0.06537 0.09098 -0.10851 0.12990 -0.05151 0.10727 -0.09319 0.08902 -0.01152 0.01069 -0.04261 0.02033 -0.07924 0.03117 -0.05808 0.03571 -0.08169 0.02558 -0.08259 0.05316 -0.05665 0.00370 -0.01881 0.05413 -0.03114 0.06411 -0.05078 0.07527 -0.10498 0.09725 -0.02045 0.01387 -0.04616 0.07474 
0.01568 -0.02438 0.06741 -0.04137 0.09500 -0.06197 0.09274 -0.11584 0.13437 -0.04943 0.10010 -0.09200 0.09409 0.00859 -0.01500 0.03657 -0.03211 0.09255 -0.06128 0.06125 -0.07560 0.08491 -0.02708 0.03202 -0.04891 0.06206 0.01152 -0.01069 0.04261 -0.02033 0.07924 -0.03117 0.05808 -0.03571 0.08169 -0.02558 0.08259 -0.05316 0.05665 
0.02470 -0.03830 0.09995 -0.07331 0.19366 -0.12665 0.15223 -0.18412 0.21481 -0.07859 0.13929 -0.14210 0.15107 0.00000 0.00000 0.00000 0.00000 0.00000 0.00000 0.00000 0.00000 0.00000 0.00000 0.00000 0.00000 0.00000 -0.01849 0.02978 -0.06999 0.06370 -0.18881 0.12410 -0.11872 0.14297 -0.16627 0.05716 -0.07324 0.09983 -0.11810 
0.01568 -0.02438 0.06741 -0.04137 0.09500 -0.06197 0.09274 -0.11584 0.13437 -0.04943 0.10010 -0.09200 0.09409 -0.00989 0.01478 -0.03342 0.03160 -0.09626 0.06282 -0.05748 0.06737 -0.08136 0.03008 -0.04122 0.05092 -0.05604 -0.00005 0.00142 -0.00367 -0.00083 0.00965 -0.00566 0.00034 0.00690 -0.00664 -0.00042 0.00315 0.00165 -0.00627 
0.01480 -0.02352 0.06653 -0.04171 0.09740 -0.06382 0.09475 -0.11675 0.13345 -0.04851 0.09807 -0.09118 0.09503 -0.00005 0.00142 -0.00367 -0.00083 0.00965 -0.00566 0.00034 0.00690 -0.00664 -0.00042 0.00315 0.00165 -0.00627 0.01071 -0.01422 0.03063 -0.03208 0.10351 -0.06663 0.05580 -0.05956 0.07564 -0.03142 0.04640 -0.05009 0.04883 
0.01562 -0.02296 0.06373 -0.04220 0.10465 -0.06763 0.09308 -0.10894 0.12773 -0.04985 0.10325 -0.09035 0.08782 0.00082 0.00056 -0.00279 -0.00048 0.00725 -0.00381 -0.00167 0.00781 -0.00572 -0.00134 0.00518 0.00083 -0.00721 0.00054 -0.00176 0.00332 0.00182 -0.01318 0.00792 -0.00244 -0.00648 0.00881 -0.00124 0.00086 -0.00449 0.00746 
0.01562 -0.02296 0.06373 -0.04220 0.10465 -0.06763 0.09308 -0.10894 0.12773 -0.04985 0.10325 -0.09035 0.08782 0.00049 -0.00034 -0.00035 0.00099 -0.00353 0.00226 -0.00210 0.00042 0.00217 -0.00166 0.00401 -0.00284 0.00120 0.01150 -0.01461 0.04448 -0.02368 0.05604 -0.04657 0.04614 -0.08960 0.10385 -0.02488 0.06416 -0.07536 0.05037 
0.01611 -0.02330 0.06338 -0.04120 0.10111 -0.06537 0.09098 -0.10851 0.12990 -0.05151 0.10727 -0.09319 0.08902 0.01232 -0.01405 0.04169 -0.02417 0.06329 -0.05038 0.04446 -0.08179 0.09814 -0.02622 0.06934 -0.07453 0.04316 -0.00049 0.00034 0.00035 -0.00099 0.00353 -0.00226 0.00210 -0.00042 -0.00217 0.00166 -0.00401 0.00284 -0.00120 
0.02794 -0.03701 0.10542 -0.06636 0.16794 -0.11801 0.13755 -0.19073 0.22587 -0.07607 0.17260 -0.16488 0.13099 0.00000 0.00000 0.00000 0.00000 0.00000 0.00000 0.00000 0.00000 0.00000 0.00000 0.00000 0.00000 0.00000 -0.02416 0.02776 -0.08373 0.04933 -0.13011 0.10302 -0.09103 0.16401 -0.19410 0.05078 -0.13467 0.14621 -0.08513 
0.01611 -0.02330 0.06338 -0.04120 0.10111 -0.06537 0.09098 -0.10851 0.12990 -0.05151 0.10727 -0.09319 0.08902 -0.01184 0.01371 -0.04204 0.02516 -0.06682 0.05264 -0.04656 0.08222 -0.09596 0.02456 -0.06533 0.07168 -0.04197 0.00000 0.00000 0.00000 0.00000 0.00000 0.00000 0.00000 0.00000 0.00000 0.00000 0.00000 0.00000 0.00000 
0.01611 -0.02330 0.06338 -0.04120 0.10111 -0.06537 0.09098 -0.10851 0.12990 -0.05151 0.10727 -0.09319 0.08902 0.00000 0.00000 0.00000 0.00000 0.00000 0.00000 0.00000 0.00000 0.00000 0.00000 0.00000 0.00000 0.00000 0.01049 -0.01251 0.04151 -0.02648 0.07269 -0.05671 0.05064 -0.08355 0.09292 -0.02202 0.05936 -0.06808 0.04173 
0.01611 -0.02330 0.06338 -0.04120 0.10111 -0.06537 0.09098 -0.10851 0.12990 -0.05151 0.10727 -0.09319 0.08902 -0.00135 0.00120 -0.00053 -0.00132 0.00587 -0.00408 0.00408 -0.00133 -0.00305 0.00254 -0.00597 0.00361 -0.00024 0.01042 -0.01638 0.03954 -0.02792 0.06129 -0.04376 0.05591 -0.07482 0.08311 -0.03662 0.07032 -0.06632 0.05633 
0.01476 -0.02211 0.06285 -0.04252 0.10698 -0.06945 0.09506 -0.10985 0.12686 -0.04896 0.10129 -0.08958 0.08878 0.01042 -0.01638 0.03954 -0.02792 0.06129 -0.04376 0.05591 -0.07482 0.08311 -0.03662 0.07032 -0.06632 0.05633 -0.00454 -0.01177 0.04085 0.00315 -0.08315 0.04602 0.01408 -0.08304 0.05939 0.01689 -0.06287 -0.00217 0.06770 
0.02652 -0.03968 0.10292 -0.06912 0.16241 -0.10913 0.14690 -0.18333 0.21302 -0.08813 0.17759 -0.15951 0.14535 -0.00589 -0.01057 0.04031 0.00183 -0.07728 0.04195 0.01816 -0.08438 0.05634 0.01943 -0.06884 0.00143 0.06746 0.77553 0.57201 0.36388 0.14047 0.49348 -0.43527 -0.55056 -0.85122 -1.61733 -0.80076 -3.62844 -2.43628 -1.96714 
0.00887 -0.03268 0.10316 -0.04069 0.02970 -0.02750 0.11322 -0.19422 0.18320 -0.02953 0.03245 -0.08815 0.15624 0.78595 0.55563 0.40342 0.11256 0.55477 -0.47903 -0.49465 -0.92604 -1.53421 -0.83738 -3.55812 -2.50260 -1.91081 1.53252 1.03818 1.31072 0.22912 0.66799 -2.19225 -1.99889 -3.14050 -2.50592 -1.50888 -1.61277 -2.33139 -0.63096 
0.81247 0.51595 0.50634 0.04344 0.71717 -0.58816 -0.34775 -1.10937 -1.32120 -0.92551 -3.38053 -2.66211 -1.76547 1.52664 1.02761 1.35104 0.23095 0.59071 -2.15030 -1.98073 -3.22488 -2.44958 -1.48945 -1.68161 -2.32996 -0.56350 0.10279 -0.13138 1.04642 0.56901 0.14732 -0.72548 -0.89225 -1.36091 1.27653 0.16193 4.89217 3.13529 4.00634 
1.53551 0.99494 1.45420 0.19026 0.62041 -2.17780 -1.86751 -3.41910 -2.26638 -1.51898 -1.64915 -2.41810 -0.40725 0.88874 0.42426 1.44984 0.68157 0.70209 -1.20452 -1.38689 -2.28695 -0.25768 -0.67545 1.33405 0.63269 2.09553 -1.59368 -1.50289 -0.98091 0.34842 -0.17634 1.95508 1.86026 4.43407 5.01736 1.75755 0.57921 2.68200 1.96421 
1.70121 0.94021 1.95618 0.72501 1.41926 -1.79268 -1.73465 -3.39632 -1.57888 -1.60096 -2.04648 -2.02942 0.33006 -0.06704 -0.47527 0.37013 0.57937 0.41437 -0.19522 -0.12048 1.20920 2.56778 0.26810 -1.10240 0.35204 1.40071 -1.10983 -0.97431 -2.14846 -0.57906 -1.07176 -0.05274 1.05566 3.27672 1.78716 0.79140 -1.53139 -0.96623 -1.75449 
1.46847 0.51967 1.82433 0.76963 1.03478 -2.37302 -1.98799 -2.20990 0.30140 -1.25088 -2.75155 -2.06606 0.99346 -0.22109 -0.55006 -0.69862 0.10250 -0.36967 -1.25726 -0.33124 0.98977 1.52948 0.11595 -0.19734 -0.33355 0.34104 0.34715 0.08561 -2.22362 -1.23053 -0.74485 -0.37487 -0.04124 -1.51085 -3.78484 -1.03931 0.30134 -0.68174 -1.32023 
1.48012 0.39015 1.25757 0.82751 1.04959 -3.04994 -2.06588 -2.40656 -0.04940 -1.48501 -2.24382 -2.36297 0.67110 0.28010 -0.38966 -1.85349 -0.65116 -0.33047 -0.57009 -0.16172 -0.30166 -1.21706 -0.77121 -0.80106 -0.32970 0.08048 1.24154 -0.65198 -3.20392 -1.78720 -0.01118 2.18525 2.01137 -1.10742 -2.64914 0.34683 1.36530 1.11925 -0.63229 
1.74857 0.13001 -0.02916 0.11847 0.70431 -2.94311 -2.14971 -2.51155 -0.91566 -2.02209 -3.55261 -2.39576 1.07394 1.02045 -1.20204 -3.90253 -1.68470 -0.38085 0.92799 1.68013 -0.11766 -1.11966 0.46279 1.16796 0.78570 -0.29125 0.37815 -1.58724 -0.47823 -0.41280 -0.14216 1.42891 2.78267 0.66033 1.73028 2.02617 3.30823 -0.08934 -1.65355 
2.50058 -0.81189 -2.64497 -0.85719 0.66874 -2.12194 -0.38575 -2.52422 -1.16906 -1.02223 -1.07585 -1.57727 0.37984 0.65825 -1.97690 -2.33172 -1.06396 -0.47264 0.85882 2.62095 0.35867 0.51322 1.25496 2.50718 -0.41904 -1.57307 -1.20621 -0.47843 4.03474 1.16489 -0.76533 -1.27507 -1.36235 0.37284 0.95551 -0.64781 -1.09606 -2.20598 -1.44176 
2.40682 -1.84690 -2.36088 -0.94550 0.23167 -2.08429 0.47124 -2.15288 -0.40244 -0.76713 -1.04543 -2.81480 -0.49912 -0.18576 -1.68047 0.13221 -0.51981 -1.14618 -0.34708 0.31778 0.25518 -0.16416 -0.18503 0.07190 -1.42028 -1.73301 -0.87592 1.44737 3.13759 0.38139 0.23173 -0.58174 -2.72391 -0.25265 -0.84695 -1.76248 -2.23137 0.55090 0.64785 
2.31482 -2.49236 -2.51276 -1.37700 -0.47744 -2.46902 -0.06797 -2.26904 -1.33322 -1.20725 -1.00395 -2.99755 -1.35317 -0.21767 -0.52953 0.80587 -0.68257 -0.24091 0.27708 -0.10296 0.10603 -0.33373 -0.50752 0.27581 0.13186 -0.92522 0.04716 1.90960 0.75654 -0.07801 1.96387 0.98450 -0.14837 0.27483 0.44989 -0.16416 -0.12246 1.54976 2.52551 
2.18916 -2.37642 -1.55501 -1.62807 -0.00924 -1.80722 0.36828 -2.04685 -0.73618 -1.27465 -0.76962 -2.68294 -1.42434 -0.13860 0.22913 0.88874 -0.59782 0.81768 0.63743 0.16941 0.53001 0.28574 -0.34919 -0.05056 0.12948 0.79250 0.37934 0.74422 -1.26208 0.79571 1.44666 -0.14947 0.75614 1.48539 0.05484 -0.19593 0.14513 0.13282 1.75890 
2.17622 -2.26323 -1.62402 -1.97482 0.34024 -1.83160 0.10144 -1.73903 -1.04748 -1.55644 -1.05451 -2.86807 -0.56067 0.16168 0.21470 -0.45621 0.11314 1.20575 0.12760 0.65317 1.59142 -0.27890 -0.70345 0.42094 0.26468 0.83368 0.19920 -0.10054 -1.35080 0.92423 -0.93050 -0.74012 0.03637 0.42428 -0.02071 -0.27933 0.65390 0.37414 -1.05890 
2.35084 -2.16173 -2.01122 -1.51493 1.19651 -1.67961 1.02145 -0.45543 -1.01507 -1.97810 -0.34868 -2.41825 -0.59066 0.06060 0.12859 -0.46205 0.32640 -0.11282 -0.10269 0.20577 0.95429 0.26503 -0.62852 0.60333 0.50362 -0.26640 -0.13912 0.04371 0.82818 -0.22804 -0.86409 0.19613 -1.49088 -0.56862 1.08587 0.39378 0.05381 0.28826 -1.12193 
2.23682 -2.13464 -2.08607 -1.64842 0.22742 -1.93429 0.30721 -0.78473 -0.78245 -2.18497 -0.45118 -2.36445 -0.82707 0.02256 0.25841 0.37197 -0.11491 0.34166 0.32373 -0.83771 1.02279 0.80697 -0.30967 0.47476 0.55294 -0.28825 0.06119 0.22471 0.44064 -0.33883 0.91224 0.70105 0.21254 -0.27692 0.82766 0.10114 -0.18754 0.41438 0.06646 
2.37340 -1.90332 -1.63925 -1.62984 1.53817 -1.35588 0.18374 0.56736 -0.20810 -2.28777 0.12608 -1.86531 -0.87891 0.12179 0.35330 -0.02141 -0.01243 0.79942 0.59835 0.41831 0.67737 1.09269 -0.52738 0.41579 0.91800 -0.19994 -0.08270 0.02891 -0.98447 -0.23467 -1.50822 -0.69957 1.17906 -1.79333 -1.71072 0.09206 -1.26846 -0.13912 -0.04603 
2.35861 -1.78134 -2.10748 -1.66084 1.02684 -1.33594 0.72552 -0.10736 0.31023 -2.71235 -0.03539 -1.44646 -1.02701 -0.06014 0.28732 -0.61250 -0.34957 -1.16656 -0.37584 0.34135 -0.77054 -0.90375 -0.21761 -0.79370 0.41382 -0.33428 -0.23778 -0.05652 -0.46285 -0.65592 -2.14792 -0.73212 -0.28309 -1.94454 -2.84035 0.58822 -0.47748 -1.47168 -0.31314 
2.31326 -1.61600 -2.25175 -1.97942 0.37161 -1.73172 0.52510 -0.20318 -1.11185 -2.50537 -0.66763 -1.45149 -1.21319 -0.11599 0.29679 -0.48426 -0.66835 -1.34850 -0.13377 0.13522 -1.26717 -1.74766 0.06084 -0.06169 -0.55369 -0.51308 0.07784 0.02259 0.78757 0.33734 1.17196 0.52012 0.67638 -0.51286 1.30832 0.53603 1.08713 0.14584 0.10318 
2.24262 -1.48455 -2.59175 -2.32919 -0.32166 -1.46971 0.86074 -1.37453 -1.43743 -2.65150 -0.09707 -2.00015 -1.54009 0.01770 0.30991 0.17507 -0.01223 0.00540 0.14428 1.01774 -1.28340 0.40457 0.31842 0.29343 0.55966 -0.23110 0.30594 -0.06610 0.93454 1.14546 2.55360 0.00807 1.01711 1.28181 2.88339 0.34869 -0.65446 2.80456 0.30279 
2.33096 -1.30610 -2.07668 -1.99165 0.37700 -1.58744 1.54283 -1.48658 -0.70727 -2.18696 -0.37419 -0.89182 -1.44429 0.18995 0.23069 0.45028 0.47711 1.20510 -0.12570 1.15233 0.01464 1.13573 0.40953 -0.71615 2.25087 -0.21029 0.03451 -0.40510 -0.25305 0.30217 -0.29561 -0.14452 -0.46627 1.66457 0.09780 -0.40001 -0.71492 0.01120 0.06858 
2.43258 -1.25387 -2.14146 -1.85207 0.88344 -1.59541 2.01307 -1.35989 -0.30169 -2.24198 -0.81322 0.25072 -1.75038 0.05221 -0.09519 -0.07798 0.28994 -0.29021 -0.00024 0.55146 0.38117 0.50237 -0.08160 -0.42149 0.57086 -0.16252 -0.22664 -0.52740 -0.11481 -0.42790 -2.79680 0.37783 -1.28400 -0.04049 -1.00831 -0.57358 0.66506 -3.17967 0.40818 
2.38317 -1.40129 -2.15466 -1.70171 0.08679 -1.58769 2.09430 -1.10541 -0.20490 -2.26855 -0.79568 -0.32096 -1.60681 -0.03669 -0.29671 0.33547 0.04922 -1.59170 0.25213 -0.13167 -0.02585 0.12742 -0.16405 -0.05109 -0.92880 0.19789 -0.12035 -0.08208 0.33955 -0.36497 -0.20281 0.17082 -0.88202 -0.91644 -0.55090 -0.01073 0.31723 -0.93210 -0.14939 
2.39589 -1.55058 -1.80599 -1.80286 -0.70826 -1.34328 1.88140 -1.38574 -0.17428 -2.40603 -0.86432 -0.67808 -1.55249 -0.06814 -0.17727 0.26157 -0.07503 -0.49302 0.17058 -0.33055 -0.53527 -0.04853 -0.09233 -0.10426 -0.36123 -0.31191 -0.09991 0.09119 -0.65039 -0.03112 1.93662 -0.50098 -0.85129 -0.11466 -0.37872 -0.02641 0.28087 0.81271 -0.87025 
2.31503 -1.57855 -1.89308 -1.77674 -0.40623 -1.41711 1.76375 -1.64067 -0.25343 -2.36088 -0.89994 -0.68220 -1.91872 -0.13660 -0.20552 -0.31492 0.01809 0.34492 -0.24885 -0.98295 -0.14052 -0.25130 -0.19046 0.22977 -0.11609 -0.67237 0.12971 0.19114 -0.44877 0.30420 1.21458 -0.30184 0.91254 1.50942 -0.57126 0.28570 0.76207 -0.06884 0.66259 
2.25929 -1.75610 -2.12092 -1.78477 -0.36334 -1.59213 0.89845 -1.52625 -0.42557 -2.59649 -0.63455 -0.79417 -2.22485 0.06157 0.01387 -0.18719 0.22917 0.72155 -0.13126 0.58199 0.97415 -0.61979 0.19338 0.65781 -0.43007 0.35067 0.17620 0.08516 0.28394 -0.38959 -1.22550 0.38407 1.52460 -0.53053 -0.46951 0.32884 -0.46277 -0.19656 0.09425 
2.37660 -1.56468 -2.08028 -1.54757 0.31532 -1.54836 2.34574 -0.66652 -0.87322 -2.16751 -0.24213 -1.11227 -1.56805 0.03961 -0.12036 -0.03099 -0.37150 -0.88059 0.13521 0.54164 -0.67104 -0.72081 0.13838 -0.23299 -0.31265 -0.57812 -0.10411 -0.16786 0.88201 -0.49470 -2.12749 0.80489 -1.39823 -1.74146 2.01691 -0.44287 -0.57916 1.31350 -0.98925 
2.29890 -1.87646 -2.15190 -2.15627 -1.24393 -1.45692 1.44009 -2.19730 -1.14639 -2.45812 -0.86754 -1.10682 -2.80297 -0.04254 -0.15399 0.69482 -0.26552 -1.40594 0.67363 -0.81624 -0.76731 1.39712 -0.24949 0.07866 0.88343 -0.63858 -0.07075 0.11342 0.94884 0.68117 1.11999 0.11761 -0.84562 1.53094 1.66424 -0.24619 1.37969 0.70299 1.54839 
2.33406 -1.71867 -1.38546 -1.81309 -1.09062 -0.87474 1.52950 -1.43384 0.52390 -2.41700 -0.16347 -0.22883 -2.20663 -0.03115 -0.00695 0.91785 0.30967 0.23940 0.25282 -0.30398 0.85990 0.94343 -0.10781 1.14670 0.39034 0.97027 -0.21827 -0.27984 -1.47222 -0.02174 0.28564 -2.03699 -0.47360 -0.60574 -3.89186 -0.22093 -0.31847 -2.11108 0.58217 
2.26775 -1.88341 -1.23405 -1.84660 -1.00453 -1.20410 1.13611 -1.33740 -0.20296 -2.56593 0.27916 -0.71648 -1.83270 -0.26081 -0.43383 -0.77740 -0.28726 -1.12030 -1.36336 -1.28983 -1.37306 -2.49474 -0.47043 -0.23982 -1.22765 -0.05640 0.03797 0.07197 -0.99778 -0.31636 -0.14209 -0.29845 0.45501 -0.39553 -0.96758 0.13721 -0.57833 -0.27895 -0.57304 
2.07325 -2.15250 -2.16285 -2.10036 -2.21092 -2.23810 0.23967 -2.80689 -1.97085 -2.88743 -0.40329 -1.45649 -2.26303 0.00682 0.06502 -0.07993 -0.00669 0.09731 -0.04563 0.15103 0.46437 -0.02415 0.02939 0.56837 0.11139 0.39723 0.48796 0.86869 1.27290 0.26524 2.37893 2.53408 1.95079 3.58426 4.49388 0.71418 1.50113 1.63418 0.98947 
2.27457 -1.81839 -1.31399 -1.85329 -0.90722 -1.24973 1.28714 -0.87303 -0.22711 -2.53654 0.84753 -0.60509 -1.43547 0.22715 0.43485 0.49550 -0.02202 1.25863 1.17072 0.66096 2.21120 1.99913 0.24376 1.26131 0.40653 0.93307 -0.10105 -0.15701 -0.19899 -0.54683 -0.22292 -0.04937 -1.54907 -0.16600 0.44963 -0.21465 -1.19612 -0.55441 -0.62420 
2.30040 -1.71765 -1.66735 -2.12238 -0.95229 -1.06737 0.90062 -0.59569 0.02829 -2.64367 0.85802 -1.04996 -1.32997 -0.09423 -0.09198 -0.27892 -0.55353 -0.12561 -0.09501 -1.39804 0.29837 0.42547 -0.18526 -0.62776 -0.44302 -0.22698 -0.31237 -0.67956 0.38183 0.16299 -0.33834 -1.09952 -0.87876 -0.85375 -1.23462 -0.03958 -1.46116 0.53286 -0.84244 
2.18033 -1.91037 -1.59291 -2.40682 -1.03283 -1.34474 -0.11090 -0.57467 0.19836 -2.72180 0.21977 -1.04811 -1.66245 -0.08522 -0.24471 0.87733 0.14097 0.92029 0.07120 -0.21780 1.35746 0.76451 0.20418 -0.19985 0.93939 0.09063 -0.03565 -0.03029 1.00500 1.04458 0.40119 0.67489 2.08183 1.11171 1.08194 0.11995 1.17749 0.58449 0.55171 
2.21519 -1.96236 -0.79002 -1.98141 -0.03200 -0.99617 0.68282 0.76177 0.79280 -2.43949 0.65818 -0.11057 -1.23934 -0.12988 -0.12227 0.72608 0.49105 0.27558 0.57988 0.68379 1.41008 1.50741 -0.06531 0.54973 0.14148 0.32474 -0.22764 -0.17327 -1.35103 -0.59770 -1.88255 -0.17377 -1.21776 -1.95917 -1.42775 -1.05395 0.16437 -2.35767 -0.80885 
2.05045 -2.03264 -0.86683 -1.91576 -0.75725 -0.76486 0.57289 0.83541 1.70578 -2.78711 0.76949 -0.90664 -1.33771 -0.31286 -0.41798 -0.47370 -0.45673 -0.96226 -0.10256 -1.43556 -0.60172 -0.66324 -0.84978 -0.03548 -1.41828 -0.71822 0.06434 0.04122 -0.52798 -0.64166 0.39915 -0.16989 -1.12822 -1.24745 -1.17561 0.33824 -0.16697 -0.17782 -1.00414 
1.90233 -2.38034 -1.26372 -2.43814 -0.99426 -1.09873 -0.75274 0.16005 0.12957 -3.28927 0.62270 -1.52885 -1.95756 -0.06554 -0.08105 0.19810 -0.15061 0.67473 0.40999 -0.44443 0.16262 0.33181 0.27293 0.38276 -0.03634 -0.67940 0.57715 0.46080 0.82195 0.95884 2.68906 1.33977 2.49420 1.20090 2.46256 1.74436 0.76397 2.78025 1.04253 
1.98491 -2.11369 -0.66873 -2.06637 -0.08252 -0.35486 0.12846 0.99803 2.03758 -2.51418 1.15225 -0.94298 -2.01712 0.26428 0.04282 0.34825 0.50211 1.72679 1.23721 1.05863 0.59918 1.79933 0.89458 0.72850 1.36197 0.32431 0.14725 -0.30783 -0.65252 0.13702 -0.34947 -0.07335 0.69434 -0.69849 -0.42373 0.01909 -0.01142 0.25038 0.77134 
2.16661 -2.33752 -0.91548 -1.93603 0.73254 0.13848 0.30590 0.75924 1.92889 -2.39469 1.35120 -0.16689 -1.63325 0.08171 -0.38888 -0.45443 -0.01358 0.32526 0.33665 0.24991 -0.53587 -0.09193 0.29202 0.37134 0.21404 0.09193 -0.48596 -0.21557 -0.43646 -0.74522 -2.02690 -1.91020 -0.92072 -0.01724 -2.07080 -0.95436 -0.57336 -1.69389 -0.39085 
2.06662 -2.50256 -1.12316 -2.07995 0.24274 -0.01821 0.37837 0.46216 1.94566 -2.22215 1.52359 -0.72893 -1.92518 -0.22168 -0.17275 -0.08821 -0.24310 -0.30011 -0.67300 0.13792 0.58194 -0.27147 -0.05978 0.15513 -0.33193 -0.06654 -0.35209 0.22548 0.33310 -0.41448 -0.57556 -1.48608 -0.49073 0.66204 -0.89227 -0.68771 -1.61140 -0.51546 -0.09296 
1.94494 -2.51027 -1.00368 -2.17913 0.43243 -0.53452 0.44381 1.34118 1.65742 -2.45447 1.50633 -0.49882 -1.69979 -0.27038 -0.16340 -0.12133 -0.42807 -0.25030 -1.14943 -0.24081 0.12617 -0.98420 -0.39569 -1.24007 -0.30142 -0.00103 0.07649 0.16868 0.30885 0.26721 0.47995 0.34434 0.41155 -1.84062 0.22582 0.57289 -1.11284 0.15426 0.84946 
1.79624 -2.66596 -1.24448 -2.50802 -0.00756 -1.16764 0.13756 0.58833 0.96146 -2.61784 0.28352 -1.03035 -1.92621 -0.14519 -0.00407 0.22064 0.02411 0.17985 -0.32866 0.54947 -1.25868 -0.04565 0.51312 -0.95771 -0.17767 0.78292 0.22787 0.12699 0.73671 0.67925 0.57765 0.84686 1.05386 -0.77244 2.31990 1.17569 1.53059 0.75296 0.25064 
1.79975 -2.51434 -0.78304 -2.15502 0.61228 -0.86317 0.99328 0.08250 1.61177 -1.94135 0.54862 -0.67649 -0.91687 -0.04252 -0.03641 0.61538 0.25118 0.32735 -0.30257 0.81304 -0.64627 1.33571 0.78001 0.29052 0.45154 0.24961 0.11508 -0.14509 -0.08483 -0.13991 -0.41782 -0.08658 -0.71478 0.41827 0.90972 -0.12634 1.13050 0.50810 -1.44781 
1.75372 -2.70237 -0.62910 -2.25684 0.31979 -1.47021 0.95060 -0.05795 2.29717 -1.83783 0.57404 -0.57881 -1.67660 -0.03011 -0.14916 0.13581 -0.11580 -0.23797 -0.41524 -0.16531 -0.84042 0.86407 0.38678 0.17279 0.33043 -0.66489 0.04545 0.04422 -0.68878 -0.46439 -0.23912 0.43414 -1.03158 -0.27041 -1.53991 -0.31748 -0.55726 -0.25063 -0.35755 
1.76963 -2.66349 -0.64723 -2.27082 0.37430 -1.27841 0.82797 -0.75792 2.47583 -1.55457 0.72141 -0.34606 -1.58176 0.00293 0.00781 -0.07340 -0.21320 0.08823 0.13157 -0.21854 -0.91668 -0.20420 0.46252 -0.26674 0.20091 -0.10794 -0.08527 0.14772 0.06711 -0.04206 0.79319 0.31546 -0.42987 0.41588 -0.86104 -0.57345 -0.38255 0.00008 0.39590 
1.75665 -2.69457 -0.70251 -2.47004 0.40802 -1.33864 0.73206 -0.97463 2.09296 -1.37531 0.30730 -0.37789 -1.78453 -0.11539 -0.00144 0.20291 -0.15785 0.55521 -0.09977 -0.59518 -0.42454 0.00303 -0.18667 -0.20976 0.33051 -0.26899 -0.14157 0.08965 0.51521 0.55146 0.67107 -0.29921 0.52003 -0.33054 0.15916 -0.49909 -0.43365 0.74294 0.15795 
1.65425 -2.66493 -0.44432 -2.42867 0.92952 -1.37818 0.23279 -1.18246 2.47886 -1.74125 0.51165 -0.01554 -1.85076 -0.13864 0.09746 0.44180 0.33826 0.75930 -0.16763 0.30150 -1.24722 -0.04505 -0.03657 -0.70039 0.94385 0.05002 0.05425 0.18561 0.03935 0.52867 0.01458 -0.48130 1.60494 -0.99796 -0.91366 1.11743 -1.68829 0.09782 0.38504 
1.61801 -2.59711 -0.26071 -2.13178 1.16733 -1.50627 1.03356 -2.22185 2.04791 -1.41188 -0.39309 0.56596 -1.73452 -0.06114 0.18418 0.24226 0.37082 0.56980 -0.58107 1.00976 -1.42250 -0.91063 0.93075 -1.89804 0.42834 0.11604 0.04340 0.08536 -0.56435 -0.07056 -0.59225 -0.86142 -1.26898 0.58829 -0.62004 0.70034 -0.06306 -2.13582 0.16902 
1.59311 -2.48075 -0.20205 -2.05785 1.49932 -1.95925 1.24254 -2.60496 1.56823 -0.81049 -1.38640 0.41279 -1.73471 -0.09524 0.18281 -0.12254 0.26770 0.16705 -1.02906 -0.96749 -0.65893 -0.66509 0.66377 -0.76345 -1.19197 0.21904 0.04007 0.01057 0.14449 -0.01169 -0.38653 0.26322 -3.03886 1.67204 0.47194 -0.65283 2.14070 -1.40886 1.03771 
1.52278 -2.41429 -0.38325 -1.86408 1.33438 -2.53533 0.06608 -2.88078 1.38283 -0.74812 -1.15654 -0.62602 -1.51548 -0.02107 0.19474 0.38675 0.35913 0.18327 -0.31785 -2.02910 0.24953 -0.43869 0.27793 0.24265 -0.98052 1.15375 0.16037 -0.00362 0.93184 0.12138 -0.04128 1.37645 -0.31256 1.24067 0.28217 -0.79217 0.98520 0.48921 0.90735 
1.57204 -2.28601 0.18469 -1.69872 1.68259 -2.27711 -0.78656 -2.35543 1.12954 -0.53256 -1.14374 -0.56773 -0.58096 0.06514 0.17919 0.80929 0.38908 0.12577 0.34740 -1.28005 0.58174 -0.38292 -0.12840 0.22175 -0.70276 1.12639 0.07942 -0.04047 -0.05797 0.17496 -0.80838 0.21569 1.19441 -0.00716 -0.78126 -0.87952 -0.31815 -0.18910 -0.92541 
1.58791 -2.23510 0.42604 -1.47501 1.46015 -2.18793 -1.21398 -2.29904 0.99991 -0.87652 -0.93479 -1.32878 -0.38909 0.05835 0.15427 0.32878 0.53409 -0.62510 -0.10217 -0.83470 0.24237 -1.21995 -0.60159 -0.07549 -1.16962 0.22834 0.16241 0.27390 -1.21765 0.48073 -0.26105 -0.52187 1.06379 -0.13778 -0.42942 0.00023 -0.03718 -0.12725 -0.26484 
1.63039 -2.13174 0.51347 -1.16464 1.05748 -2.37928 -1.62125 -2.11306 -0.09041 -1.13416 -1.21924 -1.73735 -0.35262 0.22755 0.45309 -0.40836 0.86981 -0.13528 -0.17447 -0.21626 0.44396 -0.81234 -0.12818 0.18457 -0.83001 0.86155 0.10036 0.36070 -1.29676 0.21694 0.58689 -0.58945 0.60124 -0.48084 1.52568 0.71022 -0.52305 -0.13013 0.76435 
1.81546 -1.78201 0.01768 -0.60520 1.32487 -2.36241 -1.43023 -1.85508 0.18757 -1.00469 -0.75023 -2.15879 0.47246 0.15872 0.51497 -0.96799 0.75103 -0.03822 -0.69162 -0.23346 -0.23846 0.30573 0.10863 -0.59854 -1.29975 0.99269 -0.25015 -0.04529 0.04306 -0.44988 0.40729 -0.63099 -0.03587 -0.55124 1.11415 0.24006 -1.45354 0.39133 0.07234 
1.78911 -1.61677 -0.45451 -0.41361 1.01927 -3.07090 -1.85471 -2.35152 0.21532 -1.02552 -1.81778 -3.03711 0.64007 -0.02260 0.40781 -0.36530 0.41993 0.27201 -0.80546 -0.25213 -0.10728 0.30182 0.11188 -1.26897 -0.43868 0.93388 -0.21026 -0.30978 1.61717 -0.49437 0.60042 0.43089 0.29961 0.97807 0.06510 0.38687 0.29974 1.63273 -0.15368 
1.79285 -1.37420 -0.34762 -0.18527 1.59688 -3.16787 -1.68236 -1.96235 0.48939 -0.89281 -2.01920 -2.59747 1.40634 -0.05154 0.20519 0.64919 0.25666 0.56221 -0.26073 0.06616 0.73961 0.37083 0.49550 -0.29880 0.33297 0.83901 -0.17161 -0.36690 1.65447 -0.38157 -0.75839 0.26748 0.10481 0.01530 -0.06098 0.46626 0.69965 -0.01924 -0.73894 
1.73756 -1.41158 0.19467 -0.15695 1.58148 -3.33163 -1.78856 -1.61191 0.58616 -0.53002 -2.11658 -2.70413 1.47908 -0.19421 0.04091 1.28917 0.03836 -0.48638 -0.53798 -0.14732 -0.09197 0.24083 0.57815 -0.56932 -0.45793 0.19494 0.00570 -0.24736 -1.12006 -0.35348 0.10683 0.41562 -0.21497 -1.81741 0.93835 -0.28335 -0.20734 -0.51704 -1.30166 
1.59864 -1.33329 0.94155 -0.14691 1.11050 -3.70585 -1.82968 -2.05433 0.73022 -0.31466 -2.58852 -3.05540 1.60128 -0.04585 -0.04217 -0.47087 -0.09682 0.66903 0.15488 -0.14882 -1.07780 1.30918 0.21215 -0.50614 -0.18407 -0.46265 0.17769 0.32104 -1.53567 0.49698 1.81865 1.26856 -0.25502 0.10835 0.12123 -0.98150 1.55044 0.93989 -1.00794 
1.69172 -1.45374 -0.27620 -0.25377 2.25051 -3.17675 -1.93737 -2.68972 1.89534 -0.31787 -2.62272 -2.88821 1.01643 -0.01653 0.36195 -0.24650 0.53535 1.33226 0.73058 -0.40233 0.01638 0.36206 -0.40336 0.98112 0.48197 -0.81300 -0.17874 0.86094 1.49412 1.03493 0.16078 0.12417 -0.59381 1.93438 -2.01359 -0.87387 1.21933 0.99814 0.48115 
1.58211 -0.97134 0.69505 0.38844 2.44276 -2.97528 -2.23201 -2.03795 1.09228 -0.71801 -1.60739 -2.57343 0.78829 -0.22458 0.81877 1.02325 0.93811 0.82981 0.27906 -0.74263 0.85657 -0.70440 -0.66172 0.71320 0.81407 0.01850 -0.28809 -0.06874 0.43433 0.18208 -0.32574 -0.72477 0.32755 1.13023 1.11400 0.35070 -1.81533 -0.61045 0.49867 
1.46714 -0.63497 0.74705 0.68434 3.08033 -2.89769 -2.68000 -1.83315 1.19094 -0.97959 -1.90952 -2.07414 1.03493 -0.30461 0.29321 0.18782 0.71743 1.00652 0.00580 -0.07479 1.14661 1.47606 -0.05266 -0.83421 -0.12848 -0.31433 -0.43722 -1.04213 -0.90221 -0.14840 0.32943 0.07460 1.41314 0.06213 1.98285 1.07649 -0.36375 -1.57893 -0.70714 
1.27750 -0.67813 0.88287 1.10587 3.44928 -2.96947 -2.30680 -0.89134 2.56834 -0.77067 -2.44161 -2.70191 0.47396 -0.66180 -0.22336 0.12104 0.78971 1.15924 0.35365 0.67051 0.91870 1.27845 0.41477 0.34945 -0.76487 -0.68864 -0.29049 -0.59344 -0.37589 -0.66793 -0.39311 1.08488 0.48454 -1.73878 -1.51211 0.35478 1.20417 0.38282 1.17117 
0.80534 -0.85833 0.86809 1.47405 4.23957 -2.54404 -2.00949 -0.91444 2.46938 -0.56481 -1.56007 -2.83901 0.34629 -0.59510 -0.30023 -0.18806 0.04950 0.61342 1.09068 0.40976 -0.59218 -0.03605 0.30213 0.36996 0.25434 0.85684 0.23589 0.02887 -0.57418 -1.33713 -2.12766 0.63095 0.25589 -1.23754 -1.68266 -0.26274 0.00173 1.44699 1.59781 
0.68240 -0.97835 0.69481 1.15536 4.06270 -1.87879 -1.89704 -1.48352 2.53230 -0.46854 -2.07164 -2.44758 1.33080 -0.42591 -0.19450 -0.45314 -0.54742 -0.96842 0.98460 0.92640 -0.31884 -0.40421 0.15203 0.35118 0.68212 0.90917 0.07901 0.25742 -0.44408 -0.50475 -1.64308 -0.34093 1.22008 1.63895 -0.22843 -0.18830 0.42726 0.08224 -1.31461 
0.37943 -1.05283 0.41495 0.92663 3.27115 -1.55943 -1.08309 -1.23328 2.06517 -0.41278 -1.20889 -2.15689 1.25546 -0.51609 -0.04280 -0.63214 -0.45525 -1.02967 0.74975 1.62984 1.04678 -0.26448 0.11383 0.79722 0.33658 -0.45776 0.11748 0.20712 0.16483 0.21720 0.09867 -0.33966 -0.52706 0.01372 0.46389 -0.03534 -1.26988 -0.17978 -1.29377 
0.16631 -1.02116 0.06266 0.70011 3.03303 -1.12904 -0.26720 -0.43674 2.26781 -0.35471 -1.27442 -2.11100 0.87304 -0.30843 0.01263 -0.28831 -0.33022 -0.86975 0.64494 0.39934 -0.30512 0.05968 0.11669 -0.91870 0.50234 -0.38460 0.44277 0.43143 0.19206 -0.23007 -0.57919 -0.32014 -1.82367 -1.66106 0.04589 0.28631 -1.20823 0.49738 1.09315 
0.07100 -1.04020 0.12664 0.59641 2.40140 -0.91450 -0.68374 -1.53840 2.12485 -0.29609 -2.12759 -1.65456 0.87085 -0.07332 0.38862 -0.44009 -0.68533 -1.60886 0.42961 -0.19384 -0.61428 -0.21859 0.40014 -0.41101 0.83396 0.63538 0.15197 0.73009 0.79467 0.02410 -1.04585 -0.79999 -0.36418 1.07699 -1.79819 0.05231 3.58749 0.77118 0.19238 
0.09299 -0.63253 -0.37742 0.01479 1.42417 -0.69942 -0.46104 -1.05102 2.04922 0.04542 -1.68543 -1.27704 1.50842 -0.15645 0.74272 0.50636 -0.30613 -1.91560 -0.15505 0.03516 0.77188 -1.73852 0.16900 2.66879 1.27351 -0.19222 -0.15082 -0.23487 0.74356 0.66858 1.21889 -0.22470 0.44327 1.54136 -0.93713 -0.65609 2.30628 0.21956 -1.50227 
-0.08546 -0.29749 0.63300 0.29028 0.48580 -1.06955 -0.64858 -0.76652 0.38633 -0.12709 0.54119 -0.38105 0.67863 -0.22413 0.15375 0.30347 -0.01675 -0.38997 0.20492 0.24943 0.92708 -1.15573 -0.25596 1.89528 1.05352 -0.86689 0.34452 -0.47590 -1.39967 -0.22215 2.55812 1.11077 1.22615 0.08089 1.23071 -0.64824 -3.78421 -1.18228 -0.03367 
-0.13114 -0.47878 -0.07396 -0.00196 1.03420 -0.49451 -0.21161 -0.12395 0.89350 -0.21053 0.20985 -0.22352 0.64153 0.18807 0.26682 -0.89331 -0.52828 0.64253 0.95572 1.26131 0.85276 -0.50781 -0.47924 -1.11542 0.09124 -0.22590 0.32994 0.29833 0.55213 -0.26065 -1.35441 -0.55599 0.13162 -2.11874 -0.29113 0.23949 -2.91564 -1.69909 0.17104 
0.10261 -0.03067 -0.26031 -0.23800 1.12833 -0.11383 0.61273 0.08624 -0.12147 -0.60633 -0.57423 -0.28981 0.45273 0.10581 0.45208 0.85560 -0.27739 -1.74437 -0.35107 0.38105 -1.19166 -1.44686 -0.01647 -1.02036 -0.64557 -0.69585 -0.33636 -0.29730 1.38577 0.52011 -1.53284 -1.04792 -1.81872 -1.22116 0.35063 1.05869 1.24775 0.24771 0.15429 
-0.02533 -0.02671 0.78164 -0.27935 -0.71018 -0.84558 0.16944 -1.31561 -0.55336 -0.22700 -0.81052 -0.86908 -0.05432 -0.14829 -0.03048 0.49247 -0.00817 -0.89031 -0.09220 -0.55740 -0.36839 -0.15717 0.57945 0.13233 0.33895 -0.07160 -0.07813 -0.46603 -1.61880 0.14452 2.37456 0.84510 -0.51031 2.49124 2.67235 0.48893 1.98872 1.63174 0.86324 
-0.04568 -0.06115 0.23215 -0.24616 0.23802 -0.20603 0.05533 -0.28215 -0.27865 -0.02688 -0.44190 0.04914 0.38113 0.02768 -0.01395 -0.76320 -0.13287 0.63018 0.49403 -0.12926 1.29958 1.22549 0.47247 0.96835 0.98617 0.16738 0.18424 0.06448 -0.41536 0.16726 1.35940 -0.10066 0.64375 0.32397 0.71371 -0.74861 -0.06580 -0.68879 -0.05625 
0.00235 -0.04066 0.01844 -0.41221 -0.07999 -0.35155 0.04018 -0.01603 0.67213 0.24547 0.15784 0.11708 0.11306 0.03595 0.03400 0.07711 0.15910 0.46908 -0.19286 0.08635 -0.04442 0.55653 -0.16915 0.06652 -0.34984 -0.12786 -0.13148 -0.01267 0.95617 0.34863 -0.36911 -0.32756 0.21391 -1.69457 -1.88810 -0.82786 -1.04357 -1.09966 -0.18611 
-0.00973 -0.02715 0.30926 -0.08707 0.70710 -0.39889 0.14168 -0.32657 0.27789 -0.19603 -0.37538 -0.30070 0.25327 -0.10380 -0.02662 0.19297 0.21576 0.26107 0.16647 0.08465 -0.39499 -0.66261 -0.35540 -0.07522 -0.11349 -0.01873 -0.02270 -0.07154 -0.33349 -0.17489 -1.09936 0.54399 0.04478 0.08168 -0.81979 0.23700 0.48205 0.56568 0.34791 
-0.10145 -0.06728 0.21141 -0.19646 0.18108 -0.18508 0.12483 -0.41102 0.00953 -0.10993 0.08262 0.00359 0.09434 0.01325 -0.03754 -0.25639 -0.01580 -0.63028 0.35113 0.13112 0.03726 -0.26326 0.06785 0.54858 0.21584 0.22005 0.22432 0.03126 -0.41556 -0.09849 -0.30489 -0.05771 0.13430 0.76617 0.22155 0.19725 -0.01116 -0.04349 0.18582 
0.00353 -0.06469 0.05287 -0.10287 0.07682 -0.04776 0.27280 -0.28931 0.01463 -0.12818 0.17320 -0.08487 0.47333 0.12052 0.00464 -0.22260 0.11727 -0.04382 0.10876 0.21895 0.37118 -0.44105 -0.15814 -0.08638 -0.15699 0.16709 -0.01709 0.06853 0.20687 0.02377 0.82404 -0.48413 -0.21963 0.17527 0.27958 0.02557 -0.89754 -0.08203 -0.62209 
0.01906 -0.06265 -0.01119 -0.07918 0.13726 -0.07632 0.34378 -0.03984 -0.43153 -0.26807 -0.00376 -0.15339 0.26143 -0.00384 0.03099 -0.04952 0.00797 0.19377 -0.13300 -0.08850 0.21253 0.01632 0.09342 -0.34896 0.13381 -0.40203 -0.14535 0.02049 0.36455 -0.15120 0.01672 -0.12233 -0.07923 -0.66187 1.08450 0.26426 0.10940 0.17078 -0.12807 
-0.00032 -0.03371 0.00335 -0.09490 0.27059 -0.18076 0.18430 -0.07677 0.03095 -0.03476 -0.17576 0.04894 0.07129 -0.02484 0.02513 0.14196 -0.03393 -0.02710 -0.01357 0.13972 -0.29068 0.64345 0.10612 0.02302 0.01379 0.03902 0.01227 -0.04911 -0.02770 0.00385 -0.30876 0.34155 0.14323 -0.24498 0.07741 -0.24119 0.42839 -0.21203 0.79135 
-0.00577 -0.03751 0.13077 -0.11311 0.11016 -0.08989 0.48350 -0.33052 0.21192 -0.16195 0.01926 -0.13960 0.30045 0.00843 -0.01812 -0.07722 0.01182 -0.11499 0.20855 0.05473 -0.03245 0.09373 -0.14778 0.07943 -0.07822 0.38931 0.03584 -0.00806 -0.19778 -0.04763 0.24834 -0.07839 -0.39131 0.32471 -0.67852 0.09293 0.03846 0.27533 -0.16735 
0.00811 -0.05182 -0.07388 -0.08308 0.15560 0.02779 0.23902 -0.10922 0.12469 -0.18254 -0.09633 -0.02928 0.46061 0.01100 0.01708 -0.05582 -0.08155 0.22124 -0.09196 -0.25160 0.03403 -0.03508 0.19905 0.06148 0.28912 -0.12833 -0.11741 -0.01664 0.24850 0.16957 0.01831 -0.39456 -0.07633 0.16869 0.33083 0.12904 -0.02433 -0.01200 -0.51511 
0.00523 -0.02044 0.07494 -0.19466 0.33140 -0.18186 0.23190 -0.29649 0.17684 0.03709 0.08073 0.14952 0.17213 -0.10898 -0.03476 0.17128 0.18139 -0.09668 -0.18601 -0.02160 0.13624 0.42457 -0.01874 0.05510 -0.09023 -0.12580 0.13546 -1.05847 0.14784 0.46715 0.81747 0.19499 0.79492 -0.94759 -0.66490 -0.44672 1.69231 -1.32424 -0.34674 
-0.10087 -0.08659 0.09740 0.09832 0.05892 -0.15822 0.21743 0.02702 0.54925 -0.20128 -0.04123 -0.11951 0.33481 0.14647 -1.04139 0.09201 0.38560 1.03871 0.10302 0.54332 -0.91356 -0.69997 -0.24767 1.75378 -1.03512 -0.47507 0.45477 -1.17256 -0.12974 -0.13675 1.83836 0.31733 0.76846 -1.23251 -0.70312 0.18007 2.05180 -0.40949 0.09771 
0.15170 -1.06183 0.16696 0.19093 1.37010 -0.07883 0.77522 -1.21005 -0.52313 -0.21058 1.83451 -0.88559 -0.30294 0.34578 -1.20732 0.04154 0.04464 1.74168 0.13132 0.74686 -1.09627 -0.27856 0.16133 2.10690 -0.49972 -0.02809 -0.30912 1.79279 -0.57463 -0.37812 -1.21371 -1.05076 -1.63071 2.66130 3.10795 0.60329 -4.55268 1.26863 1.71236 
0.24491 -1.29391 0.13894 0.14296 1.80060 -0.02690 0.96429 -1.06926 0.27070 -0.03995 2.06567 -0.61923 0.30672 -0.16265 0.75140 -0.48261 0.00747 -0.17500 -0.94774 -1.08739 1.74774 2.40798 0.35562 -2.79890 0.23352 1.23730 -0.57802 2.47187 -0.11959 -0.22749 -3.43858 -0.21272 -1.64355 2.05460 0.20877 -0.14289 -4.13463 1.06502 -0.13736 
-0.01096 -0.31042 -0.31566 0.19841 1.19510 -1.02657 -0.31217 0.53768 1.88485 0.14504 -0.96439 -0.65208 0.93436 -0.23224 1.26454 -0.07805 -0.18285 -1.69690 -0.08140 -0.89668 0.95833 -0.06979 0.01844 -2.02773 0.56530 -0.16545 0.19788 -0.46299 0.90658 -0.21700 -0.78970 1.94387 1.58516 -2.26731 -4.01333 -0.57995 3.65403 0.22844 -2.00739 
0.01267 -0.02937 0.06089 -0.03990 0.10370 -0.10829 0.06760 -0.11093 0.20090 -0.02151 0.03794 -0.05393 0.14128 0.03522 0.28841 0.42397 -0.20952 -0.96471 0.99614 0.49777 -0.51957 -1.60535 -0.22433 0.85513 0.46196 -0.77009 0.22131 -1.25870 0.07402 0.18111 1.78302 0.06034 0.93180 -0.94304 0.01694 -0.03041 1.99875 -0.56587 0.12622 
0.02427 -0.02201 0.10831 -0.01112 0.23040 -0.03043 0.18560 0.01811 0.27950 -0.07929 -0.10926 -0.19012 0.16427 -0.01093 0.00584 -0.00403 -0.00175 0.08613 -0.02106 0.03511 0.01529 -0.05285 -0.01197 -0.02898 -0.00057 -0.03922 -0.07494 -0.30961 -0.38697 0.14661 0.97458 -1.09235 -0.56391 0.31501 1.69575 0.24114 -0.57934 -0.38923 0.85158 
0.00174 -0.02352 0.05686 -0.04165 0.18983 -0.12935 0.10271 -0.09564 0.14805 -0.03348 0.00896 -0.05450 0.10205 -0.03972 -0.02120 0.03700 -0.06291 0.00988 -0.09621 -0.06614 -0.20456 0.09040 0.01681 0.27579 0.07273 0.08149 0.02583 -0.01150 -0.00625 0.00316 -0.15710 0.08683 -0.04841 -0.01805 0.05511 -0.02277 0.09551 -0.02278 0.05779 
-0.01546 -0.04322 0.14531 -0.07403 0.24027 -0.12664 0.11946 -0.18645 0.36990 -0.06249 0.16653 -0.11739 0.24576 0.01490 -0.00566 -0.01028 0.00141 -0.07097 0.06577 -0.01330 -0.00276 0.00226 -0.03474 0.06654 -0.02335 0.01857 0.08146 0.02879 -0.06974 0.06944 -0.09401 0.09938 0.07112 0.18506 -0.23045 -0.00947 -0.19937 -0.06963 -0.20274 
0.01665 -0.02919 0.04657 -0.04024 0.11886 -0.06358 0.08942 -0.09840 0.15031 -0.06822 0.07550 -0.07785 0.12062 0.04174 0.00759 -0.03273 0.00653 -0.08413 0.00317 0.00497 -0.01951 -0.14005 0.00734 0.07642 0.00310 -0.12126 -0.01593 0.01189 0.02745 -0.00337 0.05676 -0.06983 0.01697 -0.00778 -0.02483 0.05312 -0.03878 0.01084 -0.05137 
0.02629 -0.03563 0.11258 -0.06750 0.15614 -0.12347 0.12443 -0.20596 0.22985 -0.05515 0.24295 -0.11430 0.12450 -0.00102 0.00623 0.01716 -0.00196 -0.01421 -0.00406 0.00367 -0.01054 -0.02257 0.01838 0.02776 -0.01250 -0.03280 -0.05451 0.00432 -0.01027 0.01877 0.02178 0.05796 -0.03095 0.10068 0.04709 0.00223 -0.23025 0.02194 0.09767 
