-0.32464 -1.13293 1.78407 0.26294 0.26780 -0.32483 2.31233 -1.81777 -0.12573 -0.18979 0.48242 -0.50552 0.76564 0.28208 0.45641 -1.37176 -0.09306 -0.37280 0.16121 -1.46567 1.57265 0.01926 -0.59917 0.72332 0.00949 0.61571 0.69319 2.15880 -3.40502 -0.63589 -0.43546 0.55540 -4.42500 3.32503 0.40137 0.16825 -0.86426 0.82734 -1.26270 
0.00464 -0.10739 0.15685 -0.08179 0.06880 -0.11922 0.24974 -0.16064 0.14985 -0.08949 0.34556 -0.17176 0.36716 0.33807 1.09780 -1.74228 -0.29759 -0.19292 0.28033 -2.20657 1.74030 0.18323 0.06874 -0.43207 0.44896 -0.63600 -0.27273 -0.37813 1.26266 0.14292 0.37307 -0.08783 1.30600 -1.49268 -0.11099 0.60261 -1.01817 0.10226 -0.87204 
0.01343 -0.03512 0.04179 -0.03465 0.07488 -0.04450 0.10577 -0.07747 0.05750 -0.12106 0.05035 -0.05656 0.12964 0.00935 0.07827 -0.10910 0.04986 0.00027 0.07337 -0.15967 0.07997 -0.09173 0.00343 -0.29485 0.11174 -0.25633 -0.34572 -1.10858 1.74867 0.30986 0.22687 -0.30322 2.11910 -1.68178 -0.15836 -0.09718 0.45708 -0.51417 0.69732 
0.01399 -0.02911 0.04775 -0.03193 0.06907 -0.04584 0.09007 -0.08067 0.05812 -0.08605 0.05071 -0.06002 0.11083 -0.00764 -0.01078 0.00639 0.01227 0.03395 -0.02289 -0.08747 0.05852 0.02487 -0.02844 0.02501 -0.06521 0.06132 -0.00946 -0.08066 0.10620 -0.05241 -0.01856 -0.06001 0.18800 -0.08080 0.07682 -0.04320 0.33082 -0.12039 0.25364 
0.00578 -0.04590 0.04818 -0.02238 0.10883 -0.06739 0.01830 -0.01895 0.08237 -0.14949 0.07537 -0.12177 0.19096 -0.00011 -0.00238 -0.00290 -0.00255 -0.01829 0.01336 0.02833 -0.00083 -0.01491 -0.03977 0.03597 -0.00865 -0.00269 0.02045 0.01422 0.01119 -0.03802 -0.02011 0.03141 0.23363 -0.16592 -0.00722 -0.01378 0.05017 0.06924 -0.04605 
0.01388 -0.03150 0.04485 -0.03448 0.05078 -0.03248 0.11840 -0.08150 0.04321 -0.12582 0.08668 -0.06867 0.10814 0.01280 0.00344 0.01759 -0.02575 0.01384 0.00853 0.14616 -0.10740 0.01765 -0.04222 0.07519 0.00404 0.01527 0.00405 -0.01624 0.01028 -0.03416 0.04370 -0.03020 0.04307 -0.06715 0.05945 0.01515 -0.06688 -0.00709 0.10286 
0.01859 -0.04247 0.06576 -0.04813 0.12266 -0.05886 0.16446 -0.12635 0.10002 -0.19172 0.15055 -0.11774 0.20623 0.00394 -0.01862 0.00738 -0.03671 0.02541 -0.01684 0.07140 -0.06798 0.04454 -0.02461 -0.03091 -0.01575 0.10017 -0.02300 0.00684 -0.03619 0.02847 -0.08117 0.02284 -0.16349 0.13721 -0.07897 0.11117 -0.16768 0.06025 -0.07704 
0.01782 -0.05012 0.05223 -0.07119 0.07619 -0.04932 0.18980 -0.14948 0.08774 -0.15043 0.05577 -0.08441 0.20830 -0.01020 0.01028 -0.01861 0.00272 -0.06734 0.03137 -0.01733 0.02981 -0.06132 0.06895 -0.09250 0.06428 -0.06177 0.02027 -0.01315 0.02719 -0.01460 0.02086 -0.04900 -0.00256 0.03528 0.05401 -0.08184 0.14167 -0.08720 -0.01693 
0.00839 -0.03219 0.04716 -0.04541 0.05533 -0.02749 0.14714 -0.09654 0.03870 -0.12277 0.05805 -0.05345 0.14445 0.02422 -0.03177 0.03457 -0.05131 0.04627 -0.06584 0.06884 -0.03270 0.09854 -0.10645 0.11076 -0.10294 0.08323 0.00971 -0.00329 0.02889 0.00403 0.07470 -0.04553 -0.02008 -0.03307 0.07621 -0.00874 0.07380 -0.06466 0.03129 
0.04204 -0.08189 0.08680 -0.12250 0.12246 -0.11515 0.25864 -0.18218 0.18629 -0.25689 0.16653 -0.18736 0.29154 -0.00049 0.00698 0.01028 0.00674 0.00736 -0.01416 -0.03741 -0.00326 0.01489 0.06021 -0.01870 -0.00038 -0.03048 -0.04353 0.06962 -0.03228 0.12772 -0.05918 0.11137 -0.21053 0.02053 -0.20116 0.21356 -0.19198 0.15753 -0.18261 
0.00790 -0.02521 0.05744 -0.03867 0.06268 -0.04166 0.10973 -0.09980 0.05360 -0.06256 0.03936 -0.05383 0.11397 -0.01932 0.03785 0.00229 0.07641 -0.01291 0.04553 -0.14169 -0.01217 -0.10262 0.10711 -0.08122 0.05459 -0.09938 0.02083 -0.01327 -0.00464 -0.01590 0.05681 -0.01961 0.11525 -0.03890 0.03586 -0.14762 0.10636 -0.05490 0.07577 
0.02273 -0.04404 0.08909 -0.04610 0.10955 -0.06962 0.11695 -0.19435 0.08367 -0.14978 0.08531 -0.13276 0.19216 0.02034 -0.00629 0.00564 -0.00915 0.06417 -0.03377 0.07783 -0.04216 0.05075 -0.08741 0.08766 -0.05528 0.04529 0.01148 -0.03794 -0.06269 -0.04057 -0.00042 -0.04080 0.05679 0.16054 0.10942 -0.05957 -0.00475 0.01521 0.08201 
0.02824 -0.03149 0.06308 -0.04782 0.12686 -0.07542 0.18756 -0.14196 0.10435 -0.14997 0.12702 -0.10911 0.15926 -0.00784 -0.00009 -0.06040 0.03584 -0.01333 0.00473 -0.08490 0.14837 0.00680 0.04754 -0.08597 0.06980 -0.01737 -0.02708 -0.00665 0.02618 0.00587 -0.08853 0.04043 -0.09389 0.05740 -0.09024 0.07835 -0.09721 0.02560 -0.06401 
0.01489 -0.04412 0.02869 -0.01026 0.09622 -0.06490 0.03206 -0.04598 0.09047 -0.10224 -0.00066 -0.06296 0.17479 -0.00674 -0.01294 0.03182 -0.00329 -0.02436 0.00666 -0.01606 0.01524 -0.03949 -0.00906 -0.00955 -0.02969 -0.01872 0.00944 0.01730 0.07871 -0.05838 -0.02182 0.02024 0.14336 -0.18221 -0.04304 -0.04620 0.16376 -0.07597 -0.05909 
0.02151 -0.04443 0.09490 -0.05111 0.10250 -0.06876 0.17150 -0.12672 0.06486 -0.15903 0.11747 -0.13880 0.14054 0.00160 0.01721 0.01831 -0.02254 -0.03515 0.02497 0.05846 -0.03384 -0.03624 0.00134 0.07779 -0.00617 -0.07646 -0.00116 0.03253 -0.08094 0.02321 -0.02198 0.02408 -0.06148 0.02420 0.03239 0.06737 -0.03183 0.09497 -0.00762 
0.01649 -0.02691 0.04700 -0.03279 0.06108 -0.03993 0.09052 -0.07982 0.05423 -0.10090 0.07713 -0.06913 0.09833 -0.00790 0.01959 -0.04913 0.01992 -0.04634 0.03074 -0.07754 0.03944 -0.00710 0.05831 -0.04138 0.06528 -0.02634 -0.00527 -0.01641 -0.01623 0.02206 0.03720 -0.02923 -0.05088 0.03880 0.02830 0.00327 -0.06970 -0.00184 0.07922 
0.01361 -0.02483 0.04578 -0.03119 0.05616 -0.03802 0.09396 -0.08728 0.05777 -0.10072 0.07609 -0.07352 0.11420 -0.00367 0.00080 0.00208 -0.00048 0.00205 -0.00427 0.00758 0.00496 -0.00794 0.00460 0.00809 -0.00801 0.00277 -0.00219 -0.03767 0.08158 -0.04101 0.02021 -0.00248 0.14567 -0.09769 -0.00001 -0.01495 -0.04938 -0.02842 0.12014 
0.01282 -0.02611 0.04909 -0.03327 0.06313 -0.04419 0.09810 -0.07486 0.04629 -0.09630 0.08522 -0.07714 0.10110 -0.01008 -0.01808 0.03245 -0.02109 -0.02613 0.02826 0.06813 -0.05825 -0.00710 0.04336 -0.09076 0.03687 0.09379 -0.00267 -0.00963 -0.00658 -0.00246 0.04921 -0.00612 -0.07747 0.02705 0.02258 0.00475 -0.03745 0.00141 0.01882 
0.00353 -0.04291 0.07823 -0.05228 0.03003 -0.00976 0.16210 -0.14553 0.05066 -0.05736 -0.01466 -0.03665 0.20799 -0.00634 -0.00883 -0.00450 -0.00293 0.05126 -0.01038 -0.06989 0.03200 0.01464 0.00935 -0.02935 -0.00660 0.02159 0.01406 0.03150 -0.05854 0.03717 0.08480 -0.07609 -0.14180 0.13458 0.01539 -0.08143 0.15813 -0.05863 -0.20337 
0.00648 -0.03495 0.04459 -0.03620 0.11439 -0.05457 0.02821 -0.04285 0.06093 -0.08694 0.05587 -0.08375 0.12269 0.00398 0.01342 -0.02609 0.01608 0.05868 -0.04783 -0.07367 0.07632 0.00829 -0.03807 0.06737 -0.02176 -0.10958 -0.00328 -0.01911 -0.02579 0.02202 -0.08014 0.00242 0.20421 -0.00121 -0.05903 -0.12085 0.03967 -0.01438 0.10819 
0.00751 -0.02949 0.05214 -0.03620 0.08871 -0.05759 0.08843 -0.06921 0.05895 -0.09543 0.05271 -0.05841 0.09841 -0.00962 -0.02794 -0.03029 0.01909 -0.02888 -0.00796 0.13432 0.03080 -0.04439 -0.11150 0.01032 -0.02099 0.12977 -0.03313 -0.07108 0.05595 0.02774 -0.11305 0.06505 -0.09851 -0.13372 0.17923 0.02895 -0.23611 -0.02264 0.50733 
-0.00314 -0.06289 0.01430 -0.01711 0.08551 -0.06254 0.16253 -0.01206 0.01654 -0.19844 0.06619 -0.10473 0.25246 -0.02915 -0.05766 0.02986 0.04382 -0.05437 0.01721 -0.17218 -0.05739 0.18752 -0.00912 -0.16874 -0.04441 0.39775 -0.01930 -0.05213 0.10699 -0.12757 0.01862 0.03517 0.02240 -0.25211 0.19243 0.01805 -0.32853 0.19185 0.27220 
-0.02163 -0.08715 0.08200 0.00762 0.03434 -0.04037 -0.08375 -0.12660 0.24647 -0.10455 -0.11603 -0.10282 0.49616 -0.02892 -0.08008 0.07670 -0.10849 -0.01026 0.02721 0.15672 -0.22132 0.14804 -0.09344 -0.31821 0.17086 0.40197 0.04779 0.08087 -0.10956 -0.08313 0.17332 -0.09875 0.29408 0.16500 -0.35053 -0.02664 0.15836 0.26329 -0.60250 
-0.03206 -0.14296 0.09100 -0.12560 0.07525 -0.03533 0.31925 -0.23338 0.16458 -0.29189 -0.25201 0.06613 0.65444 0.01864 0.02321 -0.07970 -0.03931 0.11895 -0.08153 0.12190 0.10761 -0.16300 -0.03576 -0.01038 0.21889 -0.20475 0.05533 0.04543 -0.08600 0.30278 0.24322 -0.09601 -0.57262 0.26012 -0.08236 0.52482 0.38829 -0.56236 -0.74763 
-0.00299 -0.06394 0.00231 -0.03169 0.15329 -0.12191 0.03814 -0.01899 0.08347 -0.14032 -0.12641 0.11607 0.29141 0.02641 -0.03465 -0.00929 0.19429 0.23296 -0.06880 -0.41590 0.03880 0.06568 0.43137 0.07008 -0.39150 -0.34565 -0.01120 -0.14886 0.10558 0.06785 -0.09522 -0.00367 0.03186 -0.49547 0.21319 -0.42463 0.14958 -0.93860 -0.08019 
-0.00566 -0.17761 0.08171 0.06869 0.30821 -0.10412 -0.09665 -0.19457 0.23026 0.13949 -0.18193 -0.32537 0.30878 0.00745 -0.12565 0.02588 0.02854 0.02373 -0.08520 0.15375 -0.38787 0.05018 -0.46039 0.13920 -0.71971 -0.28494 -0.21686 -1.36346 1.25910 0.27121 -0.46492 -0.59325 2.31987 -0.84305 -1.19858 -1.11022 1.44916 -0.67287 1.39840 
0.00446 -0.18959 0.02819 -0.00314 0.17702 -0.20711 0.19190 -0.40686 0.13365 -0.60071 0.01279 -0.60364 0.00647 -0.19045 -1.39810 1.24980 0.46550 -0.23196 -0.66204 1.90397 -0.80425 -1.13290 -0.67885 1.51924 -1.06437 1.05274 -0.17784 -1.87124 1.74110 0.66178 -0.16602 -0.42295 1.70692 -0.13143 -0.69269 1.85082 0.97494 -1.20092 1.94576 
-0.19611 -1.57572 1.33151 0.53419 0.07625 -0.76617 1.80733 -0.99882 -0.90265 -0.53936 1.33730 -1.38974 1.36153 -0.17040 -1.99690 1.76698 0.69032 -0.14229 -0.50815 1.86067 -0.51929 -0.64251 1.39042 1.11414 -1.92062 1.66082 0.02328 0.48067 -0.18184 -0.41920 -0.34084 0.44990 -1.91674 0.64774 1.45165 1.90787 -1.71129 -0.05637 -0.62820 
-0.16594 -2.18648 1.79517 0.68718 0.03472 -0.71526 2.05257 -0.92615 -0.50886 0.78971 1.12692 -2.52426 1.66729 -0.16717 -0.91744 1.06797 0.04630 -0.57279 -0.21214 -0.01276 -0.15651 0.31874 1.22902 -0.19205 -1.12074 0.42455 -0.29181 1.51356 -0.58990 -1.32490 -0.40782 0.00334 -2.54702 1.40998 0.07363 -2.08292 -0.79601 1.34862 -0.82830 
-0.36327 -2.49315 2.39948 0.58049 -0.49654 -0.97831 1.79456 -1.15533 -0.58390 0.68966 1.14525 -2.51048 1.78607 -0.46221 -0.48333 1.17708 -0.63458 -0.55012 -0.50481 -0.68635 0.89069 -0.56887 -0.69249 0.31812 -0.57200 0.83252 -0.36177 0.67534 0.49754 -0.74112 1.38683 0.16771 -0.07356 1.44554 -0.28913 -2.30728 0.02135 2.10391 0.58946 
-0.62815 -2.66982 2.97226 0.05260 -0.51539 -1.22007 1.36622 -0.03546 -1.07773 0.09722 1.44505 -3.09626 2.49981 -0.52894 -0.24209 1.56550 -0.69482 0.81404 -0.04444 -0.08632 1.28903 0.02961 -1.07826 -0.17070 0.98317 1.01400 0.27167 0.17595 -0.75179 0.44049 1.62412 0.57474 1.31742 -0.66441 1.10117 0.20370 0.03853 1.80293 -0.89511 
-0.89222 -2.73525 3.96498 -0.11433 0.31749 -1.02275 1.70825 0.13370 -0.55429 -0.38860 0.97455 -1.52731 2.80007 -0.19054 -0.30738 0.42529 -0.19409 1.07400 0.06993 0.63107 0.22628 0.53229 -0.48879 0.35666 1.23092 -0.06259 0.57957 0.00179 -2.98846 0.58624 -0.54426 -0.55848 0.60051 -1.18025 -0.51670 0.72248 0.98372 -1.64089 -1.18769 
-0.81869 -2.97720 3.39755 -0.14149 0.55860 -1.15014 1.99729 0.19082 -0.54544 -0.39157 1.80171 -1.86534 2.43723 0.05063 -0.24031 -1.42296 -0.10858 0.26978 -0.60292 0.51419 0.10878 -0.48709 -0.35578 0.81302 -0.65772 -0.17369 0.49274 0.39276 -1.35183 0.44399 -0.67569 -0.09926 0.32489 0.57100 -0.71917 0.37269 -0.48007 -2.20203 -0.56095 
-0.84158 -2.97555 2.54202 -0.22290 0.58727 -1.62566 2.22243 0.24248 -1.04138 -0.74438 1.78757 -2.18503 2.62638 0.30220 0.08537 -0.92653 0.24990 0.39830 -0.02933 0.95596 0.79728 -0.18687 -0.11610 -0.12341 -0.97111 -0.62353 0.65955 0.17473 -0.07885 0.45295 -0.82597 0.90822 -0.76663 0.11489 0.46507 -0.49785 -1.55291 -0.18433 -0.51855 
-0.51649 -2.89183 2.47102 0.10842 0.95691 -1.17947 2.95325 0.98810 -0.73231 -0.50767 1.67830 -2.83645 1.81370 0.71019 -0.06558 -1.50181 0.34437 -0.55619 0.30530 -0.25245 0.22367 -0.02202 -0.85363 -0.73988 -0.84205 -0.69224 1.40331 1.74914 0.52996 0.37075 -0.77771 -0.18378 -3.43512 -3.01568 -1.64676 -2.82365 -1.04992 1.20387 0.35096 
-0.13140 -3.04113 1.04021 0.12147 0.03108 -1.32036 1.96999 0.46615 -1.06340 -1.59801 1.04769 -3.02707 1.93414 1.70551 1.83451 -0.39657 0.62066 -0.37940 -0.21311 -2.47916 -2.21840 -1.83364 -2.93975 -1.17333 0.23276 -0.27257 1.52726 1.93137 1.00880 -0.40104 0.83131 -0.97392 -1.73998 -1.68683 -1.58499 -2.04702 -0.86062 2.25180 0.61711 
1.18902 -1.05732 2.07444 0.72907 0.57751 -1.39258 0.47409 -1.23029 -2.56595 -3.44742 0.50497 -2.60370 1.54113 2.23745 1.86580 -0.49301 -0.05667 0.27513 -0.66862 -1.99242 -1.46316 -1.60702 -2.90065 -1.60050 1.40975 -0.07513 -0.94853 -2.37361 -1.37485 -1.83255 0.75831 -0.71575 1.62628 3.49220 2.26711 1.55557 0.70015 0.51531 0.06086 
2.10605 -1.17533 0.54720 0.06480 0.30621 -1.98898 -0.02244 -0.99701 -2.67042 -4.49866 -0.55281 -1.61733 1.85901 0.75697 -0.53910 -1.77142 -1.21189 0.37891 -0.92886 -0.85288 1.27380 0.43347 -1.38418 -0.47318 0.74807 -0.21171 -1.86390 -2.17042 -0.94247 -0.27683 0.87877 0.69204 1.30068 2.09827 2.51176 4.14912 1.24189 -1.55089 -0.44626 
1.94599 -1.59642 0.30302 -0.48281 0.95641 -2.32144 -0.37879 0.04351 -2.13248 -4.83160 0.03179 -1.85563 1.32942 0.37355 -0.30463 -1.43548 -0.33350 1.15389 0.02342 -0.69175 0.63511 0.90474 1.24848 -0.35861 -0.14114 -0.52139 -0.33125 1.20541 0.05121 0.53515 1.04049 1.20096 0.76476 -2.01272 -0.47111 4.19205 -1.31530 -0.21928 0.13497 
2.47960 -1.47996 -0.88828 -0.26870 1.46010 -1.96556 -0.71418 -0.36190 -1.76568 -3.25018 -0.91141 -1.75847 1.33762 0.42572 0.66631 -1.72021 -0.67674 1.41940 0.27210 -0.08812 -0.73892 -0.03763 2.80787 -1.78848 0.52879 -0.07674 -0.54367 0.97072 0.78747 -1.18066 0.51744 -0.19684 -0.11370 -0.62214 -1.41210 0.41014 -0.63794 0.03432 0.74118 
2.37172 -0.93011 -1.41719 -1.15956 2.37581 -2.04934 -0.46691 -0.69541 -2.17011 -2.02373 -1.75668 -1.32684 1.25267 -0.17013 0.66609 -0.64801 -1.51416 1.67134 -0.17342 -0.80545 0.01297 -0.50735 1.65862 -0.99655 -0.10682 0.21979 -0.47911 -0.24985 1.80761 -0.07476 -0.80280 -0.18717 -0.61742 0.80993 0.28016 -1.80941 1.59781 -1.41818 0.78374 
2.30947 -0.81386 -1.53629 -1.78286 3.13144 -2.13898 -1.51963 -0.34892 -2.27303 -1.59157 -1.90796 -1.86529 1.55741 -0.05339 0.41646 0.08740 -0.75150 0.61659 0.08494 -0.70554 0.07101 0.24253 0.99846 -0.19066 -0.88939 0.70700 0.14962 -0.21809 1.11334 0.93318 -1.67099 0.61708 0.81544 -0.07721 0.70006 -0.99029 1.39634 -0.48832 -0.16199 
2.31832 -0.51365 -1.32978 -1.91105 2.99241 -1.96441 -1.17244 -0.62440 -1.92758 -1.02527 -1.94735 -2.21623 1.95967 -0.02051 0.44801 0.46533 -0.58098 0.00035 0.44366 0.00999 -0.06424 0.19270 0.66833 0.39979 -0.59514 0.05780 -0.02074 -0.15059 0.21733 0.05213 -0.36584 0.14991 0.28093 0.31443 -0.54948 -0.82550 0.90279 0.47329 -1.06120 
2.28896 -0.36585 -1.07095 -2.36384 3.13179 -1.69532 -1.50964 -0.41316 -2.08033 -0.92324 -1.50817 -2.46042 1.61521 -0.07413 0.26587 0.30473 -0.69937 0.25075 0.23485 -0.42461 0.38544 -0.30695 0.17296 0.71213 -0.41610 -0.35420 0.08070 -0.39245 -0.46949 0.31134 -0.12134 -0.42624 -0.12459 0.02812 -0.33417 -0.33111 -0.30183 0.62769 0.05137 
2.24419 -0.24778 -1.02505 -2.61042 3.24316 -1.72956 -1.59705 -0.23896 -2.23453 -0.85231 -1.23522 -2.63233 1.60547 0.06019 0.05556 -0.00416 -0.26965 -0.12099 0.01741 -0.11460 -0.03611 -0.14147 0.33722 0.09796 0.03255 0.10917 0.08380 -0.38183 -0.38220 0.46756 -0.57905 -0.18913 -0.17662 -0.50645 0.29561 -0.66172 -0.28453 0.47304 0.17490 
2.34915 -0.31030 -1.07511 -2.63348 3.01080 -1.67791 -1.62424 -0.44927 -2.22179 -0.58602 -1.41021 -2.42787 1.72437 0.00967 -0.11596 -0.07747 -0.23181 -0.32829 0.04571 -0.60123 -0.12101 -0.01133 -0.48876 0.42760 0.05694 -0.17930 -0.07598 0.02424 -0.05467 0.13278 0.30813 -0.09801 0.35052 -0.25524 0.12298 -0.19711 0.39478 -0.04739 -0.17730 
2.25385 -0.36374 -1.10252 -2.84223 2.91487 -1.68385 -2.19829 -0.35997 -2.24586 -1.34107 -0.80762 -2.57539 1.42617 -0.01579 0.07980 -0.05882 -0.13687 0.18714 -0.08060 0.23592 -0.29135 -0.01849 0.14011 0.49274 -0.01484 -0.06813 -0.01983 0.15001 0.05333 0.14039 0.25929 -0.05893 0.94704 -0.61035 0.10173 0.63088 -0.12163 0.03036 0.17274 
2.33335 -0.23050 -1.13394 -2.77035 3.19793 -1.75851 -1.38832 -0.74062 -2.24028 -0.44590 -0.91747 -2.44272 1.65624 -0.01017 0.03405 -0.02413 -0.09142 -0.06901 -0.01322 0.34581 -0.73136 0.09040 0.14212 0.30597 0.08730 -0.00656 0.02808 -0.21929 0.17247 0.18407 -0.46626 0.23653 -0.46672 0.32468 0.16633 -1.01225 0.14621 0.31096 0.08126 
2.24369 -0.32969 -1.12665 -2.93365 2.84586 -1.69706 -1.85248 -1.09133 -2.15546 -1.19895 -0.50164 -2.48809 1.41961 0.01229 -0.13949 0.11365 0.04721 -0.27912 0.15593 -0.23079 0.03333 0.14784 -0.87214 0.63895 0.29612 0.01312 -0.02412 -0.34137 0.03134 0.29061 -0.17055 -0.09345 0.00789 0.99698 -0.30024 -0.57836 -0.08722 0.09924 0.20795 
2.34564 -0.36999 -1.02029 -2.72315 2.91881 -1.60258 -1.61911 -0.70729 -2.09244 -1.31805 -0.27851 -2.14660 1.66936 -0.03428 -0.30732 0.00720 0.19919 -0.23955 -0.10666 0.35369 0.26562 -0.20984 -0.43624 0.21875 0.18654 0.20139 -0.03129 -0.51072 0.16609 0.27427 0.04752 -0.52228 0.42814 0.33012 -0.51079 1.49324 -0.52514 -0.54381 0.45224 
2.20940 -0.63701 -1.11945 -2.73446 2.60631 -1.80373 -1.49879 -0.82571 -2.36530 -1.63519 -0.28289 -2.30154 1.62100 -0.01901 -0.65021 0.27974 0.32148 -0.23160 -0.36636 0.19735 0.36346 -0.36295 0.62110 0.11381 -0.24770 0.46536 -0.01476 -0.31037 0.09646 0.14912 -0.28896 -0.14639 -0.17509 -0.83588 0.28941 0.96164 -0.51446 -0.02974 -0.01424 
2.32664 -1.02021 -0.74055 -2.40167 2.68721 -1.96894 -1.42177 -0.34383 -2.45539 -0.69695 -0.16470 -2.39430 2.13472 -0.04904 -0.61768 0.10366 0.34831 -0.52851 -0.25305 0.17861 -0.57026 0.07957 0.52540 -0.29570 0.15680 0.18715 -0.03911 0.44444 -0.69083 -0.25767 0.20025 0.26055 -0.26429 -0.60830 0.47841 -1.12114 -0.25199 0.65984 -0.31659 
2.16036 -1.25469 -1.01579 -2.38615 2.07780 -2.05678 -1.32018 -1.39597 -2.28573 -1.10980 -0.57859 -2.14474 1.80815 -0.05812 -0.20577 -0.41109 0.06380 -0.03135 -0.10580 -0.06694 -0.24484 0.11547 -0.50004 -0.13818 0.41214 0.14876 0.13825 0.68727 -0.34127 -0.28611 1.49740 0.15293 0.04490 1.42513 0.02182 -0.04604 0.32772 0.34343 0.28088 
2.26852 -1.22598 -1.15165 -2.33787 2.65586 -2.07474 -1.48871 -0.58867 -2.33992 -1.19699 -0.30288 -1.98216 2.28348 0.08921 0.06959 -0.23761 0.06220 0.96888 -0.10012 0.22351 0.85487 0.10139 0.47935 0.03201 0.50023 0.46803 -0.03024 -0.10023 0.40411 0.12957 -0.20292 -0.03585 0.97702 -0.22510 -0.28771 2.10067 -0.24775 -0.52304 0.05789 
2.24957 -1.18510 -1.25340 -2.32396 3.04668 -2.15691 -1.09667 -0.54110 -2.18435 -0.63044 -0.54658 -1.64451 2.27618 -0.08836 -0.30600 -0.00698 0.19337 -0.23427 -0.14165 0.91008 -0.46994 -0.17224 1.60063 -0.38593 -0.11089 0.20666 -0.41423 -0.96420 0.26411 0.29224 -2.66068 -0.03257 0.62581 -2.58428 -0.46128 0.16423 -0.09331 -1.63162 -1.46301 
2.18016 -1.53198 -1.15863 -2.14449 2.42159 -2.21639 -0.57863 -1.05861 -2.51216 0.40364 -0.68880 -2.09305 2.49014 -0.32502 -0.89461 0.02650 0.35444 -1.69179 -0.13269 0.84932 -1.72941 -0.35990 0.64359 -0.06130 -1.13139 -0.99498 -0.20280 -0.29299 0.30845 0.22309 -0.40530 -0.00676 -0.84396 -0.19340 0.32099 -1.66097 0.49532 -0.42986 -1.19940 
1.92455 -2.07972 -1.22690 -1.96951 1.35489 -2.28960 -0.24735 -2.27051 -2.54424 0.01314 -0.60788 -2.77590 1.28120 -0.29116 -0.59900 0.30146 0.41646 -0.63957 -0.14841 0.06612 -0.66334 0.14875 -0.06034 0.10939 -0.54075 -0.99274 0.29895 0.77474 0.18251 0.16993 2.71118 0.04372 -0.99503 2.47088 0.72489 -0.42918 -0.12923 1.91104 1.16734 
1.88900 -2.13098 -0.85716 -1.72803 1.78203 -2.36481 -0.51251 -1.72196 -2.36341 0.34330 -0.57941 -2.63381 1.49740 -0.02607 -0.11988 0.20902 0.52437 1.01939 -0.08897 -0.14571 0.74147 0.36499 0.21441 -0.19053 0.77965 0.17237 0.25280 0.34140 -0.33539 0.18361 1.69641 0.37323 0.56581 0.31581 0.33566 0.55943 -0.74003 1.52074 1.72106 
1.89848 -2.19960 -1.01788 -1.44514 2.37428 -2.37857 -0.39306 -1.52904 -2.17925 0.22755 -0.79840 -1.99625 1.45356 -0.03836 -0.25759 -0.03392 0.60007 1.05684 0.22482 0.63193 -0.34753 0.48441 0.49909 -0.63064 0.97999 0.72832 -0.11466 -0.30922 -0.06328 -0.01501 -1.07103 0.19365 0.87729 -2.36213 0.12184 0.32858 -0.54842 -0.55198 0.53581 
1.85064 -2.38857 -0.89109 -1.12796 2.83886 -2.13999 0.11942 -2.06949 -1.87900 0.84239 -1.21005 -1.65382 2.22571 -0.14073 -0.42910 0.14573 0.50936 -0.05164 0.10468 0.73158 -1.62067 0.48683 0.54299 -0.73894 0.22766 0.70818 0.08668 -0.15905 0.29658 -0.10399 -2.01745 -0.39628 0.21112 -0.66940 -0.08786 0.27205 -0.00762 -0.75644 -1.00343 
1.75775 -2.62870 -0.87215 -0.93578 2.32263 -2.27389 0.33852 -3.14971 -1.69242 0.77054 -1.53735 -1.76859 2.16174 0.04832 -0.41664 0.26266 0.49608 -0.96061 -0.17146 0.84305 -1.01694 0.39655 0.77115 -0.63826 0.22354 -0.27512 0.27916 0.27452 0.05471 0.08949 -0.90076 -0.26289 -0.63469 2.10478 -0.23346 -0.94883 0.59285 -0.53942 -0.84692 
1.89896 -2.80521 -0.62843 -0.63188 1.87825 -2.31144 0.96247 -3.08643 -1.48245 1.61354 -1.84830 -1.43028 1.95060 0.13843 -0.15459 0.20044 0.59885 -0.95240 -0.15821 0.09689 0.48411 0.25337 -0.40584 -0.14609 -0.31175 -0.13874 -0.18315 0.36994 0.01409 0.16400 -0.06472 -0.01884 -0.84232 0.61678 -0.31244 -2.19582 1.16313 -0.96855 0.47947 
1.89618 -2.78329 -0.67171 -0.33693 1.37024 -2.43211 0.43541 -2.66560 -1.43905 0.36471 -1.68344 -2.08034 2.02300 -0.13483 -0.04670 0.27675 0.66009 -1.02533 -0.19030 0.00073 -0.40015 0.08411 -1.42468 0.52488 -0.74501 0.20436 -0.36410 0.30075 0.51546 -0.26253 1.52345 -0.10202 -0.14334 -0.16874 0.15096 0.69690 0.32045 0.42091 1.05379 
1.76413 -2.85191 -0.35168 0.02821 0.85292 -2.50174 0.96320 -3.48658 -1.39835 0.18886 -1.32343 -2.17529 2.15496 -0.22567 0.14616 0.71590 0.33632 0.57105 -0.26023 -0.04645 0.31537 0.40433 0.29106 0.17436 0.10916 0.91505 0.00626 0.09938 0.28036 -0.68479 1.54131 -0.11441 -0.66945 1.18409 0.10575 2.32041 -1.55384 0.79111 0.79909 
1.67051 -2.63713 0.04419 -0.00062 1.94129 -2.69234 0.38896 -2.35023 -1.03472 0.65577 -1.50908 -1.97118 2.93805 -0.12857 0.05268 0.55711 -0.02470 0.51598 -0.30470 -0.66872 0.78394 0.18986 0.89574 -1.02896 0.04610 1.00344 0.19603 -0.24375 -0.20886 -0.04334 -1.92136 0.16512 0.46672 -0.84211 -0.40549 0.14535 -0.59248 -0.32207 -1.09090 
1.63556 -2.79924 0.20543 0.00351 1.36890 -2.80644 0.29449 -2.70264 -1.20849 1.08460 -2.35238 -2.12918 3.15840 -0.02964 -0.09759 0.50704 0.29297 -1.35031 -0.09511 0.42027 -0.52675 -0.00116 0.43641 -0.41812 -0.21291 -0.17586 0.18810 -0.00393 -0.21917 0.49192 -1.12747 0.29587 1.00994 -0.79826 0.02829 -0.92600 1.87062 -0.18135 -1.53393 
1.64087 -2.73472 0.55123 0.29236 0.59097 -2.78745 0.80923 -2.87698 -1.03589 1.09218 -1.92720 -2.18409 2.76219 0.05953 0.04875 0.33794 0.46722 -0.61149 -0.00883 0.34122 -0.01432 0.21815 -0.03027 0.84166 -0.13525 -0.53049 0.08243 0.04225 -0.55847 -0.38134 1.05174 0.17108 -1.40530 0.30539 0.15112 -1.27755 0.28778 0.31027 -0.08866 
1.69508 -2.75049 0.54336 0.47072 0.75742 -2.81527 0.63571 -2.71696 -0.99034 1.05433 -1.51072 -2.26443 2.62791 0.05279 -0.05534 -0.05143 -0.08837 -0.29857 0.07597 -0.98503 -0.22136 0.14996 -0.84114 -0.13034 0.09736 -0.26451 -0.10116 0.00881 -0.17778 -0.36424 0.06344 0.27862 -0.49707 -0.26004 -0.06419 -1.28263 -0.84655 0.23290 0.89916 
1.69366 -2.79006 0.49980 0.20398 0.29240 -2.71148 -0.17580 -3.09834 -0.88593 0.25104 -2.05754 -2.08673 2.49768 -0.04163 0.05755 0.16015 0.10297 -0.54804 0.26979 -0.15585 -0.27436 0.15396 -1.31290 -0.00488 0.09765 0.36867 -0.05238 0.15384 0.21838 0.58216 0.17217 0.07399 1.27866 0.66730 -0.28104 -0.45332 0.64590 0.05341 0.60273 
1.65345 -2.69294 0.70352 0.57369 0.20937 -2.54548 0.47986 -2.99132 -0.83638 -0.25857 -1.51560 -2.16679 2.99658 0.00041 0.09850 0.16694 0.49378 -0.12640 0.14996 0.29363 0.44594 -0.13108 -1.29445 0.51556 0.15077 0.33821 -0.00725 0.29217 0.04747 0.04004 1.00242 -0.45370 0.24924 0.90615 -0.33314 0.91524 0.09577 0.23259 -0.67332 
1.69407 -2.69157 0.66674 0.69777 0.16600 -2.56153 0.11783 -2.65239 -1.01701 -1.04341 -1.54198 -1.93596 2.83589 -0.04888 0.34972 0.20762 0.14301 0.45438 -0.18391 0.09339 0.63179 -0.17918 -0.39766 0.09088 0.33023 -0.30465 -0.09069 0.35336 -0.12871 -0.37402 0.49670 -0.45200 -0.12261 -0.48013 0.19263 1.50463 -0.98270 -0.12282 -0.99860 
1.60457 -2.34321 0.91114 0.71671 0.66375 -2.72939 0.57325 -2.35954 -1.01556 -0.65623 -1.42472 -1.83656 2.69193 -0.09028 0.45186 0.03824 0.11977 0.37030 -0.30204 0.17102 -0.03419 0.06155 0.21017 -0.46714 0.02795 -0.66039 0.02622 -0.10874 -0.36190 -0.03015 -0.46950 0.24670 -0.58965 -1.22629 0.20765 -0.49053 -0.63518 -0.19142 -0.51759 
1.60379 -2.23971 0.70498 0.81753 0.53630 -2.86357 0.28885 -2.68658 -0.95546 -0.83324 -2.00912 -1.90801 2.17550 -0.02266 0.24098 -0.15428 0.11286 -0.01512 0.06279 -0.49626 -0.59451 0.02847 -0.88819 -0.54430 0.13881 -0.82224 0.12126 -0.04860 0.36792 0.05540 -0.27049 0.51231 -1.00660 0.19142 -0.17490 -0.86914 0.74984 0.00533 0.80258 
1.58191 -2.10223 0.75686 0.82957 0.64864 -2.66660 0.07699 -2.95404 -0.98709 -1.54441 -1.96902 -1.69775 1.86969 0.03098 0.40326 0.40616 0.17517 0.09981 0.21026 -0.83558 0.15724 -0.11335 -0.65897 0.28270 0.03329 0.14219 0.11017 0.07914 0.73097 -0.05149 -0.01659 0.13087 -0.26671 1.17913 -0.32072 1.02950 0.22530 -0.93872 1.69788 
1.63477 -1.83645 1.11113 0.99270 0.63611 -2.65331 -0.54674 -2.52934 -1.06881 -1.49221 -1.72642 -1.87472 2.31770 0.08752 0.32012 0.57668 0.06137 -0.03170 0.19366 -0.76297 0.58462 -0.29224 0.14131 -0.31900 -0.79991 0.87563 -0.07995 -0.01704 0.21616 -0.17980 -0.12272 -0.10083 1.16632 -0.22356 0.40986 0.65899 -1.21751 -0.65873 -0.09126 
1.66942 -1.78212 1.33354 0.89094 0.61693 -2.47294 -0.68598 -2.36942 -1.27933 -1.40310 -2.28802 -2.49765 2.74532 -0.04897 0.38622 0.62231 -0.00463 -0.02290 0.10944 0.33073 -0.06632 0.29651 0.00003 -0.93481 -0.62544 0.05093 -0.33620 0.18993 -0.30951 0.50624 0.89702 -0.49582 0.59792 -0.07770 1.57963 -0.43344 -0.14421 1.02246 -1.34224 
1.58581 -1.45023 1.73344 0.98807 0.61321 -2.54387 -0.21601 -2.59566 -0.77230 -1.49218 -2.66124 -2.50016 2.36863 -0.24868 0.51004 0.26718 0.56761 0.86531 -0.30216 -0.16505 0.50692 1.28738 -0.29213 -0.46321 0.22255 -0.46661 -0.29384 0.04551 -0.76674 0.23419 0.81215 0.12204 -1.45317 0.97549 0.61795 -0.36294 1.06166 1.32077 0.35512 
1.42074 -1.27208 1.60072 1.45855 1.48225 -2.77510 -0.85102 -1.86250 0.00805 -1.69523 -2.75122 -2.27510 2.27872 -0.34280 0.43173 -0.14443 0.22956 0.78924 0.23148 -1.12243 0.90917 0.91446 -0.36292 0.12685 0.69532 0.40606 -0.09140 -0.08720 -0.36311 -0.70777 -0.35374 0.99895 -1.69875 -0.49839 -0.93516 0.03183 0.76697 0.07879 0.94188 
1.24301 -1.01850 1.58902 1.21764 1.40245 -2.31239 -1.33844 -1.68649 0.14215 -1.85510 -2.53438 -1.80484 2.77469 -0.34008 0.42284 -0.09594 -0.14016 0.51158 0.69679 -1.86380 0.00854 0.35223 -0.26030 0.30376 0.30134 0.47527 -0.01952 -0.29942 0.10964 0.14775 -0.26652 0.08731 0.19151 -0.28127 -0.29955 0.30816 0.48791 -0.50266 -0.79020 
1.08066 -0.84923 1.50478 1.31839 1.99383 -2.07831 -2.71482 -1.85397 0.36028 -1.95553 -2.44746 -1.97375 2.75399 -0.36232 0.13231 -0.03479 0.37731 0.52273 0.31879 -0.93093 0.62790 0.61491 -0.05476 0.61476 0.19266 -0.38414 0.07838 -0.45157 -0.55123 -0.32720 -1.27374 -0.04467 3.00798 0.30676 -0.16285 0.29183 0.62639 0.42372 -0.78295 
0.88068 -0.88619 1.55423 1.59495 1.92518 -1.99360 -2.26937 -1.05859 0.75706 -1.90986 -1.91962 -1.61218 2.39055 -0.26170 -0.02873 -0.64717 -0.46736 -0.76216 0.65212 1.14418 0.31530 0.18937 0.03153 0.93015 0.72507 -0.30768 -0.10677 -0.43594 -0.81411 -1.05435 -1.02961 0.13205 1.65075 -0.97955 -0.80735 0.01168 -0.57265 -0.05422 0.92501 
0.81896 -0.87796 0.85761 0.85103 1.23166 -1.42619 -1.57064 -1.53867 0.54965 -1.92399 -1.51731 -1.24868 2.44631 -0.46909 -0.30363 -0.84890 -0.67704 -0.50689 0.45084 0.71982 -0.35165 -0.19244 -0.04307 0.04211 0.13844 0.54087 -0.25323 -0.25397 0.41838 0.49224 1.06886 -0.65439 -0.79201 0.51206 -0.29692 -0.46781 -0.90842 -0.63294 0.56783 
0.41160 -1.18982 0.70533 0.91791 1.41829 -1.54276 -1.54955 -1.41024 0.56463 -1.95293 -1.87751 -1.47374 2.93141 -0.51493 -0.28270 -0.22879 0.02488 0.30670 -0.00228 0.35217 0.82736 -0.10754 -0.43627 0.02173 0.09213 0.26015 0.28888 0.43492 0.62088 0.32333 0.22315 -0.15712 -0.42716 1.10488 0.23424 0.48501 0.88325 0.36977 -1.82070 
0.30403 -1.16066 0.62882 0.87591 1.53836 -1.42847 -1.21847 -0.71131 0.44211 -2.36027 -1.49557 -1.15655 2.70646 -0.18020 0.13129 -0.22803 -0.35370 -0.28374 0.29372 0.29266 0.75323 0.04180 0.44194 0.92536 0.50821 -1.27983 0.31325 0.57790 -0.33605 -0.72795 -1.31063 0.53448 0.35206 -0.73077 0.04540 1.60285 0.57007 0.05874 -2.34345 
0.23139 -1.05853 0.47730 0.56421 1.13455 -1.24904 -1.25689 -0.65701 0.60643 -1.51099 -0.95215 -0.96553 1.65158 -0.20168 0.29520 -0.56483 -0.70307 -1.00393 0.53221 0.70423 0.09659 -0.06215 1.16658 0.59180 0.15087 -2.08330 0.06656 -0.48156 -0.44108 -0.11946 -0.06033 0.52863 1.18658 -1.43719 -0.03608 1.12359 0.06523 -0.26521 0.27811 
0.10235 -0.86545 0.06399 0.17283 0.53444 -0.89626 -0.51424 -0.61472 0.37996 -1.19369 -0.90377 -1.00568 0.62317 -0.11364 -0.35027 -0.66910 -0.47316 -0.34407 0.82235 1.47923 -0.68397 0.00572 1.56553 0.99059 0.24300 -1.00172 0.65147 -0.26330 0.32450 0.27190 0.83265 -0.15193 0.39830 -0.77755 -0.24880 -1.73604 -0.33258 0.65622 3.43027 
0.11775 -1.40880 -0.19180 0.09105 0.79048 -0.42668 0.22234 -1.34098 0.61214 0.05453 0.03844 -0.72252 0.64986 0.44979 0.03190 -0.24033 -0.43117 -0.17128 0.38028 1.10254 -0.68096 -0.31095 -0.56947 0.25922 0.80709 1.34697 -0.00178 0.99209 0.94652 0.22976 -0.32594 -0.90692 -1.10822 1.34404 -0.46518 -2.29069 -1.17080 -0.05705 1.00955 
0.55214 -0.83356 -0.17634 -0.25834 0.36316 -0.51598 0.58829 -1.29568 0.06901 -1.76315 -0.64455 -0.19859 1.97014 -0.11543 0.64182 0.27742 -0.24340 -0.67002 -0.08457 0.37101 0.66008 -0.45947 -0.72516 -0.18021 0.18595 0.00783 -1.09393 0.07555 1.10661 0.29234 0.33881 -0.45711 -1.63132 1.61942 0.57193 2.12876 1.74694 -1.09918 -2.76767 
0.00232 -0.76698 0.08562 -0.15235 0.12046 -0.51125 0.59336 -0.68090 0.15267 -0.67063 -0.14177 -0.53657 0.65769 -0.64414 0.10744 0.86628 -0.13883 0.16753 -0.07684 -0.52879 0.93846 0.26098 1.55930 2.00617 -0.29209 -1.42070 -0.02399 -0.52866 -0.26664 0.26322 0.79696 0.09311 -0.66174 -0.19458 0.31471 -0.11462 0.89652 0.00683 -0.13495 
-0.09201 -0.72611 0.68993 -0.39717 0.53069 -0.59282 0.05951 -0.35722 0.32999 -0.20385 1.36162 -0.49069 0.54944 -0.13941 0.11316 0.01077 0.01982 0.12694 0.00854 -0.29072 0.46549 -0.14476 -0.83978 0.71631 0.19278 -0.12712 0.63063 0.23646 -1.22060 0.44630 -0.51469 0.18802 0.95731 -1.14998 -0.89638 -1.58047 -3.10861 0.38972 1.13661 
-0.13709 -0.65382 0.09639 -0.13253 0.24741 -0.50271 0.30263 -0.21541 0.00791 -1.51040 0.57454 -0.34379 0.53057 -0.01351 0.34390 -0.35433 0.30747 -0.34716 0.11119 0.42852 -0.21151 -0.63540 -0.02117 -1.10245 0.09763 -0.28409 0.24650 0.45855 -0.07236 -0.25666 -0.37371 0.14922 0.02559 -0.11697 0.51800 2.18326 -1.09689 -0.15750 -0.19397 
-0.10552 -0.38221 0.33560 -0.08970 0.18353 -0.48163 0.48803 -0.56873 -0.30540 -0.22502 0.25917 -0.39306 0.26534 0.10709 0.57170 -0.06158 -0.23684 -0.24677 0.15776 -0.26513 0.34853 0.37323 1.34348 -0.38058 0.03528 -0.32108 0.00181 -0.14925 0.18037 -0.25192 0.62639 0.05351 -0.37091 0.92768 1.29786 0.07253 0.71889 -0.37287 0.35351 
-0.03000 -0.08212 0.03481 -0.36937 0.00064 -0.34495 0.03750 0.13312 0.38114 -0.16692 0.19397 -0.30851 0.20949 -0.01170 0.19465 -0.17395 0.05555 0.27923 0.16470 0.05761 0.71617 0.66246 0.05136 -0.38356 -0.27525 0.06942 -0.24310 -0.69742 0.14545 0.36238 0.38891 0.29542 1.38871 -1.01563 -1.16467 -1.04745 0.11910 0.20573 1.20945 
-0.11722 -0.18757 0.16165 -0.03416 0.46277 -0.31693 0.54564 0.14744 0.35705 -0.17366 -0.12439 -0.66831 0.33476 -0.13602 -0.12572 0.08387 0.12554 0.14214 0.45318 1.12358 -0.66710 -0.79143 0.29603 -0.26148 0.24102 0.88837 -0.06860 -0.28791 0.53431 -0.32926 -0.33039 -0.57509 -0.69335 -1.10461 -0.45090 -0.00329 0.61940 0.95710 0.66795 
-0.16602 -0.20784 0.11868 -0.24383 0.14277 0.10824 1.16109 -0.53399 -0.41029 0.12911 -0.06752 -0.06749 1.09786 -0.08030 -0.09327 0.36036 -0.27371 -0.05116 -0.41039 -0.63573 -0.38844 0.21156 0.04808 0.23585 0.68185 0.73737 0.07423 -0.19397 0.13111 0.18357 1.12078 -1.38284 -2.69335 0.97975 1.79523 -1.24007 0.01338 -1.00630 -2.13745 
-0.19752 -0.28083 0.52201 -0.30787 0.41160 -0.72732 -0.09010 -0.24100 0.56861 -0.12559 0.11146 0.01354 1.07214 -0.06178 -0.31969 0.21498 0.30911 1.26292 -0.92966 -1.56977 0.31265 1.00380 -0.94404 -0.24810 -0.76528 -1.24908 -0.07977 -0.42346 -0.80673 0.41153 0.45825 0.61116 1.74420 1.01749 -0.42721 -0.50322 0.09026 -0.71169 -1.14582 
-0.22781 -0.52753 0.33366 0.06528 1.40569 -0.82142 -0.40868 -0.22134 0.59351 -0.81493 -0.31562 -0.83277 -0.15123 -0.16007 -0.51673 -0.44637 0.13782 0.40708 0.20077 1.10847 0.62905 -0.21566 -0.45515 0.32611 -0.02984 -0.40845 0.13788 0.45523 -0.45135 -0.52231 -1.74805 1.26924 2.83204 0.14857 -1.38606 0.98320 0.99050 0.92440 0.99511 
-0.35759 -0.79756 0.07564 -0.17005 0.81868 -0.52656 1.01837 0.38805 0.35295 -0.58074 0.43757 -0.01630 0.66368 0.07609 0.13554 -0.23637 -0.21320 -0.48513 0.33958 1.26227 0.46122 -0.38226 0.03916 0.74240 0.15912 -0.25398 0.50974 1.07290 0.58657 -0.25056 -0.81240 -0.50764 -2.72578 -1.99337 0.32467 0.35942 -0.64905 0.02815 0.57973 
-0.15171 -0.39199 0.09730 -0.14792 0.92056 -0.48184 0.85359 0.23987 0.21125 -0.77578 0.42678 -0.67365 -0.40521 0.34967 0.55617 0.14020 -0.11275 -0.40532 -0.30687 -1.61731 -1.36431 0.10902 -0.09573 -0.32295 -0.00169 0.17127 -0.07979 -0.04638 0.92055 0.66915 0.40461 -0.07882 -1.53804 -0.77404 1.00823 0.51559 -1.18473 0.03760 1.50270 
-0.00792 -0.24139 0.21584 -0.28280 0.41337 -0.83342 -0.59894 -0.97626 0.46197 -0.67646 0.11462 -0.01799 0.83496 -0.00370 0.08916 0.68418 0.45595 -0.08051 0.26076 -0.27577 -0.31283 0.62597 0.55475 -0.44233 0.19672 1.24872 -0.46905 -0.52134 -0.11036 0.30891 0.90801 0.90804 2.75217 2.14735 -0.31050 0.54193 0.52978 -0.18088 -0.57008 
-0.15541 -0.30283 0.78148 0.30803 0.84005 -0.22108 0.57783 -0.07296 0.83723 -0.22103 -0.01555 -0.47693 0.84351 -0.11938 0.03484 0.02984 0.19617 0.50269 0.60118 1.13486 0.78304 -0.20148 0.44620 0.20683 -0.18256 -0.39881 0.18412 0.02231 -1.63502 -0.91221 -0.54131 -0.20306 0.33371 0.08362 -1.29157 -0.55400 0.15045 0.36469 -1.90571 
-0.12729 -0.20655 0.24568 -0.08663 0.91606 -0.23225 0.53592 -0.19323 0.26049 -0.23026 0.32145 -0.20056 0.43615 0.18043 0.11147 -0.95084 -0.45626 -0.62182 0.05770 0.05794 -0.22920 -0.66560 0.00075 -0.29189 0.56141 -0.65699 0.19156 0.09845 -0.35633 -0.09741 -1.26383 -0.54992 -1.46124 -0.88436 0.12065 -0.54809 -0.24383 0.05946 0.25561 
0.02502 -0.19136 -0.16936 -0.14823 0.21823 -0.16338 0.63577 -0.30216 0.17162 -0.22028 -0.30744 0.08447 0.18652 0.07218 0.13328 -0.32649 0.09876 -0.76113 0.05125 -0.32637 -0.10133 -0.08083 -0.10189 -0.03700 -0.12310 -0.14320 -0.25945 0.02535 1.12839 0.44004 0.51134 0.07638 -0.15527 0.58758 0.73288 0.16924 0.54903 -1.03673 1.04376 
-0.05512 -0.07326 -0.08081 0.01213 0.15492 -0.18100 0.20955 -0.29456 0.17965 -0.33215 0.28445 -0.32366 0.29295 -0.07903 0.13681 0.17755 -0.01622 -0.11048 0.13408 -0.09733 0.35838 0.06727 0.16998 0.25715 -0.47532 0.38676 -0.09557 -0.14025 0.53412 -0.14788 0.61774 -0.06902 0.21205 0.22269 -0.02717 0.30840 -0.14429 0.38209 -0.01544 
-0.05401 -0.05455 0.00819 -0.16445 0.10775 -0.02930 0.53844 0.05622 0.23890 -0.05030 -0.05029 -0.39084 0.57328 -0.02339 -0.00696 0.20763 -0.04912 -0.14339 -0.01777 -0.11432 0.12137 -0.10800 0.20651 -0.18129 0.25899 -0.15863 0.13646 -0.11329 -0.21500 0.00679 0.17578 -0.15168 -0.12020 -0.59660 -0.34490 -0.33173 -0.40612 0.76492 -0.94979 
-0.07851 -0.08022 0.12682 -0.03699 0.01153 -0.19876 0.09523 -0.17319 0.07165 -0.12564 0.10315 -0.06467 0.13432 0.05743 0.02352 -0.03745 -0.00943 0.06530 -0.01760 -0.21753 -0.23822 -0.27762 -0.16175 -0.14898 0.28960 -0.56303 0.09680 0.04865 -0.28064 0.05095 0.25663 0.16231 -0.03209 0.07207 0.12360 -0.26190 0.17963 -0.35306 0.26647 
0.00342 -0.03103 -0.02926 -0.17388 0.17304 -0.04690 0.32091 -0.18200 -0.03873 -0.21205 -0.19927 -0.10124 0.01025 0.07342 0.04169 -0.07301 0.00184 0.11323 0.14455 -0.14641 0.19344 0.01560 -0.05539 -0.00166 -0.09407 0.10784 -0.05169 -0.06683 0.13932 0.14478 -0.18930 -0.01099 0.07873 0.25190 0.33733 0.09442 0.25669 -0.29820 0.62651 
-0.00509 -0.03853 0.05381 -0.03515 0.12476 -0.05422 -0.05118 0.02025 0.08725 -0.18103 0.10149 -0.15874 0.24216 0.00574 -0.04330 0.10187 0.13535 -0.12400 -0.02859 -0.13880 0.01369 0.05970 -0.06734 0.10771 -0.00860 0.06349 -0.03383 -0.04167 0.07612 -0.01748 -0.10409 -0.13628 0.35277 -0.33290 0.00939 0.13996 -0.01069 0.13042 -0.19732 
0.00917 -0.07433 0.07262 -0.03853 0.04904 -0.07550 0.18211 -0.16831 0.02098 -0.27939 -0.09155 -0.10984 0.07374 0.03958 0.00002 0.00311 -0.01564 0.00915 0.00826 0.20635 -0.13946 0.02499 0.08457 -0.01235 0.03635 -0.08948 -0.02605 0.06464 -0.07784 -0.12116 0.09228 0.08605 0.03670 0.00385 0.03470 0.29112 -0.04756 0.02251 0.19648 
0.03449 -0.03851 0.05692 -0.05079 0.13391 -0.04595 0.15517 -0.11922 0.11224 -0.09646 0.08914 -0.12238 0.15268 -0.02031 0.02133 0.02403 0.01419 -0.03172 0.05746 -0.10210 0.01753 0.09440 0.22378 0.06015 0.01391 0.25996 -0.06040 0.01182 -0.01563 0.03285 -0.09424 -0.02617 -0.26675 0.17925 -0.07416 -0.05078 0.00874 0.03065 0.05885 
-0.01114 -0.05300 0.09665 -0.02434 0.01732 -0.01804 0.08001 -0.15078 0.11538 -0.05561 -0.03140 -0.09593 0.33370 -0.02082 0.01184 -0.01252 0.01721 -0.08509 -0.01791 -0.06040 0.03979 -0.04918 0.03379 -0.00361 0.06701 -0.03064 0.04093 0.01012 -0.07278 -0.02756 0.08823 -0.08890 0.13345 0.04322 -0.15941 -0.24215 0.02347 0.02605 -0.49067 
0.01367 -0.02667 0.04440 -0.03357 0.04882 -0.06386 0.09477 -0.07943 0.06306 -0.06267 0.08553 -0.05538 0.12205 0.02063 0.03145 -0.04874 -0.01337 0.05650 -0.03144 0.03136 0.06075 -0.06501 -0.01836 0.08362 0.03996 -0.23071 0.01699 -0.02701 0.04084 -0.01740 0.08526 0.05170 0.04237 -0.06140 0.06129 -0.04521 -0.05583 -0.08417 0.08234 
