-0.01710 -0.03081 0.10979 -0.10195 -0.01875 -0.01639 0.21800 -0.20833 0.07530 -0.07968 0.13202 -0.06333 0.16716 -0.34640 -0.89535 0.99269 0.64590 -0.31181 -0.27076 2.23054 -0.99164 -0.07054 0.61054 0.70601 -0.46544 0.11151 -0.28638 -0.84206 1.39807 0.04030 -0.20842 -0.19596 3.56418 -1.01410 0.38919 1.59833 0.98635 -0.50417 0.04562 
-0.33457 -0.91595 1.04252 0.51471 -0.24878 -0.30364 2.35263 -1.06707 -0.02854 0.47715 0.77187 -0.50588 0.23621 -0.33263 -0.83700 1.41113 0.10872 -0.30121 -0.16166 3.60566 -1.07363 0.38482 1.72111 0.96876 -0.48550 0.06022 0.68182 1.79238 -1.96178 -1.32525 0.62506 0.53501 -4.38990 1.94042 0.12968 -1.13736 -1.47637 0.95705 -0.23975 
-0.34973 -0.86781 1.52091 0.00677 -0.31996 -0.17806 3.82366 -1.28196 0.46012 1.64143 1.10078 -0.54882 0.22738 0.33541 0.89703 -0.96909 -0.67936 0.31325 0.26426 -2.15937 0.94878 0.05913 -0.52682 -0.77036 0.49160 -0.12824 0.69808 1.68418 -2.87112 -0.21612 0.66486 0.31033 -7.31559 2.26029 -0.79438 -3.47627 -1.98467 0.98602 -0.18467 
0.00084 -0.01892 0.07344 -0.16464 0.06447 -0.03938 0.19326 -0.11829 0.03060 -0.04966 0.00151 -0.01428 0.10797 0.36544 0.84718 -1.46000 -0.10740 0.36365 0.14867 -3.70993 1.18666 -0.40956 -1.75516 -1.01591 0.50052 -0.12445 -0.32124 -0.89878 0.95980 0.73318 -0.32836 -0.25768 2.08734 -0.92603 -0.04245 0.47722 0.84052 -0.51926 0.11500 
0.01571 -0.02063 0.06092 -0.10063 0.04369 -0.02939 0.11373 -0.09530 0.05056 -0.11374 0.08488 -0.04830 0.10294 0.01417 -0.00174 -0.00929 0.05383 -0.01511 0.00657 -0.07202 0.02275 0.01668 -0.04960 0.07016 -0.02766 -0.01324 -0.36414 -0.84714 1.45853 0.10464 -0.35985 -0.15062 3.70802 -1.17992 0.40694 1.75377 1.01864 -0.49905 0.11456 
0.01501 -0.02066 0.06415 -0.11082 0.04936 -0.03281 0.12124 -0.09555 0.04728 -0.09926 0.07167 -0.04193 0.09472 0.00130 0.00004 -0.00147 -0.00275 0.00380 -0.00195 -0.00191 0.00674 -0.00261 -0.00140 0.00273 0.00147 -0.00988 -0.01412 0.00317 0.00439 -0.05184 0.01737 -0.00796 0.06981 -0.01719 -0.01789 0.04308 -0.06240 0.02599 0.01013 
0.01701 -0.02058 0.05945 -0.10338 0.04749 -0.03134 0.11181 -0.08857 0.04795 -0.11513 0.08760 -0.04683 0.09306 0.00005 0.00143 -0.00490 0.00199 0.00226 -0.00139 -0.00221 0.00556 -0.00121 -0.00651 0.00776 -0.00167 -0.00311 -0.00120 0.00011 -0.00001 0.00677 -0.00592 0.00319 -0.00071 -0.00679 0.00390 -0.00414 0.00236 -0.00399 0.01341 
0.01506 -0.01923 0.05925 -0.10883 0.05162 -0.03419 0.11903 -0.08998 0.04607 -0.10577 0.07943 -0.04360 0.09161 0.00011 0.00016 -0.00148 0.00402 -0.00212 0.00124 -0.00262 -0.00005 0.00129 -0.00554 0.00509 -0.00252 0.00353 0.00201 -0.00263 0.00363 0.00748 -0.00851 0.00547 -0.00763 -0.00419 0.00437 -0.00839 0.00551 -0.00408 0.00808 
0.01712 -0.02043 0.05797 -0.09937 0.04537 -0.03011 0.10919 -0.08861 0.04923 -0.12067 0.09269 -0.04935 0.09659 0.00206 -0.00120 -0.00127 0.00947 -0.00625 0.00409 -0.00984 0.00137 0.00316 -0.01490 0.01327 -0.00575 0.00497 -0.00022 -0.00032 0.00295 -0.00803 0.00424 -0.00247 0.00524 0.00010 -0.00257 0.01108 -0.01017 0.00504 -0.00706 
0.01712 -0.02043 0.05797 -0.09937 0.04537 -0.03011 0.10919 -0.08861 0.04923 -0.12067 0.09269 -0.04935 0.09659 -0.00011 -0.00016 0.00148 -0.00402 0.00212 -0.00124 0.00262 0.00005 -0.00129 0.00554 -0.00509 0.00252 -0.00353 -0.00211 -0.00024 0.00618 -0.01145 0.00399 -0.00270 0.01205 -0.00693 -0.00196 0.02142 -0.02102 0.00741 -0.00186 
0.01701 -0.02058 0.05945 -0.10338 0.04749 -0.03134 0.11181 -0.08857 0.04795 -0.11513 0.08760 -0.04683 0.09306 -0.00005 -0.00143 0.00490 -0.00199 -0.00226 0.00139 0.00221 -0.00556 0.00121 0.00652 -0.00776 0.00167 0.00311 -0.00280 -0.00029 -0.00367 0.00547 0.00667 -0.00413 -0.00870 0.00582 0.00500 -0.00385 -0.00896 -0.00186 0.01458 
0.01707 -0.02186 0.06287 -0.10135 0.04312 -0.02872 0.11140 -0.09417 0.05044 -0.11416 0.08493 -0.04768 0.09970 -0.00291 -0.00045 -0.00220 0.00146 0.00879 -0.00536 -0.00608 0.00587 0.00372 0.00169 -0.01404 0.00066 0.01105 0.00701 -0.01035 0.03238 -0.04581 0.05102 -0.02814 0.07559 -0.05020 0.02207 -0.08747 0.04454 -0.04211 0.03287 
0.01411 -0.02103 0.05725 -0.10193 0.05628 -0.03671 0.10573 -0.08270 0.05166 -0.11345 0.07356 -0.04617 0.10411 0.00696 -0.01178 0.03728 -0.04780 0.04877 -0.02675 0.07780 -0.05576 0.02328 -0.08095 0.03678 -0.04044 0.03598 0.00581 0.00090 0.00439 -0.00291 -0.01757 0.01073 0.01217 -0.01173 -0.00743 -0.00337 0.02809 -0.00132 -0.02210 
0.02403 -0.03364 0.10016 -0.14915 0.09188 -0.05547 0.18920 -0.14994 0.07372 -0.19511 0.12171 -0.08813 0.13568 0.00291 0.00045 0.00220 -0.00146 -0.00879 0.00536 0.00608 -0.00587 -0.00372 -0.00169 0.01404 -0.00066 -0.01105 -0.00487 0.01113 -0.03704 0.03069 -0.07967 0.03811 -0.07587 0.03336 -0.01293 0.07751 -0.00822 0.04312 -0.00158 
0.01701 -0.02058 0.05945 -0.10338 0.04749 -0.03134 0.11181 -0.08857 0.04795 -0.11513 0.08760 -0.04683 0.09306 0.00210 -0.00066 0.00024 -0.01710 -0.03090 0.01136 0.00193 -0.02240 0.01034 -0.00344 0.02856 0.00268 0.03440 -0.00238 -0.00075 -0.00252 0.00389 0.00718 -0.00432 -0.00860 0.00621 0.00453 -0.00214 -0.01064 -0.00081 0.01232 
0.02613 -0.03430 0.10040 -0.16625 0.06098 -0.04411 0.19113 -0.17234 0.08406 -0.19855 0.15028 -0.08545 0.17007 0.00053 -0.00031 -0.00033 0.00243 -0.00160 0.00105 -0.00252 0.00035 0.00082 -0.00383 0.00340 -0.00147 0.00127 -0.01450 0.01346 -0.04251 0.08587 0.02263 -0.00327 -0.07786 0.09944 -0.03865 0.09277 -0.11431 0.03926 -0.09709 
0.01754 -0.02089 0.05912 -0.10095 0.04589 -0.03029 0.10929 -0.08822 0.04876 -0.11896 0.09101 -0.04830 0.09432 -0.01241 0.01281 -0.04226 0.06877 -0.00827 0.00809 -0.07593 0.07703 -0.02830 0.08932 -0.08574 0.04194 -0.06270 -0.00053 0.00031 0.00033 -0.00243 0.00160 -0.00105 0.00252 -0.00035 -0.00082 0.00383 -0.00340 0.00147 -0.00127 
0.01372 -0.02149 0.05813 -0.09748 0.05271 -0.03602 0.11520 -0.09531 0.05576 -0.10923 0.06453 -0.04351 0.10738 0.00000 0.00000 0.00000 0.00000 0.00000 0.00000 0.00000 0.00000 0.00000 0.00000 0.00000 0.00000 0.00000 0.01481 -0.01240 0.04618 -0.07348 -0.00023 -0.00165 0.07455 -0.07664 0.02265 -0.09213 0.10442 -0.04569 0.05602 
0.01754 -0.02089 0.05912 -0.10095 0.04589 -0.03029 0.10929 -0.08822 0.04876 -0.11896 0.09101 -0.04830 0.09432 0.00240 0.00040 0.00392 -0.00471 -0.00850 0.00644 -0.00138 0.00040 -0.00566 -0.00281 0.01867 -0.00375 -0.00668 -0.02231 0.00618 -0.01638 -0.00749 0.03023 -0.01292 0.02572 -0.05314 0.03224 -0.08133 0.08406 -0.01752 -0.04307 
0.01612 -0.02109 0.06205 -0.10220 0.04420 -0.02958 0.11382 -0.09491 0.05010 -0.11204 0.08321 -0.04726 0.10070 -0.02231 0.00618 -0.01638 -0.00749 0.03023 -0.01292 0.02572 -0.05314 0.03224 -0.08133 0.08406 -0.01752 -0.04307 0.01061 -0.01459 0.02944 -0.06526 0.04030 -0.02789 0.05795 -0.04642 0.03289 -0.09139 0.05459 -0.03336 0.05786 
-0.00477 -0.01472 0.04274 -0.10845 0.07612 -0.04322 0.13501 -0.14136 0.08101 -0.20029 0.17507 -0.06582 0.05125 0.01301 -0.01419 0.03335 -0.06997 0.03180 -0.02144 0.05657 -0.04602 0.02723 -0.09420 0.07326 -0.03711 0.05118 0.04443 -0.01432 0.02925 0.02553 -0.05657 0.02274 -0.05928 0.10882 -0.05754 0.15654 -0.17795 0.03463 0.09719 
0.02914 -0.03528 0.09541 -0.17217 0.07600 -0.05102 0.17039 -0.14093 0.07733 -0.20624 0.15647 -0.08437 0.15188 0.02212 -0.00814 0.01287 0.01804 -0.02635 0.00982 -0.03357 0.05568 -0.02530 0.07522 -0.09389 0.01711 0.05412 -0.02667 0.02977 -0.06837 0.13172 -0.05567 0.03809 -0.10783 0.09736 -0.05895 0.19638 -0.15199 0.07893 -0.11371 
0.01735 -0.02286 0.05562 -0.09041 0.04977 -0.03340 0.10144 -0.08568 0.05571 -0.12507 0.08117 -0.04871 0.10538 -0.01366 0.01558 -0.03501 0.06175 -0.02387 0.01664 -0.05126 0.05134 -0.03172 0.10218 -0.07872 0.04182 -0.06253 -0.02192 0.01011 -0.00937 -0.02858 0.02247 -0.00671 0.04142 -0.05821 0.01836 -0.06911 0.10373 -0.01670 -0.06518 
0.01548 -0.01969 0.06039 -0.11042 0.05214 -0.03438 0.11913 -0.08959 0.04560 -0.10406 0.07774 -0.04255 0.08935 0.00019 0.00197 0.00350 -0.01054 -0.00388 0.00311 0.00785 -0.00254 -0.00694 0.00611 0.00984 0.00041 -0.01105 0.01652 -0.04047 0.05324 -0.06975 0.05614 -0.03669 0.06017 -0.07625 0.08177 -0.23053 0.14453 -0.10479 0.12768 
0.01754 -0.02089 0.05912 -0.10095 0.04589 -0.03029 0.10929 -0.08822 0.04876 -0.11896 0.09101 -0.04830 0.09432 0.00286 -0.02488 0.01823 -0.00800 0.03228 -0.02005 0.00891 -0.02490 0.05004 -0.12835 0.06581 -0.06298 0.06516 0.00465 -0.01009 0.03578 -0.04678 0.02955 -0.02468 0.07436 -0.06090 0.05512 -0.04789 0.09358 -0.02638 0.07600 
0.01834 -0.04458 0.07862 -0.11842 0.08441 -0.05443 0.12804 -0.11449 0.09564 -0.23242 0.14355 -0.10553 0.15451 0.00484 -0.00812 0.03929 -0.05733 0.02567 -0.02157 0.08221 -0.06344 0.04818 -0.04178 0.10341 -0.02596 0.06495 -0.00891 0.04590 -0.02473 0.03160 -0.08330 0.04780 -0.00753 0.02856 -0.09459 0.26030 -0.12952 0.11558 -0.09772 
0.02238 -0.02901 0.09840 -0.15828 0.07156 -0.05187 0.19151 -0.15166 0.09694 -0.16074 0.19442 -0.07426 0.15927 -0.00604 0.02101 -0.00650 0.02361 -0.05102 0.02775 0.00138 0.00366 -0.04454 0.13195 -0.06371 0.05260 -0.03256 -0.01057 0.01573 -0.07596 0.11584 -0.05464 0.04491 -0.16242 0.12053 -0.09421 0.08664 -0.21122 0.05149 -0.12226 
0.01230 -0.02357 0.07212 -0.09481 0.03339 -0.02668 0.12942 -0.11084 0.05110 -0.10046 0.07985 -0.05293 0.12194 -0.00573 0.00762 -0.03668 0.05851 -0.02896 0.02333 -0.08020 0.05709 -0.04603 0.04487 -0.10781 0.02553 -0.05731 0.01076 -0.01803 -0.00617 -0.03218 0.06513 -0.03242 -0.01899 0.01861 0.04139 -0.14662 0.07146 -0.04650 0.00367 
0.01665 -0.02140 0.06172 -0.09977 0.04260 -0.02853 0.11130 -0.09457 0.05091 -0.11587 0.08661 -0.04873 0.10196 0.00471 0.00298 -0.01267 -0.00858 0.01410 -0.00466 -0.01761 0.02227 -0.00315 -0.01467 0.00776 0.00610 -0.02889 0.00414 -0.00545 0.03420 -0.06758 0.03799 -0.02900 0.08793 -0.05251 0.04119 -0.03477 0.10062 -0.02040 0.04696 
0.01701 -0.02058 0.05945 -0.10338 0.04749 -0.03134 0.11181 -0.08857 0.04795 -0.11513 0.08760 -0.04683 0.09306 -0.00159 0.00216 -0.00248 -0.00906 0.00902 -0.00566 0.00773 0.00458 -0.00484 0.01010 -0.00719 0.00513 -0.01035 -0.00378 -0.00997 0.01064 -0.03047 -0.00847 -0.01040 0.02653 -0.05463 0.00182 -0.02567 -0.01144 -0.01946 0.01975 
0.01506 -0.01923 0.05925 -0.10883 0.05162 -0.03419 0.11903 -0.08998 0.04607 -0.10577 0.07943 -0.04360 0.09161 0.00094 -0.00699 -0.00203 -0.03905 0.00563 -0.01507 0.00892 -0.03236 -0.00133 -0.04034 -0.00369 -0.01336 -0.00914 0.00407 -0.00382 0.00235 0.01694 -0.01475 0.00956 -0.01747 -0.00282 0.00753 -0.02328 0.01877 -0.00983 0.01305 
0.01795 -0.02757 0.05742 -0.14243 0.05313 -0.04641 0.12073 -0.12093 0.04662 -0.15547 0.08392 -0.06019 0.08392 0.00248 -0.00166 -0.00013 0.00788 -0.00573 0.00390 -0.00974 0.00177 0.00269 -0.01319 0.01158 -0.00470 0.00271 -0.00176 0.01413 0.00258 0.08211 -0.01338 0.03137 -0.02046 0.06467 0.00395 0.07514 0.01246 0.02420 0.02181 
0.01754 -0.02089 0.05912 -0.10095 0.04589 -0.03029 0.10929 -0.08822 0.04876 -0.11896 0.09101 -0.04830 0.09432 -0.00083 0.00715 0.00055 0.04306 -0.00775 0.01631 -0.01154 0.03231 0.00262 0.03480 0.00877 0.01084 0.01267 0.00811 -0.01123 0.03170 -0.07203 0.03405 -0.02472 0.07530 -0.05973 0.02860 -0.07880 0.05624 -0.03272 0.05920 
0.01712 -0.02043 0.05797 -0.09937 0.04537 -0.03011 0.10919 -0.08861 0.04923 -0.12067 0.09269 -0.04935 0.09659 0.01059 -0.01289 0.03157 -0.06415 0.02831 -0.02083 0.06556 -0.05797 0.03129 -0.09199 0.06783 -0.03742 0.06190 -0.00113 -0.00961 0.00154 -0.03899 0.01124 -0.01829 0.00286 -0.03133 0.00384 -0.03384 -0.02412 -0.01131 0.00393 
0.02813 -0.03378 0.09069 -0.16510 0.07421 -0.05112 0.17485 -0.14619 0.08006 -0.21095 0.15884 -0.08572 0.15623 -0.00195 -0.00246 0.00209 0.00407 0.00349 -0.00199 -0.00867 0.00099 0.00645 0.00096 -0.01535 -0.00048 0.01660 -0.02792 0.02131 -0.05072 0.09945 -0.06244 0.04868 -0.08503 0.08899 -0.06615 0.18819 -0.16858 0.08512 -0.09226 
0.01517 -0.02289 0.06006 -0.09529 0.04886 -0.03209 0.10052 -0.08763 0.05569 -0.11971 0.07734 -0.04982 0.11319 -0.01733 0.00842 -0.01915 0.03530 -0.03413 0.02786 -0.01947 0.03103 -0.03486 0.09621 -0.10075 0.04770 -0.03036 0.77119 -2.10501 -1.37064 1.21345 0.94148 -1.99359 -1.60447 -0.53413 -2.49833 -1.93430 0.33389 -0.89122 1.41856 
0.01081 -0.02536 0.07154 -0.12980 0.04008 -0.02326 0.15538 -0.11516 0.04520 -0.11474 0.05808 -0.03802 0.12587 0.76924 -2.10748 -1.36855 1.21753 0.94497 -1.99558 -1.61314 -0.53314 -2.49188 -1.93334 0.31854 -0.89170 1.43516 0.14307 -2.19388 1.58111 -1.89369 1.66850 -2.39331 -0.53553 -1.24996 -2.22957 -0.40924 0.59186 -1.73395 1.95837 
0.78441 -2.13037 -1.30849 1.12223 0.99383 -2.02767 -1.51262 -0.62077 -2.43619 -2.05305 0.39588 -0.94152 1.54835 0.12575 -2.18546 1.56196 -1.85838 1.63437 -2.36545 -0.55500 -1.21893 -2.26443 -0.31304 0.49111 -1.68625 1.92802 -1.97153 1.80554 6.11177 -4.33013 -0.31009 1.92894 2.28198 -0.14920 3.40343 3.54468 0.36576 0.11202 -0.71369 
0.13655 -2.21082 1.63350 -1.98818 1.67445 -2.38871 -0.39962 -1.33409 -2.21923 -0.42778 0.54919 -1.72426 2.05389 -1.20229 -0.30194 4.74323 -3.11261 0.63487 -0.06664 0.66884 -0.68235 0.91156 1.61134 0.68430 -0.77968 0.72148 -0.94986 1.43845 -0.37397 0.74628 -1.27352 3.56625 1.29745 1.96091 3.40638 -1.08883 -0.30283 1.56106 -2.81238 
-0.41788 -2.43231 3.43474 -1.99037 1.62870 -2.09431 -0.84379 -1.30311 -1.52463 -0.44170 1.08018 -1.72121 2.26983 -0.82411 -0.74701 1.18799 -1.11211 0.36085 1.20080 0.74245 0.74198 1.14195 -1.40187 0.18827 -0.12519 -0.88437 1.29983 -0.22392 -5.73862 2.74725 0.01843 1.21636 1.04606 1.73879 -0.51636 -2.05384 -0.58777 1.10575 -1.38459 
-0.68756 -2.95783 2.82149 -3.10029 2.03530 -1.18792 0.34283 -0.59211 -1.07727 -1.82965 0.73746 -1.84945 1.16952 0.09755 -0.52586 -0.99539 -0.36536 0.65330 1.14972 1.71490 1.05644 0.39520 -0.44250 0.09653 0.32607 -0.66311 1.04535 0.36980 -2.72223 1.91028 -0.09161 -0.88717 -1.38933 -0.43989 -0.53362 3.57460 0.02957 0.37214 1.59446 
-0.32033 -2.95817 2.43935 -2.35573 2.28200 -0.94459 0.87111 -0.24667 -1.12943 -0.88420 1.17671 -1.39514 1.60671 0.22124 -0.37721 -1.53424 0.79817 0.26924 0.31362 -0.64688 0.30209 0.60833 2.17273 0.21785 0.24695 0.71009 -0.23263 -0.04133 -1.11313 1.01817 -0.98675 -1.07408 -2.57494 -1.56305 -0.16280 0.41754 -0.29563 -0.12720 0.55945 
-0.46632 -3.33504 1.28725 -2.30211 2.30453 -0.87430 -0.30406 -0.29002 -0.46894 0.34308 0.95531 -1.60249 1.87961 -0.13509 -0.56719 -2.10852 0.65281 -0.33345 0.07564 -0.86004 -0.50661 0.23240 -0.02495 -0.19909 0.19886 -0.10367 0.32853 0.69981 1.05111 1.42396 -0.59646 -0.30990 0.07228 -0.64848 -0.76951 -1.51297 0.70263 0.23911 -0.73739 
-0.45542 -3.52536 0.33083 -1.70292 1.94856 -0.86895 0.01107 -0.75328 -0.89703 -0.90916 0.97762 -1.19628 1.50305 0.54976 0.32260 -0.48313 2.22214 -0.32723 0.00372 -0.57461 -0.34639 -0.16118 0.65976 0.92047 0.48606 -0.02730 1.02164 1.21875 1.20935 1.71297 0.23691 -0.06470 0.01664 0.88000 0.39456 2.46929 1.36582 -0.23507 0.02340 
0.08344 -3.01245 0.80413 -0.07997 1.97731 -0.87058 -0.87866 -0.63641 -0.63013 1.00284 1.87578 -1.11643 1.85231 0.88655 0.65156 -0.89917 2.36578 -0.09654 0.01094 -0.84340 0.37339 0.62697 2.44433 1.16673 -0.03621 -0.08027 0.94092 1.09047 -0.16400 0.35019 -0.00265 -0.34079 -1.03124 -1.71439 -0.57521 -3.82281 -2.99114 -1.57072 -2.77273 
0.43114 -2.87380 -0.56834 0.66286 1.85202 -0.85801 -0.83232 -0.37989 -0.27006 1.53517 2.14434 -1.23249 1.42278 1.49068 1.41306 -0.64713 2.57233 -0.32987 -0.33707 -1.60585 -2.06078 -0.73640 -3.16305 -2.07066 -1.08465 -2.80003 0.92028 0.59071 0.95249 -1.25230 -0.10228 -0.57092 0.68480 -4.46904 -2.82692 -4.57267 -3.43719 -1.08846 -0.83251 
1.57412 -1.59938 0.15700 2.49236 1.64743 -1.20765 -2.48451 -2.69719 -1.36652 -2.16020 -0.19488 -2.20109 -0.94772 1.80683 1.24227 0.05333 1.11348 -0.19882 -0.55998 -0.15859 -4.09565 -2.19995 -2.12834 -2.27047 -1.12467 -0.91278 -0.77483 -1.92902 -0.42546 -3.51415 -0.34800 -0.35456 3.38281 1.03171 0.22374 5.76579 1.61699 0.79674 3.45177 
2.23797 -1.63152 -0.51501 1.77634 1.65320 -1.41798 -0.99091 -4.47554 -2.47001 -0.59316 -0.12612 -2.35716 0.51000 0.71585 -0.51596 -1.07258 -0.94182 -0.67787 -0.69163 1.77697 -1.02907 -0.51266 2.60275 -0.45368 -0.28791 0.65174 -1.71694 -1.73926 0.25920 -1.49109 -0.46349 0.01630 1.25790 6.13572 2.72230 3.41675 2.57770 1.04451 0.51657 
2.28997 -2.11534 -0.91558 1.55053 0.96956 -1.89928 -0.70755 -3.72626 -1.87918 0.44254 -0.64856 -2.48900 -0.29598 0.08989 -0.49699 0.31253 -0.37761 -0.66231 -0.54368 1.09931 2.04007 0.52235 1.28841 0.30724 -0.08016 -0.39620 -0.77778 0.47137 0.95943 -0.36797 0.43814 0.41948 -1.39016 1.53949 0.22814 -2.79868 0.64961 0.37253 -0.47363 
2.32785 -2.12851 -0.20248 1.39874 0.99090 -1.96166 0.10840 -2.43547 -1.94766 0.69524 0.18111 -2.43732 0.11380 -0.06193 -0.04459 -0.11315 -1.30979 -0.23974 -0.27215 0.38681 0.51042 -0.28452 -0.19593 0.19593 0.08462 0.17811 -0.13022 0.33668 -0.94566 -0.20074 0.57143 0.43530 -0.95569 -2.05835 -1.03025 -1.15785 -0.36950 -0.13914 0.73563 
2.22805 -2.15993 -1.02873 0.24074 0.72983 -2.17142 -0.32074 -3.21584 -2.16370 0.24661 -0.45263 -2.40439 -0.11787 -0.04033 -0.16031 -0.63313 -0.57835 -0.09087 -0.10838 0.14362 -0.01829 -0.50790 0.13055 -0.06227 -0.21930 0.33942 0.01884 -0.01694 -0.11751 0.54472 0.21921 0.27106 -0.67452 -0.27285 -0.05574 -0.28725 -0.06149 -0.13142 -0.36627 
2.28752 -2.28882 -0.83561 0.82039 0.90003 -2.07004 0.25202 -2.45376 -2.45556 0.82580 0.11885 -2.65662 0.45322 -0.04308 -0.06152 -0.23067 -0.76507 -0.02053 -0.00109 -0.28772 0.23756 -0.34025 -0.48319 0.13445 -0.04681 -0.18815 0.14555 0.42030 0.55423 0.12875 0.39022 0.20250 0.33102 -0.09059 0.76799 -0.21414 0.42356 0.74619 -0.89791 
2.18496 -2.22145 -1.25940 -0.52433 0.70930 -2.17251 -0.60845 -2.97828 -2.50395 -0.23658 -0.31818 -2.45119 -0.30602 0.10521 0.25999 -0.07890 -0.44960 0.29935 0.09412 0.47464 -0.10888 0.26009 -0.08359 0.36129 0.52689 -0.55849 0.18894 0.34035 0.53013 1.49932 0.56345 0.03957 2.01802 0.12283 0.58865 1.84794 0.24448 0.39364 0.49696 
2.39273 -2.02883 -0.91451 0.37079 1.19937 -1.97592 0.72666 -2.56264 -2.19547 0.74221 0.48014 -2.12973 -0.10527 0.14586 0.27882 0.29947 0.73425 0.54292 0.03848 1.73031 0.36040 0.24840 1.36475 0.37893 0.34683 0.30881 -0.34868 -0.22740 -0.10052 -0.53107 -0.45876 -0.24147 -1.15607 -0.27662 -0.29111 -0.75270 -0.53968 -0.75001 0.78378 
2.33082 -1.94263 -0.95993 0.20992 1.25222 -2.13403 1.12186 -2.61788 -2.25556 1.12817 0.06075 -2.10436 0.00279 -0.24347 0.03258 -0.17942 -0.98066 -0.15941 -0.14735 -0.68143 -0.38549 -0.03101 -0.83629 -0.17838 -0.22313 0.22530 -0.40475 -0.26218 0.10590 -2.20878 -0.48022 -0.01599 -3.31782 0.14083 -0.25938 -2.80873 0.34628 -0.69910 0.28761 
2.14926 -1.99625 -1.09394 -0.60988 1.03996 -2.12327 0.04523 -2.94813 -2.22648 -0.09408 0.30176 -2.35286 0.12003 -0.25889 0.01664 0.40537 -1.47452 0.06270 0.02249 -1.58752 0.50122 -0.01098 -1.44398 0.72521 -0.35227 0.59641 0.14105 -0.05623 0.67272 -0.31895 0.21488 0.21203 -0.34261 0.80187 -0.15598 0.37101 0.66391 -0.04987 0.46629 
2.07193 -1.92599 -0.55456 -1.26460 1.31492 -2.11154 -0.46566 -2.11666 -2.26654 -0.31581 0.78596 -2.45664 0.59920 -0.10242 -0.02364 0.49330 -1.29961 0.05547 0.06468 -1.02403 0.41638 -0.18699 -0.46528 0.48552 -0.27300 0.69158 0.33728 0.02035 0.37061 2.11105 -0.53376 0.27872 2.07889 -0.61924 0.36006 1.85716 -0.75099 0.35742 0.38819 
2.04684 -2.01989 -0.60064 -1.90949 1.09543 -2.05859 -0.97880 -2.53175 -2.41347 -0.55936 0.78728 -2.62586 0.81161 0.07839 0.03700 0.77597 0.63653 -0.47105 0.30121 0.49137 -0.11802 0.34908 0.41318 -0.02578 0.00514 0.98460 -0.00215 -0.07469 -0.43930 1.57714 -0.71072 -0.23905 1.34029 -0.85139 0.02863 -0.40484 -0.79384 0.01349 0.11385 
2.15032 -1.88899 0.22141 -0.62807 0.84387 -1.81032 0.02571 -2.23468 -1.91745 0.09737 0.76017 -2.45149 1.58380 -0.10457 -0.09833 0.05400 0.27753 -0.65525 -0.17437 0.31625 -0.43502 -0.15837 -0.87012 -0.30832 -0.25950 0.80543 -0.07980 0.04232 -1.25589 -0.93634 0.49184 -0.33571 0.12087 -0.42958 -0.61543 -1.25693 0.38457 0.07204 -0.25791 
1.94227 -2.11822 -0.54664 -1.63196 0.44018 -2.23297 -0.66255 -2.96677 -2.57184 -1.42949 0.47896 -2.88536 1.61704 -0.00141 0.07932 -0.47991 -0.29981 0.02078 -0.03450 0.61224 -0.54760 -0.26634 -0.84375 0.35879 0.07719 0.72669 0.28458 0.33275 0.19924 -0.37140 0.65452 0.54244 0.55626 0.83611 0.12067 0.08953 1.48380 0.64167 -0.45124 
2.14891 -1.80967 -0.25850 -0.92788 0.86465 -1.84482 0.63795 -2.78228 -2.18380 -0.74638 1.11896 -2.37431 2.31049 0.18000 0.23442 0.25324 -0.09387 -0.00073 0.36807 0.87252 0.40110 -0.03769 -0.78059 1.17548 0.38217 0.35419 0.05532 -0.21256 0.46940 -0.09625 -0.22965 0.02971 -1.62742 1.29575 0.07546 -0.59480 -0.12383 -0.05903 -1.08454 
2.12228 -1.88381 -0.29340 -1.72583 0.43946 -1.86490 0.20997 -2.56567 -2.60954 -2.21008 1.65445 -2.50319 1.97124 0.05391 -0.13325 -0.01051 -0.39606 -0.20887 -0.00478 -1.01518 0.74815 -0.19088 -1.43855 0.23496 0.01816 -0.35785 -0.11422 -0.42071 -0.13123 0.69599 -0.11337 -0.34844 -1.64165 -0.03226 0.27389 0.79793 -2.06685 -0.19915 -0.65530 
2.20282 -1.94292 -0.26902 -1.32394 0.65578 -1.84960 -0.37723 -2.03412 -2.37468 -2.18493 1.35392 -2.35615 1.95265 0.06578 -0.18629 0.12201 0.60212 -0.11409 0.01963 -0.76913 0.36884 0.23620 0.01734 -0.89136 0.18302 -0.30111 -0.15595 0.06467 0.20991 0.56333 -0.07100 -0.11203 0.77495 -0.95143 0.25317 1.75683 -1.40145 -0.04302 0.35913 
2.18806 -2.07010 -0.17139 -1.12372 0.32536 -1.84527 -0.55917 -2.19683 -2.37333 -2.19274 0.76308 -2.32017 1.67013 -0.10204 -0.06857 0.19940 0.16727 -0.27987 -0.11681 -0.24023 -0.20328 0.06228 0.31828 -1.16649 -0.02486 0.00129 -0.19546 0.24347 0.47337 -0.85377 0.46270 -0.08602 1.21372 0.10837 -0.32120 1.63158 0.06404 -0.30587 1.62608 
2.10078 -2.01149 -0.06962 -1.15667 0.37591 -1.96641 -0.61746 -2.23740 -2.31240 -1.86666 0.18743 -2.38101 1.95393 -0.12968 0.05718 0.59538 -0.25165 0.34860 -0.06640 0.44459 0.47721 -0.08500 1.64892 -0.82732 -0.12285 1.32497 -0.03147 0.12453 0.71153 -0.21810 0.64184 0.32436 1.63851 0.74431 -0.41946 1.61150 0.54377 0.07642 1.33097 
2.05838 -2.01291 0.42399 -1.37537 0.67397 -1.91166 -0.11458 -1.71963 -2.45833 -0.54381 -0.06424 -2.44302 2.99509 -0.13351 0.05596 0.91093 -0.05083 0.36197 0.20755 1.39828 0.54103 -0.35717 1.92978 -0.62273 0.05156 1.33226 -0.24282 -0.02792 -0.34855 -0.81192 -0.47783 0.13904 0.35693 -0.74899 -0.59832 -2.01116 -0.68838 0.17791 -1.28968 
1.96727 -1.95553 0.84131 -1.20750 0.73789 -1.75886 0.78082 -1.69636 -2.66957 0.06313 -0.43529 -2.32945 3.28619 -0.37250 0.02926 0.24683 -1.06357 -0.12922 0.07264 0.80152 -0.27178 -0.68331 -0.36224 -1.51571 0.05506 0.03528 -0.08016 -0.07438 -0.98198 -0.08736 -0.45942 -0.32351 -0.86133 0.34701 -0.05131 -3.59318 -0.29443 -0.11738 -1.31932 
1.68589 -1.98365 0.67082 -2.43893 0.54474 -1.83902 0.68694 -1.99141 -3.14164 -0.90606 -1.57995 -2.38795 3.03038 -0.21368 -0.01843 -0.07105 -0.13819 -0.09744 -0.11596 0.53694 0.88804 -0.40848 -1.66340 -0.91715 -0.06582 0.01294 0.40179 -0.06835 -0.18599 2.08986 -0.30174 -0.13556 0.00169 1.21149 0.95311 -0.78935 2.02100 0.05292 -0.04437 
1.75359 -1.97396 0.77025 -1.34568 0.64044 -1.87483 1.31776 -0.80832 -3.07805 -1.60027 -1.35245 -2.39527 3.29913 0.02929 -0.03909 0.06084 1.02630 -0.43097 -0.06291 0.80321 0.93971 0.26980 -1.15159 0.50529 0.10799 -0.00909 0.33757 0.11261 0.04386 0.55858 -0.32707 0.24159 0.14286 -1.05417 1.17888 2.61359 1.17113 0.20788 0.13118 
1.71518 -2.02274 0.73167 -1.41264 0.11378 -1.90193 1.49015 -1.05170 -2.87184 -2.05765 -1.07466 -2.27997 3.02129 0.12389 0.09418 -0.02719 0.42040 -0.42451 0.12563 0.67980 -0.16613 0.77040 0.95019 0.25397 0.14206 0.14412 0.14964 0.32678 -0.19183 -1.27143 0.55949 0.15147 -0.47625 -1.20197 0.59073 2.75341 -1.42187 0.23097 0.46723 
1.87748 -1.87977 0.74306 -0.92529 0.21593 -1.74920 1.99756 -0.97445 -2.30765 -0.65008 -1.09847 -2.25321 3.44325 0.17893 0.28769 -0.13099 -0.24514 0.12852 0.08856 0.32696 -0.26227 0.86053 1.60182 -0.91658 0.33896 0.45814 0.15848 -0.02529 -0.33379 0.31482 -0.21347 -0.20712 -0.43928 -0.34288 -0.33019 -1.50740 -0.71973 -0.06166 -1.13942 
1.89411 -1.73505 0.60068 -1.65777 0.24230 -1.81338 1.81712 -1.31397 -2.01131 -0.45583 -1.99124 -1.94101 3.47943 0.28237 0.06889 -0.36098 0.73522 -0.63799 -0.08149 0.24052 -0.50901 0.44021 -0.55721 -0.46575 0.08041 -0.99530 0.09461 -0.41726 0.23005 1.90916 -1.05294 -0.24898 0.12283 -0.21581 -1.02822 -2.22616 1.42575 -0.48280 -1.74055 
2.15985 -1.81088 0.38208 -0.19007 -0.42206 -1.83069 2.23808 -1.48346 -1.86744 -1.20729 -1.56422 -2.17280 2.44794 0.27354 -0.12957 0.09906 1.66402 -0.92441 -0.16042 0.44979 -0.47807 -0.16769 -0.62434 0.50917 -0.14384 -1.28241 -0.33665 -0.00888 0.52822 -0.58976 0.70175 -0.24378 -0.16835 0.31838 -0.79682 0.61548 -0.00607 0.33466 1.10632 
2.16765 -1.86462 0.69974 0.00625 -0.68212 -1.97380 2.26691 -1.79204 -2.17901 -1.08017 -1.48208 -2.08485 2.19703 -0.05428 0.06002 0.16724 0.14546 0.06376 -0.32527 0.07217 -0.19062 -0.35661 0.05826 -0.47183 0.41507 0.11102 -0.18990 0.31644 -0.28780 -1.49165 0.96937 0.01517 -0.12663 1.03223 0.76469 1.78592 -0.84827 0.22293 2.03717 
2.10557 -1.75086 0.54932 -0.04461 -0.35830 -2.15596 2.31025 -1.67408 -2.22405 -1.14903 -2.03605 -1.75773 2.55896 0.08364 0.18687 -0.18874 0.17237 0.04496 -0.14526 0.32316 0.55415 0.59700 1.16158 -0.33910 0.07909 0.75477 0.18711 -0.12224 -0.07440 -0.69892 -1.08510 0.26930 0.17050 1.41514 1.20779 0.54806 0.94266 -0.75372 -0.40413 
2.25130 -1.67774 0.51100 0.17862 -0.63716 -2.11906 2.59007 -1.23789 -1.58200 0.08140 -1.82118 -2.00575 2.95179 0.13283 -0.06222 0.09284 -0.55346 -1.02134 -0.05597 0.24267 1.22452 0.85118 0.60633 0.47083 -0.33865 -0.29312 -0.28987 -0.44955 0.38185 -2.45672 -0.76053 -0.06817 -0.55200 0.57182 -0.70594 -1.60823 0.12454 -0.64024 -1.34609 
2.23840 -1.81308 0.64216 -0.59807 -1.37964 -2.21193 2.55292 -0.44957 -1.37287 -0.54270 -1.56522 -2.09638 2.26585 -0.20623 -0.26267 0.19311 -2.28435 -0.71558 -0.21343 -0.22884 1.12597 -0.10894 -0.44665 -0.21456 -0.56115 -0.59133 -0.56450 0.00487 0.65182 -1.24683 1.76190 -0.16064 -0.41468 -0.35523 -1.14193 0.44078 -0.10687 0.22301 -0.13838 
2.04507 -1.94041 0.70411 -2.10573 -1.35273 -2.33249 2.36123 -0.11192 -1.69094 -0.36525 -2.03574 -2.56690 2.36047 -0.43167 -0.05735 0.74466 -1.80028 0.74056 -0.21661 -0.17201 0.86929 -0.29075 1.04711 0.36396 -0.11565 -0.43150 0.09193 0.52245 0.84302 2.64070 1.13752 0.30013 0.50327 -1.15344 0.47041 2.06940 0.70807 1.07969 0.06382 
1.80672 -1.87043 1.38682 -2.39835 -0.63908 -2.42854 2.38091 0.41972 -1.66362 0.50441 -1.20125 -2.21203 1.83435 -0.11429 0.25978 1.03613 0.35635 0.42195 0.08670 0.27443 -0.02747 0.36147 1.62275 0.49351 0.51854 -0.52750 0.51142 0.20476 -0.79074 2.20938 -1.56029 0.11030 -0.67797 -2.12829 0.61951 -1.83407 -1.96431 -0.07809 0.33278 
1.93078 -1.68063 1.74024 -1.74938 -0.93079 -2.24578 2.63567 -0.13939 -1.32947 1.25750 -1.54223 -2.04836 1.83296 0.07974 0.14741 -0.04608 0.40910 -0.81973 -0.10631 -0.84998 -1.25900 0.32876 -0.78696 -1.60034 -0.19373 -0.09872 0.22302 -0.27191 -1.36924 0.44240 -1.34576 -0.22844 -1.39875 -1.18618 -0.23376 -4.24820 -2.13592 -0.48461 0.49318 
1.88647 -1.72302 1.34073 -1.98925 -1.45881 -2.53485 1.53093 -0.83927 -1.33486 -0.28256 -2.80160 -2.40576 1.73563 0.10872 -0.01213 -0.33311 0.79875 -0.92381 -0.14174 -1.12432 -1.21365 0.12771 -2.62545 -1.64241 0.03393 -0.03433 0.06175 0.09186 0.05820 0.21161 0.16318 0.39208 0.99290 0.66206 -0.01599 -0.66015 1.59810 0.54342 -0.22980 
2.03950 -1.69276 1.40713 -0.95063 -1.85460 -2.38752 1.51135 -1.35304 -1.20176 -1.36795 -3.18464 -2.01443 1.79864 0.14150 0.23927 0.01212 0.62071 -0.65655 0.28577 0.14292 -0.59694 0.31277 -1.44711 -0.00224 0.34968 -0.32851 -0.07394 0.44088 0.76683 -0.33195 1.06723 0.27334 2.26362 1.64822 0.02907 3.33498 2.54420 0.28297 0.40044 
2.02796 -1.48375 1.35285 -1.36855 -2.11536 -2.24908 1.67386 -1.43622 -1.02209 -1.72967 -2.80384 -2.05608 1.40712 0.03478 0.42875 0.43372 0.46680 0.14342 0.13160 1.13930 0.43457 0.15679 0.70953 0.90179 0.31690 0.36611 -0.08347 -0.03913 0.52779 0.95101 1.04744 -0.37155 0.21732 1.48479 -0.02663 2.08417 1.06992 -0.02197 0.87370 
2.07428 -1.26401 1.84085 -0.48383 -1.71119 -2.25592 2.65064 -0.91848 -1.04497 -0.65842 -2.28285 -1.69752 2.16475 0.05802 0.20014 0.53991 1.57172 0.39089 -0.08578 0.36024 0.88785 0.28614 0.63706 1.06768 0.32772 0.54519 -0.06811 -0.27293 -0.31094 -0.32176 -0.90082 -0.31340 -1.65040 0.01544 0.30265 -1.16853 -0.89229 -0.56221 -0.91997 
2.08599 -1.28361 1.89276 0.20318 -1.72447 -2.33485 2.03410 -0.54837 -0.73595 -1.09261 -1.73615 -1.72836 1.95230 -0.03333 0.15581 0.12278 0.14504 -0.75740 -0.18180 -0.51110 0.45000 0.45944 -0.45901 0.00949 -0.24531 -0.55386 -0.14690 0.08299 -0.30920 -1.62595 -1.46780 -0.16644 -0.84028 -1.26194 -0.04101 -0.73556 -1.75228 -0.66404 -1.35096 
2.04095 -1.10820 1.96364 -0.33878 -2.46859 -2.43772 2.13954 -0.46847 -0.58553 -1.11743 -2.27336 -1.94283 1.61089 -0.08887 0.28313 0.23071 -0.05423 -1.07691 -0.25222 -0.48004 -0.37410 0.24513 -0.09851 -0.68460 -0.33632 -0.80577 0.00832 0.16519 0.40276 1.41979 0.83875 0.21913 0.35829 -0.32895 -0.43815 0.07783 0.33137 0.30532 -0.04258 
1.99711 -1.00048 2.12347 0.14895 -2.80138 -2.58707 1.55406 -0.92247 -0.49082 -1.19111 -2.42075 -2.06468 1.14654 -0.02501 0.32101 0.52554 1.56484 0.08135 0.03732 -0.15281 0.12105 0.02129 -0.38118 0.34086 0.06001 -0.59644 0.10534 0.11047 0.07166 0.92581 1.57662 0.53133 0.37447 0.34511 -0.37843 -0.73661 1.23748 0.53151 0.97955 
2.01594 -0.78719 2.48918 1.22605 -2.38724 -2.40040 1.98674 -0.34742 -0.56425 -1.49860 -1.93249 -1.88282 1.01445 0.01647 0.39359 0.30237 0.87158 0.49971 0.27911 -0.10557 -0.02898 -0.13330 -0.83511 0.55289 0.19519 0.17378 0.04073 -0.19210 -0.23848 -0.65805 0.20680 -0.05510 -0.23810 -0.53607 -0.15819 0.01985 -0.32249 0.08928 1.22390 
2.01358 -0.60689 2.42584 1.02053 -2.30167 -2.30796 1.44849 -0.95145 -0.62412 -2.02623 -1.86786 -1.86949 1.32032 0.01572 0.12890 0.28706 0.90678 0.28814 -0.01778 -0.39090 -0.41501 -0.13690 -0.36133 0.01837 0.14929 0.62746 0.03011 -0.59491 0.04380 0.33911 -0.53599 -0.48468 0.14351 0.50664 0.48432 1.39276 -0.11657 0.13724 0.02267 
2.03166 -0.65829 2.77624 2.13284 -2.09910 -2.41818 1.59584 -0.76244 -0.70114 -1.85993 -1.91412 -1.73353 1.64191 0.04658 -0.20132 0.34617 1.21069 -0.03628 -0.20556 0.03795 0.47765 0.35102 0.55765 0.43632 0.33244 0.19645 -0.29530 -0.15641 -0.13554 -0.84616 -0.25284 0.01530 0.61650 0.43980 0.39236 1.05969 0.15961 0.06236 0.07984 
2.06017 -0.80821 2.77200 2.23123 -2.33795 -2.51352 1.48644 -0.47380 -0.27310 -1.46858 -1.43154 -1.53706 1.51677 -0.27958 -0.02751 0.15152 0.06062 0.03530 -0.00248 0.22560 0.02479 0.25546 0.69836 0.17799 0.21165 0.70730 -0.37449 0.47254 -0.51866 -1.77111 0.53662 0.45223 -0.20092 -0.92686 -0.26040 -0.35640 -0.50793 -0.30596 -0.07424 
1.75207 -0.68580 2.92776 2.19346 -2.06379 -2.42066 1.82143 -0.73765 -0.44569 -1.16158 -1.73613 -1.52187 2.34921 -0.32791 0.27121 -0.17250 -0.56042 0.50034 0.24666 -0.16298 -0.44921 0.09062 0.20125 -0.07161 0.02647 0.12221 0.12087 0.30491 -0.31094 -0.87009 0.05570 -0.08312 -2.30078 -1.27785 -0.49137 -1.48056 -0.22044 0.01028 -1.28005 
1.73226 -0.53700 2.59951 1.67081 -1.83761 -2.26686 1.32346 -0.92300 -0.18248 -1.26733 -1.50315 -1.51059 1.63898 -0.15871 0.27740 -0.15942 -0.80947 0.09101 -0.08560 -2.07519 -1.25307 -0.23591 -0.78220 -0.04246 0.22194 -0.57275 0.14041 -0.04594 0.21309 0.79455 -0.30849 -0.41641 -1.59000 -0.23325 -0.15833 -1.13365 -0.02077 0.59078 0.21287 
1.59336 -0.40839 2.76834 1.38399 -1.97279 -2.50626 -0.25376 -1.99072 -0.68160 -1.94378 -1.77859 -1.29994 1.77646 -0.18750 0.22528 0.04060 0.23413 0.19185 -0.16975 -1.75297 -0.68246 -0.06771 -0.93240 -0.09238 0.61725 0.33508 0.12677 -0.14862 0.04355 1.09730 0.08667 0.21306 1.35694 1.47149 0.30207 -0.29514 0.04433 -0.09619 0.43531 
1.54476 -0.31172 2.64011 1.90494 -1.64576 -2.43661 -0.42951 -1.60546 -0.25019 -2.19972 -1.59553 -0.89334 1.97406 -0.03194 0.12878 -0.11587 0.28783 0.17768 0.12746 -0.71824 0.21842 0.06616 -1.07734 0.00187 0.12575 -0.13744 0.11939 -0.02157 -0.05006 -0.47292 0.24296 0.41773 1.30349 0.45147 0.04200 1.24605 0.68924 -0.42210 -0.56487 
1.56142 -0.27962 2.65246 1.67182 -1.79511 -2.37880 -0.97200 -1.77230 -0.61544 -3.02112 -1.77672 -1.17419 1.63902 -0.06810 0.20371 -0.00946 -0.23879 0.43481 0.24798 -0.44948 -0.23098 -0.02571 0.31365 0.59687 0.19515 -0.22978 -0.26084 0.11927 0.10179 -0.98382 0.34567 0.31468 0.88774 -0.92564 -0.48731 0.69032 0.27312 0.15830 -0.44488 
1.47666 -0.10801 2.63065 1.66615 -1.21095 -2.18863 -0.87899 -1.83644 -0.27590 -1.88608 -0.99866 -0.69819 1.74428 -0.29279 0.24805 -0.01408 -0.69599 0.52335 0.44214 0.16950 -0.70722 -0.42115 -0.38702 0.27499 0.28405 -0.58232 0.05228 0.13496 -0.46808 -1.10143 -0.08563 0.14196 -0.18022 -0.33328 -0.70030 -1.40785 -0.46631 -0.16669 -0.01117 
1.26863 -0.03157 2.63838 0.97584 -1.27176 -1.93666 -0.80250 -2.47952 -1.03659 -3.40814 -1.50172 -0.89014 1.05670 -0.01583 0.33867 -0.47754 -1.34022 0.34918 0.38994 -0.62970 -0.56426 -0.72600 -1.09420 0.13056 0.02846 -0.24095 0.08670 0.16128 -0.90257 -0.89876 0.49465 0.19504 -0.65215 0.42621 0.25294 0.46487 -0.32376 -0.40983 0.24556 
1.46084 0.23067 2.15311 0.32592 -0.86177 -1.79869 -1.50870 -2.40071 -1.00190 -2.98028 -0.86810 -0.66973 1.50333 -0.20609 0.40933 -0.91666 -1.59475 1.01800 0.63718 -0.48265 -0.28101 -0.16822 0.07785 -0.04877 -0.12578 -0.33676 -0.28104 0.03525 0.03039 0.60003 0.56802 0.31599 0.91800 0.61317 0.70282 0.20292 -0.97452 -0.55498 -1.00069 
1.06254 0.37776 1.72172 -0.61891 -0.25376 -1.29949 -1.28515 -2.76052 -1.20481 -3.33029 -1.55050 -1.01592 0.71994 -0.29687 0.37393 -0.44715 -0.74019 0.91720 0.70593 0.28830 0.04890 -0.02319 -0.89128 -0.84396 -0.52652 -1.24164 -0.46748 -0.49564 -0.20734 0.81502 -0.90200 0.07369 1.30613 1.17985 0.42913 -0.88853 0.68762 0.15994 -1.46542 
1.16397 0.60459 1.70596 -0.41426 0.05544 -1.09276 -1.22040 -2.35180 -1.02509 -3.87156 -1.71206 -1.19625 0.26168 -0.67358 -0.08631 -1.12400 -0.77972 0.11599 0.71087 0.82348 0.89885 0.26091 -0.81068 0.63885 0.03416 -1.80218 -0.76709 -0.93244 -1.09486 0.39173 -0.69941 0.19356 1.33866 1.82583 0.52788 3.52663 1.43461 1.20023 1.05156 
0.38896 0.29145 0.59772 -1.39863 -0.13777 -0.58861 -0.46167 -1.86168 -0.94390 -4.14097 -0.91165 -0.98177 -1.08223 -1.06396 -0.55851 -1.54201 -0.34846 0.21780 0.89949 1.62696 1.87473 0.50469 2.63535 0.59065 0.67371 -0.19008 0.27092 -0.16751 0.74816 1.86593 0.32738 -0.33399 -0.27334 0.37476 0.56728 3.90086 -0.50005 0.72411 3.25780 
0.10001 0.04609 0.16395 -0.76272 0.27324 -0.19328 0.40656 -0.47707 -0.52040 -1.23621 -1.12141 -0.52254 0.07160 -0.40266 -0.25382 -0.37583 1.08621 0.44337 0.37688 0.55014 1.27361 0.82819 3.09018 0.13880 0.75826 1.45563 0.86295 0.52630 1.62703 0.56646 -0.30885 -0.77235 -2.22037 -1.61796 -0.01947 -2.08882 0.78839 -0.41450 0.28769 
-0.01370 0.03762 0.22189 -0.31241 0.30560 -0.21173 0.08846 -0.58807 -0.11571 -1.05079 -0.77284 -0.22350 0.37339 -0.20101 -0.03221 0.08502 0.21800 -0.09105 0.12714 -0.59341 0.25678 0.48522 0.54653 1.37904 0.25921 0.09760 0.31970 0.17699 0.39458 -1.10866 -0.68970 -0.17483 -0.47357 -1.01249 -0.52778 -2.25193 0.97504 -0.63862 -1.66242 
-0.10100 0.01388 0.24897 -0.54472 0.18219 -0.06614 -0.18686 -0.22029 -0.03518 -0.68967 0.25764 -0.26332 0.16921 -0.08296 -0.07683 0.01874 -0.02245 -0.24633 0.20205 0.07657 0.26111 0.30041 0.83825 1.11384 0.11964 -0.20679 0.29242 -0.08018 -0.32161 0.32592 0.03664 -0.26369 0.52190 -0.03711 -0.18617 0.03351 -1.44582 -0.09887 0.13195 
-0.09666 -0.03921 0.24063 -0.33486 0.05928 -0.00968 0.16504 -0.32695 0.18470 -0.21255 0.34100 -0.10386 0.16660 0.09141 -0.11239 -0.23659 0.54392 -0.05441 -0.13655 -0.07151 0.21966 0.29905 0.58004 -0.06678 0.16034 0.22956 0.15255 0.09966 -0.12072 0.11105 0.19583 -0.26351 0.08019 -0.25612 -0.38659 -0.43401 -1.59660 -0.00781 0.33991 
-0.00959 -0.09851 0.01238 -0.00081 0.12778 -0.20269 -0.25837 -0.00063 0.26387 -0.10963 0.19086 -0.10298 0.39876 0.06959 0.02283 -0.10198 0.08860 -0.05050 -0.06146 0.15676 0.00499 -0.08618 0.40424 -0.48276 0.11183 0.13311 -0.06816 0.18681 0.28305 -0.65841 -0.03006 0.31166 0.47787 -0.30696 -0.52859 -0.60264 -0.03425 -0.10082 -0.52621 
-0.02707 -0.01638 0.13865 -0.24626 0.00878 -0.07114 0.32180 -0.32196 0.09852 0.19169 -0.14177 0.00797 0.29971 0.02325 0.07442 0.04646 -0.11449 -0.08447 0.17511 0.40636 -0.08729 -0.22954 -0.02260 -0.10102 0.05952 -0.29666 -0.03576 -0.04720 -0.04865 -0.20653 0.10765 0.01406 -0.34005 0.29135 0.06024 -0.61405 0.58858 -0.07204 -0.15831 
0.01366 -0.02409 0.05884 -0.11530 0.04332 -0.02757 0.14800 -0.08792 0.03433 -0.13223 0.08983 -0.04346 0.10211 0.03382 -0.02438 -0.15063 -0.11793 0.05715 -0.04740 -0.18329 0.29634 -0.02594 -0.20982 0.10581 0.03979 -0.02520 -0.01481 -0.05815 -0.06008 -0.04449 0.13146 -0.19300 -0.40538 0.02966 0.20087 -0.34300 0.00352 -0.07007 0.50281 
0.00675 -0.04076 -0.01197 -0.36419 0.06593 -0.11853 0.13851 -0.02562 0.07258 -0.01813 -0.03595 0.04776 0.27451 0.00844 0.01627 -0.01362 -0.15898 0.04699 -0.01788 0.00099 -0.05764 -0.02867 -0.36560 -0.09750 -0.01055 0.20615 -0.03369 0.03926 0.13366 0.15297 0.00746 0.13803 0.40280 -0.34294 -0.08580 0.02522 -0.13736 -0.05505 -0.01674 
0.02210 -0.00782 0.04522 -0.27428 0.09031 -0.04546 0.14898 -0.14556 0.00566 -0.49783 -0.00767 -0.05401 0.30826 0.00013 0.01488 -0.01697 0.03504 0.06462 0.09064 0.21951 -0.04660 -0.11174 -0.18460 -0.03154 -0.01526 -0.04194 -0.02268 -0.03229 0.08350 0.18386 -0.03046 -0.00215 0.10730 0.02875 0.10142 0.79027 0.20471 0.02472 -0.36001 
0.00688 -0.02588 -0.02894 -0.32915 0.13055 -0.02790 0.35802 -0.07222 -0.03917 -0.20272 -0.06749 0.03249 0.23257 -0.01425 -0.01602 0.06988 0.02488 0.01654 -0.02003 0.10828 -0.02889 0.07275 0.42467 0.10721 0.01417 -0.15386 -0.00238 -0.02245 0.11114 0.20213 -0.12586 -0.10141 -0.48451 0.01762 0.20803 0.29122 0.17370 -0.06120 -0.10376 
0.00785 -0.02385 0.11510 -0.24940 0.10685 -0.06549 0.25727 -0.17444 0.07841 -0.07316 0.09954 -0.03984 0.15440 -0.00224 -0.00757 0.09417 0.23717 -0.06124 -0.01077 -0.26499 -0.02897 0.09628 0.10662 0.14215 -0.07646 -0.14571 0.03548 -0.00669 -0.05696 -0.07739 -0.13087 0.00937 -0.08384 0.00597 -0.07287 -0.41136 -0.03635 -0.04526 0.14114 
0.00464 -0.03345 0.06523 -0.09198 0.06931 -0.03867 0.09303 -0.10119 0.05712 -0.09610 0.07466 -0.04397 0.08687 0.02124 -0.02272 0.01291 -0.05251 -0.11434 -0.01067 0.02444 -0.02291 -0.00012 0.01331 0.07086 -0.03109 -0.01272 0.02971 0.01750 -0.05498 -0.32868 0.08185 -0.01495 0.37163 -0.03387 -0.10045 -0.10788 -0.12353 0.07322 0.19045 
0.02909 -0.04656 0.12801 -0.30191 -0.00749 -0.07616 0.28171 -0.19736 0.07830 -0.05985 0.17040 -0.07093 0.14168 0.02746 0.00993 0.03919 -0.09151 0.02061 -0.02573 0.10663 -0.06284 -0.00417 -0.00126 0.01862 -0.00324 0.04474 -0.05184 0.03623 -0.07111 0.25557 0.18858 0.03738 -0.16854 0.16282 -0.03135 -0.12866 -0.14595 0.04507 0.00925 
0.03210 -0.02352 0.10442 -0.18350 0.08992 -0.06440 0.19967 -0.16403 0.05295 -0.09736 0.09328 -0.04722 0.13161 -0.03060 0.01352 -0.05820 0.20306 0.07424 0.02671 -0.14410 0.13990 -0.03147 -0.11536 -0.07510 0.01398 -0.00347 -0.07004 0.00747 -0.10248 -0.03992 -0.01269 0.01504 -0.07178 0.08793 -0.07640 0.05303 -0.18540 0.04180 0.05754 
-0.00152 -0.03305 0.06981 -0.09885 0.06675 -0.04945 0.13761 -0.05745 0.04683 -0.17521 0.09530 -0.05695 0.13822 -0.04258 0.01740 -0.06328 -0.13144 0.00792 -0.01069 0.03486 0.02509 -0.08057 0.05178 -0.16678 0.03855 0.10229 0.03328 -0.07615 -0.01221 -0.29354 0.00766 0.04263 -0.09406 -0.32905 0.07182 0.25175 0.02383 -0.05539 -0.05228 
-0.01047 -0.00612 0.04114 -0.31493 0.09785 -0.07509 0.23452 -0.13894 -0.02762 -0.04558 -0.07350 -0.00867 0.23390 0.00268 -0.06263 -0.07041 -0.09048 0.08190 0.06934 -0.23816 -0.18914 0.04035 0.13639 -0.05127 -0.04141 -0.05575 0.00360 -0.06301 0.17519 0.34792 -0.08163 0.01473 0.01519 -0.03188 0.12393 0.04041 0.33595 -0.10919 -0.18844 
0.00116 -0.09568 -0.00060 -0.18933 0.14864 0.01989 -0.10055 -0.24659 0.08719 -0.03881 0.04403 -0.09836 0.08247 -0.03898 -0.04561 0.11191 0.21648 -0.07370 0.00404 0.05005 -0.00680 0.04336 0.09218 0.16917 -0.07064 -0.08615 -0.09703 0.10762 0.31888 -0.09309 -0.39886 -0.24861 0.79184 0.18544 -0.05554 0.27829 0.07271 0.23311 0.33352 
-0.04945 -0.05173 0.15305 -0.09845 0.02415 -0.07105 0.28457 -0.14574 0.01574 0.04660 0.09567 -0.07930 0.14775 -0.09435 0.04498 0.24847 -0.18357 -0.31697 -0.17927 0.55369 -0.00370 -0.01519 0.41468 0.02144 0.19170 0.27777 0.03158 0.04645 -0.14894 -0.19443 0.18683 -0.15066 -0.55094 0.14630 -0.04568 -0.39344 -0.15354 0.22083 0.60580 
-0.09319 -0.05070 0.24787 -0.37290 -0.16833 -0.15939 0.45314 -0.25029 0.07200 0.37587 0.06548 0.09334 0.36024 -0.00739 0.00084 -0.03704 0.02205 0.11313 -0.14662 -0.50089 0.13951 -0.00232 -0.30125 0.01563 0.15019 0.51965 0.12553 -0.10666 -0.29130 0.40794 0.55080 0.32266 -0.43322 -0.02293 0.00060 -1.05978 0.27935 -0.21427 -0.11968 
-0.05684 -0.05089 0.11601 -0.07640 0.13728 -0.21767 -0.21632 -0.00623 0.01342 -0.25465 0.11131 0.07089 0.66740 0.03117 -0.06167 -0.04284 0.22437 0.23383 0.14339 0.12047 -0.02663 -0.01459 -0.64510 0.30080 -0.02258 0.15810 0.07593 0.01947 0.26393 0.07622 -0.05152 0.33531 0.97141 -0.31401 -0.03750 0.10111 -0.24547 -0.30699 -1.12567 
-0.06202 -0.11237 0.20504 -0.14854 0.06551 -0.01600 0.57361 -0.27692 0.05741 -0.26923 0.36627 0.07076 0.51834 0.06854 0.02031 0.22690 0.09827 0.06161 0.18869 0.47053 -0.17450 -0.03982 -0.20014 -0.22983 -0.15680 -0.60602 0.02998 0.12476 -0.18841 -0.24008 -0.23693 -0.19998 -0.77110 -0.13214 -0.13127 0.89065 -0.37630 -0.23441 -0.75092 
0.01170 -0.03059 0.34291 0.02187 0.19889 -0.02897 0.25421 -0.18073 -0.02640 -0.45479 -0.11852 -0.08591 0.06137 0.06115 0.06308 -0.23125 -0.01571 -0.00310 -0.05660 -0.65063 -0.15877 -0.14586 0.24556 -0.07551 -0.25699 -0.59282 -0.15923 -0.09046 -0.27264 -0.16074 -0.26529 -0.13708 -0.31365 0.15149 0.25841 0.74422 0.22541 0.32783 0.96971 
-0.00086 -0.04929 -0.02621 -0.16425 0.06241 -0.07259 -0.07702 -0.43570 -0.08844 -0.02367 0.29077 -0.18623 -0.07449 -0.09069 -0.07016 -0.04575 -0.06247 -0.20368 0.05161 0.15687 -0.02301 0.21858 0.54408 -0.00442 0.17104 0.36369 -0.12230 -0.06502 0.34727 -0.07583 0.16102 -0.02029 1.08527 0.27689 0.40051 -0.07453 -0.34426 0.48146 0.98570 
-0.07899 -0.10074 0.29716 -0.04060 -0.00478 0.02264 0.41108 -0.20374 0.19218 0.08929 -0.12294 0.08513 0.42506 -0.06115 -0.00194 0.11603 -0.09154 0.15792 -0.07689 0.43464 0.11812 0.25465 0.17103 -0.41977 0.22447 0.39287 0.07995 0.03755 -0.50337 0.13857 0.56120 -0.20585 -0.38267 0.06686 -0.10845 -0.88639 -0.31109 -0.40763 0.03426 
-0.06201 -0.05123 0.08982 -0.25579 0.22033 -0.14949 0.35762 -0.31757 0.16621 0.14736 -0.12900 0.03824 0.31838 -0.01073 -0.03261 -0.54912 0.07610 0.35752 -0.15424 -0.22579 0.04385 0.11013 -0.34232 -0.31550 -0.23659 0.39795 0.10234 -0.07006 -0.14678 0.18357 -0.28805 0.21929 -0.29754 -0.08768 -0.35979 -0.42821 0.41558 -0.25148 -0.24351 
-0.08973 -0.13335 -0.25195 0.03550 0.35273 -0.13161 0.18529 -0.15989 0.30231 -0.25303 -0.43844 -0.15146 0.82301 0.04119 -0.07199 -0.03076 0.09203 -0.13013 0.14240 0.13710 0.03045 -0.10514 -0.25718 -0.00419 -0.02702 0.14936 -0.00859 0.17409 0.73572 -0.16663 -0.62483 0.09685 0.14427 -0.30395 0.03671 0.09825 0.83882 0.18247 -0.86201 
