0.02015 -0.02796 0.05577 -0.04869 0.06894 -0.02500 0.11806 -0.08420 0.09235 -0.10663 0.04426 -0.04891 0.18102 0.01182 0.00643 -0.01299 0.01384 -0.00829 -0.00165 -0.02008 -0.00504 0.01761 0.00473 0.01870 -0.00633 -0.03168 -0.01476 0.00619 0.01733 -0.00260 0.05156 -0.02488 -0.03883 0.01549 -0.01668 0.07600 0.01869 -0.01004 -0.11145 
0.02028 -0.02182 0.05908 -0.04522 0.07179 -0.03148 0.10209 -0.07510 0.08566 -0.09383 0.07280 -0.05581 0.12291 -0.00356 0.00490 -0.00151 0.00053 0.02772 -0.01201 -0.01395 0.00621 -0.02126 0.03419 0.03933 -0.00975 -0.09866 -0.14102 -0.53276 1.72771 0.14057 -0.43724 -0.29468 2.00484 -0.47553 0.13514 -0.56375 -0.29352 -0.35179 0.92186 
0.01659 -0.02306 0.05426 -0.04816 0.09666 -0.03701 0.10412 -0.07799 0.07109 -0.07245 0.08360 -0.05867 0.08236 -0.12921 -0.52633 1.71472 0.15441 -0.44553 -0.29633 1.98477 -0.48057 0.15275 -0.55902 -0.27482 -0.35812 0.89018 -0.00409 -0.01738 0.01133 0.00325 -0.06070 0.02704 0.00167 -0.03886 0.00739 -0.08114 -0.07048 -0.02541 0.12522 
-0.10893 -0.54815 1.77380 0.10918 -0.37374 -0.32781 2.08686 -0.55567 0.23841 -0.65284 -0.20202 -0.41393 1.01309 -0.00765 -0.01248 0.00982 0.00378 -0.03298 0.01503 -0.01228 -0.03265 -0.01387 -0.04696 -0.03114 -0.03516 0.02657 0.25578 1.04997 -3.41782 -0.31091 0.87947 0.59805 -3.96897 0.95148 -0.29972 1.12827 0.53800 0.71569 -1.75983 
0.00894 -0.03554 0.06408 -0.04438 0.06368 -0.02198 0.09184 -0.11064 0.05722 -0.11940 0.05245 -0.09383 0.10893 0.12657 0.52364 -1.70310 -0.15650 0.43394 0.30172 -1.98420 0.47090 -0.14697 0.56925 0.26318 0.35757 -0.86966 0.02301 0.02845 -0.01078 -0.00300 0.06081 -0.02712 -0.00430 0.03005 0.00415 0.05031 0.03339 0.05498 -0.03455 
0.01764 -0.02451 0.07070 -0.04732 0.06020 -0.02609 0.10266 -0.08477 0.09145 -0.08359 0.06115 -0.05636 0.14343 0.01536 0.01596 -0.00096 0.00078 0.02783 -0.01209 -0.01658 -0.00260 -0.00972 0.00335 0.00225 0.01982 -0.00798 -0.12607 -0.52500 1.68314 0.15537 -0.41557 -0.30533 1.99495 -0.45302 0.13420 -0.60820 -0.25450 -0.35497 0.87736 
0.02430 -0.01958 0.06311 -0.04360 0.09152 -0.03408 0.07526 -0.11324 0.04750 -0.11605 0.05470 -0.07401 0.10095 0.00050 -0.00136 -0.01996 -0.00113 0.01837 -0.00360 0.01076 0.01788 -0.01277 -0.03894 0.00868 0.00261 0.00770 -0.02420 -0.02077 0.00652 0.00086 -0.06512 0.01777 0.05740 0.02815 0.04961 0.02856 0.01290 -0.00832 0.05588 
0.01815 -0.02587 0.05074 -0.04845 0.07857 -0.02969 0.11342 -0.06688 0.07867 -0.12253 0.06983 -0.05375 0.15114 -0.00883 -0.00481 0.00556 0.00165 -0.03729 0.00568 0.04082 0.02555 0.03988 0.03192 0.01515 0.01150 0.04790 0.00341 0.00560 0.02551 0.00491 -0.02240 0.00105 -0.02615 -0.02080 0.01748 0.06186 0.00112 -0.00590 -0.04371 
0.01547 -0.02439 0.06867 -0.04195 0.05423 -0.02840 0.11609 -0.08769 0.08738 -0.08413 0.06986 -0.06251 0.14885 0.00392 0.00425 0.00555 0.00378 -0.00403 -0.00256 -0.01539 -0.00292 0.00471 0.02291 0.00979 -0.00329 -0.03601 0.01543 0.00758 -0.01793 -0.00437 0.05759 -0.00953 -0.05888 -0.00766 -0.04388 -0.04741 -0.00539 -0.00604 -0.08162 
0.02206 -0.02162 0.05629 -0.04467 0.07453 -0.03225 0.09803 -0.06980 0.08339 -0.09962 0.07962 -0.05704 0.11513 0.00659 0.00277 -0.01238 -0.00272 0.02030 -0.00385 -0.01806 0.01789 -0.00399 -0.01549 0.00977 0.00546 -0.03372 -0.00392 -0.00425 -0.00555 -0.00378 0.00403 0.00256 0.01539 0.00292 -0.00471 -0.02291 -0.00979 0.00329 0.03601 
0.02206 -0.02162 0.05629 -0.04467 0.07453 -0.03225 0.09803 -0.06980 0.08339 -0.09962 0.07962 -0.05704 0.11513 0.00000 0.00000 0.00000 0.00000 0.00000 0.00000 0.00000 0.00000 0.00000 0.00000 0.00000 0.00000 0.00000 -0.00726 -0.00245 0.01269 0.00164 -0.01770 0.00273 0.02032 -0.01817 0.00260 0.01870 -0.01274 -0.00372 0.03217 
0.02206 -0.02162 0.05629 -0.04467 0.07453 -0.03225 0.09803 -0.06980 0.08339 -0.09962 0.07962 -0.05704 0.11513 -0.00066 0.00032 0.00031 -0.00108 0.00260 -0.00112 0.00226 -0.00027 -0.00139 0.00321 -0.00298 0.00174 -0.00155 0.00000 0.00000 0.00000 0.00000 0.00000 0.00000 0.00000 0.00000 0.00000 0.00000 0.00000 0.00000 0.00000 
0.02140 -0.02130 0.05660 -0.04574 0.07714 -0.03336 0.10029 -0.07007 0.08199 -0.09642 0.07664 -0.05530 0.11359 0.00000 0.00000 0.00000 0.00000 0.00000 0.00000 0.00000 0.00000 0.00000 0.00000 0.00000 0.00000 0.00000 0.00113 -0.00841 0.00076 -0.01536 -0.00153 -0.01077 -0.00090 -0.02598 0.00271 -0.04132 0.00449 -0.02321 0.00292 
0.02206 -0.02162 0.05629 -0.04467 0.07453 -0.03225 0.09803 -0.06980 0.08339 -0.09962 0.07962 -0.05704 0.11513 0.00046 -0.00810 0.00108 -0.01644 0.00108 -0.01189 0.00136 -0.02626 0.00132 -0.03811 0.00151 -0.02147 0.00137 -0.00321 -0.00725 -0.00673 -0.01395 -0.00806 -0.01001 -0.01050 -0.02143 -0.00939 -0.03136 -0.00648 -0.01483 -0.00649 
0.02186 -0.02940 0.05768 -0.06218 0.07821 -0.04525 0.10165 -0.09633 0.08331 -0.13453 0.07816 -0.07677 0.11496 -0.00321 -0.00725 -0.00673 -0.01395 -0.00806 -0.01001 -0.01050 -0.02143 -0.00939 -0.03136 -0.00648 -0.01483 -0.00649 0.01358 0.00088 0.03285 0.00300 0.04210 0.00259 0.05671 0.00449 0.05122 0.00424 0.05024 0.00171 0.07066 
0.01885 -0.02887 0.04956 -0.05862 0.06648 -0.04226 0.08753 -0.09123 0.07400 -0.13099 0.07315 -0.07187 0.10864 0.01404 -0.00721 0.03393 -0.01344 0.04317 -0.00930 0.05807 -0.02177 0.05253 -0.03387 0.05175 -0.01975 0.07204 0.02125 0.00071 0.04969 -0.00451 0.05684 -0.00012 0.09029 -0.00988 0.06648 -0.00413 0.06827 -0.00830 0.07343 
0.03590 -0.03661 0.09161 -0.07562 0.12138 -0.05455 0.15972 -0.11810 0.13584 -0.16840 0.12991 -0.09652 0.18700 0.01804 -0.00655 0.04296 -0.01846 0.04878 -0.01013 0.07979 -0.03131 0.05709 -0.03549 0.06180 -0.02313 0.06694 -0.02967 0.01934 -0.06757 0.04727 -0.08696 0.03060 -0.12979 0.07112 -0.09256 0.10024 -0.11249 0.05693 -0.12210 
0.03689 -0.03542 0.09252 -0.07708 0.11526 -0.05239 0.16732 -0.12254 0.13109 -0.16648 0.13494 -0.09500 0.17558 -0.01563 0.01213 -0.03364 0.03383 -0.04379 0.02130 -0.07173 0.04935 -0.04002 0.06637 -0.06074 0.03718 -0.05006 -0.03353 0.02067 -0.07888 0.04980 -0.08690 0.02916 -0.14681 0.08377 -0.10620 0.10556 -0.12010 0.06282 -0.12893 
0.02027 -0.02449 0.05797 -0.04179 0.07759 -0.03325 0.08799 -0.06875 0.09582 -0.10203 0.06917 -0.05934 0.13694 -0.01549 0.01412 -0.03592 0.03134 -0.03812 0.01903 -0.06703 0.05247 -0.04910 0.07006 -0.05830 0.03969 -0.06199 0.01742 -0.00926 0.03197 -0.03671 0.04074 -0.02030 0.08177 -0.05040 0.02759 -0.06397 0.07119 -0.03488 0.02825 
0.02140 -0.02130 0.05660 -0.04574 0.07714 -0.03336 0.10029 -0.07007 0.08199 -0.09642 0.07664 -0.05530 0.11359 0.00179 0.00287 -0.00168 -0.00288 -0.00306 0.00100 0.01004 -0.00105 -0.01243 0.00240 0.01045 0.00230 -0.02181 0.01615 -0.01444 0.03560 -0.03026 0.03552 -0.01791 0.06477 -0.05219 0.05049 -0.07327 0.06128 -0.04143 0.06354 
0.02206 -0.02162 0.05629 -0.04467 0.07453 -0.03225 0.09803 -0.06980 0.08339 -0.09962 0.07962 -0.05704 0.11513 0.00066 -0.00032 -0.00031 0.00108 -0.00260 0.00112 -0.00226 0.00027 0.00139 -0.00321 0.00298 -0.00174 0.00155 -0.00179 -0.00287 0.00168 0.00288 0.00306 -0.00100 -0.01004 0.00105 0.01243 -0.00240 -0.01045 -0.00230 0.02181 
0.02206 -0.02162 0.05629 -0.04467 0.07453 -0.03225 0.09803 -0.06980 0.08339 -0.09962 0.07962 -0.05704 0.11513 0.00000 0.00000 0.00000 0.00000 0.00000 0.00000 0.00000 0.00000 0.00000 0.00000 0.00000 0.00000 0.00000 -0.00119 0.00080 -0.00078 -0.00037 0.00177 -0.00091 0.00217 -0.00058 -0.00059 0.00177 -0.00151 0.00050 0.00122 
0.02206 -0.02162 0.05629 -0.04467 0.07453 -0.03225 0.09803 -0.06980 0.08339 -0.09962 0.07962 -0.05704 0.11513 -0.00053 0.00048 -0.00109 0.00070 -0.00084 0.00020 -0.00009 -0.00031 0.00080 -0.00143 0.00147 -0.00124 0.00276 -0.00066 0.00032 0.00031 -0.00108 0.00260 -0.00112 0.00226 -0.00027 -0.00139 0.00321 -0.00298 0.00174 -0.00155 
0.02153 -0.02114 0.05520 -0.04397 0.07370 -0.03205 0.09794 -0.07011 0.08419 -0.10106 0.08109 -0.05828 0.11790 -0.00066 0.00032 0.00031 -0.00108 0.00260 -0.00112 0.00226 -0.00027 -0.00139 0.00321 -0.00298 0.00174 -0.00155 0.01490 -0.01595 0.03751 -0.03236 0.04853 -0.02270 0.06187 -0.04768 0.05085 -0.06591 0.04734 -0.03700 0.06634 
0.02140 -0.02130 0.05660 -0.04574 0.07714 -0.03336 0.10029 -0.07007 0.08199 -0.09642 0.07664 -0.05530 0.11359 0.01437 -0.01547 0.03641 -0.03166 0.04769 -0.02250 0.06178 -0.04799 0.05165 -0.06734 0.04882 -0.03824 0.06910 0.00133 -0.00063 -0.00063 0.00215 -0.00521 0.00223 -0.00452 0.00055 0.00279 -0.00641 0.00596 -0.00348 0.00309 
0.03590 -0.03661 0.09161 -0.07562 0.12138 -0.05455 0.15972 -0.11810 0.13584 -0.16840 0.12991 -0.09652 0.18700 0.00066 -0.00032 -0.00031 0.00108 -0.00260 0.00112 -0.00226 0.00027 0.00139 -0.00321 0.00298 -0.00174 0.00155 -0.02999 0.03026 -0.06894 0.06206 -0.09728 0.04557 -0.11940 0.09099 -0.10183 0.14191 -0.10593 0.07895 -0.13319 
0.02206 -0.02162 0.05629 -0.04467 0.07453 -0.03225 0.09803 -0.06980 0.08339 -0.09962 0.07962 -0.05704 0.11513 -0.01562 0.01479 -0.03253 0.03040 -0.04959 0.02306 -0.05763 0.04300 -0.05018 0.07457 -0.05711 0.04071 -0.06409 -0.00133 0.00063 0.00063 -0.00215 0.00521 -0.00223 0.00452 -0.00055 -0.00279 0.00641 -0.00596 0.00348 -0.00309 
0.02028 -0.02182 0.05908 -0.04522 0.07179 -0.03148 0.10209 -0.07510 0.08566 -0.09383 0.07280 -0.05581 0.12291 -0.00066 0.00032 0.00031 -0.00108 0.00260 -0.00112 0.00226 -0.00027 -0.00139 0.00321 -0.00298 0.00174 -0.00155 0.01562 -0.01479 0.03253 -0.03040 0.04959 -0.02306 0.05763 -0.04300 0.05018 -0.07457 0.05711 -0.04071 0.06409 
0.02140 -0.02130 0.05660 -0.04574 0.07714 -0.03336 0.10029 -0.07007 0.08199 -0.09642 0.07664 -0.05530 0.11359 0.00000 0.00000 0.00000 0.00000 0.00000 0.00000 0.00000 0.00000 0.00000 0.00000 0.00000 0.00000 0.00000 0.00133 -0.00063 -0.00063 0.00215 -0.00521 0.00223 -0.00452 0.00055 0.00279 -0.00641 0.00596 -0.00348 0.00309 
0.02028 -0.02182 0.05908 -0.04522 0.07179 -0.03148 0.10209 -0.07510 0.08566 -0.09383 0.07280 -0.05581 0.12291 0.00066 -0.00032 -0.00031 0.00108 -0.00260 0.00112 -0.00226 0.00027 0.00139 -0.00321 0.00298 -0.00174 0.00155 0.00112 0.00052 -0.00248 -0.00052 0.00534 -0.00188 -0.00180 0.00502 -0.00367 -0.00259 0.00385 0.00051 -0.00933 
0.02206 -0.02162 0.05629 -0.04467 0.07453 -0.03225 0.09803 -0.06980 0.08339 -0.09962 0.07962 -0.05704 0.11513 0.00112 0.00052 -0.00248 -0.00052 0.00534 -0.00188 -0.00180 0.00502 -0.00367 -0.00259 0.00385 0.00051 -0.00933 -0.00066 0.00032 0.00031 -0.00108 0.00260 -0.00112 0.00226 -0.00027 -0.00139 0.00321 -0.00298 0.00174 -0.00155 
0.02140 -0.02130 0.05660 -0.04574 0.07714 -0.03336 0.10029 -0.07007 0.08199 -0.09642 0.07664 -0.05530 0.11359 0.00000 0.00000 0.00000 0.00000 0.00000 0.00000 0.00000 0.00000 0.00000 0.00000 0.00000 0.00000 0.00000 -0.00104 -0.00184 0.00574 0.00142 -0.01245 0.00467 0.00143 -0.00946 0.00793 0.00341 -0.00619 -0.00152 0.01743 
0.02206 -0.02162 0.05629 -0.04467 0.07453 -0.03225 0.09803 -0.06980 0.08339 -0.09962 0.07962 -0.05704 0.11513 0.00007 -0.00132 0.00326 0.00090 -0.00711 0.00279 -0.00037 -0.00444 0.00426 0.00082 -0.00234 -0.00101 0.00811 -0.00112 -0.00052 0.00248 0.00052 -0.00534 0.00188 0.00180 -0.00502 0.00367 0.00259 -0.00385 -0.00051 0.00932 
0.02147 -0.02262 0.05986 -0.04485 0.07003 -0.03057 0.09992 -0.07451 0.08625 -0.09560 0.07431 -0.05631 0.12169 -0.00112 -0.00052 0.00248 0.00052 -0.00534 0.00188 0.00180 -0.00502 0.00367 0.00259 -0.00385 -0.00051 0.00932 0.00052 0.00232 -0.00684 -0.00072 0.01162 -0.00447 -0.00153 0.00915 -0.00713 -0.00484 0.00766 0.00028 -0.01467 
0.02094 -0.02214 0.05877 -0.04414 0.06919 -0.03037 0.09983 -0.07482 0.08706 -0.09703 0.07578 -0.05755 0.12446 0.00059 0.00100 -0.00357 0.00018 0.00451 -0.00168 -0.00189 0.00471 -0.00287 -0.00402 0.00532 -0.00073 -0.00656 0.00051 -0.00034 -0.00795 0.00271 0.01741 -0.00623 -0.01562 0.01550 0.00302 -0.01304 0.00403 -0.00325 -0.00064 
0.02206 -0.02162 0.05629 -0.04467 0.07453 -0.03225 0.09803 -0.06980 0.08339 -0.09962 0.07962 -0.05704 0.11513 -0.00061 -0.00086 -0.00547 0.00323 0.01207 -0.00435 -0.01382 0.01048 0.00670 -0.01045 0.00019 -0.00376 0.00869 -0.00059 -0.00100 0.00357 -0.00018 -0.00451 0.00168 0.00189 -0.00471 0.00287 0.00402 -0.00532 0.00073 0.00656 
0.02033 -0.02300 0.05330 -0.04091 0.08126 -0.03472 0.08601 -0.06435 0.09375 -0.10748 0.07596 -0.06131 0.13314 0.00000 0.00000 0.00000 0.00000 0.00000 0.00000 0.00000 0.00000 0.00000 0.00000 0.00000 0.00000 0.00000 0.00167 0.00257 0.00878 -0.00807 -0.01619 0.00571 0.02810 -0.01620 -0.01846 0.02151 0.00050 0.00977 -0.02824 
0.02206 -0.02162 0.05629 -0.04467 0.07453 -0.03225 0.09803 -0.06980 0.08339 -0.09962 0.07962 -0.05704 0.11513 0.00106 0.00170 0.00330 -0.00483 -0.00412 0.00136 0.01428 -0.00573 -0.01176 0.01107 0.00068 0.00601 -0.01956 2.98789 -2.65512 -1.89112 0.92292 0.67821 -1.48992 0.40838 -0.66536 0.03303 -0.17706 0.76997 -0.52758 -0.58235 
0.02140 -0.02130 0.05660 -0.04574 0.07714 -0.03336 0.10029 -0.07007 0.08199 -0.09642 0.07664 -0.05530 0.11359 2.98789 -2.65512 -1.89112 0.92292 0.67821 -1.48992 0.40838 -0.66536 0.03303 -0.17706 0.76997 -0.52758 -0.58235 3.08963 -2.39053 -2.59096 0.88470 -1.41349 -1.64983 1.15966 -1.14053 -1.50009 1.32114 -1.19950 -0.85092 -1.56760 
3.00995 -2.67674 -1.83483 0.87825 0.75275 -1.52216 0.50641 -0.73516 0.11642 -0.27668 0.84959 -0.58463 -0.46722 3.09070 -2.38883 -2.58766 0.87987 -1.41761 -1.64847 1.17394 -1.14626 -1.51185 1.33221 -1.19882 -0.84491 -1.58715 -3.92952 3.18174 1.55035 -2.20740 -1.80029 0.98565 0.51959 -0.94430 -0.75198 -0.97607 -1.56718 -1.08701 -0.46870 
3.11209 -2.41013 -2.53105 0.83412 -1.34048 -1.68183 1.27423 -1.21633 -1.42986 1.23579 -1.12217 -0.90021 -1.47357 -0.94163 0.52661 -0.34077 -1.28447 -1.12208 -0.50427 0.92797 -1.60967 -0.71895 -1.15314 -0.79721 -1.61459 -1.05105 -3.82504 2.98555 3.22275 -1.92539 3.23416 1.45244 -0.47303 1.13968 2.58555 -3.55020 2.95290 -0.26780 2.23826 
2.06832 -2.15013 -2.17560 -0.40622 -0.36933 -2.02643 1.43439 -2.34483 -0.60254 -1.42982 0.05239 -2.19922 -1.51826 -0.73434 0.59672 0.63509 -1.04552 1.81654 -0.19603 0.70091 -0.00658 1.07370 -2.21799 1.75409 -1.11271 0.65111 2.00537 -0.59371 0.52190 2.36924 0.62857 1.13282 -1.56542 3.31753 -0.50293 3.40141 -0.45603 2.24595 2.65563 
2.37775 -1.81341 -1.89597 -0.21140 0.47607 -1.87786 1.97513 -1.22290 -0.35616 -0.98220 0.63192 -2.01292 -0.82246 1.06374 -0.06709 0.18113 1.08477 -0.49350 0.62855 -0.63744 1.70786 -1.22188 2.24827 -1.25324 0.63135 1.60458 1.39143 -0.79309 -0.30612 1.80345 -3.06524 0.67685 -1.63711 0.89340 -2.38945 3.72438 -3.42571 1.50261 0.30490 
3.13206 -2.21722 -1.99447 0.67855 -0.86283 -1.39788 0.79694 -0.63697 -1.82442 0.81845 -1.20085 -1.56787 0.08632 0.65709 -0.19636 0.32897 0.75793 -1.24870 0.48082 -0.93621 0.88683 -1.31575 1.50639 -1.67162 0.38990 0.95601 -1.28143 0.15152 0.52617 -1.26431 0.87174 -0.87101 0.25620 -1.15424 0.84693 -2.46969 1.54362 -0.94174 -1.85284 
3.03484 -2.00978 -1.56700 0.54652 -0.77263 -1.39704 1.03893 -0.33608 -1.67191 0.52419 -1.03970 -1.62302 0.13356 -0.21769 0.08442 0.70730 -0.17954 0.37824 -0.24247 -0.38125 0.55362 -0.37495 -0.22142 0.29038 -0.31039 -0.24826 -1.07531 -0.09951 -0.60278 -1.28721 0.75737 -1.37931 -0.17717 -2.19555 0.48910 -1.76692 0.77810 -0.77992 -2.79006 
2.91437 -2.13280 -1.28717 0.49901 -0.48459 -1.64035 0.41569 -0.08335 -2.19937 0.59703 -0.91048 -1.87825 -0.16194 -0.41822 -0.29587 -0.27381 -0.52928 -0.49133 -0.89849 -1.11338 -1.30872 -0.82665 -0.26053 -0.89352 -0.39002 -1.83405 -0.20197 -0.05877 -0.60100 -0.52147 -0.59868 -0.22018 -0.70025 -1.18864 -0.52545 1.18229 -0.82834 -0.10114 0.61814 
2.61662 -2.30565 -1.84081 0.01724 -1.26396 -2.29553 -0.07445 -1.64480 -2.49856 0.26366 -1.93322 -2.01304 -1.70049 -0.41967 0.02566 0.10630 -0.70101 -0.22044 -0.46265 -1.08149 -0.63502 -0.90040 0.96087 -0.53796 -0.41153 0.36988 0.54569 0.63152 1.54155 1.33579 1.32414 1.38165 1.61878 2.23260 1.34924 1.64362 1.62932 0.98359 3.99568 
2.49471 -2.10714 -1.18086 -0.20200 -0.70503 -2.10300 -0.66580 -0.71838 -3.09977 1.55789 -1.44844 -2.28978 0.20794 0.12747 0.33564 1.26774 0.80651 0.83281 0.48316 0.50540 0.92388 0.52259 1.38310 0.73580 0.59357 2.16163 -0.41823 0.26854 0.93520 0.48913 0.92078 0.37047 1.49845 -0.60985 3.70142 -4.14817 2.00066 0.53631 -1.66829 
2.74409 -1.97001 -0.57306 0.82375 -0.43115 -1.81236 0.43095 -0.72092 -1.97597 1.64675 -1.19742 -1.41947 0.46114 -0.83790 0.29419 1.04150 -0.21188 0.70035 -0.09218 0.41695 -1.24487 2.80102 -3.18730 1.46270 0.12479 -1.29841 -1.18934 -0.14231 -0.72968 -2.19040 -0.22655 -0.83659 -1.56513 -1.40847 1.51457 -4.71685 0.80438 -1.51540 -3.44091 
1.65681 -1.81295 -0.13937 -0.41388 -0.00468 -2.19517 -0.24885 -1.96324 -0.29875 -1.62941 0.01426 -2.16500 -1.09047 -1.06187 0.19333 0.53807 -1.38389 0.60625 -0.35343 -1.05973 -0.48459 2.03716 -3.33376 1.54018 -0.92184 -1.27928 0.94013 -0.16439 -1.12034 0.20805 -0.37911 0.00922 0.39839 1.74095 -2.56818 3.48053 -1.07601 0.15116 0.44409 
1.68222 -1.77668 -0.03499 -0.56014 0.17510 -2.16579 -0.62878 -1.20552 0.06119 -1.68700 0.34276 -2.34131 -0.81814 0.10223 0.12980 -0.07885 -0.00383 0.32124 -0.08296 0.81534 0.49608 0.23284 0.29323 0.38669 0.27595 -0.85432 0.90376 -0.23128 -1.18688 1.04185 -0.88069 -0.13659 1.27315 0.02637 -2.82223 3.44927 -2.27726 0.81834 0.36456 
1.75904 -1.68315 -0.21821 -0.41771 0.31656 -2.27813 0.56649 -1.46716 -0.06591 -1.33618 0.40095 -1.88905 -1.94478 -0.15811 -0.03795 -0.64881 -0.34204 -0.27444 -0.49002 0.21342 -0.45823 -0.78507 0.11551 -0.73708 -0.10350 -0.91472 -0.09787 0.04515 0.59849 -0.02929 0.07210 0.16914 -0.76848 -0.05427 -0.08327 0.36732 -0.36239 -0.24771 1.51845 
1.52411 -1.81462 -0.68380 -0.90218 -0.09934 -2.65581 -0.41535 -1.66374 -0.72388 -1.57149 -0.39432 -2.44480 -1.73286 0.00437 0.17495 0.51964 -0.03312 0.39334 0.08619 0.04686 0.44181 0.14957 0.66055 0.02430 0.02824 0.66413 0.03356 0.28142 0.65642 0.11283 1.64983 0.25352 -0.02204 0.81520 -0.03337 -0.14518 1.58497 -0.10222 0.66297 
1.76341 -1.50819 0.30143 -0.45083 0.70990 -2.19195 0.61335 -1.02536 0.08366 -0.67564 0.42524 -1.86081 -1.28065 -0.12454 0.24347 0.00761 -0.22921 1.37539 -0.23649 0.19138 0.35697 -0.81844 -0.02966 0.84789 -0.20572 -0.25175 -0.18461 -0.29603 -1.87365 0.03390 -0.81451 -0.68120 0.00532 -1.42465 -1.39223 -0.81328 -1.06482 -0.57159 0.13990 
1.39957 -1.57115 -0.67619 -1.13138 1.27605 -2.89230 -0.22397 -1.30678 -1.54232 -1.60115 0.45357 -2.65053 -1.98461 -0.18024 -0.12107 -1.35401 0.00078 -0.42117 -0.59501 0.05218 -0.98285 -1.24266 -0.15273 -1.04053 -0.54335 0.80403 -0.02973 -0.37171 -0.48367 0.22118 -2.81594 0.40412 -0.34845 -1.07617 1.78693 -1.47307 -0.09768 -0.55672 1.07163 
1.58317 -1.62927 -1.05258 -0.45005 0.28873 -2.78696 0.66553 -2.00820 -1.15900 -0.82836 -0.61528 -2.40416 -0.47663 -0.15427 -0.12823 -0.47605 -0.00802 -1.44055 0.16763 -0.15707 -0.71921 0.96849 -1.50274 0.75020 -0.76245 0.81988 1.11425 -0.18629 1.20304 0.95561 -0.90441 1.48694 -0.09698 1.13278 1.18500 1.94041 -0.11159 1.70880 -0.89788 
1.24530 -1.69938 -1.15224 -1.13941 -0.16450 -2.72467 -0.38104 -2.02598 -0.57383 -3.10389 1.20377 -3.41297 -1.16474 0.93401 -0.30736 -0.15096 0.95639 -1.32558 0.89193 -0.04480 0.14993 -0.05766 1.78768 -1.15212 1.16546 -0.09386 1.42557 -0.28312 0.39991 1.40542 1.01621 0.39615 1.04950 1.15069 -2.51496 6.29785 -4.55968 3.11508 -0.19024 
2.51718 -1.93663 -1.20354 0.50634 -1.03684 -1.89503 0.62072 -1.85827 -1.21666 0.95931 -1.76740 -1.23870 -0.57048 1.27130 -0.41135 -0.07615 1.39740 -0.42434 0.56378 0.89243 0.43149 -1.54647 4.79511 -3.80948 2.35264 0.62963 -1.82395 0.48175 0.07271 -2.36321 2.52466 -1.49431 -0.32874 -0.32890 0.23846 -5.28575 3.12797 -2.20180 -1.81383 
2.51660 -2.11074 -1.22839 0.25799 -0.58884 -2.16089 0.51139 -1.59449 -2.12030 1.69122 -2.60571 -1.06034 -0.53511 -0.88994 0.17439 -0.07826 -1.40681 1.19908 -0.60238 -0.37355 -0.17896 0.18080 -3.49807 1.97585 -1.03635 -1.90768 -1.97737 0.64748 -0.02813 -2.50588 1.22927 -0.67351 -1.75991 -0.45658 2.33907 -8.77121 6.77773 -3.92024 -1.80070 
1.62724 -1.76224 -1.28179 -0.90047 0.16224 -2.49741 0.24718 -2.03723 -1.03586 -2.53876 0.20845 -2.27505 -2.47816 -0.70607 0.23613 -0.10428 -1.10848 0.80493 -0.10972 -0.86748 -0.02509 0.79260 -3.97610 2.96825 -1.56760 -1.17107 1.00849 -0.01384 0.50360 2.02612 -0.84824 0.99160 1.59105 0.42111 0.78962 3.72183 -1.44637 1.37562 2.81318 
1.81053 -1.87460 -1.33266 -0.85049 0.21609 -2.27061 -0.35609 -1.61958 -1.32770 -2.28487 0.36255 -2.62794 -1.70618 0.11855 0.16055 0.42535 0.61930 0.35084 0.38921 1.21750 0.24215 0.97042 0.22376 0.52948 0.33927 0.90550 0.64180 -0.07511 0.14733 1.30114 -0.50204 -0.03989 2.32929 -0.35327 -0.55219 4.16501 -3.17966 1.90398 0.99074 
1.74579 -1.60169 -0.85645 -0.28117 0.51307 -2.10820 1.46468 -1.79509 -0.06544 -2.31500 0.73793 -1.93578 -1.57267 -0.06427 0.16103 0.04306 0.19266 0.30289 -0.14962 1.46181 -0.37836 0.24041 0.18891 -0.21140 0.33638 -0.18033 -0.07263 -0.32392 -0.85881 -0.67750 -0.40149 -0.59479 -1.25594 -0.28882 -2.25245 0.56719 -1.14127 -0.71047 -0.60897 
1.74626 -1.71358 -1.28961 -0.65782 0.51898 -2.42023 1.10573 -1.99795 -1.08729 -2.09596 0.15114 -2.29156 -1.88651 0.04592 -0.16337 -0.43347 -0.05819 -0.05066 -0.20557 -0.03844 -0.04667 -1.28203 0.79095 -0.61178 -0.37120 0.29653 -0.31029 -0.26295 0.26104 -0.73446 0.10834 0.23976 -2.46537 0.83719 -0.61731 -0.85982 0.65878 -0.95166 0.69844 
1.79171 -1.76506 -1.28992 -0.33936 0.46242 -2.31377 1.42624 -1.84176 -1.34747 -1.52405 0.12614 -2.30697 -1.27614 -0.37456 -0.10192 0.30410 -0.54180 0.41123 0.09015 -1.00356 0.45883 -0.37690 -0.67090 0.44738 -0.61527 0.51811 -0.24866 0.08820 0.10117 -0.36427 0.12895 -0.12470 0.03852 -0.09036 0.28597 -0.82930 0.16710 -0.13662 0.24797 
1.37169 -1.81550 -0.98551 -1.19962 0.93021 -2.33008 0.10217 -1.53912 -1.46419 -2.76686 0.59852 -2.90683 -1.36840 -0.20274 -0.07517 -0.33229 -0.42246 0.07829 -0.33027 0.00008 -0.13703 -0.99606 -0.03835 -0.44469 -0.50782 0.54450 0.51429 0.20310 -0.42129 0.95194 0.11099 -0.09076 1.81828 -0.30397 0.86149 0.88563 -0.04203 0.90086 0.09503 
1.58898 -1.84023 -1.62221 -0.76183 0.54071 -2.64404 1.42632 -1.97879 -2.34353 -1.56240 -0.31855 -2.81479 -0.73164 0.13973 0.10117 -0.11720 0.41014 0.52223 -0.00061 0.81472 0.15486 0.48459 0.21473 0.40534 0.28559 0.61314 0.21075 0.08582 0.87458 0.39571 0.60585 0.57707 -0.94680 0.93283 1.72085 -0.67032 1.84973 0.52573 -0.80659 
1.51143 -1.71433 -1.10270 -0.78949 1.45244 -2.33069 0.91689 -1.38426 -0.97960 -2.55214 1.00387 -2.62124 -0.75527 0.00802 0.01065 0.54228 -0.02675 0.68414 0.24681 -0.94672 0.79580 0.72479 -0.70867 1.40504 0.01791 -0.26209 0.20693 -0.09023 0.40287 0.37157 -1.10949 0.39828 -0.67070 0.01690 -0.33482 0.66313 0.16394 -0.02547 -0.70032 
1.59699 -1.82958 -1.07993 -0.78858 1.22485 -2.39724 0.47960 -1.18298 -1.61874 -2.27107 1.08649 -2.79687 -0.99374 0.34666 0.01094 0.28568 0.78170 -0.58726 0.39767 0.14402 0.17176 0.14977 0.87786 0.56928 0.26012 -0.08718 0.81752 -0.32182 -0.56844 1.59374 -2.03731 0.34174 0.37749 -0.31107 -1.76835 4.13299 -3.00188 0.96879 1.65791 
1.85809 -1.70339 -0.81702 -0.00778 0.86518 -1.93301 1.06091 -1.21250 -0.82983 -1.67428 1.57315 -2.36112 -0.84245 0.82554 -0.31117 -0.02615 1.56699 -1.35316 0.58855 -0.56923 0.48473 -1.04356 3.42433 -1.59684 0.98670 1.39582 0.12300 -0.51237 -0.10002 0.64728 -0.77361 0.02545 -1.01781 -0.43002 -1.16946 1.81233 -2.25775 0.55969 1.32159 
2.42253 -2.14075 -1.10608 0.77841 -0.12831 -1.80869 -0.08963 -0.69825 -2.66230 1.15326 -0.51035 -1.81018 0.40208 0.46966 -0.50143 0.18566 1.42898 -1.36088 0.42312 -0.87379 -0.25827 -1.01969 2.69019 -1.68847 0.81981 1.23440 -1.76033 0.31231 0.11295 -1.97065 1.76347 -0.91872 0.08849 -2.08168 2.89414 -6.79245 3.20542 -1.50601 -2.99466 
2.32775 -2.20482 -0.63136 1.42120 -0.49570 -1.50989 0.18712 -1.47077 -1.84952 1.01591 -0.11532 -1.54131 0.39195 -0.93479 0.00114 0.08679 -0.40366 0.41030 -0.33017 -0.48074 -1.59695 1.85059 -3.36813 1.60858 -0.51931 -1.59885 -1.60654 0.54755 -0.31996 -2.83226 2.00193 -1.31496 0.15131 -0.00436 1.66697 -5.86896 3.08429 -2.04760 -2.72850 
1.48775 -2.13961 -1.01929 0.37475 0.28199 -2.13886 -0.57037 -2.29520 -0.81171 -2.21487 1.09824 -2.32949 -1.19677 -1.13687 0.04612 -0.13429 -1.40328 0.64105 -0.89184 -0.72248 -0.26262 0.64728 -3.17878 1.39582 -1.22779 -1.49410 0.54100 0.01903 0.45082 -0.12731 -0.04522 0.02916 0.70377 2.40663 -2.34361 3.34680 -1.29119 0.35944 1.59008 
1.19087 -2.15869 -0.76566 0.01792 0.14535 -2.40173 -0.53537 -1.73340 -1.20224 -2.16287 1.28050 -2.76909 -1.10214 -0.39379 0.02018 0.53761 -0.53097 0.36508 -0.30102 0.22303 0.80968 -0.49303 -0.02133 0.31739 -0.15987 -0.00877 1.02701 0.02601 1.63225 1.50837 -0.04492 1.34245 0.97787 0.27000 0.49657 4.36202 -1.08156 1.94530 2.72351 
1.09396 -2.11943 -0.48168 -0.15622 0.64707 -2.43988 -0.34734 -1.48552 -1.30474 -2.23619 1.41563 -2.48935 -1.20554 -0.10986 0.07213 1.49796 0.10510 0.59614 0.45061 0.25538 0.00738 1.14385 1.18324 0.31426 0.71751 1.22941 0.51276 0.13742 0.55419 0.87069 0.06921 0.67517 0.22681 -0.57660 1.53095 1.70745 0.21495 0.43157 2.04147 
1.08101 -2.08656 0.73230 0.12302 0.74149 -1.95112 -0.27998 -1.72602 -0.05839 -0.97963 1.59477 -2.05158 0.12727 0.11897 0.15760 1.09180 0.33972 0.43428 0.37415 0.44984 0.23308 1.03792 1.68613 0.53234 0.27171 2.03270 0.20976 0.13269 -2.26120 0.27293 -0.53067 -0.76005 0.43461 -0.06508 -1.21972 -0.32311 -0.64021 -0.87624 -0.40416 
1.21294 -1.96184 0.61012 0.18350 1.08135 -2.06573 0.10250 -1.25244 -0.26682 -0.55006 1.94796 -2.21765 0.82716 0.09990 0.20482 -0.76324 0.37802 0.06546 -0.30944 0.69000 -0.05770 -0.07587 0.86014 -0.32595 -0.15872 0.82526 0.54919 -0.50077 -1.41976 0.66010 -1.85389 -0.27022 -0.48604 -0.68775 -1.92735 0.84706 -3.75730 1.50756 -2.81964 
1.18092 -1.88175 -0.03094 0.50104 0.80695 -2.26056 0.41002 -1.78372 -0.13426 -0.11949 1.26882 -2.21030 0.95253 0.66816 -0.34317 -0.32796 0.99982 -1.41961 0.10393 -0.03620 -0.45467 -0.88942 2.53319 -3.22497 1.77926 -0.78694 -0.30299 -0.48100 1.47468 -0.84581 0.31103 0.29949 -1.34583 -0.61656 -0.83116 -1.29533 0.06360 0.71108 -2.06130 
1.88110 -2.30501 0.28216 1.18332 -0.33826 -1.96181 0.06631 -1.70711 -1.15624 1.98313 -1.27700 -0.43838 0.04022 -0.20309 -0.27619 0.71144 -0.46779 0.37649 -0.00995 -0.65583 -0.67426 -0.90703 -0.43519 -0.26234 0.55236 -1.23604 -1.53753 0.80129 0.43983 -1.76301 3.02291 -0.17758 0.55983 -0.55550 1.95332 -5.63676 5.84211 -2.64763 0.59830 
0.97783 -2.15793 0.68049 0.03326 1.18344 -2.27051 -0.24581 -2.45798 -1.04130 -0.55469 1.00648 -1.65795 -0.28351 -0.86937 0.45811 0.11187 -0.76319 1.60330 -0.07365 0.52363 -1.01017 1.06390 -3.10357 2.61715 -0.86837 -0.18864 0.21330 0.38101 -1.12118 0.58121 -0.44173 0.14282 0.99827 0.15702 1.71379 -0.54336 -0.24977 -0.34510 0.99089 
1.01173 -1.84690 0.39403 0.42012 1.26504 -2.03546 0.58994 -2.71728 -0.09234 -1.12044 1.34015 -1.30675 -0.14842 0.01021 0.10482 -0.40974 0.11342 -0.06524 0.13287 0.34244 -0.51724 0.80676 -0.97855 -0.51211 0.20726 -0.24515 0.72978 -0.31372 -0.50326 0.84171 -1.91774 0.21019 -0.99756 1.71773 -0.97218 2.99385 -2.65304 0.29054 1.71851 
0.98804 -2.05311 0.27075 0.14668 1.11820 -2.13763 0.09662 -2.97523 -0.23454 -1.53324 0.49436 -1.45069 -0.52866 -0.13959 0.14440 -0.39139 0.07851 -0.31443 0.13654 -0.47393 0.70756 0.09172 -0.10972 -0.03590 -0.57783 1.52987 0.45864 -0.01654 -0.00214 0.77070 -1.62419 0.05902 -0.15453 1.95286 -2.36617 4.10422 -1.27349 -0.14860 2.80467 
0.87213 -1.70250 0.00264 0.49864 0.95061 -1.89892 0.11601 -2.00972 -0.00062 -1.23016 1.30425 -1.88458 1.38146 0.46886 0.08829 -0.41187 0.88412 -1.68943 0.19189 0.18791 1.43562 -1.55941 3.12566 -1.78560 0.05866 2.55952 0.94361 -0.80034 0.70569 -0.08469 -0.91381 -0.43183 0.02953 -0.38999 -2.23971 2.76171 -3.68756 1.33624 -3.13174 
1.45689 -1.96482 -0.14112 1.03080 -0.57123 -1.94574 0.28453 -1.53961 -1.79395 1.59242 -1.29124 -1.39202 2.03085 0.80402 -0.65595 0.31430 -0.00618 -1.22824 -0.29530 -0.44440 0.31757 -2.14798 2.65199 -3.72346 0.75841 -1.60187 -0.89192 -0.12763 1.05451 -1.71730 2.80751 -0.57340 -0.64790 -2.12451 3.03755 -6.00226 2.96312 -0.69571 -4.70113 
1.67615 -2.35845 0.31694 0.49246 -0.27763 -2.19422 -0.32839 -1.69215 -2.14860 1.42183 -2.41921 -1.12617 -0.22041 -0.42307 -0.03934 0.64263 -0.83318 1.11808 -0.38151 -0.45999 -0.68889 1.47814 -2.87659 1.17752 -0.63704 -2.14161 -0.67910 0.67699 -0.40880 0.64643 1.36076 0.29533 0.12066 -0.55086 2.18292 -1.95334 4.15890 -0.80478 2.63235 
1.03383 -2.00416 0.50151 0.19762 0.54685 -2.32725 -0.17546 -2.22850 -0.31580 -1.28417 -0.11372 -2.02907 -0.11076 0.12492 0.02104 -0.09451 0.64025 0.13252 0.00003 -0.32373 -0.23329 0.03494 0.69864 0.43545 -0.04637 1.03048 1.17101 -0.11265 -0.47146 2.07615 -1.26015 0.66334 -0.12322 1.05228 -2.97055 5.64503 -1.66092 1.80456 4.51723 
1.80107 -2.33741 0.22243 1.13271 -0.14511 -2.19419 -0.65212 -1.92544 -2.11366 2.12047 -1.98376 -1.17253 0.81007 0.74794 -0.15199 0.17117 1.24297 -0.14207 0.28183 -0.58321 0.36339 -1.49241 2.76844 -0.48340 1.16752 2.37562 -0.64568 0.37730 0.45679 -0.64778 0.88954 -0.12571 -0.23386 -0.79861 0.71284 -4.02334 2.63661 -0.34946 -0.70208 
1.78177 -2.15615 0.67269 1.44059 0.40478 -2.04542 -0.75867 -1.86510 -1.80821 1.48427 -0.59712 -0.86155 2.26486 -0.52076 0.39835 0.36228 -0.00754 1.02206 -0.12568 -0.55759 -1.03190 0.74778 -3.32470 3.07206 -0.39582 0.32840 -0.45342 0.06669 -0.37846 -0.73604 -0.38872 -0.31507 -0.30834 -1.13376 0.10736 -3.33774 -0.32981 -1.04097 -2.12834 
1.28030 -1.93906 0.58471 1.12517 0.87695 -2.31986 -1.20971 -2.95734 -1.36588 -1.20423 1.08830 -1.56836 1.13848 0.29452 -0.08530 -0.20729 0.50693 -0.53079 -0.03324 -0.89155 -0.77037 -1.38505 -0.56930 -0.81322 0.12655 0.24728 1.43897 -0.58484 -0.45968 1.03353 -2.26797 0.65846 0.17090 1.39847 -2.15966 4.80284 -5.53278 0.98113 1.41852 
2.07629 -2.24145 0.46539 1.94752 -0.12601 -2.07866 -1.65022 -2.63547 -3.19326 0.91496 -1.41033 -0.73499 2.51214 0.91821 -0.18649 -0.09740 1.02599 -1.24591 0.53279 -0.38669 0.36657 -1.41188 1.47814 -2.46073 0.58531 1.74693 -0.43764 0.32363 0.27921 -0.36464 0.29538 0.35784 0.36104 0.64000 2.43839 -1.44827 1.51112 -0.49515 -0.14746 
2.19851 -2.12555 0.48731 2.15117 -0.36896 -1.78708 -1.59640 -2.59077 -2.77777 0.27391 -1.37243 -0.98305 2.88540 -0.14312 0.23834 0.07192 0.14229 -0.23541 0.32461 -0.53051 -0.13037 1.05335 -2.01757 0.69790 -0.36860 0.09982 -0.75896 0.13789 0.22154 -0.85142 0.86476 -0.43168 0.38512 0.34182 1.67856 -1.59184 2.74301 -0.90721 -2.55787 
1.93318 -2.00311 0.53732 2.08980 -0.36142 -1.75405 -2.18073 -2.76584 -2.13992 -1.10261 -0.71243 -1.10360 2.61196 0.15924 -0.04860 0.12414 0.17457 -0.38115 0.10111 -0.00157 0.70839 0.26668 -0.11370 0.28228 -0.32190 -0.81094 0.31709 -0.39651 -0.57978 -0.32563 0.14974 -0.28943 0.84196 0.66881 -0.39425 2.20648 -0.99744 -0.43486 -1.45990 
2.35775 -2.17416 0.61146 2.32574 -0.75011 -1.68596 -1.59797 -1.88237 -2.51109 0.16021 -1.09015 -1.30495 2.07446 0.17397 -0.15817 -0.50786 -0.18334 -0.08567 0.03517 0.31145 0.53844 0.65910 0.18891 -0.29954 -0.80346 -1.36008 -0.12475 -0.06120 -0.36147 -0.40068 0.62687 0.01550 0.60658 -0.65553 0.29545 0.47026 -0.57403 -0.27099 -0.01351 
2.10715 -2.16128 0.02946 1.90646 -0.44710 -1.71888 -1.86928 -2.22740 -1.48082 -0.91370 -1.01197 -1.90706 1.25188 0.03449 -0.10981 -0.23732 -0.22611 0.24572 0.11661 0.60501 0.05286 0.56213 0.35656 -0.29175 -0.59289 -0.82445 -0.11306 0.04776 1.12956 0.15568 0.20154 -0.22371 0.66000 -0.00565 -1.74561 1.05477 -0.37472 0.83150 0.93358 
2.39224 -2.28396 0.37413 2.09963 -0.50438 -1.56935 -0.99296 -1.82951 -1.94896 0.51677 -1.38191 -1.89784 1.25000 0.06091 -0.11041 0.62170 -0.02766 0.11586 -0.18854 0.97145 0.53278 -1.08651 1.24368 -0.67426 0.02804 -0.42650 -0.52741 0.29479 0.65550 -0.41392 0.65720 -0.58443 -0.87327 0.11824 -1.54671 -0.82329 -0.54642 0.75342 0.76038 
2.16806 -2.27169 0.65116 1.87880 -0.33123 -1.90742 -0.89783 -1.69462 -2.56732 0.32998 -1.68623 -1.87902 0.82539 -0.49292 0.18498 0.41818 -0.64003 0.90292 -0.46782 -0.26826 0.17111 -0.98458 -0.46673 -0.83818 0.16054 -0.06407 0.04546 -0.00281 0.43296 -0.53950 1.61490 -0.17503 -0.15924 -1.23447 1.76628 -2.13587 0.33454 -0.01425 1.29358 
1.89932 -2.09898 0.79231 1.45960 0.39854 -2.03718 -1.26122 -1.65841 -2.93353 0.05003 -2.22008 -1.73730 1.18593 0.10638 -0.11323 1.05466 -0.56716 1.73076 -0.36357 0.81221 -0.70169 0.67977 -0.89219 -0.33973 0.01378 0.86709 0.75894 -0.49602 0.51271 0.57319 -0.11685 0.33257 0.98990 -1.34269 1.94534 -0.56344 0.60873 -0.46837 0.47584 
2.27444 -2.38492 1.70581 1.31164 1.39953 -2.27099 -0.08562 -2.39630 -1.88755 -0.56221 -2.02596 -1.86524 1.69247 0.26601 -0.31104 0.93089 -0.06684 0.78607 -0.13525 0.72163 -1.17159 0.96076 -1.03017 -0.22944 -0.30784 0.41177 0.01518 0.08675 -1.41596 1.22681 -2.08911 0.57172 -1.38341 0.14947 -0.96149 0.66439 0.19756 -0.07642 -0.54099 
2.16533 -2.41002 1.72320 1.39277 1.18461 -2.17243 -0.53959 -2.82999 -1.97277 -0.98014 -2.44953 -2.04513 1.59770 0.12156 -0.02648 -0.36130 0.65966 -0.35835 0.20815 -0.57120 -0.55222 -0.28171 -0.22781 -0.14216 -0.06264 0.32609 0.10305 0.62179 -1.69886 0.63810 -0.53071 0.38571 -1.74611 0.89587 -0.46360 1.00976 0.32600 0.48210 0.36690 
2.39600 -2.41139 1.34451 1.97130 1.04118 -2.06284 -0.65682 -2.94853 -2.16926 -0.79001 -2.16812 -1.92788 2.01857 0.36906 0.31075 -0.76798 0.57127 0.25536 0.25046 -1.02447 -0.27571 0.49716 -0.02041 0.09655 0.17426 0.77867 -0.19288 0.44846 -0.09172 -0.69935 0.74925 -0.32478 -0.68658 0.19763 1.00205 -0.25867 -0.32372 0.29689 -0.50850 
2.53440 -2.09927 0.95522 1.96403 1.43997 -1.92197 -1.56406 -3.10571 -1.47562 -1.00055 -2.35297 -1.87087 2.37637 -0.07131 0.42199 -0.45303 -0.03969 0.39090 -0.11663 -1.25778 -0.35459 0.72034 -0.48648 -0.46589 0.23425 -0.18241 -0.73147 -0.33752 0.79744 -0.07540 0.12540 -0.54938 0.06376 -0.14593 -0.84146 -0.78412 -0.00847 -0.28025 -1.84565 
2.32469 -1.98941 0.89148 1.93161 1.43208 -2.17947 -1.91460 -3.30312 -1.44893 -1.27649 -2.63401 -1.69362 1.83616 -0.36240 -0.02677 0.02947 0.49587 0.38076 -0.29892 -0.96072 -0.42164 -0.34431 -0.80453 0.08808 -0.10599 -1.06699 -0.32976 -0.61859 0.96712 0.71036 0.39216 0.11754 0.66836 -0.08957 -1.58700 0.52662 0.61433 -0.71495 0.52375 
2.17199 -2.12604 0.98469 2.45990 1.82073 -2.22089 -2.52478 -3.52734 -1.81993 -1.80508 -2.26489 -1.97687 1.30938 -0.40108 -0.19661 0.51409 0.67066 0.78306 0.00091 -0.58942 -0.44416 -0.86666 0.04014 0.14844 -0.48070 0.34134 0.04501 0.11883 1.01366 -0.06284 0.06818 0.39576 1.40948 0.38910 0.19468 1.53055 0.32208 -0.04451 1.20856 
1.92361 -2.18601 1.40558 2.60227 2.21514 -2.17856 -2.50402 -3.74728 -2.31559 -1.23635 -2.48556 -2.17432 2.17750 -0.31739 0.09206 1.04312 0.43303 0.44894 0.09685 0.44877 -0.03254 -0.14963 0.72602 0.41016 -0.15050 0.14157 0.51772 0.49130 0.01923 -0.39542 -1.11182 0.08127 1.24216 1.30335 1.60422 -0.34712 0.42682 0.25315 -0.87625 
1.85460 -2.03397 2.02781 2.89294 2.26967 -2.12404 -2.07601 -3.55988 -1.96955 -1.07905 -1.85473 -2.12737 1.45095 0.11664 0.29469 0.53333 0.27524 -0.32877 0.08218 0.65274 0.85919 0.73756 -0.30698 0.57526 -0.22755 -0.53491 0.48630 0.25370 -0.74454 -0.23121 -0.12257 0.09272 -1.01492 0.85842 1.29362 -0.96359 -0.40585 -0.09040 -0.22503 
2.04025 -1.89132 1.93890 2.87751 1.88637 -2.09638 -1.85128 -2.88808 -1.57803 -1.54334 -1.91030 -2.40187 1.64259 0.16891 0.34576 0.29858 0.20182 0.32637 0.18957 -0.56616 0.82588 1.14399 -0.23757 0.00431 -0.24090 -0.08345 -1.20949 0.40498 0.79783 -2.35728 3.36753 -0.20364 -2.38684 0.10908 -0.48382 0.56472 -0.34611 -0.77726 0.22084 
2.02351 -1.68821 2.32639 3.09476 2.59604 -1.93447 -2.64217 -2.73400 -0.82556 -1.31662 -1.85042 -2.36828 1.36750 -1.09284 0.69967 1.33116 -2.08204 3.03876 -0.12146 -1.73410 0.96828 0.25374 0.25774 0.22915 -1.00481 -0.31407 -0.88997 0.52723 0.40428 -2.22581 1.77734 -0.15370 0.08272 -0.20788 -1.90932 2.00313 -0.04287 -0.53350 -0.31576 
0.94740 -1.19165 3.27006 0.79547 4.92513 -2.21785 -3.58538 -1.91981 -1.32429 -1.28559 -1.68115 -3.40668 1.32853 -0.72107 0.87300 0.70286 -2.02399 2.10371 0.03587 -0.48344 0.61800 -0.76533 1.76556 -0.03856 -0.77440 -0.39921 1.75265 0.10469 -2.33451 2.35221 -4.48440 1.11640 2.24740 -0.96670 0.21819 0.06107 0.34346 1.71411 -0.53904 
1.30244 -0.81521 3.02925 1.07077 4.69975 -1.89861 -3.12560 -2.11600 -1.59089 0.44894 -1.88898 -3.14268 0.96829 0.65981 0.80437 -1.00335 0.27018 -1.44564 0.99494 0.51330 0.00158 0.47193 0.31882 0.57261 0.70930 -0.85311 0.58343 -0.25750 -2.05331 2.19288 -3.88731 0.96971 1.66204 0.20465 2.86505 -3.28342 0.67956 1.89510 0.23374 
1.60721 -0.38728 2.26671 1.06565 3.47949 -1.22291 -3.07208 -1.91823 -0.85235 -0.96678 -1.10854 -2.69738 0.47542 -0.13763 0.61550 -1.35045 0.16889 -1.78360 1.00558 1.17860 0.82265 2.09973 -1.51786 0.64100 1.12070 -0.16547 -1.58596 -0.43362 -0.36386 -0.57922 0.36175 -0.47965 1.07960 0.77964 0.46531 -1.22198 -1.36000 0.06135 -0.09172 
1.16480 -0.19971 1.67880 1.23966 2.91615 -0.89303 -1.94700 -1.29335 0.50884 -1.06892 -1.24799 -2.02198 0.80282 -0.92615 0.37075 -1.36721 -0.30904 -1.08389 0.51529 1.59289 0.78122 0.93725 -0.90317 -0.78739 0.77065 -0.94483 -0.63475 -0.56394 0.29234 -0.83594 0.66818 -0.75061 -1.08580 -1.45759 -3.09630 1.51531 -0.69026 -0.34139 -0.59743 
0.68106 -0.01653 0.89950 0.75661 2.39561 -0.70762 -1.47919 -1.13701 0.08489 -1.86994 -1.89593 -1.92673 -0.46941 -0.77238 0.05156 -1.05811 -0.66705 -1.11542 0.25496 0.09280 -0.63494 -0.99658 -0.00255 -0.04927 0.77931 -0.76290 0.30704 -0.37573 0.73616 -0.51438 -0.47042 -0.00625 -0.48126 -0.24513 -0.91046 1.69484 1.24352 -0.11273 1.36864 
0.39243 -0.14815 0.62068 0.57261 1.80073 -0.63806 -1.85420 -1.92829 -0.48774 -1.07147 -1.29725 -1.24267 0.03992 -0.61912 -0.00498 -0.63105 -0.82342 -1.55431 0.50904 1.11163 0.53609 0.02679 0.79167 0.45613 0.65792 0.42381 0.44874 0.21612 0.68927 -0.18707 -0.43853 0.20214 1.58792 2.05547 1.05088 0.20753 0.51218 -0.38496 -0.08667 
0.06194 -0.02151 0.26845 -0.06681 0.84130 -0.19859 -0.36755 -0.60092 0.11168 -1.07827 -1.43981 -1.26881 -0.04560 -0.32364 0.26768 -0.36884 -0.85412 -1.55395 0.45711 1.68072 1.42053 0.05430 0.20498 0.46291 0.39435 -0.84958 0.50601 0.02151 0.29197 0.70779 0.79800 -0.40948 -0.31151 -0.13487 0.01701 0.36996 1.16891 0.45096 -0.32966 
0.06879 0.11953 0.25184 -0.28151 0.24677 -0.18096 -0.17348 -0.50776 -0.43343 -0.86648 -0.83434 -0.84831 -0.80966 -0.11310 0.01653 -0.33908 -0.11563 -0.75630 0.09955 0.80013 0.40122 0.04379 1.16164 1.62504 1.10888 0.09415 0.43889 -3.10851 0.75050 -0.34773 3.38095 -0.78566 -2.68103 -0.80956 0.20006 -1.52781 1.03842 -1.24371 2.37979 
-0.05116 -0.00498 -0.07063 -0.18244 0.08500 -0.09903 0.43257 -0.19970 0.15547 0.08337 0.18523 -0.15993 0.04855 0.11526 -2.84084 0.38166 -1.20185 1.82700 -0.32855 -1.00031 0.61097 0.25437 -1.32282 1.50134 -0.84936 1.53022 0.01128 -2.07873 2.94998 -2.21782 3.05968 -1.34515 -3.91403 -1.94464 -0.29888 -3.13358 -1.71727 -2.23150 0.47380 
0.18405 -2.72131 0.63350 -1.48335 2.07377 -0.50950 -1.17379 0.10321 -0.17907 -2.18931 0.66700 -1.69767 0.72056 -0.10183 -2.06220 2.61089 -2.33345 2.30338 -1.24559 -3.11391 -1.54342 -0.25508 -1.97194 -0.09223 -1.12262 0.56795 -1.36688 3.01348 1.18958 -0.11253 -1.23736 -0.67669 1.58459 -2.63079 0.19967 2.27451 -1.83998 1.92808 -2.41332 
-0.15299 -2.06718 2.54026 -2.51589 2.38837 -1.34463 -2.68134 -1.74312 -0.09961 -1.88858 0.09300 -1.28255 0.61650 -1.25163 0.17264 1.57124 -1.31438 0.58963 -1.00524 0.58428 -2.01982 0.45403 0.95168 -0.33864 1.07872 -0.88311 -0.58102 1.44616 -3.19312 2.67697 -1.94429 1.19556 6.02461 1.94090 1.67785 3.90159 0.54873 2.34637 -0.05731 
-1.06758 -2.54867 2.20474 -2.79773 2.66340 -1.51474 -0.58951 -1.91661 0.27497 -1.23762 0.32835 -0.61895 -0.16255 -0.68285 -0.61604 -0.58222 0.34352 0.35909 -0.05003 2.91070 0.39748 1.42277 1.92965 0.45649 1.22376 0.51065 2.02464 -0.24856 -2.34815 1.83543 -1.26552 1.56642 0.18688 2.58112 -0.01746 0.75966 0.79012 -0.78969 2.03713 
-0.83584 -2.68322 1.95804 -2.17237 2.74746 -1.39466 0.22937 -1.34564 1.32316 0.04107 0.54949 -0.05879 1.12715 0.77301 -0.07592 -0.77690 0.52105 -0.67589 0.56118 0.77116 0.56130 0.43657 1.71135 0.45147 0.28903 1.15402 1.86347 0.80950 -0.62875 -0.28511 -2.31782 0.51774 -3.84133 -0.02223 -2.23152 -1.41464 -0.23945 -1.33491 0.36497 
-0.29457 -2.62459 1.42784 -2.27668 1.98752 -0.95356 0.18165 -1.35531 0.71154 0.47372 0.77983 -0.32991 0.99147 1.18062 0.19346 -1.21097 0.05842 -1.95873 0.46770 -0.93062 0.37525 -0.80875 0.51500 0.21705 -0.11115 0.87561 0.10290 0.08615 -0.52407 0.72268 -1.23414 -0.28530 -0.38882 0.28903 -0.27850 -1.32967 -0.65013 -0.66330 -0.64463 
0.34478 -2.48976 0.74707 -2.11395 0.78873 -0.92696 -0.70126 -0.97039 0.51441 0.55607 0.76654 -0.16994 2.00276 0.87592 0.01023 -1.30097 1.24374 -1.91003 0.27588 0.38234 0.85033 0.15807 0.38168 -0.19865 -0.37426 0.50940 -0.56419 0.06452 -0.11759 1.43820 1.21670 -0.11940 2.85131 0.11619 1.74675 -0.78914 -0.89019 -0.77320 -2.03582 
0.58134 -2.61436 0.12686 -1.03294 0.07749 -0.67768 0.56398 -0.50498 0.86961 0.85540 0.58117 -0.70417 1.50087 0.61643 0.25799 -1.32856 1.49661 -0.74203 0.34830 1.92068 0.49144 0.93800 -0.27414 -0.67314 -0.88435 -1.16020 -0.67575 0.30050 0.21869 -0.53683 1.89796 0.03101 0.69841 -1.16005 0.11252 -0.97385 -0.11362 0.31838 -1.25880 
0.96121 -2.23178 -0.58149 -0.61734 0.04670 -0.57866 1.21942 -0.47895 1.45241 0.28193 0.09340 -1.05429 0.84256 0.20017 0.31072 -1.08228 0.70691 -0.01207 0.30689 1.08075 -0.30972 0.27059 -0.59218 -0.31228 -0.05588 -0.74941 -0.73784 0.13143 1.37888 -0.57081 1.99605 -0.04714 -1.69337 -1.27727 -2.02995 -0.07796 1.11629 0.95344 0.88191 
0.78151 -2.30364 -0.95542 -0.32603 0.06543 -0.37078 1.64473 -0.81470 1.14020 0.26323 0.26890 -0.76006 0.75146 -0.12141 0.38942 0.05032 0.92581 1.25402 0.30116 0.22731 -0.78583 -1.09195 -0.35211 0.44315 0.06908 -0.27829 -0.32571 0.35869 1.27545 -0.07517 1.45332 -0.25221 -1.84011 0.23605 -0.54291 -0.50431 0.16636 0.03032 1.46072 
0.83980 -1.84236 -0.53117 0.30847 1.30073 -0.27750 1.44673 -1.26477 0.36046 -0.07018 0.53654 -0.98521 0.56427 -0.12554 0.66942 0.19317 0.63174 1.44125 0.05468 -0.75936 -0.07367 -0.27232 -1.09649 -0.14592 -0.02556 0.71131 -0.11553 0.06927 -0.34599 -1.11157 -1.18362 -0.26517 -1.36073 0.78790 1.29171 -0.23561 -0.82176 0.16448 0.46325 
0.65597 -1.63423 -0.76225 0.30571 1.50668 -0.31611 0.88537 -0.88837 0.86788 -0.83326 0.12297 -0.78562 1.46277 -0.23694 0.45869 -0.29567 -0.18576 0.07040 0.03599 -1.13342 0.00207 0.19976 -0.58772 -0.37861 0.23356 0.18496 0.17161 -0.07923 -0.38068 -1.14740 -1.14692 0.12554 0.62120 0.27578 -0.05426 1.36679 0.88497 0.72163 -1.81302 
0.60286 -1.38368 -0.82684 0.12270 1.37113 -0.24151 0.31331 -1.26270 0.56022 -0.65790 0.15793 -0.75165 0.74924 0.04607 0.59018 -0.18751 -0.51566 0.29433 0.18021 -0.13816 0.20211 -0.32657 0.27031 0.73905 0.69607 -1.10171 0.24001 -0.21341 -0.25696 -0.26852 0.29988 0.10894 1.83995 -0.25609 -1.11209 1.04080 0.73859 0.02360 -1.42708 
0.70204 -1.04404 -0.94975 -0.20995 1.80101 -0.13589 0.74721 -0.68626 0.54131 -0.56296 0.86202 -0.08955 0.36106 0.00308 0.24527 -0.55263 -0.45428 0.37028 0.14492 0.70652 -0.25402 -0.91233 0.45308 0.35998 0.25717 -1.24212 -0.50117 -0.35838 0.04409 0.32786 -0.80922 -0.20891 -0.43630 -0.35869 -0.79979 -0.89115 -1.06910 -1.06518 0.57096 
0.60594 -1.13840 -1.37947 -0.33158 1.74141 -0.09659 1.01983 -1.51672 -0.35211 -0.20482 0.51792 -0.49448 -0.49288 -0.45510 0.23180 -0.14342 -0.18780 -0.51489 -0.02870 -0.57446 -0.15657 -1.12637 -0.62084 -0.33005 -0.36911 -0.53075 -0.51290 0.45127 1.39796 0.58366 -0.91899 -0.19213 -1.78600 0.59877 0.53620 -1.23849 -0.17133 0.20633 2.30976 
0.24693 -0.81224 -1.09318 -0.39775 1.28612 -0.16459 0.17275 -0.84283 -0.58506 -1.18379 0.53197 -0.45867 -0.16970 -0.50983 0.69655 0.84533 0.12938 -0.54871 -0.04721 -1.07947 0.34476 -0.37613 -0.78541 0.18865 0.46350 1.06764 0.08080 0.28604 0.88222 0.24927 -0.06318 0.27990 0.57773 0.49786 2.23434 1.37101 -0.14278 1.15457 1.09291 
0.09611 -0.44186 -0.53414 -0.20220 1.19270 -0.14379 -0.05964 -1.17196 -0.72824 -0.99023 0.70657 -0.03098 0.57476 -0.37431 0.51784 0.73880 0.06148 -0.57807 0.25121 0.00327 0.34129 1.10797 0.75017 -0.47283 0.78546 0.56215 0.41781 -0.33896 -0.30830 -0.01823 -0.33140 0.10644 1.34608 0.72668 1.11072 1.59566 -1.02369 -0.54317 -1.52216 
-0.12737 -0.29441 -0.35438 -0.33627 0.70805 0.08662 0.17602 -0.50155 0.52291 -0.43363 0.05914 0.32679 0.39246 -0.09201 0.35759 0.53703 0.11115 -0.88011 0.05923 0.26661 1.07144 0.73458 0.81025 -0.83504 -0.07967 -0.45452 0.43263 -0.24800 -0.29768 0.09164 0.04914 -0.37716 0.17773 0.08539 -1.69102 -0.33571 0.26798 -1.09924 -0.63327 
0.00409 -0.08427 0.00289 -0.09106 0.31259 -0.08456 0.20697 -0.10052 0.00634 -0.17998 -0.12847 -0.11065 0.12023 0.05833 0.26984 0.44111 0.15312 -0.52893 -0.12595 0.18100 0.42668 -0.58305 0.41446 -0.20485 -0.31378 -0.07112 0.11328 -0.35543 -0.49854 0.00701 0.79354 -0.07609 -0.53687 -0.99921 -0.38946 -0.77822 0.91847 0.06889 0.86442 
-0.06904 -0.02457 0.08673 -0.18315 0.17911 -0.03934 0.35702 -0.07487 -0.06014 -0.01916 -0.14571 0.01302 0.32134 0.02126 0.00216 0.03849 0.11816 -0.08657 -0.01685 -0.27026 0.07223 0.34512 0.03203 0.08342 -0.01078 0.40990 -0.01286 -0.27380 -0.60329 -0.18493 0.66504 0.11344 -0.11049 -0.40228 0.50692 -0.54807 0.21677 0.43354 0.05677 
0.02536 -0.08211 0.04137 0.02710 0.22602 -0.10141 -0.06330 -0.02829 0.35147 -0.14796 -0.04505 -0.12143 0.53014 0.04547 -0.00396 -0.16218 -0.03182 0.13611 -0.01251 0.07051 0.02440 -0.07613 -0.13361 0.01192 0.11976 -0.01435 -0.04750 0.06550 -0.01572 -0.21251 -0.00033 0.05742 0.48509 -0.12748 -0.62991 0.09570 -0.04712 0.11500 -0.82781 
-0.02358 -0.02852 -0.07544 -0.21497 0.31522 -0.05185 0.42753 -0.05047 -0.13627 -0.15277 -0.13378 0.13278 0.30699 -0.02624 0.06766 0.02277 -0.09435 -0.08690 0.04057 0.21483 -0.05525 -0.28479 0.12773 0.03631 0.10422 -0.41791 -0.00631 0.00616 0.27868 0.19520 -0.37632 0.03885 -0.36046 -0.04165 0.28014 0.13894 0.19610 -0.30273 -0.12792 
-0.00088 -0.01445 0.06415 -0.06724 0.13912 -0.06084 0.15153 -0.08354 0.06668 -0.02023 -0.00874 -0.01721 0.11223 0.03915 0.00221 0.11650 0.16338 -0.24022 0.02634 -0.28995 -0.01725 0.20401 0.00533 0.20802 -0.18296 -0.14227 0.03421 -0.08346 0.02832 0.09185 -0.08172 -0.00794 -0.23495 -0.01711 0.37398 -0.08915 0.01553 -0.11279 0.52434 
0.01558 -0.02631 0.04105 -0.05159 0.07500 -0.02551 0.13758 -0.06773 0.06774 -0.14744 0.07424 -0.05018 0.16472 0.00797 -0.01579 0.05109 -0.00249 -0.16861 0.03263 -0.02012 -0.07236 0.08919 0.03858 0.05184 -0.00857 0.10643 -0.07973 -0.01174 -0.07296 -0.17357 0.31964 -0.03233 0.30129 0.04896 -0.13321 -0.05398 -0.24803 0.11762 0.27999 
0.00709 -0.03024 0.11523 -0.06974 -0.02949 -0.02822 0.13141 -0.15590 0.15587 0.01835 0.04309 -0.02578 0.21866 -0.04058 -0.00954 0.04354 -0.01019 0.07942 -0.00600 0.01134 0.03171 0.07080 -0.04865 -0.04000 -0.06534 0.13772 0.03692 0.07695 0.02705 -0.09007 0.09430 -0.05404 0.29084 -0.06792 -0.21009 -0.31199 -0.42443 -0.18495 -0.18049 
-0.02500 -0.03585 0.08459 -0.06178 0.15443 -0.03151 0.14892 -0.03602 0.13854 -0.19609 0.03424 -0.11552 0.30244 0.04489 0.06115 0.07814 -0.09256 -0.07431 -0.02141 0.27072 -0.14028 -0.12090 -0.27341 -0.37259 -0.19352 -0.07406 0.05755 0.01264 -0.02223 -0.03101 -0.10140 -0.05623 0.03330 -0.07263 -0.26125 -0.31231 -0.10309 0.13228 -0.56099 
