0.01389 -0.01974 0.06602 -0.10413 0.06982 -0.05595 0.05224 -0.06542 0.09046 -0.09824 0.06843 -0.08913 0.13076 -0.14717 -0.30949 0.25811 0.13542 0.23760 -0.18373 0.16138 -0.50549 0.57895 0.13993 -0.07034 -0.23691 0.27432 -0.37885 -0.97806 0.64776 -2.84211 0.38787 -0.05077 0.88743 -1.80376 -0.51507 -0.08207 0.79462 -0.27131 1.39588 
-0.13035 -0.32757 0.32125 0.03183 0.29899 -0.23338 0.21550 -0.57113 0.66099 0.03415 0.02076 -0.33071 0.38780 -0.40020 -0.89851 0.57267 -2.57295 0.39878 -0.14558 0.70337 -1.84799 -0.47779 -0.06774 0.47013 -0.49420 1.04611 0.27013 0.58136 -0.62913 -0.74094 -0.39025 0.47414 -0.18884 0.97795 -1.22224 -0.26270 0.01590 0.48216 -0.44925 
-0.38631 -0.91825 0.63869 -2.67708 0.46860 -0.20153 0.75561 -1.91340 -0.38733 -0.16599 0.53856 -0.58333 1.17686 0.12296 0.27187 -0.37102 -0.60552 -0.15265 0.29040 -0.02746 0.47247 -0.64328 -0.12277 -0.05444 0.24525 -0.17494 0.81496 1.78702 -1.10408 5.08789 -0.76983 0.26073 -1.38071 3.64887 1.01235 0.06622 -0.85685 0.90900 -2.04686 
-0.00739 -0.05571 -0.04977 -0.57369 0.14634 0.05703 0.18804 -0.09866 0.01771 -0.08862 -0.03368 -0.08546 0.21287 0.41476 0.88851 -0.53141 2.51494 -0.37105 0.11515 -0.67735 1.80088 0.53456 -0.00153 -0.38672 0.41480 -1.00075 -0.08884 -0.24650 0.53271 1.01495 0.10260 -0.43259 -0.08551 -0.47809 0.76362 0.04002 0.25706 -0.34515 0.14326 
0.02846 -0.02973 0.10729 -0.16214 0.09755 -0.08638 0.07826 -0.11253 0.14724 -0.16751 0.15184 -0.16853 0.17611 0.03412 0.02537 0.16169 0.40944 -0.05004 -0.14219 -0.11297 -0.00563 0.12034 -0.08275 0.20262 -0.09990 -0.03168 -0.42823 -0.87889 0.48791 -2.44829 0.33665 -0.07960 0.64773 -1.75330 -0.58652 0.05906 0.31531 -0.34608 0.96269 
0.02673 -0.03034 0.11192 -0.16426 0.09630 -0.08516 0.07507 -0.10429 0.13805 -0.17137 0.16894 -0.18536 0.18119 -0.01346 0.00962 -0.04349 0.06665 -0.03440 0.03555 -0.02961 0.04758 -0.05196 0.05753 -0.07141 0.06873 -0.03807 -0.04352 -0.01338 -0.21082 -0.34634 0.01306 0.17936 0.09079 0.04453 -0.17496 0.14483 -0.27691 0.18852 -0.03447 
0.01499 -0.02011 0.06379 -0.09549 0.06315 -0.05083 0.04865 -0.06495 0.09528 -0.10998 0.08043 -0.09980 0.13804 -0.00939 0.01198 -0.04913 0.06309 -0.03698 0.03718 -0.02218 0.03890 -0.05462 0.06208 -0.07429 0.08862 -0.06615 0.01441 -0.00804 0.04561 -0.07357 0.02838 -0.03156 0.03605 -0.05298 0.04239 -0.05048 0.07751 -0.06359 0.02283 
0.01734 -0.01836 0.06279 -0.10116 0.05932 -0.04798 0.05289 -0.06539 0.08343 -0.10930 0.09464 -0.09674 0.11503 0.00094 0.00158 0.00212 -0.00692 -0.00602 0.00398 0.00644 -0.00540 -0.00957 0.00705 0.00610 0.00514 -0.01523 0.00939 -0.01198 0.04913 -0.06309 0.03698 -0.03718 0.02218 -0.03890 0.05462 -0.06208 0.07429 -0.08862 0.06615 
0.01594 -0.01853 0.06591 -0.10241 0.05714 -0.04685 0.05509 -0.07035 0.08571 -0.10294 0.08653 -0.09466 0.12281 0.00000 0.00000 0.00000 0.00000 0.00000 0.00000 0.00000 0.00000 0.00000 0.00000 0.00000 0.00000 0.00000 -0.00468 -0.00811 -0.01469 0.03654 0.03799 -0.02479 -0.03679 0.03436 0.04965 -0.04219 -0.02793 -0.02917 0.07461 
0.01734 -0.01836 0.06279 -0.10116 0.05932 -0.04798 0.05289 -0.06539 0.08343 -0.10930 0.09464 -0.09674 0.11503 -0.00374 -0.00652 -0.01258 0.02962 0.03197 -0.02080 -0.03035 0.02896 0.04008 -0.03514 -0.02183 -0.02404 0.05937 0.00030 -0.00684 0.00125 -0.03754 0.00112 -0.01790 0.00089 -0.02463 0.00114 -0.04137 0.00135 -0.03603 0.00118 
0.01220 -0.02506 0.05333 -0.07279 0.08911 -0.06766 0.02473 -0.04139 0.12579 -0.13807 0.06470 -0.11870 0.18218 0.00030 -0.00684 0.00125 -0.03754 0.00112 -0.01790 0.00089 -0.02463 0.00114 -0.04137 0.00135 -0.03603 0.00118 0.00835 0.01349 0.02239 -0.06042 -0.05969 0.03882 0.05973 -0.05322 -0.08383 0.06743 0.04824 0.04894 -0.12807 
0.01764 -0.02520 0.06404 -0.13870 0.06043 -0.06589 0.05378 -0.09002 0.08458 -0.15067 0.09599 -0.13278 0.11621 0.00462 0.00697 0.00981 -0.03081 -0.02772 0.01801 0.02938 -0.02426 -0.04375 0.03229 0.02640 0.02490 -0.06869 -0.00060 0.01368 -0.00249 0.07508 -0.00223 0.03580 -0.00178 0.04926 -0.00228 0.08274 -0.00271 0.07207 -0.00235 
0.01681 -0.01809 0.06314 -0.10360 0.06139 -0.04964 0.05411 -0.06564 0.08204 -0.10578 0.09110 -0.09379 0.11349 -0.00030 0.00684 -0.00125 0.03754 -0.00112 0.01790 -0.00089 0.02463 -0.00114 0.04137 -0.00135 0.03603 -0.00118 -0.00409 -0.00724 -0.01016 0.03324 0.02565 -0.01635 -0.03060 0.02451 0.04515 -0.03581 -0.02286 -0.02785 0.07024 
0.01734 -0.01836 0.06279 -0.10116 0.05932 -0.04798 0.05289 -0.06539 0.08343 -0.10930 0.09464 -0.09674 0.11503 0.00052 -0.00027 -0.00035 0.00244 -0.00207 0.00166 -0.00122 0.00026 0.00139 -0.00352 0.00354 -0.00295 0.00154 0.00030 -0.00684 0.00125 -0.03754 0.00112 -0.01790 0.00089 -0.02463 0.00114 -0.04137 0.00135 -0.03603 0.00118 
0.01734 -0.01836 0.06279 -0.10116 0.05932 -0.04798 0.05289 -0.06539 0.08343 -0.10930 0.09464 -0.09674 0.11503 0.00000 0.00000 0.00000 0.00000 0.00000 0.00000 0.00000 0.00000 0.00000 0.00000 0.00000 0.00000 0.00000 -0.00052 0.00027 0.00035 -0.00244 0.00207 -0.00166 0.00122 -0.00026 -0.00139 0.00352 -0.00354 0.00295 -0.00154 
0.01734 -0.01836 0.06279 -0.10116 0.05932 -0.04798 0.05289 -0.06539 0.08343 -0.10930 0.09464 -0.09674 0.11503 0.00000 0.00000 0.00000 0.00000 0.00000 0.00000 0.00000 0.00000 0.00000 0.00000 0.00000 0.00000 0.00000 0.00000 0.00000 0.00000 0.00000 0.00000 0.00000 0.00000 0.00000 0.00000 0.00000 0.00000 0.00000 0.00000 
0.01734 -0.01836 0.06279 -0.10116 0.05932 -0.04798 0.05289 -0.06539 0.08343 -0.10930 0.09464 -0.09674 0.11503 0.00000 0.00000 0.00000 0.00000 0.00000 0.00000 0.00000 0.00000 0.00000 0.00000 0.00000 0.00000 0.00000 0.00530 -0.00788 0.01921 -0.04346 0.01812 -0.02059 0.01629 -0.02779 0.02615 -0.04577 0.02972 -0.04154 0.03424 
0.01734 -0.01836 0.06279 -0.10116 0.05932 -0.04798 0.05289 -0.06539 0.08343 -0.10930 0.09464 -0.09674 0.11503 0.00530 -0.00788 0.01921 -0.04346 0.01812 -0.02059 0.01629 -0.02779 0.02615 -0.04577 0.02972 -0.04154 0.03424 0.00604 -0.00841 0.01989 -0.04278 0.01701 -0.01952 0.01537 -0.02736 0.02663 -0.04732 0.03114 -0.04222 0.03329 
0.02264 -0.02624 0.08200 -0.14462 0.07744 -0.06857 0.06918 -0.09317 0.10959 -0.15506 0.12436 -0.13828 0.14927 0.00604 -0.00841 0.01989 -0.04278 0.01701 -0.01952 0.01537 -0.02736 0.02663 -0.04732 0.03114 -0.04222 0.03329 -0.01711 0.01813 -0.03191 0.06413 -0.02149 0.03000 -0.02254 0.05022 -0.06019 0.11989 -0.08826 0.10241 -0.07144 
0.02338 -0.02677 0.08268 -0.14394 0.07633 -0.06750 0.06826 -0.09275 0.11006 -0.15661 0.12579 -0.13896 0.14832 -0.01181 0.01025 -0.01270 0.02068 -0.00337 0.00941 -0.00625 0.02243 -0.03404 0.07412 -0.05854 0.06086 -0.03720 -0.00120 0.00409 -0.00037 0.01546 0.00326 0.00585 0.00255 0.00948 -0.00077 0.01918 -0.00252 0.01748 0.00522 
0.01083 -0.01599 0.06931 -0.12394 0.07407 -0.05917 0.06293 -0.07074 0.07555 -0.08094 0.06582 -0.07742 0.11208 0.00484 -0.00432 0.01951 -0.02732 0.02027 -0.01367 0.01792 -0.01788 0.02586 -0.02814 0.02863 -0.02474 0.03851 0.01597 -0.01437 0.00718 0.00778 -0.00756 -0.00108 -0.00803 -0.01664 0.05377 -0.10316 0.07314 -0.08324 0.06316 
0.02821 -0.03109 0.10219 -0.17127 0.09660 -0.08117 0.08618 -0.11063 0.13592 -0.18475 0.15441 -0.16370 0.18684 0.00416 -0.00412 -0.00551 0.02845 -0.01092 0.00833 -0.01428 0.00579 0.01973 -0.02904 0.01460 -0.02238 0.02597 -0.01718 0.01573 -0.06068 0.10191 -0.04946 0.04121 -0.05642 0.06827 -0.07017 0.10006 -0.09804 0.08950 -0.09663 
0.01499 -0.02011 0.06379 -0.09549 0.06315 -0.05083 0.04865 -0.06495 0.09528 -0.10998 0.08043 -0.09980 0.13804 -0.01234 0.01142 -0.04117 0.07459 -0.02919 0.02754 -0.03850 0.05039 -0.04431 0.07192 -0.06941 0.06477 -0.05811 0.04346 0.03291 -0.06062 -0.25348 0.15458 -0.05206 0.03368 -0.03439 -0.08893 0.18005 -0.07565 0.01793 -0.07953 
0.01587 -0.01967 0.06103 -0.09668 0.06741 -0.05363 0.04768 -0.06024 0.09161 -0.11283 0.08500 -0.09893 0.12872 0.04762 0.02878 -0.06613 -0.22503 0.14366 -0.04373 0.01940 -0.02860 -0.06920 0.15100 -0.06104 -0.00445 -0.05356 0.06098 0.01594 -0.02345 -0.28960 0.16107 -0.06244 0.05443 -0.08272 -0.01621 0.06920 0.01666 -0.08084 0.01959 
0.06261 0.00867 -0.00234 -0.32052 0.20681 -0.09456 0.06805 -0.09355 0.02608 0.04102 0.01939 -0.10425 0.08448 0.04864 0.02736 -0.06462 -0.21501 0.13188 -0.03490 0.01592 -0.03233 -0.06052 0.14112 -0.05276 -0.01608 -0.03853 -0.09341 -0.05554 0.13161 0.44196 -0.28908 0.08865 -0.03334 0.05650 0.12516 -0.29780 0.13276 0.01491 0.08257 
0.06451 0.00768 -0.00359 -0.31169 0.19929 -0.08852 0.06360 -0.09257 0.03109 0.02829 0.03224 -0.11501 0.09020 -0.04579 -0.02676 0.06548 0.21692 -0.14543 0.04492 -0.01394 0.02790 0.05596 -0.14680 0.07171 0.01046 0.02901 -0.10005 -0.05522 0.14648 0.41614 -0.27826 0.07885 -0.01794 0.04121 0.11923 -0.24951 0.07882 0.04838 0.08536 
0.01681 -0.01809 0.06314 -0.10360 0.06139 -0.04964 0.05411 -0.06564 0.08204 -0.10578 0.09110 -0.09379 0.11349 -0.05141 -0.02786 0.08186 0.20113 -0.14638 0.04395 -0.00202 0.00888 0.05871 -0.10839 0.02606 0.03230 0.04684 0.04585 0.02564 -0.06184 -0.21489 0.13977 -0.04077 0.01374 -0.03206 -0.05170 0.14769 -0.07449 -0.01217 -0.02091 
0.01310 -0.02018 0.07827 -0.11056 0.05291 -0.04457 0.06158 -0.08369 0.08980 -0.08010 0.05831 -0.08271 0.13704 0.00006 -0.00112 0.00364 0.00203 -0.00566 0.00415 -0.00020 -0.00416 0.00426 0.00090 -0.00278 -0.00171 0.00810 0.05512 0.02995 -0.09699 -0.19416 0.15486 -0.04902 -0.00544 0.00916 -0.06646 0.08271 0.00673 -0.04339 -0.07039 
0.01687 -0.01921 0.06678 -0.10156 0.05573 -0.04549 0.05392 -0.06980 0.08630 -0.10488 0.08832 -0.09551 0.12159 0.00371 0.00209 -0.01513 0.00696 0.00848 -0.00507 -0.00746 0.01805 -0.00776 -0.02568 0.03280 -0.01109 -0.02355 0.00021 0.00024 -0.01135 0.00893 0.01426 -0.01157 -0.00462 0.01045 0.00475 -0.01092 -0.00113 -0.00035 -0.00117 
0.01681 -0.01809 0.06314 -0.10360 0.06139 -0.04964 0.05411 -0.06564 0.08204 -0.10578 0.09110 -0.09379 0.11349 0.00027 -0.00088 -0.00771 0.01097 0.00860 -0.00742 -0.00482 0.00629 0.00901 -0.01003 -0.00391 -0.00206 0.00693 -0.00319 -0.00236 0.01478 -0.00453 -0.01055 0.00673 0.00624 -0.01779 0.00915 0.02216 -0.02925 0.00814 0.02509 
0.01715 -0.02009 0.05907 -0.09060 0.06433 -0.05291 0.04909 -0.06351 0.09532 -0.11491 0.08441 -0.09757 0.12851 0.00052 -0.00027 -0.00035 0.00244 -0.00207 0.00166 -0.00122 0.00026 0.00139 -0.00352 0.00354 -0.00295 0.00154 0.01302 -0.01145 0.04949 -0.08736 0.03053 -0.02502 0.02788 -0.03826 0.05058 -0.07390 0.04638 -0.06610 0.09284 
0.01734 -0.01836 0.06279 -0.10116 0.05932 -0.04798 0.05289 -0.06539 0.08343 -0.10930 0.09464 -0.09674 0.11503 0.01329 -0.01233 0.04178 -0.07639 0.03913 -0.03244 0.02306 -0.03197 0.05959 -0.08393 0.04248 -0.06816 0.09976 1.31446 0.85043 1.56650 -0.07465 -0.12697 -1.09747 -0.55401 -1.20705 -1.00464 -2.00561 -2.29101 -1.93062 -0.66487 
0.03043 -0.03242 0.10085 -0.16698 0.10346 -0.08535 0.07215 -0.09547 0.15491 -0.19884 0.12689 -0.16573 0.22828 1.31498 0.85017 1.56615 -0.07221 -0.12904 -1.09581 -0.55523 -1.20679 -1.00324 -2.00912 -2.28747 -1.93357 -0.66332 1.82546 1.01154 1.73059 0.17529 -0.25554 -1.77497 -0.91698 -1.44296 -1.62359 -2.65067 -0.81698 -1.91925 -0.95113 
1.33232 0.83181 1.62894 -0.17337 -0.06972 -1.14379 -0.50234 -1.27218 -0.91981 -2.11842 -2.19283 -2.03031 -0.54829 1.83875 0.99921 1.77237 0.09891 -0.21641 -1.80740 -0.89392 -1.47493 -1.56399 -2.73459 -0.77451 -1.98742 -0.85136 -0.66094 -0.85290 -1.55044 -0.30979 -0.42069 0.12698 -0.05198 0.82935 1.35365 2.51906 4.45548 2.49649 1.82002 
1.86918 0.96678 1.87322 -0.06808 -0.11296 -1.89275 -0.82177 -1.57040 -1.40908 -2.93343 -0.64762 -2.15315 -0.62308 0.65404 -0.00273 0.01571 -0.38200 -0.54973 -0.96883 -0.60721 -0.37744 0.35040 0.50994 2.16801 0.56293 1.15670 -1.52731 -1.24298 -2.48854 -0.89657 -0.41317 1.10826 0.37270 1.70924 3.09144 4.00324 0.74715 2.43240 2.60072 
1.98636 0.82907 1.64465 -0.55537 -0.61945 -2.11262 -1.10955 -1.64962 -0.56940 -1.60848 -0.02482 -1.46739 0.60840 0.31143 -0.24377 -0.71616 -0.79766 -0.62959 -0.69914 -0.52122 0.23431 1.52745 1.26864 -0.02735 0.44499 1.74936 -0.34259 -0.25433 -0.44267 0.15322 0.24436 0.06530 0.13965 0.92727 0.78957 -0.82327 -3.34580 -0.95869 -0.34315 
2.18061 0.72301 1.15706 -0.86573 -0.74254 -2.59189 -1.34299 -1.33609 0.11837 -1.66479 -0.67497 -1.70816 1.12628 0.31145 -0.25707 -0.42696 -0.22878 -0.30536 -0.90353 -0.46757 0.54983 1.13997 -0.31333 -1.17780 -0.39576 0.81355 -0.19537 -0.10429 0.94445 1.02788 0.20042 -0.00317 0.38423 0.33329 -1.37168 -1.87075 -0.90009 -0.58022 -0.84757 
2.29781 0.57201 1.21769 -0.78415 -0.92481 -3.01616 -1.57712 -1.09979 0.57057 -1.92181 -1.20261 -1.86314 1.42195 0.11607 -0.34806 0.22829 0.23022 -0.42917 -0.70231 -0.13699 0.56760 0.15577 -0.60211 -0.92744 -0.13523 0.90179 -0.35338 -0.71758 0.50251 1.04249 -0.80196 0.01022 1.29424 0.36200 -2.43787 -1.10999 1.47243 1.19339 -0.57426 
2.29668 0.37495 1.38534 -0.63551 -1.17172 -3.29420 -1.47997 -0.76850 0.27414 -2.26690 -1.60241 -1.84340 2.02807 -0.04193 -0.97465 0.07555 0.81371 -1.10732 -0.89331 0.82667 0.91184 -1.29790 -1.42332 0.29463 0.79763 0.23929 -0.14406 -1.04577 -0.67751 0.43470 -0.48083 0.94472 1.76212 -0.29472 -1.16457 0.73549 2.30688 0.98958 -0.61164 
2.25589 -0.40264 1.29324 0.02956 -2.03213 -3.90947 -0.75045 -0.18795 -0.72733 -3.34512 -0.90798 -1.06551 1.66124 -0.02799 -1.39383 -0.44922 0.66493 -0.91000 0.24242 1.62514 0.27288 -1.00880 0.13338 1.37943 0.85435 0.29015 0.20232 -0.00767 -1.38468 -1.45203 0.88673 2.24872 1.01250 -1.24175 1.51749 3.98675 -0.09547 -1.96519 -0.30859 
2.26869 -1.01888 0.93612 0.02941 -2.08172 -3.05179 0.14517 -0.49561 -0.73467 -2.13352 -0.22298 -0.98905 2.31822 0.16039 -0.98232 -1.30913 -0.63832 -0.22059 1.35541 1.83918 -0.32992 0.21959 2.56344 0.19916 -1.16756 -0.06930 0.10125 0.67869 -0.69167 -2.41750 0.87267 0.43320 -0.63216 -0.16124 1.38081 1.84724 -2.43622 -2.50822 -1.39542 
2.41628 -1.38496 -0.01589 -0.60876 -2.25272 -2.55406 1.08873 -0.51787 -0.50774 -0.78169 -0.70883 -2.23308 1.59194 0.07326 -0.71514 -1.14089 -1.75258 -0.03733 0.67561 0.99298 0.11164 0.37200 1.98062 -1.05678 -1.65387 -1.10527 -0.26087 0.45138 0.45022 -0.52285 0.26662 -1.32237 -1.35876 0.47789 0.23832 -1.65157 -1.05232 0.12856 -0.73273 
2.34195 -1.73403 -0.20477 -1.72317 -2.11905 -2.37617 1.13815 -0.38398 -0.36266 -0.15290 -1.27976 -2.64292 1.21295 -0.10048 -0.53094 -0.85891 -1.16118 0.04603 0.03304 0.48042 0.14797 0.45791 0.91187 -0.85316 -1.03900 -0.80203 -0.10201 0.39674 -0.03566 1.74514 -0.17095 -0.85481 -0.42781 -0.02389 -0.51750 -2.80379 0.59540 1.46335 0.02443 
2.31579 -1.91590 -0.87481 -1.76994 -2.20669 -2.52102 1.56915 -0.36990 -0.04982 0.13018 -1.56199 -3.27208 0.78992 -0.02875 -0.31840 -1.17655 -0.00744 -0.20828 -0.17919 0.56517 0.08775 -0.14550 -0.82317 -0.46139 -0.19052 -1.08084 0.09865 0.35664 0.11850 0.94769 -0.00505 -0.17965 0.19557 0.04031 -1.35822 -2.29749 0.29044 1.49010 0.32606 
2.31320 -2.05243 -1.38132 -1.73061 -2.32733 -2.55536 1.70332 -0.29622 -0.50816 -0.97607 -1.74115 -2.83343 0.13211 -0.00183 -0.17430 -0.74042 -0.21349 0.04099 -0.14661 0.67599 0.18828 -0.90030 -1.38562 -0.56272 0.45110 -0.47597 -0.23114 0.14152 0.65160 -1.61878 0.83118 -0.01944 -0.65150 -0.33849 -1.08645 -0.57231 -0.57578 0.11702 1.26080 
2.31396 -2.09020 -1.61523 -1.98342 -2.16570 -2.66763 2.24513 -0.18162 -0.95013 -1.25544 -2.12470 -2.82097 0.31395 -0.25989 -0.17688 -0.52495 -1.62623 0.62290 -0.19863 -0.08633 -0.25074 -1.23195 -1.39548 -1.03716 -0.07349 0.17996 -0.13863 0.03545 0.86640 -0.55039 0.55011 0.86242 -1.01711 -0.99470 0.64084 0.35888 -0.07420 -0.02375 0.89815 
2.05332 -2.22931 -1.90627 -3.35684 -1.70443 -2.75400 1.61699 -0.54696 -1.74011 -2.37155 -2.77831 -2.90692 0.31208 -0.14046 -0.13885 0.12598 -0.76388 0.59110 0.71581 -0.34112 -0.80643 -0.25947 -1.02675 -0.63691 0.42735 0.42218 0.44153 0.19527 0.81087 2.60011 -0.29880 1.58037 0.47039 -1.01486 1.76281 1.23244 1.25412 0.90491 -0.08252 
2.17350 -2.22904 -1.48924 -2.74730 -1.57460 -1.95182 1.90401 -0.98805 -1.20960 -2.28218 -2.76162 -2.39362 0.73613 0.18164 0.01839 0.28592 0.97388 0.32410 1.38174 0.38406 -1.26560 0.53086 -0.16304 0.21696 0.83142 0.09744 0.16980 0.25447 -0.08335 1.44333 0.10880 -0.04676 0.54422 0.29638 0.28714 1.23831 1.35099 -0.00838 -0.44973 
2.23496 -2.21092 -1.62034 -2.38295 -1.38033 -1.37225 2.00105 -1.81257 -1.20925 -2.53459 -2.56136 -2.07550 0.40952 0.02934 0.11562 0.04264 0.67945 0.69990 0.66904 0.20310 -0.51004 0.02768 0.21157 0.71407 0.41898 -0.02754 -0.29736 -0.09010 -0.63308 -1.19658 -0.19998 -1.73320 -0.36324 1.03816 -1.09302 0.21279 -0.11097 -1.07402 -0.50966 
2.20284 -2.11343 -1.44661 -2.06785 -0.87470 -1.28278 2.10711 -1.49809 -1.18192 -2.07062 -2.04754 -1.97464 0.70859 -0.11572 -0.07171 -0.34715 -0.22269 0.12412 -0.35146 0.02082 -0.22744 -0.56215 0.04975 0.10599 -0.24260 -0.41223 -0.03667 -0.29538 -0.51254 -0.27316 -1.21596 -1.04531 -0.18663 -0.37024 -0.13161 -0.32790 -1.43614 -0.29911 -1.12007 
2.11924 -2.28263 -1.96750 -2.60565 -1.25622 -1.72371 2.02187 -2.04001 -1.77140 -2.48484 -2.45537 -2.31811 -0.00271 -0.00734 -0.17976 -0.46991 0.40629 -0.51606 -0.37627 0.01647 -0.88028 -0.10393 -0.11633 -0.72207 0.11986 -1.14761 0.35437 0.09655 0.58573 1.62518 0.15278 0.93153 0.23162 0.36523 1.34746 0.48575 0.38023 1.22869 0.65201 
2.19550 -2.29319 -1.91652 -1.66155 -1.39076 -1.65904 2.12358 -2.37837 -1.28585 -2.18695 -2.76961 -1.85478 -0.43902 0.23865 0.02484 0.23858 1.40249 0.27689 0.58007 0.25244 0.13779 0.78531 0.53550 0.48622 0.98609 0.23978 -0.06529 0.02907 0.35927 -0.22991 0.40464 0.48986 -0.40794 1.31002 0.53540 -0.08040 1.01462 -0.36484 1.47647 
2.35789 -2.25779 -1.72892 -1.20316 -0.97933 -1.14364 2.27431 -1.90222 -0.98609 -1.94934 -1.96915 -1.33202 0.23707 -0.07263 -0.15069 -0.11064 0.17639 -0.11142 0.11359 -0.39147 0.42974 0.43147 -0.19673 0.29256 -0.24497 0.32886 -0.42476 -0.27492 -0.79846 -1.43212 -0.56156 -1.13766 -0.41003 -0.01039 -0.69683 -0.64677 -0.91036 -1.58840 -0.47948 
2.12286 -2.44388 -2.02716 -1.48517 -1.50218 -1.54546 1.73211 -1.94863 -0.85437 -2.38368 -2.47705 -2.09975 -0.11017 -0.18611 -0.25008 -0.55988 -0.02963 -0.28466 -0.55759 -0.15759 0.12740 0.08847 -0.11127 -0.42414 -0.60231 -0.23970 0.07047 0.00912 0.00216 -0.02185 0.25290 -0.16659 0.75375 -0.23924 -0.47332 0.93348 -0.02192 0.07147 -0.19076 
2.17178 -2.50787 -2.28879 -1.23279 -1.26399 -1.70124 2.11672 -1.77482 -0.89762 -2.06061 -2.39329 -1.93433 -0.00263 -0.00216 -0.14157 -0.10849 0.15454 0.14147 -0.05300 0.36228 0.19050 -0.04184 0.73675 0.27064 -0.17350 0.13809 -0.10817 0.39919 -0.31418 1.00652 -0.28559 1.02763 -0.35969 0.70456 -0.84468 1.66767 0.30436 0.87291 0.18057 
2.12071 -2.58545 -2.13565 -1.33063 -1.36071 -1.59845 2.09438 -1.75813 -0.89622 -1.64693 -2.20642 -2.27326 0.02792 -0.29429 0.14911 -0.87406 0.97688 -0.57025 0.47004 -0.51729 0.83196 -0.75621 1.55640 -0.11978 0.27059 -0.05913 -0.00230 0.19139 0.14334 -0.14268 0.23227 -0.18155 -0.01333 -0.32999 0.17673 0.03625 0.13153 0.86714 -0.12778 
1.87749 -2.35875 -3.16285 -0.25591 -1.83424 -1.23120 1.59943 -0.94285 -1.65383 -0.50421 -2.51308 -1.66374 -0.06176 -0.00446 0.04982 0.03485 0.01186 0.37375 -0.23454 0.34894 -0.13949 0.13488 0.77299 0.40216 0.69364 0.01031 0.55855 -0.36835 2.34723 -1.76471 1.41603 -0.59842 1.18903 -1.24834 1.87972 -1.89525 1.51372 -0.38165 0.49116 
2.11624 -2.53563 -2.10079 -1.31877 -0.98696 -1.83300 2.44332 -1.89762 -0.76134 -0.87394 -1.80425 -1.57962 0.03824 0.26426 -0.21924 1.47317 -0.78783 0.84577 -0.12838 0.67174 -0.41638 1.12351 -0.33885 1.39394 -0.11106 0.43203 0.02778 -0.10601 0.12961 -0.00177 -0.16265 0.37470 -0.47766 0.47311 0.00605 -0.04022 -0.25436 -0.85125 0.62926 
2.14176 -2.57799 -1.68969 -1.04374 -0.98847 -1.35957 2.27117 -1.35923 -0.53031 -0.84306 -1.11914 -1.77480 0.37027 0.02332 -0.05620 0.16446 0.01009 0.21110 0.14016 -0.12872 0.33362 0.14093 0.73278 0.14780 -0.15761 0.63957 -0.41050 0.45585 -0.93565 0.38731 -0.01507 -0.03712 -0.97689 0.60939 -0.81776 0.90788 -1.00253 0.34709 -0.25211 
2.13957 -2.59183 -1.93633 -1.30867 -0.77586 -1.69284 2.31461 -1.56400 -0.62040 -0.14116 -1.65645 -1.73723 0.67781 -0.14624 0.23661 0.53751 -0.40053 0.83071 -0.16550 -0.30515 0.19301 0.30575 0.56902 0.39141 0.23603 0.17992 -0.11548 0.15616 0.28356 0.25347 0.24451 -0.35936 -0.05145 -0.61702 -0.51799 -0.76215 0.61542 0.38937 -0.59596 
1.99552 -2.34139 -1.15217 -1.44427 -0.15776 -1.52507 1.96602 -1.16622 -0.22456 -0.27403 -0.72773 -1.53876 0.55019 -0.09215 0.09996 0.44802 0.26356 0.45561 -0.21920 -0.18017 -0.28339 -0.37706 -0.02937 0.76322 0.23176 0.04361 -0.26745 -0.04723 -1.31028 1.55096 -1.40687 0.21006 -0.20405 -0.42003 -2.52905 -0.17457 -0.97503 0.14716 0.55515 
2.04741 -2.49187 -1.48831 -1.04511 -0.32025 -1.91204 2.13444 -1.84739 -0.99746 -0.17053 -0.89324 -1.50547 0.72142 -0.41369 0.18937 -0.77276 1.15044 -0.57616 0.04456 -0.50920 -0.22701 -2.22329 0.39446 -0.58362 0.38319 0.73507 -0.40080 0.22072 -0.63423 0.02084 -0.62638 0.46294 -0.83481 0.71926 -1.58805 0.51808 -1.14408 0.11233 0.78984 
1.58183 -2.15201 -1.92494 -0.29383 -0.73392 -1.48051 1.45682 -1.39323 -2.44785 0.12042 -1.31135 -1.15557 1.28527 -0.49296 0.32068 -0.18621 0.28441 -0.17077 0.24374 -1.01498 0.43587 -1.96511 0.48871 -0.38086 0.34409 0.83345 0.81928 -0.31303 1.42863 -3.11052 1.28829 -0.88615 0.79041 0.01601 2.35734 -0.55121 1.14207 -1.10913 -0.23560 
1.55446 -2.17119 -1.67453 -0.76071 -0.49102 -1.66830 1.11945 -1.41152 -2.96258 0.31818 -1.27409 -1.16139 1.55487 0.40559 -0.12366 0.65587 -1.96008 0.71214 -0.84159 0.28121 -0.21101 0.13405 -0.15675 0.55845 -0.72594 0.49947 1.06494 -0.31845 0.28355 -2.40091 0.27495 -1.09477 1.61921 -0.38099 2.36738 -0.89919 0.58618 -1.20353 -0.63812 
1.98741 -2.27567 -1.26907 -2.25390 -0.02179 -2.32210 1.73802 -1.60424 -2.31380 -0.03633 -0.75290 -1.88152 1.78474 0.57198 0.00223 0.09734 -2.11650 0.10418 -0.85104 0.60423 0.05487 0.40226 -0.41048 0.20533 -0.85944 0.19533 -0.17678 0.36248 -0.72808 1.79848 -0.80890 0.84030 -0.19287 0.53409 -0.11331 0.84172 -0.31185 0.44104 -0.22673 
2.12644 -2.16896 -1.57718 -2.87721 -0.38684 -2.51934 1.72368 -1.35665 -2.56031 -0.09230 -1.06877 -2.02083 1.75020 0.22881 0.23883 -0.07221 -0.16160 -0.09677 -0.00129 0.08834 0.32308 0.02075 0.68497 0.24660 -0.28491 0.27274 -0.50328 0.19198 0.38733 2.77091 -0.02990 0.81793 -0.93960 0.16770 -0.51862 1.53857 0.37927 -0.50271 -0.13869 
2.21622 -2.03684 -1.34128 -2.41550 -0.11856 -2.32339 1.82636 -1.28115 -2.29306 0.64864 -0.50630 -2.16642 2.05748 0.06870 0.19421 0.48468 0.65441 0.07428 -0.03311 -0.33537 0.22258 -0.11636 1.12809 0.58459 -1.36215 0.05664 -0.22367 -0.13523 -0.08502 0.03373 0.31750 0.15161 -0.91809 -0.27475 -0.97944 -1.22466 0.06398 -0.39402 -0.07573 
2.19514 -1.97475 -1.09251 -2.22280 -0.31256 -2.55245 1.38831 -1.13407 -2.67667 1.03579 -0.48417 -3.38298 1.80684 0.00513 0.10360 -0.15723 -0.12787 0.22073 0.15032 -0.82975 0.04833 -0.95870 -0.53970 0.31058 -0.67892 0.19701 -0.09650 -0.04536 -1.36499 -0.90069 0.49887 0.22595 -0.73737 -0.83506 -0.30543 -3.10128 -0.78422 1.74741 -0.19155 
2.22136 -1.93325 -1.49851 -2.54337 0.10217 -2.17307 0.99661 -1.23282 -3.25175 0.10894 -0.19572 -2.84534 2.25449 -0.02780 0.14884 -0.88031 -0.24628 0.57315 0.19284 -1.07274 -0.61249 -0.42179 -1.97319 -0.19962 0.38526 -0.13491 -0.16543 0.21507 0.35322 0.26504 0.08334 -0.05456 0.29483 -1.14268 0.52736 0.54969 -0.36491 -0.07620 -0.65615 
2.16734 -1.82591 -1.97282 -2.46908 0.26059 -2.35961 0.31557 -1.74655 -3.09846 -0.93740 -0.68380 -2.99772 1.67193 -0.16030 0.31867 0.19599 0.13717 0.30407 0.09575 -0.53492 -1.09435 -0.43133 0.00999 -0.05433 -0.75512 -0.45913 -0.06270 0.30629 2.08829 0.74198 -0.17867 0.75199 1.40466 -0.05027 -0.11359 2.78405 1.47246 -0.05567 0.96906 
2.06106 -1.61458 -1.30252 -2.40620 0.40625 -2.07732 0.46169 -2.32717 -3.68309 0.11893 -0.25005 -3.60046 1.79536 -0.09050 0.45513 1.20798 0.49571 0.39447 0.94483 0.33192 -0.66276 -0.53538 0.81087 1.27283 0.32959 0.83415 0.17844 0.00254 0.30073 0.82606 0.14293 0.81420 0.16441 0.68011 0.96902 -0.57141 0.52842 2.49487 1.15018 
2.07684 -1.37078 -0.76484 -1.97337 0.65506 -1.41478 0.64749 -2.40931 -3.63384 -0.12653 0.58904 -2.66813 2.50608 0.01814 0.32121 0.49672 0.96322 0.44700 0.90995 -0.37051 -0.41424 0.53769 -0.56142 0.47409 1.73975 0.69105 -0.00203 -0.43348 -1.46364 1.80531 0.24889 -0.87708 -0.98941 0.13811 1.51793 -1.12817 -2.12105 0.86445 -0.64621 
2.07920 -1.29336 -0.80580 -1.44298 0.85325 -1.16736 0.09118 -2.74140 -3.14540 -0.44249 0.22404 -1.86071 2.48641 -0.09253 0.02165 -0.25566 2.30102 0.64337 0.06775 -0.65748 -0.52465 0.98255 -0.31730 -0.84822 1.19404 0.18794 -0.25426 -0.26312 -0.81357 1.59124 0.26633 -1.50086 -0.41202 0.02497 0.57581 -0.16302 -1.70913 -1.06155 0.06182 
1.98431 -1.34913 -1.02050 0.32765 1.29843 -1.34703 -0.01000 -2.93396 -2.65129 -0.44383 -0.25918 -1.47408 2.69402 -0.23612 0.05809 -0.31685 2.55446 0.71333 -0.59090 -0.78253 -0.38927 1.11350 -0.72444 -1.23504 0.67820 0.75287 -0.11393 0.12936 1.00621 -0.94814 -0.53530 -0.36946 -0.10941 -0.00359 -0.49607 -0.48053 -0.52124 -0.78692 1.20079 
1.84309 -1.23528 -1.12265 1.11148 1.56658 -1.75827 -0.69135 -3.13067 -2.03190 -1.16694 -1.01099 -1.18251 3.23927 -0.20646 0.15101 0.75055 1.35288 0.10807 -0.30171 -0.76689 -0.52824 0.48648 -0.79784 -1.36946 0.40713 1.38873 0.11628 0.00136 1.16117 -2.06774 -0.39615 0.73402 0.58783 0.38376 -0.60103 0.66437 0.27293 -1.09038 -0.72074 
1.77785 -1.19812 -0.26995 1.68052 1.40650 -1.64874 -0.77689 -3.46220 -2.16481 -1.24166 -1.62865 -1.06696 4.08275 -0.11984 0.05945 0.84432 0.48673 0.31718 0.14312 -0.19470 -0.00550 0.51247 -0.06007 -0.96211 -0.41218 0.03213 0.22217 0.05879 -1.32642 -1.97414 0.39283 0.38479 0.68334 1.13109 0.39733 0.90393 1.22954 -1.53064 -3.22993 
1.72325 -1.17583 -0.27834 1.59821 1.88376 -1.61515 -0.88605 -3.13617 -1.51943 -1.22701 -1.97310 -1.59470 3.27141 0.01571 0.20980 -0.57587 -0.62126 0.50089 0.08307 -0.08355 0.60284 0.88381 0.10610 -0.13992 -1.12352 -1.84121 0.13638 0.32079 -1.06729 -1.32592 -0.08770 0.07221 0.07911 0.55707 -0.51273 -0.68066 1.13468 0.54526 -0.66120 
1.79356 -0.98833 -0.84582 1.05926 1.90739 -1.56567 -0.86044 -2.85936 -1.28100 -1.13557 -1.76857 -2.19047 2.24154 0.01654 0.38024 -0.22297 -0.83920 0.22948 0.21533 -0.11559 0.55156 -0.00025 -0.74073 0.17257 0.13307 -0.62907 -0.19319 0.14041 1.09020 -0.08160 -0.50202 0.13491 -0.23142 -0.68712 -0.84673 -1.26290 -0.42435 2.22081 2.34301 
1.73978 -0.79559 -0.50131 0.75901 2.11324 -1.39981 -1.00164 -2.58461 -1.51968 -1.96775 -1.80053 -1.46162 2.64233 -0.17748 0.35021 0.51433 -0.70286 -0.00113 0.21798 -0.31497 -0.08427 0.03708 -1.15681 -0.56427 1.09729 0.50180 -0.19942 -0.06052 1.04745 0.94155 -0.47236 -0.29324 -0.25332 -0.77847 0.13592 0.38606 -0.63295 0.40321 1.40182 
1.61608 -0.63811 -0.33149 0.35640 1.90627 -1.34769 -1.17542 -2.94363 -1.24392 -2.29237 -2.33284 -1.09318 2.74334 -0.18288 0.31972 0.82447 0.10235 -0.24288 -0.07791 -0.36891 -0.22691 0.13567 -0.35468 -0.46038 0.53628 0.77274 0.11890 -0.10846 0.12601 1.39534 0.16588 -0.18453 0.24802 0.32558 -0.01619 0.94284 1.47640 -0.40784 -0.24791 
1.55690 -0.47587 0.32316 0.86136 1.87036 -1.47772 -1.37055 -2.81152 -1.38401 -2.32242 -2.26091 -0.92534 3.41508 -0.05858 0.24175 0.64034 0.69248 0.16475 0.03345 -0.06695 0.24131 0.02088 -0.21396 0.91213 0.68945 0.25390 0.22121 -0.12262 -0.93849 -0.41051 0.57473 0.34024 0.50503 0.29638 0.23955 0.66657 0.81082 -0.12096 -1.67375 
1.55750 -0.39636 0.30886 1.04888 2.07102 -1.31424 -1.24237 -2.70232 -1.22304 -2.50634 -1.42071 -0.40373 2.99724 0.03833 0.19711 -0.11402 -0.30816 0.33185 0.26233 0.13612 0.06947 0.37522 0.31189 0.35045 0.41532 -0.90101 0.01793 -0.06959 -0.91968 -1.58634 -0.00898 -0.13774 0.19933 -0.12029 0.21784 0.97428 -1.52490 -1.56233 -1.46301 
1.59523 -0.27876 0.20914 0.55321 2.20221 -1.21539 -1.23442 -2.74206 -1.00879 -2.01053 -1.91046 -0.51002 2.51407 -0.04065 0.17216 -0.27934 -0.89386 0.15577 -0.10430 0.13238 0.12102 0.23872 0.76032 -0.61278 -0.87288 -1.20912 -0.17473 -0.28828 0.07693 0.50447 -0.72766 -0.24449 0.18808 0.05749 -0.37082 -0.68377 -0.96288 -1.07670 0.83093 
1.51685 -0.22420 0.02952 0.15502 2.22679 -1.41854 -1.10999 -2.58130 -0.98431 -1.74602 -2.03349 -1.27661 1.78812 -0.13640 -0.09117 -0.03709 0.19631 -0.39581 0.01785 0.32420 0.12696 0.00440 -0.37188 -0.61243 -0.66138 -0.07008 -0.04306 -0.21673 0.64455 1.22196 -0.85336 0.34126 -0.02203 0.23150 0.36595 -1.71944 0.53855 1.17742 1.90172 
1.45883 -0.36993 0.17205 0.74952 1.80640 -1.19755 -0.91022 -2.61510 -1.00440 -2.38242 -2.52289 -1.17140 2.44399 -0.08371 -0.04456 0.36522 0.32811 -0.69759 0.23696 0.11035 0.35252 0.60467 -0.95913 -0.07422 0.30454 0.69260 0.03595 0.52501 0.82108 -0.40566 -0.35137 -0.38128 -0.19701 0.53805 0.12980 -0.10582 0.51196 -0.03810 -0.67933 
1.43314 -0.26876 0.39474 0.48313 1.52919 -1.18158 -0.99964 -2.22878 -0.37964 -2.70515 -2.10771 -0.97207 2.48072 -0.10045 0.43384 0.78399 -0.20935 -0.74719 -0.36343 0.12719 0.66501 0.13420 -0.47770 -0.10047 -0.69949 -0.74941 0.01845 0.64189 0.63981 -0.07998 0.41421 -0.26842 0.06258 0.02126 -0.93990 0.72688 0.07355 -1.46801 -1.72002 
1.35838 0.06391 0.95603 0.54017 1.05921 -1.56098 -0.78303 -1.95009 -0.87020 -2.86012 -2.62337 -1.87089 1.69457 -0.06526 0.59733 1.00503 0.24813 -0.28338 -0.03146 0.17293 0.37378 -0.33523 -0.23225 -0.00068 -1.16347 -1.02741 -0.12636 -0.23929 -0.12377 0.06540 0.26459 0.26648 -0.04728 -0.36712 0.34398 0.95524 0.44816 0.77176 1.06130 
1.36789 0.32857 1.39977 0.73126 1.24581 -1.21303 -0.82672 -1.85499 -0.71487 -2.93739 -2.10838 -2.13555 1.45331 -0.22680 0.19455 0.66022 -0.14395 -0.48260 -0.09695 0.07991 0.29788 0.47818 0.47753 0.34769 0.07228 0.31189 -0.20539 -0.60569 -0.60122 -0.87802 -0.68107 -0.25277 0.01802 0.22935 0.40582 0.45957 0.34300 1.79953 0.32633 
1.13158 0.25845 1.61625 0.39622 0.57661 -1.65793 -0.70313 -1.65220 -0.39202 -2.38259 -2.27568 -1.79861 2.00646 -0.27065 -0.00837 0.40381 -0.62989 -0.96445 -0.28423 0.19094 0.60313 0.07059 0.22732 0.34233 0.63606 -0.70108 -0.49322 -0.11515 -0.81817 0.81851 0.66002 1.21623 0.53842 0.73547 0.02623 0.24757 0.65861 1.07779 -1.96490 
1.09724 0.32020 1.80357 0.10137 0.28136 -1.49726 -0.63577 -1.25186 -0.64428 -2.71007 -1.76605 -1.49949 0.75222 -0.72002 0.07940 -0.15795 0.67456 0.17742 1.11928 0.61832 1.03336 0.50440 0.72511 1.00630 1.15007 -1.65301 -0.89209 -0.28116 -1.95919 0.35907 1.12699 1.80055 0.66470 0.60734 0.72254 2.09408 1.77530 0.32481 0.11704 
0.41156 0.33785 1.45830 1.07077 0.75403 -0.53865 -0.08480 -0.61885 0.11238 -1.65748 -1.26938 -0.64854 0.35345 -1.16274 -0.28953 -1.55539 -0.27082 0.16254 1.51632 0.85565 1.21047 0.79313 2.32140 2.11763 0.96086 -0.58404 0.29013 -0.48707 -1.18659 -1.95702 -0.94833 -0.51622 -0.38286 -0.60979 -0.46209 0.80771 0.06490 -0.52897 1.81639 
-0.06550 0.03067 0.24819 -0.16945 0.44390 0.01906 0.21988 -0.04139 0.14885 -0.38867 0.35158 -0.53862 0.16818 -0.42989 -0.40767 -1.34455 -1.28246 -0.77091 0.60306 0.23546 0.42357 0.04232 1.53281 1.07120 0.62110 0.16339 1.19199 0.21440 1.42214 0.21188 -0.31579 -1.71009 -1.04771 -1.25558 -0.75898 -2.07394 -2.64136 -0.54286 0.71936 
-0.01834 -0.06982 0.11375 -0.21169 -0.01688 0.06441 0.15065 -0.19528 0.15469 -0.12467 -0.19817 -0.02744 0.51684 0.02925 -0.07513 -0.13324 -0.05894 -0.15325 -0.19377 -0.19206 -0.04511 0.03415 0.24746 -0.52372 0.41800 0.13532 0.43375 0.44136 1.39490 1.40891 0.72386 -0.84404 -0.37781 -0.39526 -0.16158 -1.48350 -0.80723 -0.59832 -0.51930 
-0.03626 -0.04446 0.11494 -0.22839 0.29065 -0.17471 0.02781 -0.08651 0.18300 -0.14121 -0.17214 -0.12062 0.30350 0.00386 0.03369 0.05036 0.12645 -0.04705 -0.24098 -0.14235 0.02830 -0.11926 0.04932 0.26398 0.02278 -0.35591 -0.00749 0.06525 0.03263 0.22116 0.00610 0.27263 0.17084 0.08844 -0.01529 -0.21760 0.61367 -0.45403 0.11893 
-0.01447 -0.03613 0.16411 -0.08523 -0.06393 -0.17657 0.00831 -0.16698 0.03543 -0.07535 0.06580 -0.00466 0.16093 0.02175 -0.00988 -0.10061 0.16222 -0.14715 0.07887 -0.02122 0.04332 0.01886 0.02986 0.08995 -0.03603 0.25425 -0.00546 -0.06051 -0.09452 -0.46364 0.26241 0.31986 0.27337 -0.18726 0.31696 -0.15456 -0.12824 -0.47398 0.60341 
-0.01450 -0.05434 0.01434 -0.06617 0.14350 -0.09584 0.00659 -0.04318 0.20186 -0.11136 -0.08219 -0.15665 0.55775 -0.00160 -0.02682 -0.04416 -0.33719 0.21536 0.07888 0.13102 -0.15896 0.19770 -0.10524 0.13574 -0.45119 0.24750 -0.03260 0.05382 0.18602 -0.34449 0.13430 -0.11728 0.14578 -0.12368 -0.13455 0.14183 -0.12150 0.29729 -0.69599 
-0.01607 -0.06294 0.11994 -0.42242 0.15144 -0.09769 0.13933 -0.32594 0.23313 -0.18059 0.20154 -0.45585 0.40843 -0.01084 0.04394 0.08542 -0.18227 -0.01285 -0.03841 0.12456 -0.08035 -0.11569 0.17169 -0.03154 0.26126 -0.44174 0.02102 0.07755 0.00189 0.62007 -0.29496 -0.06111 -0.18275 0.39387 -0.40099 0.15480 -0.28925 0.81074 -0.63257 
-0.02535 -0.01039 0.09975 -0.24844 0.13065 -0.13425 0.13114 -0.12353 0.08617 0.06034 -0.11373 0.10462 0.11601 0.01942 0.05073 -0.04228 0.28289 -0.07960 0.01777 -0.05173 0.23491 -0.20329 0.04956 -0.15351 0.35954 -0.38507 0.03368 -0.07172 0.02920 0.19943 -0.06265 0.05528 -0.19203 -0.11236 0.11135 -0.31993 0.30047 -0.41740 0.70031 
0.00335 -0.01221 0.07767 -0.13953 0.07184 -0.07991 0.08760 -0.09103 0.02983 -0.13103 0.04803 -0.09631 0.02335 0.02284 -0.02778 0.11461 0.01717 -0.07549 0.01687 -0.06747 -0.19271 -0.00434 -0.14824 0.26893 -0.15614 0.25857 -0.00447 -0.05561 0.03259 -0.41261 0.14705 -0.03441 0.05742 -0.18986 0.27268 -0.06033 0.08551 -0.37679 0.67711 
-0.00251 -0.03817 0.21437 -0.23127 0.05516 -0.11738 0.06367 -0.31624 0.08183 -0.08790 0.15520 -0.05153 0.37459 0.01495 -0.00488 -0.00968 -0.12973 0.06745 -0.01664 0.00570 0.04506 0.06939 -0.01077 -0.06800 -0.01724 0.29203 0.00953 0.03792 -0.23171 0.02348 0.10511 0.04990 0.10926 0.39981 0.06345 0.04932 -0.29346 0.11226 -0.37034 
0.01831 -0.01709 0.06798 -0.26926 0.13929 -0.09655 0.09330 -0.04597 0.09922 -0.14181 -0.01997 -0.11355 0.31539 0.03236 0.01015 -0.11710 0.04064 0.02962 0.06677 0.04179 0.20710 0.05911 -0.09892 -0.02453 -0.04388 -0.11177 -0.02108 -0.00705 -0.01096 0.21997 -0.16802 0.09765 -0.03190 -0.06916 -0.11228 0.04285 0.16982 0.04556 -0.31532 
0.02985 -0.02802 0.09727 -0.19063 0.08479 -0.05060 0.10546 -0.10915 0.14094 -0.18682 0.13067 -0.09540 0.26282 -0.00613 -0.01193 -0.02064 0.09025 -0.10057 0.08101 -0.02620 -0.02411 -0.04289 0.03208 0.10183 0.02832 -0.02328 -0.04049 -0.01296 0.01044 -0.10971 -0.08950 -0.04858 -0.07542 -0.16636 -0.07812 0.10641 -0.01492 0.19762 0.15441 
0.01218 -0.02901 0.04734 -0.17901 0.03873 -0.01554 0.06709 -0.07008 0.05634 -0.10973 0.08186 -0.08524 0.29210 -0.00813 -0.00281 -0.10666 -0.06907 -0.05988 0.01819 -0.03364 0.04074 -0.01901 0.00749 -0.03945 0.15374 0.04264 0.00351 -0.01265 0.04682 0.05828 0.15358 -0.12556 -0.04265 0.03793 0.20819 -0.06196 -0.27490 -0.05400 0.11855 
0.02172 -0.03084 -0.00939 -0.25970 0.02491 -0.03242 0.07182 -0.06840 0.12194 -0.17934 0.09122 0.05834 0.30547 -0.00261 -0.02458 0.02618 0.14852 0.05301 -0.04454 -0.06885 0.01382 0.16531 -0.02988 -0.17308 -0.02569 0.09527 -0.00779 0.01559 0.18143 0.21140 0.07976 -0.01604 0.02978 -0.05384 -0.01538 0.02648 0.06201 -0.34674 -0.14334 
0.00957 -0.05360 0.07352 -0.03049 0.09173 -0.06008 -0.00176 -0.05626 0.22165 -0.13961 -0.09122 -0.11092 0.38737 -0.01592 0.01278 0.07477 0.14232 0.01988 0.00215 -0.00385 -0.01309 -0.03438 0.03397 0.02256 -0.19300 -0.10069 0.00025 0.05598 -0.02027 -0.20090 -0.09455 0.05532 0.13604 -0.06182 -0.34103 -0.03176 0.34690 0.03502 -0.35921 
0.00580 -0.01806 0.06538 -0.11738 0.04479 -0.03027 0.06797 -0.08150 0.08756 -0.14537 0.11378 -0.13466 0.20477 -0.00236 0.03140 0.00590 -0.05238 -0.04154 0.01078 0.06718 -0.04800 -0.17573 -0.06165 0.17382 0.00933 -0.26394 0.02606 -0.01325 -0.07424 -0.12736 -0.00753 -0.01873 -0.00903 0.02425 0.03254 0.00846 -0.04982 0.23300 0.01873 
0.00721 -0.02220 0.07943 -0.08286 0.05019 -0.04930 0.06542 -0.10426 0.04592 -0.20126 0.08259 -0.10159 0.12343 0.01014 -0.00047 0.00053 0.01497 0.01235 -0.01658 -0.01289 0.01115 -0.00184 0.04243 -0.02725 0.04000 -0.08197 0.02362 -0.03847 0.01668 -0.04336 0.08771 -0.04188 -0.04338 0.04165 0.25788 0.07706 -0.08998 -0.07217 0.31369 
0.01594 -0.01853 0.06591 -0.10241 0.05714 -0.04685 0.05509 -0.07035 0.08571 -0.10294 0.08653 -0.09466 0.12281 0.02125 -0.00707 0.02258 -0.09573 0.04616 -0.03110 0.02380 -0.00635 0.08215 0.01541 0.08384 -0.06284 0.04975 -0.00617 -0.00979 0.05431 -0.09736 0.03981 -0.01389 0.06341 -0.05545 0.03491 -0.13602 0.04533 -0.08457 0.12667 
