0.01175 -0.02566 0.04743 -0.05914 0.03603 -0.03531 0.06926 -0.07722 0.10067 -0.07741 0.05517 -0.09893 0.11758 -0.40302 -1.08456 1.70869 0.59545 -0.44371 -0.54099 1.95228 -1.06377 -0.27806 1.23660 0.38587 -1.27645 0.76638 -0.36938 -1.20440 1.48515 0.51515 -0.52273 -0.65758 1.46842 -0.92654 -0.29469 1.07483 0.77135 -0.79998 1.04225 
-0.39020 -1.10725 1.74915 0.53694 -0.39982 -0.58259 2.01803 -1.12928 -0.18608 1.14833 0.45550 -1.37906 0.86839 -0.37542 -1.16183 1.49442 0.55288 -0.49290 -0.63655 1.48745 -0.91105 -0.29742 1.08400 0.72087 -0.83410 1.03709 0.80640 2.17016 -3.41982 -1.19066 0.89017 1.07976 -3.90578 2.13166 0.55303 -2.47699 -0.76665 2.55157 -1.53821 
-0.36367 -1.18749 1.54185 0.49374 -0.45687 -0.67186 1.55671 -0.98827 -0.19675 1.00659 0.77604 -0.93303 1.15467 0.40339 1.08560 -1.71114 -0.59522 0.44646 0.53877 -1.95350 1.06788 0.27498 -1.24039 -0.38078 1.27511 -0.77183 0.75302 2.32685 -2.99772 -1.10441 0.99534 1.26581 -2.98104 1.83843 0.58370 -2.18431 -1.42075 1.66226 -2.09622 
0.01318 -0.02165 0.03801 -0.05828 0.04665 -0.04382 0.06453 -0.06140 0.08890 -0.09205 0.07472 -0.10394 0.09656 0.37760 1.16502 -1.50330 -0.55154 0.50244 0.62925 -1.49358 0.92738 0.28628 -1.10031 -0.69988 0.82816 -1.05913 -0.40263 -1.08643 1.71167 0.59570 -0.44754 -0.53757 1.95210 -1.06737 -0.27434 1.23872 0.38222 -1.27603 0.77082 
0.01394 -0.02248 0.03855 -0.05780 0.04557 -0.04261 0.06313 -0.06089 0.08953 -0.09372 0.07616 -0.10486 0.09555 0.00075 -0.00083 0.00053 0.00048 -0.00108 0.00121 -0.00140 0.00051 0.00063 -0.00167 0.00144 -0.00092 -0.00101 -0.37760 -1.16502 1.50330 0.55154 -0.50244 -0.62925 1.49358 -0.92738 -0.28628 1.10031 0.69988 -0.82816 1.05913 
0.01394 -0.02248 0.03855 -0.05780 0.04557 -0.04261 0.06313 -0.06089 0.08953 -0.09372 0.07616 -0.10486 0.09555 0.00000 0.00000 0.00000 0.00000 0.00000 0.00000 0.00000 0.00000 0.00000 0.00000 0.00000 0.00000 0.00000 -0.00075 0.00083 -0.00053 -0.00048 0.00108 -0.00121 0.00140 -0.00051 -0.00063 0.00167 -0.00144 0.00092 0.00101 
0.01394 -0.02248 0.03855 -0.05780 0.04557 -0.04261 0.06313 -0.06089 0.08953 -0.09372 0.07616 -0.10486 0.09555 0.00000 0.00000 0.00000 0.00000 0.00000 0.00000 0.00000 0.00000 0.00000 0.00000 0.00000 0.00000 0.00000 -0.00294 -0.00380 0.01131 -0.00290 -0.01047 0.00784 0.00869 -0.02029 0.01240 0.02275 -0.02837 0.01020 0.02573 
0.01394 -0.02248 0.03855 -0.05780 0.04557 -0.04261 0.06313 -0.06089 0.08953 -0.09372 0.07616 -0.10486 0.09555 -0.00294 -0.00380 0.01131 -0.00290 -0.01047 0.00784 0.00869 -0.02029 0.01240 0.02275 -0.02837 0.01020 0.02573 -0.00042 0.00033 0.00021 -0.00139 0.00159 -0.00147 0.00146 -0.00024 -0.00150 0.00302 -0.00285 0.00320 -0.00128 
0.01100 -0.02628 0.04985 -0.06070 0.03510 -0.03477 0.07182 -0.08118 0.10194 -0.07098 0.04780 -0.09466 0.12127 -0.00042 0.00033 0.00021 -0.00139 0.00159 -0.00147 0.00146 -0.00024 -0.00150 0.00302 -0.00285 0.00320 -0.00128 0.01462 -0.00798 0.00157 -0.03425 0.04958 -0.04516 0.02234 -0.00155 0.03152 -0.11019 0.10484 -0.09297 0.00819 
0.01352 -0.02215 0.03876 -0.05919 0.04716 -0.04408 0.06459 -0.06113 0.08804 -0.09071 0.07331 -0.10166 0.09426 0.01168 -0.01178 0.01288 -0.03715 0.03911 -0.03731 0.03103 -0.02184 0.04392 -0.08745 0.07647 -0.08277 0.03392 0.00084 -0.00066 -0.00043 0.00278 -0.00318 0.00295 -0.00291 0.00048 0.00299 -0.00603 0.00570 -0.00639 0.00257 
0.02268 -0.03806 0.06273 -0.09785 0.07421 -0.07208 0.10286 -0.10302 0.14585 -0.15842 0.12426 -0.17743 0.15519 0.00042 -0.00033 -0.00021 0.00139 -0.00159 0.00147 -0.00146 0.00024 0.00150 -0.00302 0.00285 -0.00320 0.00128 -0.02042 0.02737 -0.03707 0.07720 -0.06776 0.06678 -0.07076 0.06397 -0.10024 0.15215 -0.12457 0.15534 -0.09356 
0.01394 -0.02248 0.03855 -0.05780 0.04557 -0.04261 0.06313 -0.06089 0.08953 -0.09372 0.07616 -0.10486 0.09555 -0.00874 0.01559 -0.02419 0.04005 -0.02864 0.02947 -0.03973 0.04213 -0.05632 0.06470 -0.04810 0.07257 -0.05964 0.00832 -0.01526 0.02440 -0.04145 0.03024 -0.03094 0.04118 -0.04237 0.05482 -0.06169 0.04525 -0.06938 0.05836 
0.01394 -0.02248 0.03855 -0.05780 0.04557 -0.04261 0.06313 -0.06089 0.08953 -0.09372 0.07616 -0.10486 0.09555 0.00874 -0.01559 0.02419 -0.04005 0.02864 -0.02947 0.03973 -0.04213 0.05632 -0.06470 0.04810 -0.07257 0.05964 0.00901 -0.01662 0.01885 -0.05404 0.03373 -0.02385 0.04987 -0.03752 0.03863 -0.08147 0.04424 -0.06435 0.08130 
0.02268 -0.03806 0.06273 -0.09785 0.07421 -0.07208 0.10286 -0.10302 0.14585 -0.15842 0.12426 -0.17743 0.15519 0.00027 -0.00103 -0.00533 -0.01399 0.00508 0.00562 0.01014 0.00461 -0.01769 -0.01677 -0.00386 0.00823 0.02166 -0.01749 0.03117 -0.04837 0.08011 -0.05729 0.05894 -0.07945 0.08426 -0.11264 0.12940 -0.09620 0.14515 -0.11928 
0.01421 -0.02351 0.03321 -0.07179 0.05065 -0.03699 0.07327 -0.05628 0.07185 -0.11050 0.07230 -0.09664 0.11721 -0.00874 0.01559 -0.02419 0.04005 -0.02864 0.02947 -0.03973 0.04213 -0.05632 0.06470 -0.04810 0.07257 -0.05964 -0.00054 0.00206 0.01067 0.02798 -0.01016 -0.01123 -0.02028 -0.00922 0.03538 0.03355 0.00773 -0.01645 -0.04332 
0.01394 -0.02248 0.03855 -0.05780 0.04557 -0.04261 0.06313 -0.06089 0.08953 -0.09372 0.07616 -0.10486 0.09555 -0.00027 0.00103 0.00533 0.01399 -0.00508 -0.00562 -0.01014 -0.00461 0.01769 0.01677 0.00386 -0.00823 -0.02166 0.00832 -0.01526 0.02440 -0.04145 0.03024 -0.03094 0.04118 -0.04237 0.05482 -0.06169 0.04525 -0.06938 0.05836 
0.01394 -0.02248 0.03855 -0.05780 0.04557 -0.04261 0.06313 -0.06089 0.08953 -0.09372 0.07616 -0.10486 0.09555 -0.00042 0.00033 0.00021 -0.00139 0.00159 -0.00147 0.00146 -0.00024 -0.00150 0.00302 -0.00285 0.00320 -0.00128 0.00949 -0.01715 0.01919 -0.05373 0.03303 -0.02308 0.04897 -0.03720 0.03905 -0.08256 0.04517 -0.06494 0.08066 
0.01352 -0.02215 0.03876 -0.05919 0.04716 -0.04408 0.06459 -0.06113 0.08804 -0.09071 0.07331 -0.10166 0.09426 0.00923 -0.01612 0.02453 -0.03974 0.02795 -0.02869 0.03883 -0.04181 0.05674 -0.06578 0.04903 -0.07317 0.05900 0.00042 -0.00033 -0.00021 0.00139 -0.00159 0.00147 -0.00146 0.00024 0.00150 -0.00302 0.00285 -0.00320 0.00128 
0.02316 -0.03859 0.06307 -0.09754 0.07352 -0.07130 0.10196 -0.10270 0.14627 -0.15950 0.12520 -0.17803 0.15454 0.00000 0.00000 0.00000 0.00000 0.00000 0.00000 0.00000 0.00000 0.00000 0.00000 0.00000 0.00000 0.00000 -0.01845 0.03223 -0.04905 0.07948 -0.05590 0.05739 -0.07766 0.08362 -0.11347 0.13156 -0.09807 0.14634 -0.11800 
0.01352 -0.02215 0.03876 -0.05919 0.04716 -0.04408 0.06459 -0.06113 0.08804 -0.09071 0.07331 -0.10166 0.09426 -0.00923 0.01612 -0.02453 0.03974 -0.02795 0.02869 -0.03883 0.04181 -0.05674 0.06578 -0.04903 0.07317 -0.05900 0.00861 -0.01462 0.02279 -0.04113 0.03183 -0.03221 0.04023 -0.03969 0.05300 -0.06448 0.04888 -0.07063 0.05499 
0.01394 -0.02248 0.03855 -0.05780 0.04557 -0.04261 0.06313 -0.06089 0.08953 -0.09372 0.07616 -0.10486 0.09555 0.00861 -0.01462 0.02279 -0.04113 0.03183 -0.03221 0.04023 -0.03969 0.05300 -0.06448 0.04888 -0.07063 0.05499 0.00923 -0.01612 0.02453 -0.03974 0.02795 -0.02869 0.03883 -0.04181 0.05674 -0.06578 0.04903 -0.07317 0.05900 
0.02213 -0.03677 0.06155 -0.10032 0.07899 -0.07629 0.10481 -0.10081 0.14104 -0.15518 0.12219 -0.17229 0.14925 0.00000 0.00000 0.00000 0.00000 0.00000 0.00000 0.00000 0.00000 0.00000 0.00000 0.00000 0.00000 0.00000 -0.01890 0.01816 -0.05941 0.09829 -0.04932 0.06015 -0.10117 0.09519 -0.06763 0.09586 -0.14462 0.14752 -0.03119 
0.01394 -0.02248 0.03855 -0.05780 0.04557 -0.04261 0.06313 -0.06089 0.08953 -0.09372 0.07616 -0.10486 0.09555 -0.01029 0.00354 -0.03662 0.05716 -0.01749 0.02795 -0.06094 0.05550 -0.01462 0.03138 -0.09574 0.07689 0.02380 -0.10158 -0.22700 -0.19921 -0.35085 0.60215 -0.23043 -0.58504 -0.10720 0.21425 -0.64647 -0.26313 -0.84573 0.38852 
0.01184 -0.03323 0.02493 -0.04316 0.06150 -0.04834 0.04388 -0.04531 0.12642 -0.12380 0.02645 -0.09540 0.17305 -0.10158 -0.22700 -0.19921 -0.35085 0.60215 -0.23043 -0.58504 -0.10720 0.21425 -0.64647 -0.26313 -0.84573 0.38852 -0.55186 -0.72124 1.20231 -2.07675 1.38194 -0.60183 0.24267 0.03051 -0.42506 0.00613 -0.13939 -1.91804 1.75677 
-0.08764 -0.24947 -0.16066 -0.40865 0.64772 -0.27304 -0.52191 -0.16809 0.30379 -0.74019 -0.18697 -0.95059 0.48407 -0.56214 -0.71771 1.16570 -2.01959 1.36445 -0.57388 0.18173 0.08601 -0.43968 0.03751 -0.23513 -1.84115 1.78057 -0.84141 -0.78890 2.06473 -1.86216 1.31719 -0.95462 1.01431 0.92773 0.07812 2.06805 0.13196 0.18646 1.60150 
-0.55030 -0.75094 1.19063 -2.06275 1.42595 -0.62222 0.22561 0.04070 -0.31327 -0.08629 -0.20867 -1.93656 1.95362 -0.94299 -1.01590 1.86552 -2.21302 1.91934 -1.18505 0.42927 0.82053 0.29238 1.42158 -0.13118 -0.65928 1.99002 -0.18511 0.37966 0.31730 0.47011 0.07202 -0.65464 0.03791 0.21515 0.80509 -0.48302 0.24948 3.13360 -2.74645 
-1.03063 -1.26537 1.70486 -2.62167 2.56707 -1.45809 -0.09263 0.65244 0.59617 0.68138 -0.31814 -1.60987 2.47409 -0.74725 -0.33805 1.48300 -1.54948 1.43647 -1.22852 0.21965 0.30116 0.36541 -0.44550 0.01436 1.29245 -0.96587 0.68688 1.35172 -0.65509 0.81101 -1.54530 0.91045 0.08656 -2.11487 0.53725 -2.07299 -0.26117 1.84222 -3.28020 
-1.29755 -1.08899 2.67363 -3.61224 2.86242 -1.85074 0.44526 0.34186 0.05214 -0.53180 -0.19432 -0.64411 0.98775 -0.25611 0.33582 1.21043 -1.40201 0.37405 -0.27460 0.51583 -1.29434 0.82963 -0.65142 -0.39235 1.18295 -1.29018 0.35354 0.51264 -1.10169 1.50176 -0.92662 1.34264 0.27737 -0.77743 1.39071 -0.38345 0.08677 -0.33168 1.22350 
-1.28674 -0.92955 2.91530 -4.02367 2.94111 -1.73269 0.42320 -0.64189 1.42580 0.02997 -0.71049 -0.42692 1.18391 -0.39371 0.17460 0.38131 -0.04772 0.50985 0.11412 0.49702 -0.47627 1.75612 -0.82896 0.10113 0.96076 0.25763 0.20003 0.29191 -1.60819 1.48257 -0.07670 -0.09296 0.31835 1.73249 -1.16817 -1.33148 1.89618 -1.87608 0.95930 
-1.69127 -0.91439 3.05494 -3.65996 3.37227 -1.73662 0.94228 -0.13441 1.80826 -1.36075 -0.09319 0.31665 1.24538 -0.05608 0.62774 -0.39776 0.08056 0.29734 -0.36756 0.83418 0.43815 -0.33853 -1.98290 1.50383 -0.69314 -0.33088 0.81687 0.20871 -1.15248 0.16812 -0.52523 -1.01578 -0.03364 0.04566 -1.65708 0.19161 0.64519 -2.09430 -0.24820 
-1.34282 -0.30181 2.51754 -3.94311 3.23846 -2.10026 1.25738 -0.20374 1.08727 -1.95293 0.79333 -1.12006 0.85303 0.42316 0.38331 -0.77117 0.12040 -0.01538 -0.90166 0.46338 -0.43061 0.09904 -0.63734 0.74632 -1.13353 0.00943 -0.46436 -2.28661 -0.13435 1.16655 0.09784 0.13797 -0.73009 -1.70740 1.17452 1.65304 -1.30597 1.56424 0.99481 
-1.26811 -0.53108 2.28377 -3.53956 3.35689 -2.63828 1.40566 -0.56502 1.90730 -1.99809 0.65313 -0.81688 1.25481 -0.52044 -1.65888 -0.53210 1.24712 0.39519 -0.22959 0.10409 -1.26925 0.83599 -0.32986 0.19786 0.87110 0.66393 -0.25153 -1.90276 0.18316 0.00502 -0.03727 1.68421 -0.08889 -0.08493 -0.60054 0.42243 -1.39676 1.85939 -0.10681 
-1.86326 -1.96069 1.98543 -2.69599 3.63364 -2.32985 1.36147 -1.47300 1.92325 -2.28279 0.99119 -0.24896 1.51695 0.17163 -1.51946 -0.58801 0.12541 -0.05265 0.78255 0.37449 -0.51554 -0.50150 -0.21491 -0.65044 0.72586 -0.09737 2.08920 2.15493 0.43708 -0.86980 -0.88481 0.76126 -0.85316 1.03208 -4.08227 -0.02340 -2.02834 -1.27941 -1.91261 
-1.09647 -2.05054 1.69576 -3.41415 3.30425 -1.85573 1.78015 -1.08056 1.40580 -2.21300 0.00269 -0.09101 1.15744 1.56876 0.49605 -0.09503 0.37731 -0.48963 0.53167 -0.74907 -0.23717 -3.24628 -0.35326 -1.83049 -0.40831 -1.24868 2.18775 2.47541 -0.60490 0.82512 -1.36245 -1.77725 -2.71712 -0.76306 -1.66623 0.82699 0.42435 -2.37591 -1.55263 
-0.29450 -1.46464 1.89041 -2.31868 3.14402 -1.79818 0.61241 -1.71016 -1.32303 -2.63605 -0.83930 -0.65727 0.26827 2.35938 0.95595 -1.19291 0.95053 -1.41510 -0.99471 -2.34263 -1.27861 -2.16772 0.61208 -0.22609 -1.65004 -1.65000 0.31885 -0.78721 -2.20121 -0.18414 -1.65143 -2.06743 0.58958 -0.39968 3.26204 2.69634 1.87527 -0.84439 0.53287 
1.26291 -1.09459 0.50285 -2.46362 1.88915 -2.85043 -0.56248 -2.35917 -0.76192 -1.60092 -0.22340 -1.74106 -0.49256 1.88762 -0.29116 -2.29623 0.19317 -2.14106 -1.53576 -0.15948 -0.63684 0.01575 2.34308 0.04479 -1.25270 -0.71581 -1.71905 -1.86879 -0.31108 0.22604 0.45252 1.07766 4.17535 1.66427 2.26999 1.65049 -0.73076 0.93135 1.33383 
1.59312 -1.75579 -0.40583 -2.12551 1.00296 -3.33394 0.45292 -2.34701 -1.30728 -0.29297 -0.79451 -1.90996 -0.44754 0.64033 -0.91284 -1.50399 1.17657 -0.96258 0.08295 1.83272 0.38566 0.10227 2.26257 -0.95685 -0.71870 -0.31618 -1.55438 -0.25233 1.54126 1.12422 1.59878 2.25043 1.76512 0.86350 1.23961 -1.91307 -1.06729 1.34772 -0.08632 
1.90324 -2.00742 -1.00114 -1.28704 0.92657 -2.76748 1.27024 -1.97351 -0.65966 0.66165 -1.18026 -2.45975 -0.80874 0.33324 -0.54349 -0.75498 1.31739 -0.54227 0.71467 1.60564 0.22666 1.25537 0.43001 -1.02250 0.09502 -0.80213 -1.03469 0.88444 0.56562 -0.17366 0.11426 0.20927 -0.88148 -0.39903 -1.09241 -3.18293 -0.25939 1.98417 -0.88668 
1.92636 -2.29928 -1.16081 -0.80813 0.46068 -2.61928 2.05856 -2.12035 -0.05191 0.13704 -1.81701 -1.81494 -1.24967 -0.39436 -0.02839 -0.93837 1.00291 -0.84832 0.29222 0.95124 -0.01337 -0.99014 -0.92036 -1.21624 1.26547 -1.20286 -0.54573 0.81480 0.28408 -0.60499 0.73937 -0.11397 -0.90002 0.51058 -2.28012 -0.87769 1.25361 0.14828 1.01696 
1.50887 -2.03582 -1.93950 -0.28413 0.07826 -2.47526 2.22148 -1.98688 -1.64980 -0.25871 -2.39650 -1.19428 -2.01160 -0.21249 0.27131 -0.47090 0.71239 0.19709 0.60070 0.70562 0.73724 -1.02475 -0.44768 0.23111 0.24330 0.21483 0.58856 -0.17833 1.22470 -0.66402 0.99256 -0.21069 -0.41808 0.47023 1.73267 1.07620 1.83540 -2.55198 1.65858 
1.71387 -2.02797 -1.63171 -0.09573 0.65778 -2.01858 2.76418 -1.38310 -1.07666 -0.31064 -1.58590 -1.57164 -1.03484 0.19420 -0.20672 0.28633 0.33890 0.14424 0.08153 0.53316 0.45686 0.74253 0.15584 0.61915 -1.28651 0.45572 0.29886 -0.45561 0.51918 -0.23371 -0.57851 -0.57273 -0.82544 -1.08332 1.42201 0.92034 -0.37965 -0.79308 -0.29152 
1.70307 -2.24254 -1.65317 0.05477 0.22250 -2.39373 2.75463 -1.53002 -0.90727 -0.10287 -1.77734 -2.48079 -1.55588 0.08637 -0.18429 0.04828 0.47869 -0.38141 0.02797 -0.11982 -0.34607 0.39726 0.47266 -0.14854 -0.54977 -0.07670 -0.21637 0.31695 -0.50292 -0.27229 0.04529 0.06557 -0.04984 -1.14394 -0.84316 -0.20169 -1.24311 1.52710 0.27924 
1.80024 -2.21226 -1.58342 0.38295 0.27636 -1.99060 2.64437 -1.72917 -0.67940 0.16202 -1.73444 -2.12141 -1.11154 -0.02217 0.11023 -0.21659 0.06661 0.18953 0.14710 0.48332 -0.68708 -0.10064 -0.04585 -0.62396 0.24058 0.73496 -0.23246 0.22348 -0.28709 -0.86751 0.36768 -0.36636 0.25812 -0.43897 -0.67874 -0.48446 -0.94945 0.24965 0.10259 
1.68091 -2.13230 -1.86976 0.12137 0.41203 -2.24663 3.23795 -2.21711 -1.00791 -0.14873 -2.40130 -2.24021 -0.82092 -0.14609 0.03919 -0.23881 -0.38882 -0.01373 -0.33839 0.13830 -0.78504 -0.28148 -0.01180 -1.09799 -0.30013 0.02589 0.05503 -0.30124 -0.29113 -0.73525 -0.78228 -0.18321 -1.95949 0.58930 -0.08346 -0.52261 0.19819 -1.78404 -1.30694 
1.65415 -2.17307 -1.82223 -0.00587 0.26263 -2.32899 2.78267 -2.51421 -0.96088 0.15022 -2.83243 -2.42154 -1.08565 0.03286 -0.19101 -0.50771 -0.66865 -0.59275 -0.03611 -1.47617 -0.09778 -0.18410 -0.56846 -0.42576 -1.54346 -0.57197 0.32334 0.18318 0.30553 0.74833 0.44543 1.27938 -0.92964 1.64796 0.75889 0.05614 1.83971 1.37248 0.17382 
1.71377 -2.32331 -2.37747 -0.54728 -0.18072 -2.28273 1.76178 -2.31489 -1.19201 -0.71719 -2.82706 -3.78367 -1.39289 0.17725 0.22237 0.06673 0.35950 0.43170 0.94099 -0.79134 0.86292 0.47741 0.04435 0.74172 1.07236 0.19971 0.00022 0.54012 0.98250 1.43452 1.30460 0.63306 1.85015 0.77456 1.26946 1.07878 1.06998 4.05598 0.65366 
1.83141 -1.95070 -1.75550 0.35363 0.69433 -1.38800 1.99133 -1.65129 -0.48347 0.19457 -2.09072 -1.34918 -0.88594 0.03308 0.34911 0.47479 0.76588 0.71185 0.59695 0.37398 0.67677 1.08536 0.51032 0.64422 2.51252 0.08169 -0.12541 -0.50310 0.33183 -1.22993 -0.23224 -1.87078 1.81284 -1.36230 -0.03362 -1.07410 -0.52034 -1.65819 -0.28441 
1.74685 -1.97420 -1.90268 0.21860 0.53113 -1.68578 2.13576 -1.63812 -0.10665 -0.20687 -2.18285 -1.27115 -1.31120 0.05184 -0.28073 0.39856 -0.87043 0.19946 -0.92978 1.02150 -0.49938 0.44379 -1.02975 0.22137 -0.58584 -0.08470 0.05226 -0.52637 0.29383 -1.52424 0.05173 -1.47828 0.42013 -0.89366 -1.59310 -0.13872 -0.49191 -2.63596 0.35899 
1.88324 -2.23144 -1.35694 -0.51680 0.89380 -2.31778 3.01283 -2.15067 -0.03969 -0.83519 -1.86934 -1.93502 -0.97063 0.08534 -0.17725 0.76862 -0.75836 0.76357 -0.88133 0.79410 -0.21689 -0.50774 0.37160 0.15231 -0.12345 0.44068 -0.19415 0.20238 -0.61536 0.15883 -0.33759 0.33664 -1.49798 0.30622 -1.56636 1.30298 -0.91359 0.55084 -0.16239 
1.83219 -2.15145 -1.13407 -0.53976 1.29470 -2.56711 2.92986 -1.85501 -0.61439 0.16472 -2.03054 -1.39459 -0.87052 -0.14231 -0.07835 -0.21680 -0.71160 -0.13813 -0.59314 -0.47647 -0.19316 -1.12258 0.27323 -0.69222 -0.03500 -0.24708 -0.25644 -0.10208 -1.30293 -0.07516 -1.81647 0.70756 -1.40546 -0.50499 -0.25714 -2.59985 -0.95086 -1.12212 -0.68297 
1.74093 -2.30979 -1.57374 -1.22840 0.75567 -2.91092 2.53636 -2.34383 -1.16226 -0.56196 -2.56156 -1.97001 -1.21772 -0.17110 -0.27934 -0.53432 -0.83352 -1.05290 -0.17377 -0.61136 -0.72188 -0.76488 -2.22826 -0.79855 -1.24556 -0.24228 0.25632 0.20523 0.69549 1.18204 0.05384 0.90672 1.08035 0.47875 1.77216 -0.74668 1.17566 1.20939 0.01637 
1.66108 -2.43079 -1.66839 -1.37328 0.24180 -2.74088 2.31851 -2.57689 -1.37927 -2.06353 -2.82909 -2.64016 -1.11280 0.11400 0.12687 0.47869 0.47044 -0.08429 0.31358 0.60387 0.28560 0.64958 -0.47345 0.48344 1.17439 -0.23072 0.52787 0.73014 0.89082 1.41950 1.26587 0.50867 1.34177 1.74601 1.18624 3.09126 2.27159 2.70116 0.92530 
1.85493 -2.18292 -1.09506 -0.75796 0.67137 -2.59734 3.14023 -2.05823 -0.51269 -1.03541 -2.07812 -0.79562 -1.44844 0.35677 0.45081 0.35651 0.58599 0.21298 0.33490 0.73041 1.02413 0.42136 0.86300 1.47304 1.45560 0.68301 0.08551 0.09243 -0.60190 -0.69177 -0.70459 -0.14047 -1.46044 -0.07748 -1.48927 0.22938 -0.06178 -2.07945 1.41086 
2.01785 -1.97998 -1.31188 -0.78729 0.45478 -2.40598 3.04892 -1.55276 -0.95791 -1.20053 -1.35605 -1.18456 -0.42979 0.19952 0.21931 -0.12321 -0.22133 -0.78889 0.17310 -0.85657 0.20812 -0.83969 -0.24406 0.42166 -0.90506 1.18015 -0.23805 -0.22951 0.10994 -0.62763 -1.06064 0.28587 -1.61536 -0.94988 -1.15862 -1.12081 -1.71403 -1.88912 0.42195 
2.05444 -1.96361 -1.21827 -0.97928 -0.11751 -2.42424 2.28366 -1.85011 -1.35237 -1.27947 -1.65646 -1.70068 -0.26829 0.11872 0.22130 0.46645 -0.04164 -0.84767 0.62077 -0.88494 0.07425 -0.73726 -0.25781 -0.24099 -0.43352 1.10496 -0.22503 0.21732 0.22713 -0.07765 0.55865 0.44817 -0.17434 -0.08615 -0.10832 -1.21678 -1.03244 0.43453 -0.27396 
2.13657 -1.75868 -0.84543 -0.82893 -0.39289 -1.78521 2.16397 -1.47851 -1.69518 -1.45834 -1.59704 -1.61808 0.67517 -0.02551 0.43662 0.10392 -0.29897 -0.23024 0.62127 -1.03090 0.12197 -0.94801 -1.46085 -0.61077 -0.47052 0.90618 -0.31831 0.28905 -0.47489 -0.25433 1.13523 -0.62303 -0.41657 -0.24956 0.18993 -1.13385 -0.40096 -0.35268 -0.81417 
2.02893 -1.52699 -1.11435 -1.27826 -0.34775 -1.80297 1.25276 -1.72814 -2.30038 -2.74032 -2.26723 -2.17120 0.63789 -0.19959 0.51035 -0.00844 -0.29597 0.28756 -0.00226 -1.30152 -0.17531 -0.54733 -1.39167 -0.64194 -0.78620 0.29079 -0.19373 -0.10099 0.19301 0.64936 0.35185 -0.87243 0.55081 -0.08846 0.84091 1.09767 0.91069 -0.09685 -1.44843 
1.93698 -1.24833 -0.85387 -1.12490 -0.10533 -1.78748 0.86245 -1.65382 -2.24250 -2.85001 -2.23898 -2.40427 0.96596 -0.21924 0.33563 0.29693 0.35039 0.12161 -0.25115 -0.48009 0.03351 -0.10710 -0.36318 0.29992 -0.56737 -0.54225 0.03009 -0.41922 0.46449 0.89260 -0.44306 0.20472 1.76135 -0.07028 0.27411 1.05898 0.92807 0.98247 -0.62612 
1.80969 -1.19136 -0.81742 -0.92787 -0.22614 -2.05412 0.77267 -1.69463 -2.40748 -3.10350 -1.96732 -2.73856 0.09564 -0.16950 0.09113 0.45605 0.59663 -0.15550 0.20246 0.45983 -0.24560 -0.27322 -0.33269 0.28612 0.19627 -0.33533 0.18559 -0.35836 -0.06386 -0.00182 -0.24402 0.65641 0.92336 -0.15723 -0.31072 0.00557 -0.28747 0.88163 1.15780 
1.76748 -1.15720 -0.39782 -0.52826 -0.26082 -1.58502 1.32228 -1.89942 -2.51572 -3.18270 -1.95285 -2.20800 0.63063 -0.03365 -0.02273 0.23306 0.34856 -0.12241 0.40526 0.44327 -0.12372 -0.41782 -0.35761 0.01244 0.31426 0.61555 0.29923 -0.37331 -0.47347 -0.40471 0.02531 -0.40226 -0.21223 0.74760 0.28079 0.61914 0.35729 -0.23643 1.06337 
1.77604 -1.21409 -0.58436 -0.57931 -0.34855 -1.64887 1.21593 -1.81835 -2.82530 -3.46110 -1.95487 -2.42430 0.71120 0.12973 -0.28218 -0.01742 0.19192 -0.13019 -0.19980 0.24760 0.50200 0.00757 0.28646 0.64341 -0.04016 0.72804 0.13655 -0.71089 -0.22535 -0.38705 -0.62413 -0.98267 -0.51025 0.74414 1.45386 1.20282 0.61732 -0.03738 0.84110 
1.89722 -1.43938 -0.41525 -0.33634 -0.39101 -1.78481 1.56988 -1.39742 -2.50815 -2.89624 -1.30944 -2.24817 1.35868 0.10290 -0.73362 0.00771 -0.03849 -0.74654 -0.57741 -0.06698 0.62042 1.03604 0.84521 0.62977 0.27688 1.45666 -0.37358 -0.24235 -0.34476 0.21783 -0.96802 0.50118 -0.78845 0.55352 0.64153 1.93738 -0.55612 0.64725 0.07805 
1.87894 -1.94772 -0.57664 -0.61780 -1.09509 -2.22627 1.14895 -1.19793 -1.78926 -2.61589 -1.32510 -2.14742 2.16786 -0.24385 -0.52453 -0.36219 0.40975 -1.09821 0.30138 -0.54085 1.05552 0.64910 2.22384 0.08729 0.60708 0.80609 -0.34583 0.13715 0.40486 -0.70360 1.30149 0.76752 0.21240 0.28657 -0.89648 0.92098 0.66676 -0.77757 -0.96691 
1.65337 -1.96390 -0.77743 0.07341 -1.48922 -1.48343 1.02902 -0.34190 -1.85905 -0.67240 -1.22216 -1.64108 2.16477 -0.24293 -0.59647 0.41258 -0.74208 0.55495 0.19011 0.14542 0.90699 0.13956 1.76619 1.29653 -0.50069 0.48975 0.23842 -0.30730 1.09561 -2.43870 2.27081 -0.87265 0.51550 -1.03211 -1.18660 -1.91738 0.99101 -1.85911 -0.57933 
1.63601 -2.54419 -0.16407 -1.35988 -0.54015 -2.03616 1.29437 -0.29094 -1.64970 -0.84970 -0.02857 -2.64811 2.65760 -0.00543 -0.83182 0.73342 -2.02895 1.17260 -0.57127 -0.02536 0.02341 -0.53750 0.30646 1.07830 -1.25203 0.22677 0.05411 0.69618 -0.61977 1.21643 -0.72724 0.51034 -0.71535 -0.49281 -0.93688 -0.20710 -1.23247 0.91084 -0.98958 
1.64794 -2.79573 -0.04401 -1.95554 -0.31662 -2.05471 1.00366 -0.31848 -2.39655 -0.36595 -0.14385 -2.89311 2.39154 -0.18882 0.09970 -0.20719 0.47434 -0.17229 0.70045 -0.56993 0.41418 -0.79732 1.55909 0.06406 0.41015 -0.49983 -0.22176 1.11496 -1.23875 2.62573 -1.83068 1.06972 -0.60571 0.48326 0.15672 -0.00195 -1.03160 2.08507 -0.81001 
1.44719 -2.44448 -0.37125 -0.88554 -0.71244 -1.33572 0.72443 0.12325 -2.44703 0.70939 0.03549 -2.23796 2.15777 -0.22719 0.28314 -0.50533 0.59678 -0.65808 0.49845 -0.63107 0.50667 -0.38077 0.30450 0.04670 0.83304 -0.58325 0.35805 -0.39369 0.39965 -1.55657 0.01876 -1.12811 1.03310 -0.89665 2.26788 -3.78545 0.10818 -0.95843 1.12234 
1.42075 -2.51259 -0.54934 -1.35876 -0.97470 -1.55626 0.37260 0.18819 -2.77732 -0.06144 -0.09715 -2.06007 1.80829 0.16923 -0.29399 0.19246 -1.08223 -0.15353 -0.42766 0.46317 -0.48246 1.47055 -2.22636 0.17225 -0.54828 0.62251 0.53133 -0.73463 0.82065 -1.17183 0.44644 -1.26446 1.36188 -1.05726 1.64702 -1.26837 -0.34169 -1.97135 0.88969 
1.61642 -2.73847 -0.17879 -1.96777 -0.86597 -1.76338 1.18760 -0.35922 -0.97647 -1.51697 0.20773 -2.78624 2.78028 0.30414 -0.45149 0.31533 -0.57505 -0.21163 -0.76602 0.73082 -0.55059 1.26625 -0.96387 -0.29499 -1.13830 0.30644 -0.34755 0.54567 -1.04313 2.05671 -0.38496 0.62706 -1.15082 0.47240 -2.28893 3.08121 -1.07569 0.46257 -1.45480 
1.72489 -2.96408 -0.23401 -1.93381 -1.18633 -2.32228 1.10342 -0.36240 -1.51107 -1.02531 -0.39215 -3.19837 2.11474 -0.17832 0.25168 -0.85066 0.97448 -0.53849 0.19940 -0.68765 -0.01006 -0.81838 0.85485 -0.90344 -0.08570 -0.83229 -0.31097 0.67995 -0.51467 1.13159 0.89992 1.21111 -0.36628 0.04323 -0.57145 1.54014 0.63398 2.53734 -0.29642 
1.43810 -2.48679 -1.02945 -0.99328 -1.40447 -1.56398 0.49995 -0.36928 -1.79485 -0.66212 -0.69571 -2.87194 1.94799 -0.00683 0.22846 -0.19935 0.55654 0.68829 0.44509 0.36454 -0.50736 0.69480 0.57627 0.33898 1.39904 0.01003 0.43357 -0.50988 1.39027 -1.17186 1.42921 -0.82149 1.22436 -1.15210 1.08084 -0.24840 0.94042 1.93294 0.89208 
1.71806 -2.73562 -0.43336 -1.37727 -0.49804 -1.87719 1.46795 -0.86976 -0.81627 -0.44904 -0.05316 -1.79933 2.12477 0.25525 -0.25820 0.53961 -0.19738 0.89072 -0.62209 0.53671 -1.16217 0.26246 0.60645 0.03698 1.84724 0.05978 -0.01818 0.06663 0.30610 0.06962 -0.07163 -0.67307 -1.05229 -0.45797 -1.27115 0.00522 -1.32111 -0.21320 -0.28239 
1.69335 -2.74499 -0.48984 -1.19066 -0.51375 -2.18607 1.03665 -1.53145 -1.53239 -0.05567 -0.65873 -1.02470 2.00777 -0.02501 0.29509 0.10676 0.62616 0.61666 -0.22798 -0.68775 -0.96532 -0.57635 0.58149 -0.98213 1.18584 -0.27236 -0.29330 0.69131 -0.21182 0.54716 -0.50659 1.15393 -1.07299 0.11092 0.40534 -1.03146 -0.55886 -1.02605 -0.35989 
1.69305 -2.44054 -0.32660 -0.75112 0.11862 -2.10517 0.78020 -1.83508 -1.39262 0.13246 -1.03529 -0.61350 1.85241 -0.03805 0.43311 0.32779 0.34978 0.38413 0.53184 -0.53628 -1.05125 0.66780 -0.42501 -0.52188 0.82118 -0.30010 0.01053 0.07481 0.25843 -0.46982 -0.43303 0.78942 0.16925 0.22976 0.47003 -1.61318 0.82631 -1.19768 0.75642 
1.65530 -2.31188 -0.16206 -0.84088 -0.12962 -1.65423 0.50037 -2.58269 -0.86458 -0.48068 -1.18061 -0.20352 1.70767 -0.01448 0.36990 0.36519 0.15634 0.18363 0.56144 -0.51851 -0.73556 -0.10632 -1.03169 -0.15581 -0.01184 0.48407 -0.03456 0.07496 -0.07128 0.23740 -0.04811 -0.11408 0.34112 0.15462 -1.69399 -0.53951 0.11943 -1.28799 0.20572 
1.67857 -2.07064 0.03858 -0.59478 0.30225 -1.54373 0.26170 -2.57064 -1.49895 -0.89923 -1.19110 -0.62534 2.33648 -0.07262 0.50807 0.25651 0.58717 0.33602 0.41775 -0.19517 -0.89663 -1.02618 -0.96452 -0.40246 -0.46681 -0.09438 -0.13798 0.24562 -0.21849 -0.03534 0.07977 -0.40150 0.54386 0.35445 -0.17486 0.85054 -0.64646 -0.80631 -1.27426 
1.58268 -1.80381 0.09445 -0.25371 0.20640 -1.23648 0.30520 -3.47932 -1.89077 -1.44520 -1.58307 -0.67033 1.61329 -0.15246 0.61551 0.14669 0.12099 0.26340 0.15994 0.02536 -0.38111 -0.28119 -0.18115 -0.80227 -0.81815 -0.79019 0.01259 0.13457 -0.12905 -0.77815 0.43666 -0.02454 0.13636 1.71758 1.07918 1.22274 0.10369 -0.30959 0.11789 
1.52611 -1.45512 0.18528 -0.47379 0.56566 -1.38379 0.28706 -2.95176 -1.78013 -1.08038 -1.99338 -1.44349 1.54628 -0.06002 0.64264 0.12746 -0.19098 0.77268 0.39322 -0.05881 0.82095 0.05300 0.25823 -0.29877 -0.77640 0.02351 0.04762 0.09460 -0.14194 -0.41420 0.45097 0.70471 -0.57693 0.60935 0.30887 0.33181 1.81915 0.16427 0.24286 
1.52266 -1.16117 0.22191 -0.44468 0.97908 -0.84326 0.24639 -2.65836 -1.83777 -1.18698 -1.88184 -1.44673 1.63679 -0.10484 0.71011 0.00476 -0.29321 0.71438 0.86465 -0.55157 0.22824 0.02768 0.15066 1.01687 -0.65388 -0.54733 -0.21377 -0.19028 -0.22291 0.13143 -0.11733 0.13717 -1.01066 -1.10452 0.41369 -0.60176 0.28683 -0.23053 -0.82001 
1.42127 -0.74501 0.19003 -0.76699 1.28004 -0.51913 -0.26452 -2.72352 -1.75245 -0.92973 -0.97650 -2.09737 0.99895 -0.27379 0.45236 -0.09545 -0.05954 0.65534 0.53039 -1.06947 -0.28357 0.46669 -0.34354 -0.01194 -1.00692 -0.79650 0.02861 -0.45769 -0.04016 1.36237 -0.41441 -0.92896 -0.12712 0.07508 0.77642 -1.63126 -2.38940 0.78039 0.93341 
1.24886 -0.70881 0.12646 -0.50423 1.63442 -0.31287 -0.82308 -2.94193 -1.37108 -1.53052 -1.89378 -2.45365 0.84029 -0.07623 0.25243 -0.03540 1.06916 0.29997 -0.06431 -0.67869 0.30332 0.80410 -1.48061 -1.37253 0.12651 0.38607 0.31794 -0.09670 0.09309 0.83868 -0.80833 -0.86585 1.02432 0.71916 0.24486 -0.80139 -0.44461 1.83534 1.09506 
1.34504 -0.49258 0.15463 0.30217 1.58001 -0.58344 -0.94320 -2.42020 -0.94835 -2.41033 -2.34903 -1.97086 1.38502 0.04414 0.35566 -0.00236 0.77913 -0.15299 -0.33546 -0.04516 0.43559 0.71155 -1.14493 -0.45655 0.82842 0.29856 -0.09789 -0.06574 0.49714 -1.06441 -0.68705 0.29900 1.19549 -0.18367 -0.51641 1.31011 1.39421 -0.07901 -1.16650 
1.29301 -0.35314 0.12411 0.27491 1.48143 -0.64834 -0.86824 -2.50634 -0.65953 -2.67545 -2.35033 -1.62523 1.13885 -0.17412 0.18669 0.46174 0.00476 -0.38708 0.23469 0.51680 0.11965 0.28769 -0.17049 0.02168 0.04750 -0.78043 -0.24336 0.07899 0.59996 -1.25534 -0.25204 0.65174 0.26513 -0.24362 -1.05141 1.37328 0.26732 -1.89522 -0.99950 
1.17092 -0.30590 0.61638 0.30692 1.19292 -0.34875 -0.42641 -2.30054 -0.66066 -2.58083 -2.32735 -1.92337 0.60460 -0.19921 0.43465 0.59761 -0.47621 -0.40503 0.31627 0.21997 0.19197 -0.33986 0.22835 -0.18923 -1.06679 -0.70094 -0.19144 0.44936 -0.46970 -0.27147 0.11922 -0.62130 -0.52783 0.68927 -0.44824 0.54961 0.56785 -0.25373 0.94304 
1.09379 0.08151 0.72171 -0.20130 1.07640 -0.33206 -0.64827 -2.31437 -0.99939 -2.44710 -2.53957 -2.69202 0.43791 -0.36556 0.63605 -0.00796 -0.26671 -0.26786 -0.38661 -0.01104 0.80893 -0.16055 0.37912 0.58953 -0.20623 0.16261 -0.43654 -0.29445 -0.64839 0.74891 -0.08587 -0.87063 0.28079 1.01227 -0.07432 -0.27888 1.18772 2.74324 0.55716 
0.80536 0.33015 0.60842 0.04021 0.92506 -0.73536 -0.43745 -1.49162 -0.82121 -2.20171 -1.73782 -2.12960 0.76721 -0.63575 0.14019 -0.05079 0.27271 -0.49090 -0.55435 0.50077 1.20424 -0.41418 -0.05054 0.99848 1.67644 -0.14379 -0.16049 -0.86894 -0.20285 -0.12967 -0.13402 0.58984 -0.21059 -0.70016 -0.25223 -0.33806 -0.68903 -0.11033 -1.01395 
0.45804 0.22170 0.67093 0.07140 0.58550 -0.88641 -0.14750 -1.11013 -1.41357 -2.49764 -1.54108 -1.01558 0.29412 -0.52605 -0.23289 -0.21081 -0.39638 -0.40188 0.20323 -0.22163 0.10877 -0.41278 0.04106 -0.09950 -0.31656 -0.85134 0.13529 -0.39247 -0.66004 -0.29632 -0.09983 1.30032 -0.25966 -0.27008 1.90045 2.47390 0.87589 -0.89220 -0.09647 
0.27931 0.09727 0.39761 -0.35617 0.52318 -0.53213 -0.65907 -1.38285 -1.23399 -2.16065 -1.83732 -2.44616 -0.08413 -0.50046 -0.25227 -0.71083 -0.02361 -0.59073 0.74597 0.24111 0.93416 1.48627 2.42337 1.87437 0.78425 -0.24026 0.23051 0.15032 0.03090 0.78115 0.11048 0.10393 1.09043 1.00444 1.58937 1.60036 1.75722 2.23572 1.25958 
-0.04242 -0.03057 -0.03990 0.04779 -0.00523 -0.14044 0.09361 -0.17597 0.07270 -0.07427 0.33329 -0.23133 0.05386 -0.29554 -0.08256 -0.17990 0.38476 -0.29140 0.30716 0.86881 1.11321 1.17659 1.64141 1.65773 1.91915 0.40824 0.44879 0.15351 0.89011 0.04895 0.56829 -0.59862 -0.31374 -0.96057 -1.12699 -2.38920 -2.18416 -0.95172 0.59530 
-0.01622 0.01470 0.21771 0.02860 0.23178 -0.22497 0.20974 -0.26964 -0.05739 -0.51924 -0.17959 -0.52701 0.32411 -0.05167 -0.09876 0.17928 0.02534 -0.02244 0.14735 -0.07263 -0.02641 0.35927 0.03416 -0.30979 -0.16748 0.35504 0.28363 0.03337 -0.01111 -0.56206 0.22302 -0.19246 -0.91851 -0.97097 -0.99549 -1.32598 -1.30681 -1.63526 -0.61333 
-0.09410 -0.12933 0.13939 0.07313 -0.02767 0.00691 0.02098 -0.20238 0.43197 -0.04011 0.02350 -0.39881 0.40890 -0.01190 -0.04919 -0.19102 -0.17729 -0.06838 0.11470 -0.04970 0.14224 0.18110 0.31543 0.35092 0.28389 -0.20509 0.17157 0.15299 -0.29190 -0.27184 0.13750 -0.15693 0.21866 0.13249 -0.73415 -0.29784 0.31396 0.44917 -0.43367 
-0.02813 -0.03449 0.02669 -0.14870 0.16340 -0.11027 0.16004 -0.12739 0.12371 -0.20381 0.17133 -0.24311 0.11902 0.11989 0.05423 -0.11262 -0.24650 0.11505 -0.00958 0.14603 0.10608 -0.37488 -0.26367 0.00417 0.28170 -0.07863 0.02614 0.02716 0.17929 0.26992 0.08733 -0.11795 -0.10903 -0.01916 0.00226 -0.34799 -0.62043 -0.10035 0.46099 
0.02580 -0.07510 0.02677 -0.17337 0.08738 -0.00267 0.16701 -0.09630 0.05710 -0.30378 0.02767 -0.11711 0.33028 0.01424 -0.02204 -0.01173 0.09262 0.01895 -0.00324 -0.15873 0.12308 0.18337 -0.03256 -0.26951 0.18355 0.25590 -0.14928 0.00273 0.06928 0.36667 -0.14457 -0.02021 -0.21758 -0.03796 0.37565 0.34396 0.06484 -0.35568 0.09716 
-0.01389 -0.05653 0.01496 -0.05608 0.18235 -0.11351 0.00131 -0.00431 0.30708 -0.23637 -0.09818 -0.05957 0.37492 -0.02939 0.05696 -0.04333 0.12016 -0.02952 -0.02979 -0.07155 0.06812 0.00077 0.08028 0.06901 -0.07398 0.01854 -0.00248 0.00939 0.03538 0.01845 -0.17136 -0.00318 0.27010 -0.12147 -0.48477 0.03727 0.43279 -0.15747 -0.58616 
-0.00359 -0.01814 -0.01656 -0.05321 0.05786 -0.03246 0.09545 -0.02818 0.05787 -0.22349 0.09669 -0.19109 0.34881 0.01176 -0.01264 0.02366 0.11108 -0.15241 -0.00642 0.11137 0.00161 -0.30141 0.00471 0.16328 0.02608 -0.33027 -0.04125 -0.06971 0.16337 -0.32793 0.10436 -0.08718 0.07631 -0.16937 0.20479 0.11155 -0.06432 0.33522 -0.31596 
-0.00213 -0.06917 0.03862 0.05500 0.02994 -0.11993 0.11268 -0.00271 0.00567 -0.23166 0.06510 -0.03349 0.04465 -0.07065 -0.01274 0.12004 -0.20777 0.07484 -0.11696 0.00476 -0.10126 0.20556 0.19184 0.00469 0.26123 -0.29742 -0.01972 0.02533 -0.04626 -0.13954 0.23792 0.01518 -0.25065 0.00357 0.48276 0.16737 -0.30158 -0.13192 0.54926 
-0.07424 -0.03088 0.10347 -0.26098 0.13270 -0.14942 0.10022 -0.12944 0.26342 -0.03166 0.10138 0.07014 0.05139 -0.00796 0.01268 -0.02260 -0.02846 0.08551 0.00876 -0.13928 0.00518 0.18135 0.17208 -0.13829 -0.10584 0.21899 0.12573 -0.02027 -0.20655 0.42178 -0.02211 0.14125 -0.17400 0.23116 -0.12738 -0.21735 -0.17319 -0.43003 0.59738 
-0.01009 -0.05649 0.01602 0.02654 0.11545 -0.11117 -0.02661 0.00247 0.18702 -0.05958 -0.07319 -0.13933 0.26364 0.05508 -0.03301 -0.08652 0.21401 0.05272 0.02429 -0.16923 0.12991 0.07818 -0.02552 -0.16850 -0.16880 0.29995 0.02435 0.01373 0.07080 -0.08091 -0.18302 0.11705 0.27470 -0.07414 -0.24215 -0.24465 0.25979 0.11078 -0.33753 
-0.01916 -0.06389 0.01695 -0.04696 0.18542 -0.12514 -0.06902 0.00047 0.34161 -0.05717 -0.06713 -0.09866 0.35134 0.01639 0.02641 0.04819 -0.10937 -0.09751 0.12581 0.13541 -0.06896 -0.06080 -0.07257 0.12150 0.00494 -0.11853 -0.03242 0.04736 0.08833 -0.24143 -0.13423 0.01255 0.31674 -0.20427 -0.30419 -0.23270 -0.00616 -0.11610 -0.54048 
0.00629 -0.03008 0.06421 -0.08283 0.01794 0.01464 0.10880 -0.06649 0.12622 -0.13215 0.04830 -0.13439 0.14510 0.02267 0.01435 0.00182 -0.02742 -0.08151 0.03683 0.14751 -0.07436 -0.22601 -0.25822 -0.17466 -0.28490 -0.24053 -0.00506 -0.01989 -0.09991 0.12295 0.15287 -0.25793 -0.27264 0.03930 0.11288 0.21796 -0.10824 0.04270 0.08760 
0.00351 -0.04954 0.01877 -0.07438 0.10392 -0.08830 0.07849 -0.07390 0.11560 -0.31539 -0.24179 -0.38357 0.11081 0.01132 0.00652 -0.05172 0.01358 0.05536 -0.13212 -0.13722 -0.02966 0.05208 0.14539 0.01325 0.04763 -0.03094 -0.00798 -0.00305 0.00145 0.00925 -0.00849 0.03879 -0.11203 0.06579 0.19002 0.45385 0.44080 0.64982 0.36918 
0.01762 -0.02356 0.01250 -0.06926 0.07330 -0.11749 -0.02842 -0.09616 0.17830 0.01324 0.06156 -0.08676 0.11417 0.01469 0.01130 0.00327 -0.01816 -0.08999 0.07562 0.03548 -0.00858 -0.03599 0.19563 0.26614 0.36491 0.12865 -0.02188 -0.01603 0.04213 -0.04947 -0.07358 0.23121 0.32829 0.02790 -0.20727 -0.37276 -0.09388 -0.11509 0.20779 
0.01820 -0.03824 0.02204 -0.09254 0.01393 -0.01268 0.11397 -0.08247 0.07961 -0.11976 0.02435 -0.01865 0.23946 -0.01056 -0.00951 -0.00958 -0.03590 -0.01822 0.09908 0.19107 -0.00177 -0.15519 -0.22736 -0.08063 -0.06746 0.17686 -0.03238 -0.00754 0.04615 0.03706 0.11194 -0.08441 -0.12073 0.03832 0.06533 -0.16901 -0.21947 -0.51391 -0.18277 
0.00706 -0.03306 0.00292 -0.10515 0.05507 -0.01840 0.16265 -0.09792 0.02312 -0.21413 -0.01907 -0.15422 0.29102 -0.01769 0.00376 0.04942 0.01889 0.02195 -0.00879 -0.08526 0.02974 0.02934 0.02662 0.04667 -0.14899 -0.05412 0.00864 0.02239 0.05179 0.06229 0.03438 -0.14213 -0.28683 0.04687 0.20539 0.38543 0.13507 0.14334 -0.36607 
0.00052 -0.03448 0.07146 -0.07365 0.03588 -0.02147 0.02871 -0.05273 0.10895 -0.09313 0.07102 -0.16765 0.18535 -0.00192 0.01289 0.04221 0.02639 0.01615 -0.04305 -0.09576 0.04510 0.05020 0.15806 0.05444 0.07588 -0.18922 0.03990 -0.00436 -0.06292 -0.04453 0.02251 -0.04654 0.16183 -0.08068 0.00732 -0.08665 -0.00116 0.14548 0.02758 
0.00514 -0.02017 0.04512 -0.07876 0.07123 -0.06145 0.06688 -0.05282 0.07332 -0.05606 0.03538 -0.07834 0.10181 0.02221 -0.00060 -0.01350 -0.02563 0.04446 -0.05533 0.07657 -0.05094 0.03667 -0.06003 0.04551 -0.00351 -0.02654 0.00450 -0.03814 -0.06512 0.03131 -0.03838 0.03097 0.07845 -0.07249 0.08036 -0.20814 -0.05643 -0.08220 0.28313 
0.02273 -0.03507 0.05796 -0.09929 0.08034 -0.07680 0.10528 -0.10368 0.14562 -0.15316 0.11653 -0.17116 0.15880 0.00258 -0.02526 -0.02291 0.05770 -0.02223 -0.01208 -0.01732 -0.02739 0.13056 -0.05008 -0.00199 -0.00631 0.09391 -0.04773 0.01227 0.01133 0.03171 -0.07142 0.06976 -0.12942 0.09038 -0.08644 0.18305 -0.07966 0.07737 -0.00695 
0.00772 -0.04543 0.02221 -0.02106 0.04900 -0.07353 0.04957 -0.08021 0.20388 -0.10614 0.03339 -0.08465 0.19571 -0.02552 0.01167 -0.00217 0.00607 -0.02695 0.01443 -0.05285 0.03944 -0.04978 0.12303 -0.03415 0.07386 -0.03350 -0.01231 0.05970 0.02819 -0.08720 0.01014 0.03987 0.01431 -0.01944 -0.24201 0.02917 0.10223 -0.08906 -0.11843 
