-0.25420 -0.41714 1.14834 0.12738 -0.20822 -0.64657 0.36864 0.38539 0.32345 -0.88306 0.49738 -0.04672 0.02822 -0.46040 -0.60510 1.85456 -0.17526 0.52893 0.32215 0.79732 -1.17923 -0.16735 -0.38340 -0.57454 -0.77652 0.77947 0.24179 0.37454 -0.89689 -0.20716 0.22135 1.39925 -0.14862 -2.00642 -0.32668 0.88287 -2.50522 -1.84108 0.69054 
-0.45643 -0.62003 1.90673 -0.26502 0.65421 0.25507 0.85622 -1.25091 -0.06991 -0.43984 -0.53210 -0.78434 0.88330 -0.03362 -0.00420 0.20658 -0.05090 -0.16723 0.85242 0.19200 -1.52510 -0.27601 0.19358 -2.04113 -1.73222 0.49495 0.93514 1.20715 -3.71182 0.38957 -1.09320 -0.61494 -1.61123 2.36319 0.33175 0.72951 1.18675 1.47576 -1.57147 
-0.28782 -0.42134 1.35492 0.07648 -0.37545 0.20586 0.56064 -1.13971 0.04743 -0.68948 -1.54375 -1.77895 0.52317 0.47474 0.60205 -1.85726 0.21431 -0.56427 -0.29279 -0.81392 1.18396 0.16440 0.34611 0.61221 0.69924 -0.79199 0.33975 0.40756 -1.51202 -0.07629 0.63262 -1.09600 -0.71034 2.59786 0.32307 0.40218 3.66499 3.42607 -0.92681 
0.01831 -0.01798 0.04947 -0.05072 0.08994 -0.03772 0.04230 -0.06695 0.09449 -0.09372 0.08010 -0.08510 0.09130 0.30613 0.40336 -1.30545 -0.12719 0.46539 -0.24358 -0.51834 1.07276 0.04706 0.59576 1.62385 1.69384 -0.43186 -0.47578 -0.60262 1.86068 -0.21573 0.56198 0.29345 0.81571 -1.18874 -0.16273 -0.33931 -0.62055 -0.69555 0.79597 
0.01831 -0.01798 0.04947 -0.05072 0.08994 -0.03772 0.04230 -0.06695 0.09449 -0.09372 0.08010 -0.08510 0.09130 -0.00104 -0.00057 0.00342 -0.00142 -0.00229 0.00066 0.00179 -0.00478 0.00167 0.00680 -0.00835 0.00368 0.00398 -0.29464 -0.41583 1.33649 0.09205 -0.40885 0.21749 0.54496 -1.11909 0.01238 -0.66046 -1.57326 -1.75274 0.48886 
0.01727 -0.01855 0.05289 -0.05214 0.08764 -0.03706 0.04409 -0.07173 0.09616 -0.08692 0.07176 -0.08142 0.09528 0.01149 -0.01247 0.03104 -0.03515 0.05653 -0.02609 0.02662 -0.04633 0.05944 -0.06470 0.05059 -0.05890 0.05699 -0.00007 0.00217 -0.00577 -0.00191 0.01683 -0.00640 0.00023 0.00852 -0.00947 -0.00186 0.00502 0.00276 -0.01277 
0.02980 -0.03046 0.08051 -0.08586 0.14647 -0.06381 0.06892 -0.11328 0.15394 -0.15842 0.13069 -0.14400 0.14829 -0.00111 0.00160 -0.00235 -0.00333 0.01454 -0.00574 0.00202 0.00374 -0.00780 0.00494 -0.00333 0.00645 -0.00879 -0.02297 0.02494 -0.06208 0.07029 -0.11307 0.05218 -0.05324 0.09266 -0.11888 0.12940 -0.10118 0.11780 -0.11398 
0.01616 -0.01695 0.05054 -0.05547 0.10218 -0.04281 0.04611 -0.06799 0.08837 -0.08198 0.06843 -0.07497 0.08649 -0.01149 0.01247 -0.03104 0.03515 -0.05653 0.02609 -0.02662 0.04633 -0.05944 0.06470 -0.05059 0.05890 -0.05699 0.00326 -0.00263 0.00128 0.00809 -0.02678 0.01083 -0.00582 -0.00270 0.01393 -0.01667 0.01500 -0.01657 0.01360 
0.01831 -0.01798 0.04947 -0.05072 0.08994 -0.03772 0.04230 -0.06695 0.09449 -0.09372 0.08010 -0.08510 0.09130 0.00215 -0.00103 -0.00107 0.00476 -0.01224 0.00509 -0.00381 0.00104 0.00613 -0.01174 0.01168 -0.01013 0.00481 0.00885 -0.01228 0.03525 -0.04010 0.06334 -0.02921 0.03124 -0.05189 0.05656 -0.04918 0.03356 -0.04768 0.05738 
0.01831 -0.01798 0.04947 -0.05072 0.08994 -0.03772 0.04230 -0.06695 0.09449 -0.09372 0.08010 -0.08510 0.09130 -0.00264 0.00020 0.00421 -0.00496 0.00681 -0.00313 0.00462 -0.00556 -0.00288 0.01552 -0.01703 0.01122 0.00039 0.02088 0.01280 -0.03233 -0.07151 0.11462 -0.02814 0.00389 -0.02592 -0.05846 0.06489 -0.05320 -0.00750 -0.03297 
0.01567 -0.01779 0.05368 -0.05567 0.09675 -0.04085 0.04692 -0.07251 0.09162 -0.07820 0.06308 -0.07389 0.09169 0.02303 0.01177 -0.03339 -0.06675 0.10238 -0.02306 0.00008 -0.02488 -0.05233 0.05316 -0.04152 -0.01763 -0.02816 0.00380 -0.00056 -0.00596 0.00929 -0.01692 0.00715 -0.00749 0.00604 0.00834 -0.02559 0.02718 -0.02060 0.00539 
0.04134 -0.00622 0.01608 -0.11747 0.19232 -0.06078 0.04238 -0.09183 0.04216 -0.04057 0.03858 -0.10273 0.06315 0.00116 -0.00037 -0.00175 0.00433 -0.01011 0.00402 -0.00287 0.00048 0.00546 -0.01007 0.01016 -0.00938 0.00578 -0.04607 -0.02353 0.06679 0.13351 -0.20476 0.04611 -0.00016 0.04976 0.10467 -0.10631 0.08305 0.03526 0.05631 
0.01683 -0.01815 0.05193 -0.05134 0.08663 -0.03683 0.04405 -0.07203 0.09708 -0.08827 0.07324 -0.08327 0.09747 -0.02303 -0.01177 0.03339 0.06675 -0.10238 0.02306 -0.00008 0.02488 0.05233 -0.05316 0.04152 0.01763 0.02816 0.00032 0.00054 -0.00070 -0.00371 0.01342 -0.00491 0.00112 0.00460 -0.00804 0.00462 -0.00329 0.00755 -0.01195 
0.01831 -0.01798 0.04947 -0.05072 0.08994 -0.03772 0.04230 -0.06695 0.09449 -0.09372 0.08010 -0.08510 0.09130 0.00148 0.00017 -0.00246 0.00063 0.00331 -0.00089 -0.00175 0.00508 -0.00258 -0.00545 0.00687 -0.00183 -0.00617 0.02056 0.01005 -0.03261 -0.06391 0.10820 -0.02530 -0.00332 -0.02443 -0.03892 0.05256 -0.05355 -0.02032 -0.00989 
0.01831 -0.01798 0.04947 -0.05072 0.08994 -0.03772 0.04230 -0.06695 0.09449 -0.09372 0.08010 -0.08510 0.09130 -0.00248 -0.00172 0.00079 0.00284 0.00582 -0.00224 -0.00340 0.00045 0.01342 -0.00059 -0.01203 -0.00269 0.01826 -0.00148 -0.00017 0.00246 -0.00063 -0.00331 0.00089 0.00175 -0.00508 0.00258 0.00545 -0.00687 0.00183 0.00617 
0.01583 -0.01971 0.05026 -0.04787 0.09576 -0.03996 0.03890 -0.06650 0.10791 -0.09431 0.06807 -0.08779 0.10956 0.00000 0.00000 0.00000 0.00000 0.00000 0.00000 0.00000 0.00000 0.00000 0.00000 0.00000 0.00000 0.00000 0.00495 0.00344 -0.00158 -0.00569 -0.01164 0.00448 0.00679 -0.00090 -0.02683 0.00118 0.02406 0.00537 -0.03652 
0.01831 -0.01798 0.04947 -0.05072 0.08994 -0.03772 0.04230 -0.06695 0.09449 -0.09372 0.08010 -0.08510 0.09130 0.00248 0.00172 -0.00079 -0.00284 -0.00582 0.00224 0.00340 -0.00045 -0.01342 0.00059 0.01203 0.00269 -0.01826 -0.00148 -0.00017 0.00246 -0.00063 -0.00331 0.00089 0.00175 -0.00508 0.00258 0.00545 -0.00687 0.00183 0.00617 
0.01831 -0.01798 0.04947 -0.05072 0.08994 -0.03772 0.04230 -0.06695 0.09449 -0.09372 0.08010 -0.08510 0.09130 -0.00148 -0.00017 0.00246 -0.00063 -0.00331 0.00089 0.00175 -0.00508 0.00258 0.00545 -0.00687 0.00183 0.00617 -0.00248 -0.00172 0.00079 0.00284 0.00582 -0.00224 -0.00340 0.00045 0.01342 -0.00059 -0.01203 -0.00269 0.01826 
0.01683 -0.01815 0.05193 -0.05134 0.08663 -0.03683 0.04405 -0.07203 0.09708 -0.08827 0.07324 -0.08327 0.09747 0.00000 0.00000 0.00000 0.00000 0.00000 0.00000 0.00000 0.00000 0.00000 0.00000 0.00000 0.00000 0.00000 0.01445 -0.01213 0.02613 -0.03389 0.06315 -0.02787 0.02311 -0.03617 0.05428 -0.07561 0.06432 -0.06256 0.04465 
0.01831 -0.01798 0.04947 -0.05072 0.08994 -0.03772 0.04230 -0.06695 0.09449 -0.09372 0.08010 -0.08510 0.09130 0.01297 -0.01230 0.02859 -0.03452 0.05984 -0.02698 0.02487 -0.04125 0.05686 -0.07015 0.05746 -0.06073 0.05082 0.00000 0.00000 0.00000 0.00000 0.00000 0.00000 0.00000 0.00000 0.00000 0.00000 0.00000 0.00000 0.00000 
0.02980 -0.03046 0.08051 -0.08586 0.14647 -0.06381 0.06892 -0.11328 0.15394 -0.15842 0.13069 -0.14400 0.14829 0.00000 0.00000 0.00000 0.00000 0.00000 0.00000 0.00000 0.00000 0.00000 0.00000 0.00000 0.00000 0.00000 -0.02501 0.02504 -0.05935 0.06844 -0.11323 0.05176 -0.05051 0.08731 -0.11788 0.13787 -0.11104 0.12222 -0.10904 
0.01831 -0.01798 0.04947 -0.05072 0.08994 -0.03772 0.04230 -0.06695 0.09449 -0.09372 0.08010 -0.08510 0.09130 -0.01204 0.01274 -0.03076 0.03392 -0.05339 0.02478 -0.02564 0.04607 -0.06102 0.06772 -0.05359 0.06149 -0.05822 -0.00055 0.00026 0.00028 -0.00122 0.00314 -0.00130 0.00098 -0.00026 -0.00158 0.00302 -0.00300 0.00259 -0.00123 
0.01776 -0.01772 0.04975 -0.05194 0.09308 -0.03902 0.04327 -0.06721 0.09292 -0.09071 0.07711 -0.08251 0.09008 -0.00055 0.00026 0.00028 -0.00122 0.00314 -0.00130 0.00098 -0.00026 -0.00158 0.00302 -0.00300 0.00259 -0.00123 0.01204 -0.01274 0.03076 -0.03392 0.05339 -0.02478 0.02564 -0.04607 0.06102 -0.06772 0.05359 -0.06149 0.05822 
0.01776 -0.01772 0.04975 -0.05194 0.09308 -0.03902 0.04327 -0.06721 0.09292 -0.09071 0.07711 -0.08251 0.09008 0.00000 0.00000 0.00000 0.00000 0.00000 0.00000 0.00000 0.00000 0.00000 0.00000 0.00000 0.00000 0.00000 0.00067 -0.00013 -0.00151 0.00324 -0.00729 0.00284 -0.00199 0.00023 0.00407 -0.00738 0.00747 -0.00704 0.00464 
0.01776 -0.01772 0.04975 -0.05194 0.09308 -0.03902 0.04327 -0.06721 0.09292 -0.09071 0.07711 -0.08251 0.09008 0.00011 0.00014 -0.00124 0.00202 -0.00415 0.00154 -0.00101 -0.00004 0.00249 -0.00437 0.00448 -0.00444 0.00342 0.00055 -0.00026 -0.00028 0.00122 -0.00314 0.00130 -0.00098 0.00026 0.00158 -0.00302 0.00300 -0.00259 0.00123 
0.01787 -0.01759 0.04851 -0.04992 0.08893 -0.03749 0.04226 -0.06725 0.09541 -0.09507 0.08158 -0.08695 0.09349 0.00055 -0.00026 -0.00028 0.00122 -0.00314 0.00130 -0.00098 0.00026 0.00158 -0.00302 0.00300 -0.00259 0.00123 0.00032 -0.00054 0.00220 -0.00281 0.00516 -0.00177 0.00105 0.00034 -0.00340 0.00572 -0.00596 0.00629 -0.00561 
0.01831 -0.01798 0.04947 -0.05072 0.08994 -0.03772 0.04230 -0.06695 0.09449 -0.09372 0.08010 -0.08510 0.09130 0.00044 -0.00040 0.00096 -0.00080 0.00101 -0.00024 0.00004 0.00030 -0.00091 0.00135 -0.00148 0.00185 -0.00219 0.01129 -0.01238 0.03114 -0.03558 0.05766 -0.02655 0.02697 -0.04642 0.05888 -0.06362 0.04952 -0.05797 0.05655 
0.01831 -0.01798 0.04947 -0.05072 0.08994 -0.03772 0.04230 -0.06695 0.09449 -0.09372 0.08010 -0.08510 0.09130 0.01184 -0.01264 0.03086 -0.03436 0.05452 -0.02525 0.02599 -0.04616 0.06046 -0.06664 0.05251 -0.06056 0.05777 -0.00044 0.00040 -0.00096 0.00080 -0.00101 0.00024 -0.00004 -0.00030 0.00091 -0.00135 0.00148 -0.00185 0.00219 
0.03015 -0.03063 0.08033 -0.08508 0.14445 -0.06297 0.06829 -0.11312 0.15495 -0.16036 0.13262 -0.14567 0.14908 0.00000 0.00000 0.00000 0.00000 0.00000 0.00000 0.00000 0.00000 0.00000 0.00000 0.00000 0.00000 0.00000 -0.02368 0.02528 -0.06173 0.06872 -0.10903 0.05050 -0.05199 0.09233 -0.12092 0.13328 -0.10503 0.12113 -0.11555 
0.01831 -0.01798 0.04947 -0.05072 0.08994 -0.03772 0.04230 -0.06695 0.09449 -0.09372 0.08010 -0.08510 0.09130 -0.01184 0.01264 -0.03086 0.03436 -0.05452 0.02525 -0.02599 0.04616 -0.06046 0.06664 -0.05251 0.06056 -0.05777 0.00000 0.00000 0.00000 0.00000 0.00000 0.00000 0.00000 0.00000 0.00000 0.00000 0.00000 0.00000 0.00000 
0.01831 -0.01798 0.04947 -0.05072 0.08994 -0.03772 0.04230 -0.06695 0.09449 -0.09372 0.08010 -0.08510 0.09130 0.00000 0.00000 0.00000 0.00000 0.00000 0.00000 0.00000 0.00000 0.00000 0.00000 0.00000 0.00000 0.00000 0.01184 -0.01264 0.03086 -0.03436 0.05452 -0.02525 0.02599 -0.04616 0.06046 -0.06664 0.05251 -0.06056 0.05777 
0.01831 -0.01798 0.04947 -0.05072 0.08994 -0.03772 0.04230 -0.06695 0.09449 -0.09372 0.08010 -0.08510 0.09130 0.00000 0.00000 0.00000 0.00000 0.00000 0.00000 0.00000 0.00000 0.00000 0.00000 0.00000 0.00000 0.00000 -0.00359 -0.00012 -0.00156 -0.00049 0.02036 -0.00798 -0.00138 0.00419 0.00562 0.00435 -0.01536 0.00376 0.00947 
0.01831 -0.01798 0.04947 -0.05072 0.08994 -0.03772 0.04230 -0.06695 0.09449 -0.09372 0.08010 -0.08510 0.09130 -0.00359 -0.00012 -0.00156 -0.00049 0.02036 -0.00798 -0.00138 0.00419 0.00562 0.00435 -0.01536 0.00376 0.00947 0.01427 -0.01908 0.01228 -0.03486 0.05133 -0.01446 0.03928 -0.05643 0.06335 -0.08816 0.01127 -0.04894 0.12671 
0.01472 -0.01811 0.04791 -0.05121 0.11030 -0.04570 0.04092 -0.06276 0.10012 -0.08938 0.06475 -0.08134 0.10077 0.01427 -0.01908 0.01228 -0.03486 0.05133 -0.01446 0.03928 -0.05643 0.06335 -0.08816 0.01127 -0.04894 0.12671 1.69820 0.92729 1.59196 0.77829 1.22054 -1.10225 -0.60186 -1.33669 -1.42262 -2.82346 -2.30588 -1.62468 -0.01011 
0.03258 -0.03706 0.06175 -0.08558 0.14127 -0.05218 0.08158 -0.12338 0.15785 -0.18188 0.09138 -0.13404 0.21801 1.69462 0.92717 1.59040 0.77780 1.24090 -1.11024 -0.60324 -1.33250 -1.41700 -2.81912 -2.32124 -1.62092 -0.00064 1.68778 0.39745 1.65535 1.33824 1.22401 -1.75098 -1.33013 -1.16446 -1.08985 -3.62734 -2.25633 -0.41386 1.41790 
1.70934 0.90906 1.63831 0.72659 1.35119 -1.15594 -0.56232 -1.39526 -1.31689 -2.90849 -2.25649 -1.70226 0.10014 1.70205 0.37837 1.66763 1.30337 1.27534 -1.76544 -1.29085 -1.22089 -1.02650 -3.71550 -2.24506 -0.46280 1.54461 -1.68121 -1.50268 -1.58234 -0.36559 -0.95261 -0.04749 -0.14653 2.01188 3.24639 2.30514 1.79070 2.90102 2.34695 
1.73463 0.34131 1.72938 1.21779 1.41661 -1.81761 -1.20927 -1.34427 -0.86865 -3.89738 -2.15368 -0.59684 1.76262 0.01340 -0.57551 0.00806 0.41221 0.28829 -1.15772 -0.74977 0.67937 1.82938 -0.51397 -0.53054 1.28010 2.34631 -1.62935 -0.67483 -2.25796 -1.37823 -0.62590 1.10938 0.84514 1.42767 2.10702 4.35495 1.97331 0.85270 -1.40946 
1.72274 0.33356 1.64636 1.13880 1.63949 -2.31366 -1.31209 -0.71589 0.51249 -3.42246 -2.78703 -0.42217 2.44645 0.07270 -0.29646 -0.59033 -0.07486 0.64944 -0.65605 -0.44571 0.20678 1.08051 0.63945 -0.27174 0.38990 0.13515 0.44028 -0.28829 -1.88849 -0.71912 1.35973 1.72780 0.82577 -1.52861 -2.80652 1.92277 2.65834 -1.52624 -4.35556 
1.80733 0.04484 1.13904 1.14293 2.06606 -2.47367 -1.65498 -1.13748 0.21186 -3.25793 -2.42543 -0.20694 1.89778 0.45369 -0.86379 -1.88044 -0.30691 1.64802 0.57007 0.07600 -0.84923 -0.97714 1.40880 2.12780 -0.24614 -2.00925 0.43407 -1.36889 -1.98168 -1.55758 -0.82804 1.38849 1.91446 -0.45623 -4.53560 1.81476 3.31438 -2.24132 -2.14799 
2.17643 -0.53024 -0.23408 0.83190 3.28751 -1.74359 -1.23610 -1.56512 -0.46465 -2.01366 -0.65923 -0.66831 0.43720 0.50677 -1.66535 -2.57201 -1.63244 -0.17859 0.73243 1.46876 -0.24945 -3.45509 2.45421 3.04264 -1.85142 -2.01284 -0.54067 -0.68291 -0.15557 -0.80969 -4.70144 -0.76159 1.30354 1.11565 -1.64172 1.87807 -1.91171 -1.76768 1.35167 
2.31410 -1.62051 -1.43297 -0.48951 1.88747 -1.74124 -0.18622 -1.38693 -3.24322 -0.80372 0.61721 -2.05837 -0.11506 -0.08698 -1.54671 -2.03600 -1.11660 -3.05342 -0.19151 1.37954 0.26642 -2.61886 3.28687 0.21610 -2.01382 -0.65758 -0.68345 1.12192 2.52322 1.05229 0.16278 -1.14250 -0.43872 0.57852 4.71471 0.40135 -4.47312 1.09937 2.22195 
2.08945 -2.07694 -2.27008 -0.28470 0.23409 -1.93511 0.14344 -1.29870 -3.08351 1.27320 -0.44313 -2.68213 -0.22038 -0.17668 -0.54343 -0.04879 -0.58015 -0.01581 -0.41007 1.03003 0.32908 1.25962 2.85556 -1.43048 -0.75205 0.20911 0.25660 1.29139 2.17655 0.56909 3.40410 -0.08093 -0.35856 -0.46980 3.87165 -3.69843 -1.32662 1.78078 0.34374 
2.13741 -2.16394 -1.48176 -1.06965 1.87165 -2.15131 0.84381 -1.05786 -1.98360 2.05184 -0.81326 -2.81042 0.09405 0.16962 -0.25532 0.14055 -0.54751 0.35069 -0.27244 1.02097 -0.20338 1.25279 -0.41156 -1.11052 -0.23305 -0.31384 0.44537 0.43602 -0.26392 0.94456 -0.70785 0.64306 -0.20460 -0.33446 -0.53120 -4.13067 0.22067 2.06953 -0.52154 
2.25907 -2.33226 -2.12954 -0.83221 0.58478 -2.20755 1.16441 -1.50208 -1.83071 0.86164 -1.55365 -2.91518 -0.53421 0.26869 -0.10741 -0.31271 0.36442 -0.72367 0.23299 0.82543 -0.00539 0.72842 -1.27511 -1.20981 1.31748 -0.31243 -0.06320 0.10842 -0.02231 0.53606 -1.56640 0.98744 -0.81154 -0.10211 -0.25174 -1.22859 0.37227 1.54529 0.54237 
2.40610 -2.27135 -1.79447 -0.70524 1.14798 -1.91832 1.66924 -1.06324 -1.25518 0.77672 -2.02307 -1.49294 -0.21838 0.10642 -0.14689 0.11824 -0.01144 -1.21571 0.71500 0.20943 -0.30549 1.00106 -1.64016 -0.73825 1.31224 0.22854 -0.41413 0.23214 -0.66961 0.72891 -1.92663 0.65405 -1.27969 -0.37448 -0.24526 0.14807 0.86398 -0.74814 -0.32652 
2.36549 -2.47915 -2.01130 -0.84366 -0.63093 -1.49255 1.37384 -1.80757 -0.82965 -0.77851 -2.29190 -1.60294 -0.30568 -0.14544 0.12473 -0.98233 1.09333 -2.65029 0.88704 -0.45426 -0.37987 0.48316 -1.12705 -0.34582 0.56934 -0.63895 -0.11432 0.39591 0.08604 0.44171 1.73207 -0.79978 0.14926 -0.26415 0.37281 0.95718 0.81526 -0.16721 -1.27973 
2.26066 -2.14662 -2.77680 0.38809 -1.50231 -1.03128 1.21499 -1.44311 -0.77202 -0.35032 -2.36889 -0.92360 -0.85733 -0.00789 0.24901 0.20428 0.43026 0.51636 -0.08479 0.35869 -0.56964 1.37386 -0.68298 0.07702 1.14503 -1.05119 -0.21730 -0.01098 2.40081 -3.28462 6.69375 -2.39250 1.28921 -0.31033 -1.50301 1.66937 -0.43378 -0.31316 1.45007 
2.35760 -2.23014 -1.80701 -0.41339 -0.11457 -1.57734 1.73253 -2.37722 0.54421 -1.46149 -2.21488 -0.45791 -1.35687 -0.36275 0.11375 1.41848 -2.19129 4.04345 -1.50547 0.83496 -0.69019 -1.01985 0.54232 -0.77961 0.25618 0.81111 -0.11915 -0.03212 -0.13161 -0.77808 -0.15967 -0.26049 -0.26084 0.23816 -1.75891 0.38945 -0.03466 -0.75917 0.12963 
1.89792 -2.03287 -1.35831 -1.80320 2.54114 -2.53674 2.04994 -2.13330 -1.79187 0.19200 -3.14850 -0.66743 -0.04622 -0.12704 0.21689 0.07267 -0.34782 0.35669 -0.34528 0.09785 -0.33148 -0.38505 -0.29352 0.04236 0.38586 -0.92157 0.48555 0.11907 -1.29627 2.43624 -3.64916 1.47305 -0.42256 0.59584 0.75341 -0.27605 1.71565 -0.11216 -1.05252 
2.23056 -2.01324 -1.73434 -0.76121 0.24211 -1.92262 1.83038 -2.70870 0.15916 -1.75502 -2.17253 -0.07204 -2.27844 0.12281 0.23282 0.12221 0.24494 0.39429 -0.03242 0.41239 -0.09435 -0.26644 0.26627 0.93604 0.14402 -0.24141 -0.28367 -0.01829 0.39723 -0.69763 1.53521 -0.50800 0.04614 1.17955 -1.86780 1.64314 -0.07480 -2.07299 2.36434 
2.02072 -1.80005 -1.23610 -1.55826 2.93543 -2.56916 2.46234 -2.22765 -2.05832 0.45827 -2.21246 -0.52340 -0.28763 -0.41071 0.19861 0.46990 -1.04545 1.89189 -0.85328 0.14399 0.84807 -2.25285 1.34961 -0.03244 -1.68713 1.44278 -0.06260 -0.13623 0.09602 -0.29649 -0.91608 0.27352 -0.28932 0.67349 1.03389 -0.56382 -0.94646 -0.89961 0.29519 
1.81985 -1.81464 -1.26445 -1.80666 2.13401 -2.77589 1.97437 -1.86063 -2.09369 -0.40541 -2.20497 -1.75917 -0.83566 0.06020 0.09659 0.21823 -0.05155 -0.52180 0.24111 0.12307 0.57914 0.76744 -0.29755 -0.01042 -0.75559 0.05378 0.22847 -0.13040 -0.54595 0.49014 -2.48938 1.35494 -0.18457 -0.82650 2.29069 -2.32431 0.18882 1.02964 -1.39486 
2.08093 -1.70346 -1.01788 -1.60981 2.41364 -2.32806 2.58541 -1.64851 -1.29087 0.16072 -2.22288 -1.27899 -0.23385 -0.18224 0.06820 -0.07605 -0.55531 -0.59749 0.50166 -0.04058 0.02157 0.03784 -0.97470 0.15638 -0.65749 0.04792 0.29688 0.03228 -1.47396 2.32350 -3.60389 1.17679 -0.61347 -0.35349 -0.27494 -0.65781 0.07709 1.14422 -1.02917 
1.63762 -1.74643 -1.34050 -2.36197 1.53652 -2.27423 1.93379 -1.83906 -2.05585 -1.38011 -2.04859 -2.41666 -0.78775 0.35708 0.12887 -1.25573 2.27196 -4.12568 1.41790 -0.49039 0.22565 0.49251 -0.95536 0.06667 0.38863 -0.97539 0.40948 0.17391 0.31119 0.93951 1.74967 -0.32104 0.63995 0.63343 -0.21414 1.80934 0.31654 0.92990 0.27090 
2.43801 -1.57459 -2.27361 0.66215 -1.71205 -0.91016 2.09502 -1.42286 -0.79836 -0.79464 -2.15621 -0.89036 -1.20924 0.22725 0.24211 0.23513 0.38420 1.15218 0.18062 0.59937 0.65500 -0.17630 0.83464 0.47292 0.27242 0.31882 -0.91049 -0.14086 2.45974 -4.91624 8.75724 -2.83788 1.09671 -0.58154 -1.99528 1.93152 -0.30408 -1.03405 1.87847 
1.86486 -1.50432 -1.10536 -1.97776 2.68870 -2.09361 2.53315 -1.18405 -2.23215 -0.54547 -1.57567 -2.14424 -0.46893 -0.55341 -0.01199 1.20401 -2.64428 4.63156 -1.41999 0.60632 -0.35589 -1.50277 0.97616 -0.23741 -0.64542 0.90308 -0.29081 -0.34509 0.33738 -0.37338 -1.34401 -0.04760 -0.47856 -1.05198 0.93678 -0.61942 -1.03582 0.79694 -0.06848 
1.88459 -1.58659 -1.06959 -1.98214 2.91951 -2.33015 2.70134 -1.77875 -2.30114 0.18152 -2.39361 -1.53578 -0.30616 -0.06356 -0.10297 0.57252 0.01083 -0.19182 0.13302 0.12080 -0.39698 0.76048 0.21522 -0.56290 1.06935 0.25033 0.50185 0.04710 -1.30328 2.50972 -4.96333 1.49576 -0.77013 0.58867 1.57301 -1.65383 0.75990 0.53865 -1.11868 
1.80130 -1.60730 -0.53285 -1.96694 2.49688 -1.96059 2.65396 -1.58103 -1.47167 -0.33025 -2.13857 -1.07489 -0.21860 -0.05156 0.03511 -0.09927 -0.13457 -0.33178 0.07577 -0.16381 0.23278 0.07023 -0.67767 0.52249 -0.10677 -0.21561 0.08481 0.12775 -0.88072 -0.11841 0.17305 -0.29020 -0.19354 0.40778 -1.13757 -0.37941 0.77422 -1.30997 -0.39815 
1.83303 -1.55148 -1.16886 -2.11670 2.58773 -2.25437 2.53753 -1.54597 -2.23090 -0.49615 -1.87113 -1.64255 -0.52177 0.02125 0.02478 -0.30820 -0.10758 -0.01877 -0.15718 -0.07274 0.01080 -0.37709 -0.16419 0.21132 -0.24062 -0.14782 0.29460 -0.12853 0.47575 0.49978 -0.28597 0.14650 0.36378 -0.43448 0.90388 1.06253 -0.91565 0.47097 0.62712 
1.82255 -1.58252 -0.84105 -2.07451 2.47811 -2.11777 2.58122 -1.57023 -1.84876 -0.49444 -1.92725 -1.31551 -0.36642 0.24304 -0.09342 0.37648 0.36521 -0.61774 0.22227 0.19997 -0.20170 0.97411 0.38486 -0.39316 0.36420 0.41151 0.01867 -0.15679 -0.50683 -0.06509 -0.50584 -0.27727 -0.33320 -0.10556 -0.58455 -0.04976 -0.24872 -0.58929 -0.32903 
2.07607 -1.64489 -0.79238 -1.75149 1.96999 -2.03210 2.73750 -1.74766 -1.25679 -0.11129 -2.26429 -1.27835 -0.11026 0.03991 -0.13202 -0.81504 -0.17267 -0.52461 -0.43445 -0.40593 -0.09476 -0.96164 -0.21395 -0.03740 -0.82991 -0.47685 -0.35728 0.02376 -0.94881 -0.61165 0.98644 -0.73011 -0.51780 0.45359 -2.08032 -0.33930 0.87617 -0.77812 -0.93840 
1.86246 -1.71454 -1.65609 -2.24718 1.95350 -2.55222 2.17529 -1.66499 -2.81040 -0.70839 -1.96465 -2.14541 -0.84326 -0.11424 -0.06966 -0.57233 -0.24644 0.36870 -0.50784 -0.31784 0.25189 -1.10621 0.04556 0.48301 -0.41392 -0.52689 0.20420 0.13134 1.07784 0.81758 0.92407 0.55792 0.69988 0.15610 1.66956 1.08809 0.39239 1.61971 1.04001 
1.96183 -1.71455 -1.36471 -1.99792 2.33869 -2.53994 2.41966 -1.49578 -2.36300 -0.06573 -1.78128 -1.69226 -0.63715 0.24411 -0.00067 0.26280 0.64492 0.39946 0.12347 0.29395 0.06134 0.70792 0.87414 0.35500 0.78980 0.56317 0.66199 -0.27658 0.22929 1.58019 -3.50707 1.91557 -0.13101 -1.06630 2.98399 -1.39251 -0.25781 0.86379 1.03679 
2.10657 -1.71521 -1.39329 -1.60227 2.35296 -2.42875 2.46924 -1.60365 -2.10248 0.16575 -1.60965 -1.35561 -0.28010 0.54775 -0.34624 -0.34304 1.33375 -3.13837 1.40773 -0.44885 -0.81441 1.87778 -1.34695 0.22520 0.44987 0.50990 -0.13143 -0.30570 -0.03472 0.24432 -3.28154 1.39936 -0.97818 -0.14336 0.88772 -2.66157 0.45857 -0.73163 -0.40970 
2.50958 -2.06079 -1.70774 -0.66417 -0.79968 -1.13221 1.97081 -2.31019 -0.48521 -1.41268 -1.55609 -1.24239 -0.12725 0.11268 -0.30637 0.22809 0.88924 -2.88208 1.52283 -0.68423 -0.08202 1.59564 -1.78743 0.81357 0.05818 0.15347 -0.70648 0.38257 0.67205 -1.05333 3.45015 -1.39945 0.33675 2.01209 -1.86826 1.18269 0.77624 -1.11104 -0.39265 
2.21925 -2.02158 -1.16520 -0.71303 -0.52912 -0.90592 1.78501 -1.68566 -0.50684 -1.62169 -0.79608 -1.29744 -0.12662 -0.15873 0.03633 0.32902 0.28043 0.31179 0.00828 -0.11210 1.19769 0.00953 -0.16425 1.00144 -0.66117 0.11725 -0.04327 0.26483 -0.60417 -0.55925 3.18314 -1.75024 0.69082 1.15246 -1.39105 1.80890 -0.61536 -0.70163 -0.05821 
2.35085 -2.02446 -1.37873 -0.38375 -0.48790 -1.12393 1.85871 -1.11250 -0.47568 -1.57694 -0.55465 -1.90356 -0.01000 0.06941 -0.04154 -0.37609 0.32998 0.30106 -0.22741 0.00659 1.07044 0.20459 0.02147 0.19821 -0.64345 0.09526 0.05109 -0.09736 -0.65051 -0.45544 0.08083 -0.00361 0.08686 -0.89641 -0.02203 0.15982 -0.89831 0.99217 -0.37998 
2.28866 -2.06313 -1.54129 -0.38305 -0.22806 -1.13333 1.79160 -0.61522 -0.30224 -1.60021 -0.59787 -1.94089 -0.03137 -0.10764 -0.06103 -0.32149 -0.17501 0.39262 0.00467 -0.02524 0.30128 -0.01251 -0.00443 0.10313 0.33100 -0.26273 -0.07102 -0.06011 0.09318 -0.69954 -0.25764 -0.19666 0.32399 -1.90313 -0.86718 1.27934 -0.64430 0.76060 -0.05054 
2.24321 -2.08549 -1.70022 -0.55875 -0.09528 -1.11926 1.83347 -0.81122 -0.48819 -1.58137 -0.45152 -1.57255 -0.27274 -0.00161 -0.10165 -0.28290 -0.36956 0.04342 -0.42407 0.33058 -0.83268 -0.66259 1.30081 -0.44609 0.11715 0.04472 0.10099 -0.08975 0.10425 0.13778 -0.04259 -0.25210 0.05812 -1.37891 -0.26107 1.38468 -0.66918 0.23065 0.74114 
2.28705 -2.16478 -1.82419 -0.75260 -0.18464 -1.55741 2.12217 -1.44791 -0.96483 -0.29940 -1.04396 -1.82374 0.01335 -0.00665 -0.15078 -0.21724 -0.03723 0.35003 -0.24744 0.03288 -1.07763 -0.27357 1.38025 -0.56605 0.56166 0.47841 -0.22211 0.14325 0.54003 0.24828 1.00004 0.35351 -0.73839 0.20354 1.27292 -1.21872 0.18091 1.41013 -0.70200 
2.23656 -2.23627 -1.91746 -0.59599 0.25475 -1.36670 1.86635 -1.88885 -0.76176 -0.20112 -1.01757 -1.01090 0.20568 -0.22372 0.04160 0.25713 -0.12127 1.04345 -0.07056 -0.40782 -0.62915 0.61033 0.08209 -0.26518 1.52728 -0.65727 -0.01815 0.31390 0.33784 0.13163 0.99565 -0.17686 0.03630 1.07993 0.15360 -1.23626 0.47999 0.58633 -1.16795 
2.06332 -2.12318 -1.56706 -0.87388 0.85881 -1.62797 1.71436 -2.07705 -0.35451 -0.21731 -1.30913 -0.29646 -0.64392 -0.02480 0.16312 0.12060 0.09440 1.34568 -0.42429 0.06918 0.00231 -0.11997 0.14399 -0.08607 1.14798 -0.68954 0.25346 0.03287 -0.27961 0.37339 -0.03231 -0.01744 0.37548 1.33670 -1.99445 -0.09051 1.08869 -1.72507 1.74103 
2.21177 -2.07315 -1.79687 -0.50159 1.60043 -1.79100 1.93553 -1.88654 -0.88173 -0.05712 -1.10364 0.13708 -0.48386 0.02973 0.07447 -0.02248 0.25211 1.01115 -0.08800 -0.03234 0.70755 -1.38412 -0.00842 0.82352 -0.19779 1.08376 -0.60493 -0.11700 0.29539 -1.65407 -0.10049 -0.45728 -0.12422 -0.36819 -1.78112 0.46678 -1.49730 -1.69169 1.92830 
2.09305 -2.04870 -1.58954 -0.62176 1.86996 -1.71597 1.68202 -1.36950 -1.73863 -0.22573 -0.48562 -0.49425 0.43984 -0.62973 0.04612 0.41599 -1.55968 1.24519 -0.88158 -0.05504 -0.36589 -1.90109 0.61077 -1.58336 -0.54371 1.23877 0.26138 -0.17212 -0.31187 -0.86250 -1.95906 0.13017 -0.46790 -0.69080 1.57100 0.74801 -1.67765 -0.31739 0.19457 
1.58203 -2.02703 -1.38088 -2.06127 2.84561 -2.67257 1.88049 -2.25243 -2.78282 0.55365 -2.68700 -0.40663 0.75490 0.29111 -0.09765 -0.33435 -0.61039 -0.94791 0.04217 -0.50024 0.01676 0.18688 0.73959 -0.85413 -0.51518 1.27833 1.45349 -0.33291 -0.91373 2.42233 -4.15288 1.86482 -0.77873 1.12493 3.06007 -0.89880 2.88592 -0.56369 -0.48235 
2.38417 -2.14635 -1.92389 -1.23216 0.92205 -1.67379 1.18178 -1.35274 -1.55175 0.51386 -1.33975 -1.00943 1.71817 0.82376 -0.28679 -0.49774 0.86266 -2.90769 0.98324 -0.83378 0.75905 1.15898 -0.28803 1.30255 -1.10740 0.75642 -0.35757 -0.07040 0.67031 0.51411 0.08577 -0.12923 0.30084 -0.13204 0.00661 -0.67328 0.67286 -0.02131 -1.50935 
2.40580 -2.31382 -1.87862 -1.19861 -0.06208 -1.68933 1.04671 -1.49338 -1.62384 0.26562 -1.38445 -1.51403 1.51132 -0.06646 -0.16805 0.33596 -0.09628 -0.86215 -0.08706 -0.19940 -0.11528 0.19349 0.06631 -0.18127 -0.53649 -0.23102 -1.00797 0.29822 0.87647 -0.68174 3.65112 -1.12283 0.57459 -0.89151 -0.68855 1.01073 -1.07353 1.02478 -0.39415 
2.31771 -2.31440 -1.58793 -1.32844 0.05990 -1.76085 0.98237 -1.46802 -1.35826 0.58017 -1.52103 -1.54592 1.48716 -0.18421 0.01143 0.37873 0.18091 0.74343 -0.13958 -0.25918 -0.13246 0.47043 0.72271 0.22902 -0.08262 0.36226 -0.26585 0.37208 0.34242 1.30578 0.70665 0.44974 -0.15713 0.03251 -0.33999 1.06248 0.70439 0.98403 1.30498 
2.22158 -2.30239 -1.49989 -1.01770 0.68135 -1.82891 0.78753 -1.62585 -1.15340 0.98832 -1.15543 -1.59664 1.87359 -0.33230 0.20403 0.67838 1.20949 -0.15549 0.36268 -0.35653 -0.08277 -0.14651 1.12879 0.52311 0.44755 1.07397 -0.33622 0.17910 -0.20473 0.40767 -1.52556 0.30790 -0.15038 -0.24655 -1.34794 -0.84072 -0.03219 0.47737 0.03287 
1.98541 -2.11037 -0.90956 -0.11894 -0.09559 -1.39817 0.62584 -1.55079 -1.50477 1.70896 -0.99792 -1.09838 2.56112 -0.52043 0.19053 0.17400 0.58858 -0.78213 0.16832 -0.40956 -0.37901 -0.87751 -0.11802 0.19683 0.39475 0.39514 0.02424 -0.28259 -0.75623 -1.79608 1.01042 -0.63679 -0.01602 -0.80917 -0.67534 -0.97767 -1.14797 -0.56973 -1.03468 
1.70115 -2.11186 -1.32589 -0.42912 -0.10078 -1.66059 0.37797 -2.00486 -2.03091 0.87031 -0.95860 -1.20189 2.26872 -0.30806 -0.07856 -0.07786 -0.58659 0.85493 -0.27411 -0.37255 -0.89194 -0.82185 0.15112 -0.62486 -0.12219 0.03928 0.68658 -0.37490 0.79785 -0.70266 2.31422 -0.40405 0.30395 -0.31520 0.88175 0.34615 -0.99645 -0.62514 -0.36950 
1.67734 -2.18893 -0.98741 -0.70553 0.75934 -1.67228 0.25329 -2.44274 -2.32662 1.86008 -1.62278 -1.22056 2.60041 0.16615 -0.18437 0.97186 -0.11408 1.53208 -0.23573 -0.10561 -0.69421 0.00424 0.22814 -0.79962 -0.23039 0.02563 0.46928 0.10120 0.74902 0.89223 -0.12484 -0.08955 0.54650 0.39784 1.35642 -0.52800 0.04718 -0.43269 0.29194 
1.86730 -2.29623 -0.35404 -0.54320 1.43130 -1.89632 0.27236 -2.69907 -2.02667 1.09844 -1.75822 -1.43228 2.29436 0.16122 0.02263 0.67116 0.30564 0.73009 -0.36365 0.17395 -0.49410 0.53457 -0.37688 -0.57768 -0.55488 0.33122 -0.24503 0.22736 -0.94687 0.56525 -1.87206 -0.11575 0.25131 0.63453 -0.41713 0.06607 0.76885 -0.71095 -0.11348 
1.83856 -2.16630 -0.31625 -0.39989 1.48943 -2.03593 0.42724 -2.93684 -1.79205 1.48321 -2.20046 -1.77544 2.93163 -0.07887 0.04298 0.02499 0.45117 -0.33998 -0.35148 0.14570 -0.05968 -0.41289 0.29421 -0.03077 -0.94134 -0.08785 -0.32882 -0.18865 -0.96634 -0.08907 -0.95619 0.14062 0.00205 0.65968 -0.53287 1.08420 0.28982 -0.42203 -1.42560 
1.78843 -2.25325 -0.32905 -0.09202 1.09132 -2.24780 0.41806 -2.75875 -2.43956 1.39265 -1.78899 -2.37362 2.20651 -0.16760 -0.16602 -0.29518 0.21657 -0.22610 -0.22303 0.17600 0.16557 0.00170 0.70732 -0.28785 -0.97690 -1.09438 -0.11184 -0.03345 -0.01454 -0.13354 0.41971 0.35638 0.09912 0.42119 1.26791 0.24266 -0.24291 0.44200 -0.03797 
1.67096 -2.33231 -0.61143 -0.18332 1.26332 -2.25897 0.60324 -2.77127 -1.79035 2.19052 -2.48831 -2.75234 1.83725 -0.19071 0.00953 0.01045 0.31764 0.07973 0.00490 0.24482 0.36151 0.85502 0.53687 -0.27368 -0.49935 -0.12582 0.05360 0.34145 1.38846 0.86984 0.45901 0.43187 -0.12055 -0.15635 -0.08276 -1.02509 0.45930 0.83279 1.54685 
1.59772 -2.24372 -0.31859 0.22562 1.17105 -2.24290 0.66288 -2.39725 -1.58454 1.92952 -2.06267 -2.87297 2.08070 -0.11400 0.17543 1.09328 1.08641 0.23291 0.20884 0.05545 0.00922 -0.08106 -0.31777 0.17144 -0.14411 0.45247 0.17092 0.04580 0.64844 0.78651 -0.20374 0.12349 -0.49727 -0.95287 -1.46393 -0.84771 0.29492 -0.06879 -0.11971 
1.55696 -2.15688 0.48185 0.90309 1.49623 -2.05012 0.65869 -2.76205 -1.87142 1.87276 -2.31687 -2.89646 2.28972 -0.01979 0.05533 0.65890 1.10414 -0.12401 0.12839 -0.25245 -0.59137 -0.60891 -0.31084 0.02124 -0.56813 -0.24553 0.21167 -0.11403 -1.01252 -0.32422 -1.04439 -0.47460 -0.39448 0.12700 0.63896 -0.23867 0.75007 0.42967 -0.77956 
1.57793 -2.18839 0.34030 1.32976 1.04704 -2.11452 0.41043 -2.98861 -2.19345 1.61868 -2.04143 -3.44110 1.83517 0.09767 0.06141 0.08076 0.76219 -0.81148 -0.26576 -0.33903 0.13622 0.55790 -0.55644 0.92152 0.28556 -0.32708 -0.07992 -0.10314 -0.63820 -0.85198 -1.77022 -0.53223 -0.20556 0.61718 0.77775 -0.71335 0.51325 1.15300 0.65753 
1.65463 -2.09547 0.56261 1.66527 0.68475 -2.31589 0.31966 -2.62583 -1.31352 1.31632 -1.39535 -2.61090 1.96263 -0.09971 -0.04781 0.02070 0.25216 -1.89423 -0.40384 -0.45801 0.02582 0.16884 -1.02419 0.53449 0.58486 0.41200 -0.42014 -0.15062 0.14437 -0.57631 -1.30276 0.00183 -0.03877 -0.77720 -1.07786 -0.29423 -1.15426 -0.75685 0.50659 
1.47822 -2.23620 0.36100 1.58192 -0.84720 -2.51836 -0.04758 -2.96280 -2.02460 0.59449 -1.50694 -2.85624 2.24717 -0.32247 -0.08921 0.22512 0.18588 -2.11424 -0.26393 -0.37780 -0.64098 -0.51996 -0.85066 -0.23275 -0.47129 0.17951 -0.10485 0.21470 0.51431 0.36248 1.89964 0.45657 0.21154 -0.31776 0.06791 0.74335 -0.46060 -0.72535 -0.55809 
1.33217 -2.18468 0.78773 1.85115 -1.42949 -2.57982 -0.05814 -3.26681 -1.83348 0.46566 -1.62810 -3.08219 2.14214 -0.20456 0.16689 0.53501 0.61465 0.00540 0.05273 -0.24647 -0.29194 0.23676 -0.28084 0.07389 -0.14049 -0.14608 0.11648 0.34100 0.20446 0.76356 3.11659 0.46353 0.09890 0.88275 1.10102 0.65424 0.53423 0.87437 0.57988 
1.27366 -2.06932 0.89601 2.19657 -0.84179 -2.46563 -0.29405 -3.25473 -1.78785 0.31365 -1.43304 -2.99673 2.10109 -0.20599 0.25178 0.42958 0.94943 1.00235 0.19959 -0.27890 0.24177 0.58105 -0.19642 0.30148 0.40308 0.75939 -0.11062 0.25979 0.26509 0.06450 1.14699 0.10669 0.04294 0.73247 0.37986 -0.12428 -0.14277 0.74435 0.56905 
1.12618 -1.93290 1.21731 2.80059 -0.42714 -2.38023 -0.33704 -3.02504 -1.25243 0.26924 -1.32662 -2.67911 2.90153 -0.31519 0.42668 0.80010 0.67914 1.15240 0.15942 -0.20353 0.44053 0.61661 -0.40511 -0.06887 0.60386 0.42296 -0.04568 0.39269 -0.36837 -1.53709 0.24642 -0.29276 -0.47253 0.25016 0.00488 -0.71021 -0.86708 -0.33118 -1.11968 
0.95847 -1.64263 1.69611 2.87571 0.31060 -2.30622 -0.49758 -2.81420 -1.17123 -0.09146 -1.50192 -2.39286 2.52405 -0.25166 0.64447 0.06122 -0.58766 1.24877 -0.09316 -0.75143 0.49194 0.58594 -0.90663 -0.56561 0.07190 -0.36029 -0.11470 0.06472 -1.46581 -1.74833 -0.47257 0.29488 -0.03098 0.79193 0.79774 -0.32494 0.04871 -0.98541 -1.14347 
0.87451 -1.28843 1.27853 2.21293 0.82163 -2.47339 -1.08846 -2.53311 -0.66649 -0.63739 -1.89222 -2.60721 2.54124 -0.42988 0.49140 -0.66571 -1.06919 0.67982 0.45429 -0.23450 1.23246 1.41435 -0.73006 -0.02017 -0.38155 -0.72050 -0.00445 -0.29961 -0.01948 0.33992 -0.27226 1.09281 1.20285 0.43712 0.50265 0.40459 -0.04694 -0.51062 -0.09487 
0.52859 -1.15123 1.03040 1.80652 0.99043 -1.85192 -0.73208 -1.58174 0.24312 -0.82152 -1.52208 -2.77441 1.80355 -0.25611 0.34486 0.04174 -0.24773 0.97651 0.99965 0.45142 0.92906 1.08858 -0.50203 -0.61255 -0.43873 -0.45516 -0.00257 0.27710 0.46011 0.25305 0.08022 0.64689 0.32838 -0.73613 -1.45425 -0.62589 -0.37770 1.28152 -0.16661 
0.61840 -0.94357 1.32027 1.96519 1.79813 -1.47373 -0.63704 -1.60405 0.42210 -1.13942 -2.50477 -3.04594 2.08608 -0.43246 0.76850 -0.20560 -0.81614 0.76005 1.10118 0.09388 0.49634 -0.03989 -1.35595 -0.39787 0.89997 -0.88711 -0.46593 0.37311 -1.30252 -1.48832 -1.91352 0.25905 -0.14138 -0.07225 -0.92628 1.21460 2.53313 2.55468 -1.14419 
0.09613 -0.38273 0.82480 0.99038 1.75047 -0.75074 -0.63820 -1.08540 0.20322 -2.17747 -1.91995 -1.87444 0.91644 -0.72204 0.71797 -1.26078 -1.73605 -0.93701 1.25870 0.31005 0.85680 0.16231 0.71257 1.92058 2.11595 -1.59936 0.32327 -0.49394 -0.53411 -0.14095 -2.23958 -0.42678 0.40499 0.51151 0.19111 3.49413 2.30786 0.73828 0.28980 
-0.10364 -0.22560 0.05949 0.22914 0.86112 -0.21503 -0.32700 -0.74725 0.58440 -0.42685 -0.58419 -0.92999 0.48673 -0.10919 0.27456 -0.73971 -0.95709 -1.47953 0.67441 0.49887 1.00785 0.15121 2.13818 1.91000 1.63825 -0.59731 0.76091 -0.53585 1.23673 1.68439 0.22996 -1.18742 -0.04182 -0.43274 -0.26538 -0.81500 -1.69999 -1.56109 1.71799 
-0.01306 -0.10817 0.08509 0.03328 0.27094 -0.07633 -0.13933 -0.07754 0.35444 -0.03929 -0.00995 -0.23619 0.31913 0.03887 0.18212 -0.02405 -0.05167 -0.70706 0.07128 0.26822 0.42407 -0.10308 -0.10243 0.22059 0.55486 0.11864 0.09902 -0.20404 0.77013 0.88742 1.43167 -0.64662 -0.24402 -1.04937 -0.32088 -2.40735 -1.76887 -1.54514 0.18794 
-0.06477 -0.04348 0.03545 0.17748 0.15407 -0.14375 -0.05877 -0.32318 0.48133 -0.52928 -0.36360 -0.37513 0.60536 -0.01017 0.07052 0.03042 -0.06968 -0.04786 0.02779 0.25485 -0.04151 -0.16966 -0.26917 0.14112 0.09311 -0.40937 0.05905 -0.18638 0.07399 -0.23987 0.70316 -0.09734 -0.18915 -0.29738 -0.11221 0.57684 0.39423 -0.33890 -0.55837 
-0.02323 -0.03765 0.11551 -0.03639 0.22308 -0.04854 0.11552 -0.11906 0.18478 -0.30846 0.13117 -0.14308 -0.09024 0.09792 -0.00426 0.04994 -0.29154 -0.00389 -0.02606 0.07907 0.12669 -0.21529 0.47442 0.61482 0.21596 -0.43974 -0.03115 -0.09160 0.00510 -0.05764 -0.18679 -0.08183 -0.31781 -0.13887 0.47542 0.98605 -0.24604 -0.13333 0.61552 
0.03315 -0.04774 0.08539 -0.11406 0.15017 -0.16980 0.02029 -0.19649 0.26604 -0.05486 0.25123 -0.15917 0.16563 -0.04132 -0.02108 0.03553 -0.12732 -0.23465 -0.05404 -0.06296 -0.18038 0.30576 0.71688 -0.10492 -0.04022 0.20615 -0.07991 0.01167 -0.21580 0.12883 0.24139 0.07657 -0.02655 -0.08568 0.03058 -0.59484 -0.97853 -0.17210 0.52462 
-0.06455 -0.05873 0.15104 -0.16372 -0.01157 -0.10258 0.05256 -0.29944 0.49054 0.40843 0.02625 -0.18330 0.11591 0.01801 0.00741 -0.16586 -0.16271 0.23750 0.05052 0.05252 0.04101 -0.18470 -0.12042 -0.36371 0.04386 0.08488 0.07406 0.05799 -0.05031 0.15171 0.53392 0.08504 0.05650 0.42109 -0.63452 -1.35667 0.34001 0.02356 -0.12214 
0.05116 -0.04033 -0.08047 -0.27677 0.38767 -0.11928 0.07281 -0.15548 0.08134 -0.17528 -0.11248 -0.11531 0.25051 0.03274 0.03691 -0.01479 0.02438 0.29928 0.03100 -0.00646 0.24071 -0.32876 -0.63979 0.23510 -0.01667 0.08401 -0.08250 0.01115 0.29663 0.33881 -0.52080 0.01051 -0.03166 0.05917 0.11634 0.17370 0.58621 0.05919 -0.28944 
-0.03181 -0.02182 0.13625 -0.13933 0.28771 -0.07158 0.04610 -0.05873 0.16178 -0.23137 0.26135 -0.19997 0.19992 -0.06449 0.01856 0.13078 0.17610 -0.28329 0.06102 0.02086 0.10018 -0.06836 0.05328 0.22250 0.10305 -0.20455 -0.01563 -0.02640 -0.03536 -0.04869 -0.56221 -0.06668 0.04713 -0.14211 0.45725 0.77903 -0.31694 0.16656 -0.24375 
-0.01333 -0.02177 0.05031 -0.10067 0.10438 -0.05826 0.09367 -0.05530 0.01298 -0.12200 0.11002 -0.01226 0.04595 0.01712 0.01052 -0.05014 -0.02431 -0.26293 -0.03567 0.04067 0.09860 0.12850 0.13924 -0.08184 0.14989 -0.15974 0.07574 -0.05091 -0.17317 -0.10116 0.50860 -0.02337 -0.04331 -0.20681 0.27991 -0.32623 -0.40167 -0.28783 0.42807 
-0.01469 -0.01131 0.08611 -0.16364 0.02478 -0.10726 0.08677 0.03987 0.29028 -0.09212 0.17951 -0.05008 0.04018 0.01126 -0.03236 -0.04239 0.07494 0.22531 0.03765 -0.02245 -0.10663 0.21155 -0.27295 -0.17918 -0.18478 0.22351 0.00185 -0.02944 -0.01903 0.11929 0.38529 0.07808 -0.09573 -0.21017 -0.28475 -0.08877 0.04136 -0.18059 0.13667 
-0.00207 -0.05413 0.00792 -0.02573 0.32969 -0.02061 0.07122 -0.16193 0.22453 -0.39495 -0.06916 -0.19705 0.26947 0.01897 -0.01893 -0.06917 0.09498 0.12235 0.04241 -0.05506 -0.11156 -0.15625 0.05047 -0.04048 -0.03070 -0.02307 0.02676 0.05011 0.07985 -0.14333 -0.36396 -0.05860 0.04292 0.17802 -0.33850 0.39877 0.31676 0.26808 -0.21584 
0.00428 -0.03023 0.01694 -0.06865 0.14713 -0.06485 0.03171 -0.07169 0.13402 -0.04165 0.13902 -0.08077 0.01710 0.03802 0.01775 0.03745 -0.06839 -0.13865 -0.02094 0.02047 0.07139 -0.12695 0.12582 0.13758 0.08330 0.00768 -0.00530 0.02497 0.07001 -0.17177 -0.27371 0.00298 0.10802 0.05870 0.20196 -0.10880 -0.04071 0.13639 0.27498 
0.03595 -0.03637 0.04537 -0.09413 0.19104 -0.04155 0.09169 -0.09054 0.09758 -0.26913 0.06842 -0.11375 0.27714 0.01367 0.00604 0.00084 -0.07678 -0.15135 0.04539 0.05295 -0.05287 0.04571 -0.05833 -0.08120 0.10570 0.25191 -0.06079 0.00309 -0.03083 0.10049 0.06671 0.01264 -0.06075 -0.05037 0.10941 0.07744 -0.15369 -0.03045 -0.20515 
0.01794 -0.02419 0.01778 -0.14544 -0.00422 -0.01946 0.08466 -0.12455 0.17973 -0.09998 0.05783 0.02492 0.26902 -0.02277 0.02085 0.00662 0.03210 -0.07194 -0.00830 -0.04028 0.02102 -0.01755 0.20327 -0.01611 0.05284 -0.19748 0.00982 -0.03559 0.11824 0.09004 0.38719 -0.16555 -0.10004 -0.01587 -0.08764 0.00297 0.21975 -0.26228 -0.32315 
0.01318 -0.01552 0.05199 -0.06202 0.11909 -0.04985 0.05141 -0.06952 0.08003 -0.06586 0.05231 -0.06091 0.07967 0.02349 -0.02955 0.11908 0.01326 0.23584 -0.12016 -0.04709 -0.06873 -0.04193 -0.05536 0.13855 -0.15658 -0.07124 0.01607 -0.02634 -0.00947 -0.03964 0.03109 0.01320 0.04142 -0.05328 0.06652 -0.19704 0.03028 -0.04397 0.25544 
0.04144 -0.05374 0.13686 -0.13218 0.23161 -0.13962 0.03757 -0.19328 0.13779 -0.15534 0.19638 -0.13166 0.19778 -0.00671 -0.00549 -0.00285 -0.00753 -0.04085 0.00490 0.00114 -0.03226 0.04897 0.00623 0.01416 0.00887 0.05796 -0.06312 0.05671 -0.17830 0.06769 -0.41386 0.24095 0.05931 0.12629 0.05266 0.18169 -0.32955 0.20604 0.04032 
