3.58288 3.77989 4.42242 4.28469 4.33733 3.04152 5.03904 -3.44389 2.43710 -4.07628 -2.03836 -2.61275 4.43676 -4.17983 -3.92008 -3.32154 -2.84360 -3.42325 0.84294 -2.27421 3.99718 4.06558 3.65455 3.50472 4.03331 -3.95586 -7.09840 -7.75370 -8.69760 -9.02769 -8.23316 -7.27539 -9.32406 6.15087 -2.20382 7.43365 5.02154 4.41357 -7.55961 
0.04193 -0.13355 0.18518 -0.25984 0.38172 -0.75172 0.83272 -0.91113 1.27380 -0.54791 0.46002 -1.36880 0.52204 -3.55155 -3.90357 -4.36789 -4.52799 -4.08833 -3.62515 -4.68152 3.15610 -0.82122 3.62461 2.41123 2.21346 -3.70728 4.17283 3.98442 3.22958 2.88326 3.24077 -0.72099 1.84712 -3.53693 -4.30251 -3.36527 -3.41417 -3.06457 4.01040 
0.03132 -0.12369 0.05453 -0.24331 0.24900 -0.58363 0.35752 -0.28778 1.61588 -0.45167 0.37287 -0.39929 0.72948 -0.00699 0.06434 -0.09196 0.03965 -0.18248 0.12194 -0.42709 0.46025 -0.23693 0.28928 0.09054 0.96874 0.05454 3.62328 3.82004 4.54187 4.23353 4.38604 2.34979 5.25358 -4.01198 2.48435 -3.92601 -1.72802 -2.88243 4.86746 
0.03494 -0.06921 0.09322 -0.22019 0.19924 -0.62978 0.40564 -0.45088 1.03687 -0.25863 0.55056 -0.40006 0.57658 0.07172 -0.08353 0.17398 -0.29446 0.29771 -1.27536 0.57206 -0.85588 1.66313 -0.30140 0.68321 -0.66897 1.16018 0.00500 -0.07214 0.08825 -0.00615 0.17609 -0.12417 0.39639 -0.47990 0.46122 -0.30847 -0.14811 -0.99743 0.08303 
0.10304 -0.20722 0.22852 -0.53777 0.54671 -1.85900 0.92958 -1.14367 3.27901 -0.75307 1.05608 -1.06827 1.88966 -0.00199 -0.00780 -0.00371 0.03350 -0.00639 -0.00222 -0.03069 -0.01964 0.22429 -0.01919 -0.05757 -0.02869 0.13757 -0.15205 0.19855 -0.30400 0.53988 -0.69323 2.74225 -0.86062 1.43543 -4.08520 0.77270 -1.37859 1.40535 -2.27750 
0.03295 -0.07701 0.08952 -0.18669 0.19284 -0.63200 0.37494 -0.47052 1.26116 -0.27782 0.49299 -0.42875 0.71415 -0.08033 0.11502 -0.13002 0.24542 -0.39552 1.46689 -0.28856 0.57955 -2.42207 0.47130 -0.69538 0.73637 -1.11732 -0.00133 0.00077 -0.00224 -0.08003 0.01648 0.07373 0.11449 0.05980 -0.49055 -0.03169 0.06618 0.06862 -0.08453 
0.02271 -0.09220 0.09850 -0.29235 0.15119 -0.39211 0.64102 -0.56412 0.85694 -0.28177 0.36070 -0.33189 0.77233 -0.00332 -0.00703 -0.00595 -0.04653 0.01008 0.07151 0.08380 0.04016 -0.26626 -0.05087 0.00861 0.03993 0.05304 0.07624 -0.10279 0.14977 -0.19405 0.45328 -1.75404 0.10927 -0.59114 2.78501 -0.35791 0.52962 -0.72638 1.12624 
0.02963 -0.08403 0.08357 -0.23321 0.20293 -0.56049 0.45875 -0.43036 0.99491 -0.32870 0.50160 -0.38881 0.76719 -0.00409 0.01223 0.01976 0.05137 0.05776 -0.28716 -0.17929 -0.01159 0.36294 0.11339 -0.16576 0.00999 0.00892 -0.00192 0.02357 0.01771 0.02923 0.06335 -0.37166 -0.10567 -0.04231 0.29183 0.17325 -0.17158 0.03080 -0.23259 
0.01862 -0.07997 0.11826 -0.24098 0.20895 -0.67927 0.46174 -0.57571 1.21988 -0.16838 0.19494 -0.32191 0.78125 -0.00524 0.01654 0.01176 -0.01730 0.07343 -0.30014 -0.02187 -0.00215 0.02557 0.12237 -0.16296 0.07073 -0.17955 0.01845 -0.00752 -0.04791 -0.01587 -0.04794 0.28611 0.07493 0.17350 -0.42501 -0.22089 0.48450 -0.11005 -0.13619 
0.02439 -0.06749 0.09532 -0.25051 0.27636 -0.86063 0.43688 -0.43251 1.02048 -0.20632 0.33864 -0.31808 0.58764 0.01436 0.00471 -0.02816 0.03550 0.00982 -0.00105 -0.10436 0.16192 -0.06207 -0.10749 0.31874 -0.10007 -0.12727 0.01396 -0.01995 -0.00977 0.05014 -0.16436 0.56644 -0.00209 -0.04855 0.03725 -0.16773 0.34725 -0.15641 0.21583 
0.03298 -0.07527 0.09010 -0.20548 0.21877 -0.68032 0.35738 -0.41379 1.15781 -0.27587 0.51369 -0.42197 0.65398 0.00872 -0.00341 0.00198 0.03284 -0.09093 0.26629 -0.02396 -0.05070 0.06282 -0.04536 0.18429 -0.08567 0.03628 -0.00619 -0.10097 0.06394 -0.81481 -0.45822 -3.32483 -0.93166 -2.13164 1.44858 0.60618 2.42839 -0.07843 -0.49301 
0.03311 -0.07090 0.09731 -0.21767 0.18543 -0.59434 0.41292 -0.48320 1.08330 -0.25169 0.52293 -0.40375 0.62392 0.00817 -0.09627 0.03579 -0.77931 -0.44840 -3.32588 -1.03602 -1.96973 1.38651 0.49869 2.74714 -0.17850 -0.62028 0.01755 -0.04289 0.04906 -0.18567 0.23728 -0.76449 0.27578 -0.21572 0.50841 -0.13672 0.18199 -0.16971 0.24046 
0.04115 -0.17153 0.12588 -0.98479 -0.22963 -4.00619 -0.67864 -2.38352 2.54432 0.22282 3.26083 -0.60047 0.03371 0.02627 -0.04630 0.05105 -0.15283 0.14635 -0.49820 0.25182 -0.26642 0.57123 -0.18208 0.36627 -0.25539 0.27674 0.01013 0.14433 -0.00453 1.39574 0.98557 6.32394 2.36126 3.58165 -2.21132 -1.16078 -5.11000 0.09048 1.55066 
0.05939 -0.11720 0.14836 -0.37049 0.33178 -1.09253 0.66474 -0.74962 1.65452 -0.43377 0.88920 -0.65914 0.90066 0.01830 0.04806 0.03126 0.61644 0.53717 2.99806 1.32524 1.61192 -0.82480 -0.66209 -2.36286 -0.08801 0.93038 -0.02933 0.03544 -0.04815 0.22365 -0.13275 0.34490 -0.35750 0.27528 -0.16895 0.18887 -0.42280 0.16754 -0.15704 
0.05946 -0.12347 0.15714 -0.36835 0.30755 -1.00813 0.64660 -0.77160 1.71951 -0.43927 0.89796 -0.68848 0.96409 -0.00306 -0.01085 0.00290 0.07082 0.01360 -0.15329 -0.10568 0.00886 0.40228 0.00679 -0.05653 -0.08785 0.11969 -0.04901 0.00615 -0.08950 -0.45824 -0.68061 -2.51137 -1.57839 -1.33827 0.25846 0.83176 2.04037 0.31091 -1.16621 
0.05633 -0.12806 0.15126 -0.29967 0.34539 -1.24582 0.55907 -0.74076 2.05680 -0.42698 0.83268 -0.74698 1.02035 -0.03070 0.05421 -0.05825 0.15820 -0.14344 0.48669 -0.25315 0.27365 -0.56634 0.16966 -0.32249 0.22289 -0.23583 -0.01831 0.06502 -0.07307 -0.03084 -0.15726 0.87871 0.03968 0.26179 -1.56133 0.12548 -0.30915 0.48264 -0.39279 
0.02875 -0.06926 0.09889 -0.21016 0.16411 -0.52144 0.39345 -0.49795 1.15317 -0.26961 0.57548 -0.46559 0.72826 -0.02137 0.05417 -0.07017 0.03999 -0.14366 0.72542 -0.06600 0.27066 -1.15906 0.13227 -0.36567 0.39479 -0.27309 0.03719 -0.06053 0.04702 -0.19667 0.13960 -0.73435 0.18120 -0.26970 0.66205 -0.07560 0.56415 -0.10665 0.02821 
0.03495 -0.07389 0.08109 -0.25968 0.20173 -0.52040 0.49307 -0.47010 0.89774 -0.29471 0.46700 -0.35219 0.74726 0.00649 -0.00631 -0.01122 -0.03847 -0.00384 -0.24766 -0.07196 0.00395 0.09570 0.09406 0.24167 0.11624 -0.20762 -0.01664 -0.04747 0.10399 -0.07863 0.26191 -1.16683 0.08771 -0.24829 0.88577 0.00999 0.44218 -0.41884 -0.03867 
0.03524 -0.07557 0.08767 -0.24863 0.16027 -0.76910 0.32149 -0.49400 1.24887 -0.17555 0.81714 -0.34935 0.52064 -0.03801 0.00670 0.03383 -0.03865 0.11825 -0.44141 0.02171 0.02237 -0.27328 0.14226 0.07651 -0.02405 -0.31177 -0.03229 -0.03008 0.10826 -0.00824 -0.15299 0.48347 0.21761 -0.53986 0.25630 -0.04460 -1.23412 -0.16819 0.65099 
-0.00306 -0.06719 0.11492 -0.29833 0.31998 -0.96182 0.51478 -0.44773 0.62446 -0.15245 0.54351 -0.37624 0.43549 -0.02580 -0.03639 0.09704 -0.04671 -0.15683 0.23580 0.14565 -0.53591 0.35201 0.04946 -0.99245 -0.05195 0.44337 0.10497 -0.06092 -0.00786 0.00193 -0.11151 0.30574 0.03501 -0.26471 1.62601 -0.45894 0.07860 -0.26074 1.01308 
0.00944 -0.11196 0.18471 -0.29534 0.00343 -0.53330 0.46714 -1.02991 1.60088 -0.12609 -0.17531 -0.40129 0.96400 0.06696 -0.05422 0.02597 -0.03672 0.00674 -0.13567 0.05672 -0.24234 1.35273 -0.31668 0.15511 -0.28478 0.70132 0.04133 0.08039 -0.17313 0.08188 0.37953 -0.42635 -0.12376 1.04132 -0.97358 -0.09717 1.48435 0.15726 -0.82454 
0.06390 -0.12141 0.14088 -0.33505 0.32672 -1.09749 0.57150 -0.69007 1.97719 -0.46914 0.69862 -0.66102 1.13680 0.01553 0.04400 -0.07609 0.03517 0.22270 -0.19055 0.02189 0.50540 -0.62157 -0.04771 0.49190 0.10532 -0.38117 -0.07440 0.02404 -0.03313 0.12380 -0.00925 0.13871 -0.17168 0.25699 -1.09896 0.32571 -0.25883 0.22362 -0.49000 
0.02497 -0.06796 0.10861 -0.26017 0.22614 -0.72385 0.48903 -0.52451 0.97931 -0.17380 0.31659 -0.29597 0.58283 -0.00745 -0.03018 -0.00717 0.08708 -0.00251 0.00304 -0.11496 0.01465 0.25377 0.00903 -0.10372 -0.06117 0.21131 0.00431 -0.07298 0.08488 -0.04862 -0.15532 0.19189 0.13011 -0.70783 0.86137 -0.20164 -0.24913 -0.43151 0.50998 
0.05645 -0.15159 0.13372 -0.24796 0.32421 -1.09445 0.45654 -0.67543 2.23097 -0.46011 0.59490 -0.72219 1.34812 0.01984 -0.02898 0.00879 -0.01345 0.06738 0.00135 0.15200 -0.20243 0.23980 -0.24935 0.24277 -0.32619 0.12881 -0.09727 0.20162 -0.12788 -0.16804 -0.09618 0.27717 0.75682 -0.64616 -0.26916 -0.16392 0.10312 0.38794 -0.43888 
