-0.03037 -0.11475 0.19885 0.01215 -0.05043 -0.06722 0.22783 -0.30945 0.35708 -0.16587 -0.07826 -0.12480 0.83393 -0.29940 -0.62666 0.61818 -0.17626 0.13889 -0.23978 2.59582 -0.75014 -0.13253 -0.09670 0.61123 0.05879 -0.13197 -0.04823 0.07577 -0.15386 -0.07968 0.11383 -0.00911 0.57073 0.29389 -0.56299 0.56472 0.04029 0.21397 -1.20519 
-0.28630 -0.65663 0.67413 -0.20762 0.16714 -0.27340 2.70008 -0.81921 -0.04678 -0.19421 0.65690 -0.03327 0.05893 -0.09472 -0.01466 0.01346 -0.01911 0.02155 -0.04567 0.65964 0.03300 -0.24708 0.55476 -0.10846 0.16492 -0.56214 0.60196 1.25996 -1.24741 0.35076 -0.27260 0.47579 -5.19564 1.51519 0.24777 0.16676 -1.17762 -0.12705 0.21008 
-0.12509 -0.12941 0.21231 -0.00695 -0.02888 -0.11290 0.88747 -0.27645 0.10999 0.38889 -0.18672 0.04012 0.27179 0.30256 0.63330 -0.62923 0.17451 -0.13371 0.23601 -2.59982 0.76505 0.11523 0.07006 -0.56639 -0.06826 0.07811 0.23426 0.11798 -0.17928 -0.00572 0.04329 0.11873 -1.45481 0.18989 0.21461 -1.06679 0.37043 -0.30756 0.45151 
0.01626 -0.02333 0.04490 -0.03312 0.03343 -0.03738 0.10026 -0.05416 0.06846 -0.12415 0.09051 -0.10153 0.13704 0.13954 0.10332 -0.16582 -0.02483 0.06484 0.07306 -0.79517 0.22289 -0.03248 -0.51203 0.26197 -0.14264 -0.11063 -0.29236 -0.64948 0.65741 -0.19746 0.15473 -0.26187 2.66291 -0.80253 -0.07217 -0.15576 0.62355 -0.00201 0.00743 
0.01445 -0.02609 0.04649 -0.03178 0.03597 -0.03984 0.09230 -0.05356 0.07752 -0.12314 0.07524 -0.10252 0.16116 0.01020 -0.01618 0.02817 -0.02295 0.02101 -0.02586 0.06309 -0.03748 0.04306 -0.08570 0.05716 -0.07026 0.08554 -0.13773 -0.10057 0.16424 0.02349 -0.06738 -0.07061 0.80313 -0.22350 0.02341 0.51103 -0.24670 0.14364 0.08651 
0.02647 -0.03951 0.07307 -0.05607 0.05444 -0.06324 0.16335 -0.09164 0.11152 -0.20985 0.14767 -0.17179 0.22258 0.00181 0.00275 -0.00159 -0.00134 -0.00254 0.00245 0.00796 -0.00061 -0.00906 -0.00100 0.01527 0.00100 -0.02412 -0.02041 0.03236 -0.05635 0.04590 -0.04202 0.05171 -0.12618 0.07496 -0.08612 0.17141 -0.11432 0.14053 -0.17108 
0.01626 -0.02333 0.04490 -0.03312 0.03343 -0.03738 0.10026 -0.05416 0.06846 -0.12415 0.09051 -0.10153 0.13704 -0.01020 0.01618 -0.02817 0.02295 -0.02101 0.02586 -0.06309 0.03748 -0.04306 0.08570 -0.05716 0.07026 -0.08554 -0.00181 -0.00275 0.00159 0.00134 0.00254 -0.00245 -0.00796 0.00061 0.00906 0.00100 -0.01527 -0.00100 0.02412 
0.01626 -0.02333 0.04490 -0.03312 0.03343 -0.03738 0.10026 -0.05416 0.06846 -0.12415 0.09051 -0.10153 0.13704 0.00000 0.00000 0.00000 0.00000 0.00000 0.00000 0.00000 0.00000 0.00000 0.00000 0.00000 0.00000 0.00000 0.00889 -0.01640 0.03040 -0.02336 0.01978 -0.02497 0.06724 -0.04159 0.04493 -0.07848 0.04940 -0.06808 0.09480 
0.01626 -0.02333 0.04490 -0.03312 0.03343 -0.03738 0.10026 -0.05416 0.06846 -0.12415 0.09051 -0.10153 0.13704 -0.00131 -0.00022 0.00223 -0.00041 -0.00123 0.00088 0.00415 -0.00411 0.00187 0.00722 -0.00776 0.00219 0.00926 -0.00043 -0.00108 0.00285 -0.00013 -0.00202 0.00194 0.00194 -0.00366 0.00235 0.00501 -0.00604 0.00130 0.00781 
0.01495 -0.02355 0.04713 -0.03353 0.03220 -0.03650 0.10441 -0.05827 0.07033 -0.11692 0.08275 -0.09934 0.14630 -0.00043 -0.00108 0.00285 -0.00013 -0.00202 0.00194 0.00194 -0.00366 0.00235 0.00501 -0.00604 0.00130 0.00781 0.00092 0.00231 -0.00649 0.00110 0.00320 -0.00331 -0.00357 0.00595 -0.00164 -0.01689 0.01681 -0.00613 -0.01472 
0.01583 -0.02441 0.04775 -0.03325 0.03141 -0.03544 0.10220 -0.05782 0.07081 -0.11913 0.08446 -0.10023 0.14485 -0.00039 0.00209 -0.00426 0.00069 0.00197 -0.00243 0.00058 0.00184 0.00023 -0.00967 0.00905 -0.00394 -0.00546 0.00087 0.00216 -0.00570 0.00026 0.00404 -0.00389 -0.00387 0.00731 -0.00471 -0.01003 0.01209 -0.00259 -0.01562 
0.01456 -0.02147 0.04287 -0.03284 0.03417 -0.03893 0.10500 -0.05644 0.07056 -0.12659 0.09180 -0.10328 0.14084 0.00043 0.00108 -0.00285 0.00013 0.00202 -0.00194 -0.00194 0.00366 -0.00235 -0.00501 0.00604 -0.00130 -0.00781 0.00901 -0.01496 0.04274 -0.02279 0.01601 -0.02876 0.05912 -0.04026 0.05163 -0.04855 0.01795 -0.05262 0.11008 
0.01626 -0.02333 0.04490 -0.03312 0.03343 -0.03738 0.10026 -0.05416 0.06846 -0.12415 0.09051 -0.10153 0.13704 0.00862 -0.01287 0.03848 -0.02210 0.01798 -0.03119 0.05970 -0.03842 0.05186 -0.05822 0.02700 -0.05656 0.10462 -0.00092 -0.00074 0.00310 -0.00093 -0.00085 0.00065 0.00425 -0.00387 0.00121 0.00901 -0.00943 0.00439 0.00597 
0.02318 -0.03434 0.08135 -0.05494 0.05214 -0.07012 0.16470 -0.09486 0.12242 -0.18480 0.11881 -0.15984 0.24546 -0.00049 0.00034 0.00025 -0.00080 0.00117 -0.00129 0.00231 -0.00021 -0.00114 0.00400 -0.00339 0.00310 -0.00184 -0.00474 0.00818 -0.04876 0.02156 -0.01513 0.03765 -0.06378 0.04413 -0.06355 0.02737 0.00795 0.04178 -0.13137 
0.01577 -0.02299 0.04515 -0.03392 0.03459 -0.03868 0.10257 -0.05438 0.06731 -0.12015 0.08712 -0.09843 0.13520 0.00388 -0.00469 -0.01028 -0.00054 0.00285 0.00645 -0.00407 0.00571 -0.01169 -0.03085 0.03495 -0.01479 -0.02675 0.00098 -0.00068 -0.00050 0.00160 -0.00234 0.00259 -0.00462 0.00042 0.00229 -0.00799 0.00677 -0.00619 0.00368 
0.02706 -0.03904 0.07107 -0.05547 0.05499 -0.06367 0.16063 -0.08914 0.11073 -0.21565 0.15376 -0.17463 0.21871 0.00049 -0.00034 -0.00025 0.00080 -0.00117 0.00129 -0.00231 0.00021 0.00114 -0.00400 0.00339 -0.00310 0.00184 -0.01877 0.01679 -0.00236 0.02086 -0.03236 0.02800 -0.04715 0.01276 -0.01994 0.14405 -0.12329 0.08974 -0.01503 
0.01626 -0.02333 0.04490 -0.03312 0.03343 -0.03738 0.10026 -0.05416 0.06846 -0.12415 0.09051 -0.10153 0.13704 -0.01489 0.01210 -0.01264 0.02033 -0.02951 0.03445 -0.05123 0.01848 -0.03163 0.11320 -0.08834 0.07495 -0.04178 -0.00049 0.00034 0.00025 -0.00080 0.00117 -0.00129 0.00231 -0.00021 -0.00114 0.00400 -0.00339 0.00310 -0.00184 
0.01217 -0.02694 0.05843 -0.03515 0.02548 -0.02922 0.10940 -0.07067 0.07909 -0.10245 0.06542 -0.09968 0.17693 0.00000 0.00000 0.00000 0.00000 0.00000 0.00000 0.00000 0.00000 0.00000 0.00000 0.00000 0.00000 0.00000 0.01660 -0.01918 -0.01100 -0.01449 0.04831 -0.04861 0.03753 -0.00075 0.04725 -0.15774 0.04296 -0.04685 0.08747 
0.01626 -0.02333 0.04490 -0.03312 0.03343 -0.03738 0.10026 -0.05416 0.06846 -0.12415 0.09051 -0.10153 0.13704 0.00171 -0.00708 -0.02364 0.00583 0.01880 -0.01415 -0.01369 0.01773 0.01561 -0.04454 -0.04538 0.02810 0.04569 -0.00077 0.00103 -0.00174 0.00104 -0.00075 0.00046 -0.00018 -0.00048 0.00131 -0.00356 0.00333 -0.00439 0.00655 
0.01389 -0.03402 0.03479 -0.02932 0.04429 -0.04337 0.09571 -0.05293 0.09471 -0.14700 0.02005 -0.07158 0.22263 -0.00077 0.00103 -0.00174 0.00104 -0.00075 0.00046 -0.00018 -0.00048 0.00131 -0.00356 0.00333 -0.00439 0.00655 0.00947 -0.00128 0.06230 -0.02266 -0.00389 -0.01702 0.05206 -0.05040 0.02054 -0.00768 0.16168 -0.14816 -0.01763 
0.01549 -0.02230 0.04317 -0.03208 0.03268 -0.03692 0.10008 -0.05465 0.06977 -0.12770 0.09384 -0.10592 0.14359 0.01119 -0.00837 0.03866 -0.01683 0.01492 -0.03117 0.03837 -0.03266 0.03615 -0.05222 0.11630 -0.12006 0.02806 0.00155 -0.00206 0.00347 -0.00207 0.00149 -0.00093 0.00036 0.00096 -0.00263 0.00711 -0.00666 0.00878 -0.01310 
0.02507 -0.04239 0.07345 -0.04614 0.05920 -0.07454 0.13407 -0.08560 0.13086 -0.19922 0.13635 -0.19164 0.25069 0.00077 -0.00103 0.00174 -0.00104 0.00075 -0.00046 0.00018 0.00048 -0.00131 0.00356 -0.00333 0.00439 -0.00655 -0.02293 0.00440 -0.09584 -0.00750 -0.04280 0.12125 0.04863 0.06453 -0.16027 -0.05877 -0.17770 0.29414 -0.02872 
0.01626 -0.02333 0.04490 -0.03312 0.03343 -0.03738 0.10026 -0.05416 0.06846 -0.12415 0.09051 -0.10153 0.13704 -0.01174 -0.00396 -0.05718 -0.02433 -0.02789 0.09007 0.08700 0.03187 -0.12412 -0.11099 -0.06140 0.17408 -0.00065 -0.13608 -0.24853 0.16472 -0.18106 0.30849 -0.05577 -0.34215 0.11076 0.13496 -0.85979 0.19418 -0.16551 1.15569 
0.01334 -0.04635 0.01627 -0.07047 0.03131 0.01553 0.22107 -0.05373 0.00674 -0.31021 0.07494 -0.01755 0.25004 -0.13530 -0.24956 0.16646 -0.18209 0.30924 -0.05623 -0.34197 0.11124 0.13364 -0.85623 0.19085 -0.16112 1.14914 -0.60662 -0.68399 1.42111 -0.93415 1.38474 -0.99109 -0.70827 0.78934 -0.63526 0.44233 1.01021 -1.28430 3.45782 
-0.11904 -0.27290 0.21136 -0.21521 0.34267 -0.09361 -0.24171 0.05708 0.20210 -0.98038 0.28136 -0.26265 1.28618 -0.61835 -0.68795 1.36393 -0.95848 1.35685 -0.90102 -0.62128 0.82121 -0.75938 0.33134 0.94881 -1.11021 3.45717 -0.76981 -0.30318 1.50646 -1.42659 1.42479 -1.28274 0.68793 0.51502 -1.41395 1.69640 -1.65552 -0.61110 -0.32941 
-0.60502 -0.73430 1.38021 -1.02895 1.38816 -0.88548 -0.40021 0.76748 -0.75265 0.02114 1.02375 -1.12777 3.70720 -0.90512 -0.55274 1.67291 -1.60868 1.73403 -1.33897 0.34596 0.62627 -1.28030 0.84017 -1.46467 -0.77222 0.81972 -0.02050 0.28930 -0.63287 0.01846 -0.66484 0.15300 0.88456 -1.17533 0.44077 -1.12093 -3.15745 2.09145 -6.25184 
-1.02415 -0.82564 1.88427 -1.82389 2.07669 -1.43258 0.10425 0.68335 -1.07820 -0.14021 -1.18331 -1.03486 2.10590 -0.63886 -0.39865 0.73106 -0.94002 0.69200 -0.74802 0.26329 -0.35412 -0.31862 -0.78959 -2.20864 0.98124 -2.79468 0.42715 0.31920 -0.86286 1.34939 -1.29942 1.53510 0.52739 -1.60644 2.41246 0.30468 0.99019 2.17548 -1.49974 
-1.24387 -1.13295 2.11127 -1.96897 2.08016 -1.63350 -0.13692 0.41336 -1.07126 -0.76845 -1.18489 -0.14653 0.91253 -0.47797 -0.23354 0.81005 -0.25929 0.43461 0.19613 0.87335 -0.98017 1.13215 1.14485 -0.47449 1.40326 -0.68001 0.46236 0.42638 0.10157 0.64254 -0.42045 0.88816 0.71038 -0.20781 2.66387 1.56100 1.77114 -0.34170 5.34731 
-1.50212 -1.05917 2.69432 -2.08317 2.51131 -1.23645 0.97759 -0.29682 0.05395 1.00464 -1.65779 0.36839 1.42589 -0.17649 0.02773 0.83263 -0.29749 0.27156 0.14014 0.97366 -0.56192 2.34525 0.77141 -0.43750 0.63953 2.55264 0.37926 0.15257 -0.08975 0.35151 -0.51580 -0.68832 -1.04106 0.90384 0.21368 -2.85399 1.65087 -1.48654 -0.14821 
-1.42037 -1.10522 2.94390 -2.26646 2.35172 -1.49336 0.83674 -0.14856 1.27398 0.00296 -1.62239 0.49301 3.46517 -0.09871 -0.08096 0.72030 0.09222 -0.08119 -0.49219 -0.16772 -0.07633 1.34583 -1.70914 1.17638 -0.08328 -0.82823 -0.18855 -0.16467 -0.64737 0.77451 -0.11261 -0.88107 -0.50533 0.27165 -2.33473 -2.42566 2.00558 -1.60211 -5.68889 
-1.60083 -1.14013 3.41462 -1.99095 2.43011 -1.72864 0.80988 -0.37315 1.39978 -0.70450 -0.48141 0.28512 0.59766 -0.36504 -0.13693 0.18526 0.47702 0.15894 -0.74092 0.46833 -0.29027 0.01052 -1.65425 1.56808 -0.96258 -3.13625 -0.42819 -0.59657 -1.70572 -0.00442 0.31075 0.19142 0.98324 -0.23861 -1.34188 0.01558 -0.82058 0.45733 0.82877 
-1.78540 -1.24215 3.12916 -1.78944 2.51067 -2.23429 1.30507 -0.43883 1.28451 -1.65129 -0.05431 -0.46957 0.32892 -0.52689 -0.67753 -0.98542 0.08780 0.22956 -0.30077 0.81553 -0.31494 0.00395 -1.69356 0.35580 0.37405 0.00054 0.04751 -0.61125 -1.68203 -0.78772 0.23944 1.24315 -0.49768 0.03461 -0.45262 0.80185 -1.32170 2.43547 3.70530 
-2.12773 -1.81767 2.42920 -1.90315 2.65967 -2.02941 1.62541 -0.68809 1.40373 -2.39806 -0.12561 0.65917 0.59820 -0.31753 -0.74819 -1.49677 -0.31070 0.39839 0.50223 -0.02934 -0.25566 -0.44210 -0.85240 0.24638 1.47290 0.56905 1.38336 1.01287 1.45842 0.47757 0.60759 1.55088 0.46230 0.23962 -0.37193 1.76734 0.15873 -1.00806 -0.81964 
-2.10293 -1.99034 1.63239 -2.10013 2.90906 -1.73205 1.27573 -0.69449 0.84241 -2.50369 0.19207 1.00333 0.89797 0.85647 0.33534 0.47300 0.56536 0.83714 1.25011 1.27782 -0.07532 -0.36798 0.07378 0.51453 -0.63401 -0.81910 0.77965 0.12509 1.11671 0.07994 -1.04826 -0.33089 1.01721 -0.34775 0.72947 2.19371 -0.56333 -3.73602 -1.47865 
-1.27126 -1.48233 2.90220 -1.33779 3.49681 -0.77930 2.90323 -0.76341 1.03574 -2.32427 0.38892 0.02516 -0.22090 0.46212 -0.62310 -0.38006 -0.23076 -0.64987 0.17134 0.98787 -0.60341 0.28737 1.34130 -0.31695 -2.26313 -0.90960 -0.51282 -1.19399 -2.48278 -1.74513 -2.81950 -2.54000 -2.02324 0.03476 0.80090 2.45419 -0.75251 0.78279 1.92993 
-1.64081 -2.61344 1.25234 -2.33089 2.25919 -1.56071 2.26360 -1.29790 1.12979 -1.16239 -0.12488 -1.25980 -0.01164 0.34364 -0.85865 -2.00977 -1.17977 -1.98236 -1.28989 -0.74542 -0.04056 0.43291 2.52797 -0.23798 0.14879 1.11083 1.49456 1.97679 1.34915 0.68519 -0.25612 -0.68666 -4.14999 -0.17334 -2.25947 -2.64750 -1.60325 2.01960 0.42797 
-0.92762 -2.34097 0.89243 -2.51756 1.51446 -2.06918 2.15781 -0.80397 1.46865 0.20370 0.15094 0.17395 0.88992 1.95668 1.35369 0.96909 0.45443 -0.90599 -0.51532 -3.16212 -0.77675 -1.97210 -1.30619 -1.92020 -0.24352 -0.48164 1.88652 1.36901 2.34472 2.64731 1.97630 1.52923 -2.67599 -1.56491 -3.93721 -4.17984 -2.14437 -1.75337 -0.81345 
0.31587 -1.25975 2.22142 -1.87646 1.35320 -2.07603 -0.89852 -2.07465 -0.84232 -2.46858 -2.04509 -1.50333 -0.49327 2.23017 0.51036 0.33495 1.46755 -0.00606 0.23935 -3.42141 -1.60547 -3.50430 -1.65187 -2.38235 -1.60459 0.29737 -0.89810 -2.34525 -2.13263 0.58696 0.79950 0.90878 3.11742 -0.14862 0.03101 3.97813 2.25028 -0.39402 2.00498 
1.30255 -1.83062 1.22738 -1.05001 1.50839 -1.82984 -1.26360 -2.40944 -2.03565 -1.44817 -2.23141 -1.43064 1.18730 1.05858 -0.99156 -1.16355 1.04139 -0.10648 0.39346 -0.04470 -0.92538 -1.94109 2.67194 0.33007 -0.63754 1.52334 -1.97681 -0.96375 -0.62478 -0.72125 -0.05535 -0.35075 4.63296 1.33596 3.08855 4.15387 3.52820 2.02885 -0.55445 
1.37445 -2.25131 1.05788 -0.83507 1.24672 -1.68257 -0.94322 -3.00003 -2.78341 0.20336 -1.71502 -2.14087 1.03007 0.25335 -0.45339 -0.28983 0.74630 -0.06141 -0.11140 1.21155 -0.26952 -0.41575 2.50200 1.14584 0.42426 -0.25707 -0.70573 0.86571 0.65717 -0.30585 -0.03220 -0.74965 1.26479 1.02249 2.32610 -1.60182 0.26458 1.33360 -0.89017 
1.55591 -2.28401 0.93754 -0.30371 1.44698 -1.94124 -0.05206 -2.67896 -2.45140 1.05383 -1.08557 -1.00637 0.93023 0.35285 -0.12585 -0.50637 0.73554 -0.13868 -0.35619 1.22009 0.09711 0.38501 1.07013 0.59466 0.69606 0.63317 -0.35166 0.65736 -1.24787 -0.59072 -1.19032 0.23222 -2.07350 0.29362 0.55082 -1.93222 -2.53267 -1.10451 0.01885 
1.72730 -2.37717 0.55150 -0.09953 1.10804 -2.03876 0.27688 -2.90292 -2.39839 1.27349 -1.12036 -1.44481 1.66324 -0.09830 0.20397 -1.53771 0.15558 -1.25173 0.12082 -0.86196 0.02410 0.13507 0.56978 -1.38683 -0.68025 -0.23822 -0.42800 0.62332 -0.71406 -0.39473 -0.64468 0.29639 -1.51938 0.67042 0.16789 0.28514 -1.71914 -0.58010 -1.28190 
1.45760 -2.08004 -0.60017 -0.14813 0.19526 -1.82042 -0.91401 -2.65486 -2.31632 1.62362 -2.47239 -1.68662 0.69201 -0.07515 0.49746 -1.22044 0.34081 -0.78336 -0.05980 -0.29928 0.76753 0.55291 1.35527 -1.12449 0.11596 -0.64873 0.18024 -0.17608 1.62675 0.02979 0.98642 -0.58563 0.88538 0.23208 0.63472 -0.33329 1.55699 0.20709 0.44504 
1.65215 -1.87970 -0.66893 0.24129 0.32468 -2.09856 -0.02240 -2.13539 -1.84549 2.62876 -2.24485 -1.32885 1.01450 0.08194 0.02789 0.08904 0.18537 -0.26531 -0.46481 0.02342 0.25618 0.76980 0.23649 0.17017 -0.47315 0.20682 0.11854 -1.20721 1.69201 -1.05774 0.20206 -1.33471 0.00559 -1.74742 -0.33271 -3.32133 0.03760 -1.19429 0.04904 
1.53954 -2.05216 -0.51113 0.03724 -0.07006 -2.28523 -0.89059 -2.39868 -1.54653 1.86010 -2.30223 -2.15978 0.89883 0.04339 -0.70975 0.47157 -0.71693 -0.58130 -1.39451 -0.29369 -0.97989 0.22020 -1.96606 -1.08689 -1.07833 -0.59969 0.09517 -0.29395 0.64053 -0.41269 0.49324 -0.54757 1.05040 -0.51150 -0.89122 -0.48108 -0.87147 0.27567 -0.00012 
1.69554 -2.58945 -0.19736 -0.47564 -0.25663 -3.49308 -0.31609 -3.11528 -1.62529 0.66270 -3.33174 -2.40718 0.41481 0.17711 -0.26607 0.72957 -0.22733 0.22793 -1.01238 1.07382 -0.25531 -0.12143 -0.24459 -0.70130 -0.19748 0.20670 0.13842 1.15910 0.30161 1.31165 1.31451 1.98332 1.65235 1.87373 0.10930 3.28020 2.55270 1.95122 2.78244 
1.71665 -2.31822 0.21845 -0.19008 0.15787 -3.29761 0.18323 -2.65399 -1.66795 1.61551 -3.00353 -2.35726 1.10553 0.18181 0.44935 0.77318 0.59473 0.73321 0.58881 1.35866 0.89384 0.32950 1.31413 1.46581 0.87290 2.18275 -0.37327 0.60629 -1.19232 1.00770 -0.13098 1.65847 -0.47214 0.69000 -0.55982 1.34644 0.86642 1.48213 1.50683 
1.87735 -2.14010 0.57582 0.11909 0.47658 -2.90426 1.04257 -2.22144 -1.29580 1.97683 -1.86592 -1.53428 2.59756 -0.19616 0.34023 -0.46275 0.78038 0.09696 0.64609 0.60168 0.43468 -0.68125 1.10185 0.16511 1.28465 1.71354 -0.55678 -0.57701 -1.20060 -0.54519 -0.26892 -0.93865 -0.87056 -1.44061 -0.32785 -2.36966 -1.96885 -0.37557 -2.61442 
1.52049 -1.97799 -0.24430 0.59029 0.25483 -2.65152 0.78490 -2.21931 -2.34920 2.71736 -2.83841 -1.07260 2.81906 -0.37498 -0.12766 -0.42742 0.04954 0.46429 -0.34983 0.48811 -0.54676 0.00165 -1.05552 -0.50304 0.49733 -0.43168 -0.34935 -0.56709 0.47921 -0.58833 0.24109 -0.99080 -1.81277 -0.47262 0.61353 -2.07699 -0.43364 -1.70407 -2.36970 
1.50237 -2.26776 0.14840 0.16863 0.94086 -3.25410 1.53068 -2.76821 -1.29415 0.92131 -2.36896 -1.03695 2.16588 -0.54552 -0.22686 0.01646 0.19204 0.33804 -0.34470 -1.21109 -0.03793 -0.06772 -0.97514 -0.26853 -0.41942 -0.65616 0.04302 -0.49081 1.08506 0.29650 -0.48420 0.30685 -2.82861 0.35077 -1.04222 0.28031 0.20122 -1.18742 1.05974 
0.97497 -2.20486 -0.22784 0.78234 0.59287 -2.99622 -0.42619 -2.25724 -2.41692 1.74222 -3.10694 -1.49203 2.16290 -0.33196 -0.61848 0.65763 0.34604 -0.01991 -0.04299 -2.34050 -0.19599 -1.04057 -0.77521 -0.30182 -0.69009 0.62806 0.85826 -0.20543 1.18819 -0.38852 0.14023 0.24846 1.31610 0.11928 0.37520 -0.40579 0.96887 -0.12769 2.21643 
1.17042 -2.88623 0.80603 0.51467 0.92095 -3.29708 -0.80982 -2.96420 -2.33472 0.14610 -2.67078 -1.72704 2.79394 0.31274 -0.43229 1.20466 -0.19647 0.47827 -0.09625 0.10501 0.08134 0.30748 -1.38093 0.70035 -0.54711 1.56027 0.42349 1.23501 -0.53445 0.11598 0.26300 0.30198 1.88591 0.55740 1.61225 0.74246 0.94199 -0.85576 0.31498 
1.28771 -2.63714 0.97682 0.58586 1.07114 -3.09247 -0.32118 -2.17590 -2.10944 0.36129 -2.40660 -2.03913 3.72316 0.09153 0.61653 0.12319 0.46202 0.24309 0.25899 -0.45459 0.36140 0.57168 -0.03275 0.64017 -1.54585 0.94304 -0.33208 1.36425 -1.19977 0.77565 -0.49327 0.84617 -1.12391 -0.03743 0.72518 0.41554 -0.14699 -1.68383 -3.99856 
1.26195 -2.26970 0.92922 0.97668 1.16404 -3.03809 -1.26441 -2.60279 -1.76305 0.11335 -2.03062 -3.27288 3.73699 -0.01934 0.93196 0.00489 0.57918 -0.01500 0.74992 -1.01890 0.04392 1.03266 -0.96539 0.55335 -2.23094 -2.43829 -0.09067 0.47230 -0.00444 -0.12533 -0.61447 1.01995 0.92306 0.35836 0.71818 -0.76973 -0.47372 0.44666 -3.82069 
1.26837 -1.70518 0.98171 1.16505 1.05613 -2.34255 -1.34008 -2.13198 -1.07678 -0.60411 -1.85324 -4.27007 1.28487 0.00086 1.08883 0.11875 0.33669 -0.37139 1.27894 0.46847 0.71977 1.28986 -0.80248 0.16644 -1.09919 -2.87765 -0.21348 -0.10234 0.08942 -0.58553 -0.59627 -0.18223 0.98059 0.69771 -0.44581 -0.35054 -0.40372 2.63155 2.81237 
1.26281 -1.18087 1.04797 1.31338 0.79265 -1.75915 -0.79595 -1.88302 -0.47319 -0.68913 -1.86417 -4.37207 0.85934 -0.23282 0.82962 0.09430 -0.00634 -0.61127 0.56768 -0.03831 0.74163 0.58685 -1.31593 0.14963 0.40061 0.37407 -0.48405 -1.64052 -2.53037 -1.76274 1.08772 -0.81687 0.34448 -0.86763 -2.33168 1.45379 1.02141 4.83923 3.26342 
1.03555 -0.87556 1.07601 1.15870 0.44486 -1.77486 -1.37839 -1.39036 -0.48993 -1.92004 -1.70361 -3.86946 1.65895 -0.48319 -0.55169 -2.41162 -1.42605 0.71633 0.46207 0.81294 -0.14787 -1.04182 0.65131 1.18786 3.74004 0.38577 -0.10114 -1.73332 -2.85627 -1.88060 2.06735 -0.05988 1.21473 -1.97707 -1.95425 3.26085 0.83140 3.42855 -0.57532 
0.77962 -1.73256 -1.36365 -0.11267 1.50899 -1.29708 0.01700 -2.03089 -1.51501 -0.03782 -0.67632 -0.63203 1.24511 -0.33396 -0.90371 -2.76197 -1.88694 1.45608 0.50780 1.17642 -1.23544 -1.36740 1.94492 0.98103 3.82916 -0.20124 -0.24427 0.22392 4.11216 0.87791 -0.48730 0.18554 -1.38872 0.08899 2.01321 -0.75628 -1.62023 -1.55916 1.64682 
0.70159 -1.77927 -1.68596 -0.72824 1.90094 -1.26706 -0.20197 -2.62580 -1.85734 0.02488 -0.72258 -0.04030 1.45770 -0.72746 -0.32777 1.70054 -0.54814 0.22903 0.64761 -0.57577 -0.05888 0.97139 -0.10498 -0.43237 2.18088 2.03259 -0.55838 0.30861 5.26999 1.29864 -1.41782 -0.50731 -2.26007 1.69615 2.44093 -2.05486 -1.42471 -2.40922 1.47505 
0.05216 -2.06032 0.33688 -0.66081 1.73802 -0.64948 -0.55878 -2.08977 -0.54362 -0.14280 -1.10869 1.54885 3.27770 -0.89234 -0.59509 2.50802 -0.58831 0.03826 0.00049 -1.08365 0.46071 1.07353 -0.10995 -0.44368 1.41995 1.27381 -0.14915 -0.23546 -0.55708 -0.39684 -0.05949 -1.47848 1.25306 0.50060 -0.53484 0.13962 0.88327 -4.77185 -3.63366 
-0.19075 -2.37436 0.82206 -1.31655 1.93919 -1.26657 -1.28561 -2.16509 -0.78381 -0.08507 -1.16626 1.37965 2.73151 -0.87661 -0.56323 1.14346 -0.94498 0.16954 -0.83088 0.67728 0.44172 0.43655 0.03465 0.45090 -2.59097 -1.60107 -0.16819 0.39789 -1.64104 -0.11424 0.05437 -0.22346 3.79142 0.20394 0.45117 0.31729 1.31816 -3.43555 -2.45590 
-0.82446 -2.62355 1.48035 -1.60579 1.90756 -1.48036 0.11851 -1.64804 -0.10707 -0.10816 -0.65779 -1.04212 1.67662 -1.06053 -0.19720 0.86698 -0.70255 0.09262 -0.22297 2.70778 0.66464 1.52469 0.20734 0.87448 -2.01561 -1.18209 0.16846 0.87050 -0.32475 0.50378 0.13538 0.73474 0.85707 -0.15503 0.95567 -0.37494 -0.34968 2.36829 0.97965 
-1.25128 -2.57156 1.68904 -2.01910 2.03181 -1.48954 1.42216 -1.50045 0.74088 0.12227 -0.29178 -0.63596 1.54942 -0.70815 0.30727 0.81872 -0.44120 0.30493 -0.09613 1.53436 0.28669 1.39222 -0.34029 0.10122 -0.22268 -0.62142 0.70192 0.51272 -0.65065 0.56616 0.21501 0.13605 -2.46783 -0.48256 -1.84819 -1.19338 -0.31532 1.68502 0.91622 
-1.53261 -2.31628 2.29906 -2.04698 2.21249 -1.57649 1.65286 -1.36135 1.28515 -0.44845 -0.55657 -1.26480 1.05520 -0.35861 0.31552 0.21634 -0.13639 0.30763 -0.08692 0.23995 0.18209 -0.32350 -0.98604 0.55916 -0.33059 -0.26587 0.86495 0.24985 -1.24932 0.54635 -0.07779 0.18751 -0.73497 -0.50568 -2.28468 -0.38655 0.16435 0.30222 1.63521 
-1.60989 -2.25604 1.90538 -2.15549 2.33945 -1.57646 1.66211 -1.31836 0.41739 -0.86376 0.26737 -0.96654 1.28356 0.15679 0.55712 -0.43060 0.10516 0.22714 0.09138 0.79939 -0.21899 -0.89246 -0.72685 0.26557 0.07954 1.01378 0.40539 0.08353 -0.15560 0.13464 -0.18248 0.10330 0.47172 0.04710 0.61939 -0.49463 -1.42696 0.64741 2.18259 
-1.37582 -1.75916 1.86846 -1.94183 2.43963 -1.48511 2.45225 -1.58034 0.39269 -1.17530 -0.29099 -1.18526 2.06898 0.04678 0.39905 0.06074 -0.00175 0.12516 0.01638 0.71167 0.22919 0.29589 -1.48067 -0.86781 0.31682 1.91672 0.01036 -0.52891 0.30857 -0.49828 -0.15856 0.26770 -0.24518 0.56439 0.73676 0.29812 0.19151 0.49015 -0.58065 
-1.56311 -1.85698 1.96612 -2.15724 2.46461 -1.56007 2.37378 -1.08917 0.71328 -2.34444 -0.60043 -0.64972 3.20028 0.16715 0.02822 -0.12204 -0.39312 0.06858 0.35907 0.55421 0.34540 -0.15570 -0.42873 0.45708 0.56969 0.43313 -0.03101 -0.50820 -0.45360 -0.24890 -0.29134 0.24127 -0.32606 -0.17889 -0.17188 1.80952 0.92304 -1.05397 -2.89649 
-1.20867 -1.73094 1.74642 -2.33495 2.50821 -1.12604 3.00646 -1.23495 0.23698 -1.60403 0.16609 -0.61557 2.50212 0.01577 -0.10915 -0.39286 -0.25065 -0.16618 0.25765 0.38560 0.05030 0.12401 0.32885 0.05524 -0.73715 -0.97977 -0.38785 -0.18278 -0.47508 0.03698 -0.31956 -0.57828 -1.38268 -0.02121 1.16901 0.60268 -1.19645 -1.04087 -0.80277 
-1.54733 -1.96613 1.57325 -2.40789 2.29843 -1.30242 2.75938 -1.03887 0.83729 -2.01559 -0.54519 -1.38687 2.22052 -0.22070 -0.15457 -0.59712 -0.35614 -0.25098 -0.21921 -0.82847 0.32419 1.01331 0.17395 -0.73937 -0.47118 -0.36964 0.13111 -0.04513 -0.23600 -0.03185 0.16551 -0.33349 -0.66250 0.38970 0.19364 0.40511 -0.12417 1.01333 -0.24087 
-1.42937 -1.88551 1.14930 -2.69109 2.25722 -1.34525 2.17799 -0.91076 1.25029 -1.43007 -0.57329 -1.08675 2.13248 0.14689 -0.15428 -0.62886 -0.28251 -0.00067 -0.07584 -0.27690 0.44000 0.31765 0.73396 -0.06893 0.27618 -1.22063 0.09098 -0.20944 0.78934 0.53432 0.04744 0.09652 1.04927 -0.39429 -1.54720 0.18986 0.39917 -0.05508 -0.96816 
-1.40045 -2.12041 0.94440 -2.69040 2.29776 -1.37826 2.48248 -0.59887 1.15495 -1.28163 -0.61412 -1.11068 0.99988 -0.12972 -0.36401 0.19222 0.17818 -0.20354 -0.12269 0.22081 -0.07010 -0.53389 0.36381 -0.34020 -0.52626 -1.33779 -0.32815 0.26043 1.14469 0.60454 0.07566 0.31305 0.02262 -0.69944 -0.22482 0.48229 0.09224 -0.20712 2.53985 
-1.55909 -2.24952 1.34152 -2.51291 2.05368 -1.46794 2.39880 -0.98086 0.71640 -1.06626 -0.91349 -1.61301 0.79469 -0.18127 0.10615 0.51584 0.32203 0.07499 0.23721 -0.25427 -0.25944 0.09283 1.21625 0.02331 0.06906 1.31922 0.08608 0.46499 0.33041 0.24426 0.46335 0.59719 -0.54953 -0.02567 0.83163 0.30176 1.32833 1.49956 2.92648 
-1.58172 -2.01426 1.46023 -2.36837 2.37275 -1.14105 2.22821 -0.85831 1.24778 -0.06537 -0.59082 -1.04162 2.31910 -0.04364 0.10098 0.52263 0.42244 0.25981 0.47450 -0.32873 -0.09577 0.29774 0.66557 0.98813 0.97330 1.58869 0.20969 -0.20388 0.47361 0.09374 -0.29967 -0.41227 -0.88900 -0.24562 -0.62886 -1.10715 0.70063 0.54325 -2.89474 
-1.60273 -2.14854 1.86415 -2.09047 2.31350 -0.99344 2.07007 -1.07663 1.01414 -0.40069 0.07464 -0.63972 2.38338 0.02842 -0.09773 0.98945 0.41577 -0.22468 -0.17506 -1.14327 -0.50507 -0.53603 0.10911 0.72393 0.61232 -1.57552 0.29385 -0.04291 0.30153 -0.16182 -0.46592 -0.69729 -0.98632 0.07447 -1.16247 0.31259 -1.61340 -0.97067 -2.86333 
-1.55330 -2.11199 2.44968 -1.95260 2.14807 -1.31611 1.08494 -1.36337 0.71174 0.04373 0.13312 -0.42931 0.74358 0.25021 0.05808 0.82416 0.26062 -0.20610 -0.22280 -1.31504 -0.02131 -0.86473 0.97817 -0.62528 0.00263 -1.27465 0.44550 0.16664 -0.91869 0.39390 0.09055 0.52303 0.70504 1.28390 -0.48742 1.72080 -0.25624 -0.66933 1.65966 
-1.35252 -2.09046 2.68831 -1.82985 2.10739 -1.21624 0.75503 -1.09794 0.14941 0.57748 -0.55064 -0.63709 1.10873 0.47392 0.06891 0.07076 0.80967 -0.13413 0.34797 -0.43823 0.77883 -1.02345 1.82991 0.46770 -0.05702 0.08414 0.33105 0.21828 -1.56262 0.70799 -0.25433 0.77848 1.11661 0.66754 0.04714 0.18826 2.44191 -0.10469 1.50916 
-1.07938 -2.04308 2.52044 -1.14293 2.01394 -0.96814 0.64671 -0.58454 -0.31171 1.87364 0.60082 -0.48633 0.82772 0.58126 0.27636 -0.73847 0.96861 -0.46044 0.55568 -0.19843 0.64623 -0.81759 1.16643 1.81663 -0.10206 0.23451 0.15757 1.10909 -1.53687 -0.43850 -0.73809 -0.01643 0.65951 -0.44327 1.06878 -2.62239 -0.02204 -1.08287 0.32280 
-0.77126 -1.81410 1.94984 -0.86124 1.64696 -0.66055 0.55660 -0.45171 -0.66818 1.74391 1.26600 -0.73914 1.34324 0.63149 1.17800 -1.46611 0.37117 -0.87222 0.33154 0.22127 0.33556 0.04533 -0.79249 0.44566 -1.13989 0.40694 -0.05436 1.31282 -0.76967 -0.98049 -0.76416 -0.65984 -0.14426 -0.23454 1.29758 -2.21697 -2.72110 -0.30014 0.52173 
-0.44788 -0.86508 1.05433 -0.77176 1.14172 -0.63660 0.86798 -0.24898 -0.26638 1.08116 1.04647 -1.62622 1.23466 0.52690 1.58918 -1.50814 -0.01188 -1.22460 -0.10416 -0.34269 0.41169 0.47999 -1.05054 -0.90447 -0.40219 0.75625 -0.20781 -0.24097 0.48172 0.04809 -0.21394 -0.20024 -1.00939 -0.26288 0.15109 0.36515 -1.37801 2.50718 -1.14959 
-0.24436 -0.22492 0.44170 -0.87312 0.42236 -0.76471 0.21391 -0.04001 -0.18819 0.69337 0.36153 -1.14134 2.09949 0.42369 0.93703 -0.98439 0.41926 -1.08616 0.13130 -0.78812 0.07268 0.19642 -0.42734 -0.93235 1.36729 -0.74265 -0.33098 -1.45360 0.93714 0.94983 0.93367 0.74436 0.21847 -0.34551 0.02623 -0.07229 0.37668 1.18439 -2.06930 
-0.02420 0.07194 0.06994 -0.35250 0.05556 -0.50530 0.07987 -0.17630 -0.06996 0.65382 0.11412 -0.25893 0.49201 0.19592 0.13558 -0.57100 0.93795 -0.29093 0.64021 -0.12422 0.06618 0.50622 -1.12283 -0.52778 0.78220 -1.31305 -0.40068 -1.03383 0.94950 -0.13328 1.08305 0.34240 0.89341 0.05629 -0.10640 -0.39929 0.86464 -1.17787 0.51484 
-0.04844 -0.08934 -0.12929 0.06483 0.13143 -0.12450 0.08969 0.02617 0.31804 -0.42946 -0.16625 -0.35914 0.78644 0.02300 -0.09680 -0.03489 0.28598 -0.00311 0.47370 0.10530 0.12897 0.09002 -0.82663 -0.06771 0.18941 -0.22782 -0.16884 -0.06601 0.71267 -1.08576 0.20429 -0.50787 0.23302 -0.12529 -0.83103 1.27790 0.78258 -0.65707 1.26688 
-0.00119 -0.02485 0.03504 -0.06653 0.05245 -0.03160 0.18516 -0.04733 0.02005 -0.17281 0.04642 -0.06952 0.26419 0.02707 0.06958 0.14167 -0.14781 -0.08664 0.13234 0.10880 -0.05911 -0.32481 0.15507 0.25479 0.12513 -0.04617 -0.08108 0.09399 0.04670 -0.29609 -0.02321 -0.44790 -0.08325 -0.24079 0.07049 0.79664 0.12936 -0.39837 0.68975 
-0.02137 -0.01976 0.01237 -0.08298 0.04479 0.00784 0.19848 -0.03294 -0.00678 -0.27439 0.08854 -0.23401 0.74027 -0.05807 -0.00281 0.01180 -0.01011 -0.02632 0.02580 0.02205 -0.11182 0.16051 -0.02999 0.06165 -0.20896 0.46193 -0.02678 -0.08491 -0.11887 0.20444 0.09914 -0.26936 -0.30064 -0.01421 0.49432 -0.14797 -0.28055 0.13376 -0.50366 
-0.05927 -0.02767 0.04684 -0.07664 0.02614 -0.00580 0.20721 -0.15915 0.18056 -0.20281 0.10807 -0.27848 0.72612 0.00029 -0.01534 0.02279 0.05663 0.01251 -0.13703 -0.19184 -0.07331 0.16950 0.00711 -0.02576 0.25889 -0.54983 0.12329 0.00303 0.10443 0.01656 0.09012 -0.14298 -0.18837 0.20432 -0.27753 0.02889 0.00259 0.48648 -1.08535 
-0.02108 -0.03510 0.03517 -0.02635 0.05730 -0.12919 0.00664 -0.10626 0.16273 -0.26728 0.06278 0.02488 0.19043 0.06522 0.00022 0.11623 0.00644 0.06380 -0.11718 -0.16632 0.09250 -0.11702 -0.00110 0.06424 0.27752 -0.62342 0.03472 0.00901 -0.05541 -0.13190 -0.00460 0.25217 0.39893 0.15122 -0.34256 -0.04810 -0.11398 -0.38855 0.76678 
0.00595 -0.02744 0.16308 -0.07019 0.08994 -0.12298 0.04089 -0.06666 0.06354 -0.20391 0.17232 -0.00096 0.10270 0.03501 -0.00632 -0.03262 -0.07527 0.00791 0.11514 0.20709 0.07791 -0.17306 -0.04099 -0.13973 -0.12966 0.21695 -0.06732 -0.00228 -0.22479 0.03832 -0.08027 0.15781 0.13947 -0.07294 0.13928 0.08398 -0.32921 -0.36605 0.76475 
0.01393 -0.04142 0.00255 -0.10162 0.06521 -0.01405 0.21373 -0.02835 -0.01033 -0.30827 -0.07695 -0.10478 0.40738 -0.00210 -0.00205 -0.10856 0.04477 -0.01647 0.04063 -0.02685 0.01956 0.02226 0.08288 -0.26496 -0.08853 0.14132 -0.04070 0.01714 0.09551 0.14328 -0.06494 -0.15678 -0.27666 -0.10529 0.19349 0.14251 0.36394 0.09303 -0.47922 
0.00385 -0.02950 0.05451 -0.02543 0.07346 -0.08235 0.01404 -0.04710 0.08580 -0.12103 -0.09265 -0.08949 0.24402 -0.00569 0.01082 0.06289 0.06801 -0.05703 -0.04164 -0.06957 -0.02738 0.02043 0.10152 0.22420 -0.03663 -0.26227 0.00278 -0.02274 0.07400 -0.15091 -0.07370 -0.06053 0.01712 -0.11736 -0.03810 -0.11443 0.64462 0.29909 -0.05756 
0.00824 -0.03060 0.06544 -0.03361 0.00817 -0.05568 0.14416 -0.05573 0.01010 -0.20675 0.14725 -0.14141 0.14511 0.00068 -0.02479 -0.03457 -0.10614 -0.09017 -0.01990 -0.00973 -0.09780 -0.01584 -0.03156 0.37966 0.21055 0.08377 0.00298 -0.01249 -0.07788 -0.06792 0.10338 0.03327 -0.02620 0.05186 0.02449 -0.09589 -0.32174 -0.00210 0.28917 
0.00453 -0.05429 0.01995 -0.13157 -0.01671 -0.10225 0.00431 -0.14490 0.06996 -0.15259 0.28701 0.12106 0.32779 -0.00271 -0.00167 -0.01499 0.00008 0.04635 -0.00837 -0.09577 0.02447 0.04492 0.00563 -0.09754 -0.03873 0.02690 -0.02027 0.04938 0.06655 0.18460 0.19191 0.00952 0.11624 0.14259 0.04232 0.28373 -0.86606 -0.35152 -0.20941 
0.00553 -0.03227 0.05045 -0.03353 0.05452 -0.06405 0.04839 -0.03126 0.05502 -0.20112 0.04971 -0.18014 0.17200 -0.01959 0.02459 0.03199 0.07846 0.10173 -0.01037 0.10651 0.04479 0.02648 0.25217 -0.48641 -0.14097 -0.12564 0.00756 -0.01352 0.05554 -0.05798 -0.04432 0.04642 0.31506 -0.08483 -0.01531 -0.00382 0.13209 0.09625 0.17038 
-0.01507 -0.02970 0.05194 -0.05311 0.08503 -0.11262 0.11082 -0.10011 0.09644 0.09959 -0.19939 -0.01990 0.20214 0.00485 -0.01519 0.04055 -0.05790 0.00204 0.03805 0.21930 -0.06036 0.02962 0.00181 0.03455 0.05751 0.19728 0.05024 -0.02649 0.01410 -0.08761 -0.13546 0.06859 -0.04116 -0.04729 0.02589 -0.53140 0.82324 0.02716 0.23729 
0.01038 -0.04747 0.09101 -0.09143 0.05656 -0.02600 0.26769 -0.09162 0.08464 -0.19931 0.08426 -0.12262 0.36928 0.03065 -0.00191 0.04609 -0.00915 -0.03373 0.05822 0.06535 -0.00250 0.05237 -0.27923 0.33683 -0.11381 0.11165 -0.02600 0.02412 -0.02582 0.12014 0.00402 -0.05715 -0.37566 0.10470 -0.00249 0.03395 -0.12430 0.03167 -0.38476 
0.01558 -0.03161 0.09803 -0.06225 0.05130 -0.05441 0.17617 -0.10262 0.14881 -0.17964 0.13744 -0.13372 0.31379 -0.02115 0.00893 0.01473 0.06224 0.00606 -0.01910 -0.15636 0.04435 0.02712 0.03576 -0.08975 0.08918 -0.18748 -0.04832 0.02080 -0.09701 0.02267 0.02413 -0.06885 -0.16042 0.07055 -0.12804 0.34529 -0.33406 0.13548 -0.23027 
-0.01077 -0.03854 0.10574 -0.02919 0.06262 -0.04510 0.11133 -0.04727 0.11176 -0.16355 -0.00548 -0.03344 0.18181 -0.01767 0.01890 -0.05092 0.01353 -0.00960 -0.01063 -0.09507 0.06805 -0.07567 0.06606 0.00277 0.02167 -0.11863 0.05480 -0.03426 -0.07112 -0.05735 0.02283 -0.01957 0.15064 -0.07911 0.02097 -0.12131 0.15861 -0.21999 0.26597 
