0.01522 -0.02015 0.07059 -0.08548 0.03738 -0.04336 0.05565 -0.05439 0.09088 -0.07519 0.06770 -0.14161 0.09270 -0.15344 -0.47807 2.41172 -0.83052 -0.28002 0.27196 0.95178 -0.93217 0.47755 -0.18386 -0.40934 0.04385 0.89500 -0.47411 -0.78095 2.98127 -1.38286 -0.14111 -0.12417 1.07439 -1.41682 1.24341 0.08005 0.14993 0.35102 1.71058 
-0.17063 -0.53329 2.53798 -0.85219 -0.27654 0.19146 1.12442 -1.03795 0.58694 -0.24735 -0.35737 -0.18468 0.99831 -0.46232 -0.75835 3.00196 -1.30582 -0.13424 -0.09396 1.06576 -1.40864 1.16148 0.02773 0.02705 0.15956 1.54864 0.32577 0.98380 -4.86325 1.56434 0.61919 -0.55584 -2.02160 1.90535 -0.93046 0.41812 0.77546 0.12958 -1.80312 
-0.44710 -0.77850 3.07254 -1.39131 -0.09687 -0.13732 1.12141 -1.46303 1.25236 -0.04745 0.09475 0.01795 1.64134 0.17234 0.50573 -2.45153 0.73383 0.33918 -0.28388 -1.06982 0.97318 -0.45290 0.23426 0.36611 0.17343 -0.90812 0.92418 1.51700 -6.00352 2.60959 0.26979 0.18642 -2.13025 2.81706 -2.32447 -0.05305 -0.05662 -0.31480 -3.09853 
0.00171 -0.02756 0.08645 -0.11836 0.06264 -0.09242 0.05460 -0.06478 0.13404 -0.01309 0.00874 -0.01125 0.09019 0.46186 0.75865 -3.00157 1.30377 0.13555 0.09246 -1.06448 1.40842 -1.16300 -0.02531 -0.02958 -0.15524 -1.54989 -0.15882 -0.49832 2.43567 -0.70094 -0.36444 0.33294 1.07087 -0.96279 0.40975 -0.29636 -0.30715 -0.30379 0.91063 
0.01476 -0.01985 0.07098 -0.08754 0.03868 -0.04486 0.05693 -0.05460 0.08936 -0.07277 0.06517 -0.13729 0.09145 0.01351 0.00741 -0.01586 0.03288 -0.02526 0.04906 0.00105 0.01039 -0.04316 -0.06210 0.05896 -0.13036 0.00251 -0.46140 -0.75894 3.00117 -1.30171 -0.13685 -0.09096 1.06320 -1.40821 1.16451 0.02289 0.03211 0.15092 1.55113 
0.01522 -0.02015 0.07059 -0.08548 0.03738 -0.04336 0.05565 -0.05439 0.09088 -0.07519 0.06770 -0.14161 0.09270 0.00046 -0.00030 -0.00039 0.00206 -0.00131 0.00150 -0.00128 0.00021 0.00152 -0.00242 0.00253 -0.00432 0.00124 -0.01741 -0.00390 0.01143 -0.03695 0.03006 -0.05601 0.00672 -0.01463 0.04309 0.06727 -0.06592 0.14332 -0.00610 
0.01522 -0.02015 0.07059 -0.08548 0.03738 -0.04336 0.05565 -0.05439 0.09088 -0.07519 0.06770 -0.14161 0.09270 -0.00390 0.00351 -0.00444 -0.00406 0.00479 -0.00695 0.00777 -0.00424 -0.00006 0.00517 -0.00696 0.01296 -0.00359 -0.00169 0.00011 0.00390 -0.00311 -0.00007 -0.00047 0.00359 -0.00434 0.00096 0.00679 -0.00834 0.00737 0.00502 
0.01132 -0.01664 0.06615 -0.08955 0.04217 -0.05031 0.06342 -0.05863 0.09082 -0.07002 0.06074 -0.12865 0.08911 -0.00123 -0.00019 0.00350 -0.00106 -0.00137 0.00102 0.00231 -0.00413 0.00248 0.00437 -0.00580 0.00305 0.00626 0.00780 -0.00702 0.00887 0.00813 -0.00959 0.01390 -0.01554 0.00849 0.00013 -0.01034 0.01393 -0.02592 0.00717 
0.01399 -0.02034 0.07409 -0.08654 0.03600 -0.04234 0.05795 -0.05852 0.09336 -0.07081 0.06190 -0.13856 0.09896 0.00390 -0.00351 0.00444 0.00406 -0.00479 0.00695 -0.00777 0.00424 0.00006 -0.00517 0.00696 -0.01296 0.00359 -0.00152 0.00280 -0.00772 0.00033 0.00352 -0.00433 0.00123 0.00254 -0.00342 -0.00162 0.00336 -0.00255 -0.00122 
0.01522 -0.02015 0.07059 -0.08548 0.03738 -0.04336 0.05565 -0.05439 0.09088 -0.07519 0.06770 -0.14161 0.09270 -0.00275 0.00260 -0.00422 -0.00072 0.00215 -0.00330 0.00354 -0.00159 -0.00093 0.00276 -0.00244 0.00050 0.00505 -0.00390 0.00351 -0.00444 -0.00406 0.00479 -0.00695 0.00777 -0.00424 -0.00006 0.00517 -0.00696 0.01296 -0.00359 
0.01124 -0.01773 0.06987 -0.08726 0.03815 -0.04564 0.06149 -0.06011 0.09243 -0.06805 0.05946 -0.13806 0.10401 0.00000 0.00000 0.00000 0.00000 0.00000 0.00000 0.00000 0.00000 0.00000 0.00000 0.00000 0.00000 0.00000 0.00674 -0.00502 0.00494 0.00250 -0.00292 0.00558 -0.00938 0.00731 -0.00061 -0.00989 0.01068 -0.00405 -0.01636 
0.01522 -0.02015 0.07059 -0.08548 0.03738 -0.04336 0.05565 -0.05439 0.09088 -0.07519 0.06770 -0.14161 0.09270 0.00398 -0.00241 0.00072 0.00178 -0.00077 0.00228 -0.00584 0.00572 -0.00155 -0.00713 0.00824 -0.00355 -0.01131 0.00895 -0.01281 0.04213 -0.06289 0.02741 -0.03427 0.03674 -0.03566 0.05228 -0.04931 0.04092 -0.09106 0.05210 
0.01522 -0.02015 0.07059 -0.08548 0.03738 -0.04336 0.05565 -0.05439 0.09088 -0.07519 0.06770 -0.14161 0.09270 0.00895 -0.01281 0.04213 -0.06289 0.02741 -0.03427 0.03674 -0.03566 0.05228 -0.04931 0.04092 -0.09106 0.05210 -0.00444 0.00271 -0.00032 -0.00384 0.00208 -0.00378 0.00713 -0.00593 0.00003 0.00955 -0.01078 0.00787 0.01007 
0.02417 -0.03296 0.11271 -0.14837 0.06479 -0.07763 0.09239 -0.09005 0.14316 -0.12449 0.10862 -0.23267 0.14480 -0.00046 0.00030 0.00039 -0.00206 0.00131 -0.00150 0.00128 -0.00021 -0.00152 0.00242 -0.00253 0.00432 -0.00124 -0.01790 0.02562 -0.08425 0.12578 -0.05483 0.06855 -0.07349 0.07133 -0.10456 0.09861 -0.08183 0.18213 -0.10421 
0.01476 -0.01985 0.07098 -0.08754 0.03868 -0.04486 0.05693 -0.05460 0.08936 -0.07277 0.06517 -0.13729 0.09145 -0.00895 0.01281 -0.04213 0.06289 -0.02741 0.03427 -0.03674 0.03566 -0.05228 0.04931 -0.04092 0.09106 -0.05210 0.00092 -0.00059 -0.00079 0.00412 -0.00261 0.00300 -0.00257 0.00043 0.00304 -0.00484 0.00507 -0.00864 0.00249 
0.01522 -0.02015 0.07059 -0.08548 0.03738 -0.04336 0.05565 -0.05439 0.09088 -0.07519 0.06770 -0.14161 0.09270 0.00046 -0.00030 -0.00039 0.00206 -0.00131 0.00150 -0.00128 0.00021 0.00152 -0.00242 0.00253 -0.00432 0.00124 0.02060 -0.02266 0.07525 -0.14504 0.05694 -0.05491 0.09782 -0.05827 0.09084 -0.09998 0.07097 -0.08484 0.16407 
0.01522 -0.02015 0.07059 -0.08548 0.03738 -0.04336 0.05565 -0.05439 0.09088 -0.07519 0.06770 -0.14161 0.09270 0.01165 -0.00985 0.03312 -0.08215 0.02952 -0.02063 0.06108 -0.02261 0.03856 -0.05068 0.03005 0.00623 0.11197 -0.00046 0.00030 0.00039 -0.00206 0.00131 -0.00150 0.00128 -0.00021 -0.00152 0.00242 -0.00253 0.00432 -0.00124 
0.02687 -0.03000 0.10371 -0.16763 0.06690 -0.06399 0.11673 -0.07700 0.12944 -0.12586 0.09776 -0.13538 0.20467 0.00000 0.00000 0.00000 0.00000 0.00000 0.00000 0.00000 0.00000 0.00000 0.00000 0.00000 0.00000 0.00000 -0.02330 0.01970 -0.06624 0.16430 -0.05904 0.04127 -0.12215 0.04522 -0.07712 0.10136 -0.06011 -0.01245 -0.22394 
0.01522 -0.02015 0.07059 -0.08548 0.03738 -0.04336 0.05565 -0.05439 0.09088 -0.07519 0.06770 -0.14161 0.09270 -0.01165 0.00985 -0.03312 0.08215 -0.02952 0.02063 -0.06108 0.02261 -0.03856 0.05068 -0.03005 -0.00623 -0.11197 -0.00224 -0.00425 -0.00735 -0.00518 0.00072 0.00493 0.00746 0.00248 -0.00362 -0.01971 -0.00580 0.00387 0.03022 
0.01522 -0.02015 0.07059 -0.08548 0.03738 -0.04336 0.05565 -0.05439 0.09088 -0.07519 0.06770 -0.14161 0.09270 -0.00224 -0.00425 -0.00735 -0.00518 0.00072 0.00493 0.00746 0.00248 -0.00362 -0.01971 -0.00580 0.00387 0.03022 0.01119 -0.00955 0.03351 -0.08421 0.03083 -0.02213 0.06236 -0.02282 0.03704 -0.04826 0.02752 0.01054 0.11073 
0.01298 -0.02440 0.06323 -0.09066 0.03809 -0.03843 0.06311 -0.05191 0.08726 -0.09489 0.06191 -0.13774 0.12292 -0.00046 0.00030 0.00039 -0.00206 0.00131 -0.00150 0.00128 -0.00021 -0.00152 0.00242 -0.00253 0.00432 -0.00124 0.00270 0.00966 0.01623 0.00234 0.00365 -0.01571 -0.00991 -0.00581 0.00134 0.04883 0.00173 0.00911 -0.06534 
0.01476 -0.01985 0.07098 -0.08754 0.03868 -0.04486 0.05693 -0.05460 0.08936 -0.07277 0.06517 -0.13729 0.09145 0.00046 0.00541 0.00887 -0.00284 0.00437 -0.01078 -0.00245 -0.00333 -0.00228 0.02913 -0.00407 0.01298 -0.03511 0.00092 -0.00059 -0.00079 0.00412 -0.00261 0.00300 -0.00257 0.00043 0.00304 -0.00484 0.00507 -0.00864 0.00249 
0.01343 -0.01899 0.07211 -0.09350 0.04246 -0.04921 0.06066 -0.05524 0.08499 -0.06577 0.05784 -0.12476 0.08781 0.00046 -0.00030 -0.00039 0.00206 -0.00131 0.00150 -0.00128 0.00021 0.00152 -0.00242 0.00253 -0.00432 0.00124 0.00053 -0.00840 -0.00155 0.01019 -0.01392 0.02108 -0.00043 -0.00307 0.01432 -0.03254 0.00502 -0.02630 0.05043 
0.01522 -0.02015 0.07059 -0.08548 0.03738 -0.04336 0.05565 -0.05439 0.09088 -0.07519 0.06770 -0.14161 0.09270 0.00099 -0.00300 0.00732 0.00735 -0.00955 0.01030 -0.00288 -0.00640 0.01205 -0.00341 0.00095 -0.01331 0.01532 -0.00046 0.00030 0.00039 -0.00206 0.00131 -0.00150 0.00128 -0.00021 -0.00152 0.00242 -0.00253 0.00432 -0.00124 
0.01442 -0.02199 0.07943 -0.08615 0.03291 -0.03891 0.05778 -0.06164 0.09703 -0.06918 0.05878 -0.13807 0.10313 0.00000 0.00000 0.00000 0.00000 0.00000 0.00000 0.00000 0.00000 0.00000 0.00000 0.00000 0.00000 0.00000 -0.00185 0.00530 -0.02519 -0.03448 0.02289 -0.01447 0.01423 0.01732 -0.04260 -0.00628 -0.00555 0.03798 -0.00965 
0.01522 -0.02015 0.07059 -0.08548 0.03738 -0.04336 0.05565 -0.05439 0.09088 -0.07519 0.06770 -0.14161 0.09270 -0.00087 0.00230 -0.01787 -0.02713 0.01334 -0.00417 0.01135 0.01092 -0.03056 -0.00969 -0.00460 0.02467 0.00567 -0.00046 0.00030 0.00039 -0.00206 0.00131 -0.00150 0.00128 -0.00021 -0.00152 0.00242 -0.00253 0.00432 -0.00124 
0.01355 -0.01969 0.06156 -0.11327 0.04625 -0.04308 0.06912 -0.05071 0.06648 -0.07887 0.05418 -0.11340 0.10881 -0.00046 0.00030 0.00039 -0.00206 0.00131 -0.00150 0.00128 -0.00021 -0.00152 0.00242 -0.00253 0.00432 -0.00124 -0.01271 -0.05836 -0.12301 0.18257 0.04502 -0.13215 -0.13366 0.08429 0.24931 -0.06523 0.01467 -0.00379 0.18354 
0.01476 -0.01985 0.07098 -0.08754 0.03868 -0.04486 0.05693 -0.05460 0.08936 -0.07277 0.06517 -0.13729 0.09145 -0.01358 -0.05606 -0.14088 0.15544 0.05835 -0.13632 -0.12232 0.09521 0.21876 -0.07492 0.01007 0.02087 0.18921 -0.11133 -0.14640 -0.33974 -0.39023 0.40055 -0.37891 -0.29368 -0.64892 -0.02664 -0.06188 0.43650 0.12611 0.69617 
-0.00002 -0.07575 -0.07932 0.04216 0.10461 -0.17940 -0.05320 0.04449 0.28523 -0.15379 0.06425 -0.09253 0.29802 -0.11179 -0.14611 -0.33935 -0.39228 0.40186 -0.38041 -0.29240 -0.64913 -0.02816 -0.05946 0.43396 0.13043 0.69492 -0.18831 -0.46819 0.18961 -0.62984 0.90124 -0.71107 0.44184 -0.71732 0.71356 0.43190 -0.32382 0.10352 -0.43519 
-0.09703 -0.16596 -0.26837 -0.47983 0.44054 -0.42527 -0.23547 -0.70374 0.06120 -0.13222 0.49914 -0.00686 0.78638 -0.20188 -0.52425 0.04873 -0.47440 0.95960 -0.84739 0.31953 -0.62211 0.93232 0.35698 -0.31375 0.12440 -0.24598 -0.22359 -0.88880 -0.10321 0.17107 1.60435 -1.13224 1.23880 0.52740 1.96502 1.30048 -2.95847 -0.04126 -1.92798 
-0.20191 -0.59999 -0.03058 -0.43224 1.06420 -1.02679 0.26633 -0.57762 1.21755 0.20319 -0.24950 0.03187 0.05204 -0.33538 -1.03490 -0.44256 -0.22121 2.00620 -1.51265 0.94640 -0.12173 1.93686 1.24102 -2.52451 0.08917 -1.23305 -0.33653 -0.31851 -0.70506 -0.29580 0.56822 -0.70231 0.14201 0.08530 -1.83661 -0.25429 -0.76483 2.04217 -0.40314 
-0.43240 -1.20086 -0.71093 -0.70104 2.44674 -1.93792 0.71093 -0.82547 1.99807 1.10879 -2.02537 0.08230 -0.44668 -0.53841 -0.84275 -0.65633 -0.77020 1.52782 -1.54970 0.46154 -0.53681 -0.90429 0.10269 -1.07858 2.16657 -0.64912 -0.11592 0.89298 0.90021 -0.83670 -1.56589 0.79180 -0.09529 0.06323 -3.30841 -1.56386 3.22751 1.57655 0.92761 
-0.74032 -1.44275 -0.68691 -1.20244 2.59202 -2.57649 0.72787 -1.11443 0.31326 0.30588 -1.32808 2.19843 -0.59708 -0.45130 -0.14193 0.45764 -1.05791 0.44031 -0.72085 0.85111 -0.05850 -1.37155 -0.32285 0.70300 1.66572 -0.30544 0.20679 1.02742 1.60129 -0.24465 -0.98139 1.70095 -0.16904 0.52472 1.05287 -0.26414 1.21341 -3.59253 0.77127 
-0.88370 -1.34279 -0.25329 -1.75894 2.88704 -2.65877 1.56204 -0.88397 0.62652 0.78594 -1.32237 1.74803 -0.75212 -0.33163 0.18467 0.94496 -1.01485 0.54643 0.15126 0.29250 -0.01210 0.14858 -0.16145 0.13483 -1.42596 0.12215 0.03828 -0.03262 0.77413 0.10828 -0.02736 0.94511 -1.34987 -0.23896 1.30313 0.45171 -0.25179 -2.58552 0.71877 
-1.07195 -1.25808 0.25805 -2.21728 3.13845 -2.42523 1.02037 -1.12653 0.46184 0.14444 -1.19325 0.77247 -0.47493 -0.41302 -0.17455 1.23178 -0.94963 0.41295 0.22425 -0.49876 -0.29746 -0.06842 0.12886 0.45121 -0.91980 0.41332 0.22816 -0.37033 -0.26778 0.34186 -0.37784 -0.17127 0.35079 0.29755 -0.62691 -0.26872 0.47986 2.52575 0.18314 
-1.29673 -1.51734 0.97849 -2.70857 3.29999 -2.43452 1.06328 -1.18143 0.55809 0.91480 -0.87116 0.82823 -0.33879 -0.10347 -0.18566 0.67718 -0.67299 0.16859 -0.02002 0.64329 0.28545 -0.47833 -0.43017 0.61468 1.09979 0.30529 0.69442 0.28808 -1.45008 1.11259 -0.23967 -0.58860 0.84242 0.38005 -1.18067 -1.70198 -0.13232 1.67258 -0.07754 
-1.17542 -1.44374 0.93523 -2.89027 3.30704 -2.44525 1.66366 -0.84108 -0.01649 -0.28573 -0.57857 1.87227 -0.16963 0.28139 0.11354 -0.21830 0.16296 0.17327 -0.36435 0.34366 0.08259 -1.24909 -1.57312 0.31890 0.75278 0.33578 0.26915 -0.09267 -1.10919 1.68478 -0.01923 0.64003 -0.73041 -1.03960 1.15489 0.95930 0.08950 -1.41425 -0.41163 
-1.01534 -1.40380 0.76019 -2.54561 3.47327 -2.79886 1.40694 -1.09885 -0.69100 -0.65831 -0.55226 1.58100 -0.00301 0.16568 -0.27833 -0.43201 1.01179 0.14935 0.62002 -0.08712 -0.75415 0.67656 0.52913 0.70418 -0.31445 -0.10634 -0.15285 -0.74197 -0.80570 0.75130 -0.70991 1.29448 0.40858 -1.73343 2.14709 1.94023 -0.50074 -1.16912 0.42989 
-1.00973 -1.72207 0.50322 -1.87848 3.45639 -1.82523 1.57654 -1.59524 0.66007 0.24340 0.12561 1.55781 -0.27597 0.12855 -0.62843 -1.02400 0.91427 -0.53664 0.93013 0.75224 -1.65085 0.89800 0.36711 -0.18184 -0.41634 0.76567 0.36188 0.19779 -0.68603 0.32631 -1.10631 -0.64833 0.79659 0.55355 -1.15071 -1.08605 -0.57270 -0.15240 0.69176 
-0.88679 -2.03223 -0.26381 -1.63134 2.93663 -1.86874 2.15917 -2.74970 0.20700 -0.29120 -0.73410 1.16467 0.76266 0.52756 -0.08054 -1.11805 1.33811 -0.95695 -0.02832 0.70947 -0.20060 -0.47415 -0.55692 0.13148 -0.46685 0.58542 2.37270 1.91600 0.19910 -1.40970 -2.00981 -1.63711 -1.94026 3.01484 -1.17792 -1.47728 -0.43493 -1.87423 -1.25136 
-0.48217 -1.80261 -0.61482 -0.54038 2.49943 -1.85355 2.28601 -1.79584 0.18591 -0.31352 0.25709 1.09096 0.30945 2.50124 1.28756 -0.82490 -0.49544 -2.54645 -0.70699 -1.18803 1.36399 -0.27993 -1.11017 -0.61678 -2.29057 -0.48569 2.24024 -0.16050 -0.24560 -2.87617 -2.62072 -0.51617 -2.54922 0.42078 -0.18336 -1.37713 -2.46675 -2.88221 -0.65330 
1.61445 -0.74467 -1.08871 -2.12678 0.39018 -2.57572 0.97115 -1.38571 -0.07293 -1.40137 -1.35088 -1.12591 0.27698 2.76780 -0.24104 -1.36364 -1.53807 -3.57767 -0.54449 -1.83975 0.22017 -0.65751 -1.93404 -2.33527 -3.34906 -0.06788 -1.97145 -2.87037 1.24682 1.10943 0.90133 1.43809 1.04405 -1.34850 0.80288 0.41526 -0.00072 0.97684 -0.05398 
2.28563 -2.04365 -1.97846 -2.07844 -1.07824 -2.39804 0.44626 -1.57567 -0.47160 -2.24756 -2.07818 -2.25810 0.24157 0.52979 -1.58280 0.42191 0.61400 -1.64512 0.73110 -0.14398 0.01549 0.52295 -0.69491 -0.61750 -1.31374 -0.53967 -3.11343 -0.06443 2.55458 1.91121 3.52837 1.25996 2.42864 -0.02102 1.80713 1.67201 2.82174 3.34555 -0.63557 
2.14425 -2.32748 -0.66680 -1.51278 -1.25493 -1.84462 0.82717 -1.37021 0.45002 -2.09628 -1.96838 -2.43965 -0.26269 -0.34562 -0.30547 1.19093 0.37315 -0.04930 0.71547 0.58890 0.19915 1.14962 -0.26203 0.48647 -0.00351 -0.70345 -0.69512 1.58584 -0.36273 -0.81183 2.20388 -0.66668 0.62025 -0.07776 -0.25798 0.43857 1.28535 2.23391 -0.06251 
1.94001 -2.34912 -0.78753 -1.70529 -1.12754 -1.68257 1.03516 -1.37652 0.67802 -2.50959 -1.59170 -2.26161 -0.46189 -0.16533 0.00304 0.05918 -0.19783 0.55876 0.06443 0.47627 -0.06227 0.26497 -0.25634 0.66786 0.92017 -0.60218 0.30945 0.57037 -1.22112 -0.41358 0.88770 -0.78724 0.55230 -0.34773 -0.83682 0.64848 -0.28401 1.45222 0.27004 
1.97892 -2.32444 -0.60762 -1.71061 -0.69618 -1.78020 1.30344 -1.43248 0.71499 -2.35262 -1.30052 -1.51948 -0.86488 -0.03617 0.26490 -0.03018 -0.04043 0.83839 -0.07177 1.14120 -0.14857 0.31280 0.38644 0.20246 1.44871 -0.43342 -0.22748 0.45633 -0.62485 1.69491 -0.55931 0.16431 -0.04794 -0.21310 0.07455 1.48968 -1.47231 0.90854 -0.09535 
1.90383 -2.08422 -0.81771 -1.74573 -0.28915 -1.75434 2.17636 -1.52509 0.99082 -2.12315 -1.38924 -0.81290 -0.89531 -0.39281 0.45937 -0.56567 1.49708 -0.00055 0.22874 0.42832 -0.27537 0.33952 1.23334 -0.80445 1.82871 -0.69754 -0.51653 0.17855 -0.06781 0.14348 -0.34755 -0.23638 -1.20207 0.29484 -1.59562 1.97414 -1.49490 -0.89355 0.68184 
1.58611 -1.86507 -1.17328 -0.21353 -0.69673 -1.55146 1.73176 -1.70785 1.05450 -1.11928 -2.10498 0.30923 -1.56241 -0.55270 0.44345 -0.09799 0.10305 0.49084 -0.30815 -0.06088 0.14627 -1.28282 2.36058 -1.29244 0.55516 0.24842 0.44801 -1.02220 -0.49360 -4.64688 0.01644 -1.17795 -0.35991 -0.92533 -1.45530 -2.34103 -0.59398 -3.51718 -0.05952 
1.35113 -1.64077 -0.91570 -1.64268 0.20169 -2.06249 2.11548 -1.37882 -0.29200 0.23744 -2.68168 -0.25774 -0.64689 0.05520 -0.56284 -1.05926 -3.14979 0.01589 -0.94921 0.06841 -1.20070 -1.11578 -1.10769 -1.39843 -1.68847 -0.75706 1.00566 -0.95844 -0.96600 -1.51160 -0.98985 0.36538 0.23907 -1.50476 2.10721 -4.29461 0.76883 -0.82988 -1.41474 
1.64131 -2.42791 -2.23255 -3.36332 -0.68083 -2.50067 1.80017 -2.90854 -0.06128 -2.22697 -3.50341 -1.37924 -2.31947 0.45296 -0.51500 -1.06399 -1.40855 -0.49900 0.05724 0.17819 -1.35849 0.82439 -1.93402 -0.52361 -0.27472 -1.16632 0.00831 0.87674 1.53599 4.27594 0.47568 1.42347 -0.06655 1.65971 1.72635 1.20128 2.49889 2.85796 1.41765 
1.80409 -2.15577 -1.97969 -3.05123 -0.29731 -2.00525 2.29367 -2.73731 0.53239 -1.69658 -3.20529 -0.53246 -1.81321 0.06351 0.31390 0.47673 1.12614 0.49157 0.47427 0.00186 0.45901 0.61057 0.09359 1.10046 1.16949 0.66059 -0.33126 0.75283 1.70284 2.92687 0.84228 0.23623 -0.04769 1.91829 0.33953 1.67618 1.64217 1.12457 1.67071 
1.70483 -2.11401 -1.75582 -2.23718 -0.18926 -2.02640 1.80203 -2.44953 0.54929 -2.13337 -2.40295 -0.20974 -1.65888 0.12170 0.23784 0.63885 1.51832 0.34327 0.29346 0.13051 0.55980 1.16392 -0.25784 1.11856 0.84985 0.50439 0.14025 -0.24339 -0.65934 -0.47856 -0.51577 -0.51590 0.63547 -0.57090 -0.21914 -0.28464 -0.94296 -1.09129 -0.78451 
1.92579 -1.91793 -1.34084 -1.53290 0.04596 -1.71179 2.42418 -2.17752 1.69630 -1.95442 -2.08673 0.31739 -1.30882 0.20377 0.07052 -0.18261 0.64759 -0.02419 -0.04163 0.63733 -0.11188 0.39142 -0.19105 0.15750 0.07821 -0.12392 0.01767 -0.26912 -1.10392 -1.41506 -0.54487 -0.10937 -0.01554 -0.42331 -2.02079 0.15004 -1.00051 -1.76931 0.03582 
1.90860 -2.04349 -1.93843 -1.58959 -0.21345 -2.06803 2.43936 -2.56142 0.94071 -2.32442 -2.24544 -0.13153 -1.78280 0.13937 -0.03128 -0.46507 0.10327 -0.20160 0.18410 0.11497 0.13649 -0.85687 -0.10780 0.11805 -0.91946 0.54021 -0.19179 0.22457 -0.84370 0.80960 -0.51912 1.15389 -1.18888 1.38757 -1.92397 0.87801 0.25002 -1.63132 1.29320 
2.06515 -1.94921 -1.80591 -1.42963 -0.15563 -1.52769 2.53915 -2.04103 0.83943 -2.06223 -1.96868 -0.60206 -0.76861 0.01198 0.29509 -1.02631 1.45719 -0.54332 1.11225 -0.55155 1.27568 -1.53255 0.68697 0.40752 -1.55311 1.16928 -0.81103 0.31111 -0.77672 -0.80362 0.38540 -1.21338 -0.32473 0.29152 -1.88636 1.58239 -1.34921 0.92657 -1.03739 
1.92058 -1.74840 -2.96474 -0.13240 -0.75677 -0.95578 1.88781 -1.28573 -0.59184 -1.63745 -1.83792 -1.68465 -0.61352 -0.67166 0.27982 -1.24179 -0.70035 0.18381 -1.02928 -0.20977 0.42800 -2.74324 1.47459 -1.23117 0.00711 -0.49718 -0.39124 -0.03304 1.07243 -2.66580 1.60492 -2.72244 1.50088 -1.29529 0.22940 1.18516 -1.17263 2.61999 -1.46523 
1.39349 -1.66939 -3.04770 -2.12999 0.02817 -2.55698 2.32938 -1.61303 -1.90381 -0.58764 -3.19984 -0.59495 -1.26578 -0.37926 0.26204 0.04613 -1.20862 1.06160 -1.61019 0.94933 -0.01961 -1.30314 1.87213 -0.76511 1.06688 -0.29595 1.01423 -0.53605 2.41366 0.27299 0.39560 0.66458 0.95830 -0.58963 3.68854 -1.40673 1.84938 0.74610 0.56896 
1.54132 -1.48636 -2.91861 -1.34102 0.30484 -2.56596 2.83714 -1.30534 -1.89498 0.23468 -2.60303 -0.61777 -0.90947 0.34257 -0.25622 1.17187 -0.42737 0.57941 -0.36471 0.74853 -0.16162 0.94531 0.06785 0.61821 0.75321 0.07178 0.47493 -0.91544 0.70600 -0.59817 -0.95367 1.13822 -0.86975 -1.08719 2.52841 -2.33693 0.19800 -0.26496 -0.14836 
1.73606 -1.92561 -1.87584 -2.55735 0.60758 -2.92168 3.07791 -1.77465 -0.95850 -0.51979 -2.58163 0.15826 -1.19401 0.09567 -0.65339 0.75212 -1.80679 0.10793 -0.47197 0.07958 -1.10680 1.22527 -0.46480 -0.56711 0.80192 -0.44431 -0.55176 0.05432 -1.55823 -0.44656 -0.65183 0.15240 -1.47197 -0.32820 -0.96446 0.15936 -1.14432 -1.59022 0.02758 
1.63699 -2.13975 -2.16649 -3.14781 0.41277 -3.03793 2.91672 -2.41214 -0.66971 -0.23013 -3.17014 0.18415 -1.35378 -0.20919 -0.20190 -0.38636 -0.87392 -0.07242 -0.21230 -0.72344 -0.48983 -0.01916 0.22721 -0.52611 -0.83701 0.09935 0.25913 0.44402 -0.28939 4.13218 -0.89886 2.52233 -1.08543 1.54358 0.12394 -0.91553 2.57622 -2.52459 2.20356 
1.52687 -2.12752 -2.26220 -3.43128 0.53517 -3.13399 2.35447 -2.26448 -0.97766 -0.29258 -3.10774 -0.67875 -1.09465 0.35480 -0.20938 0.46273 2.32539 -0.79093 2.05036 -1.00585 0.43677 1.34920 -1.38033 2.00911 -1.72268 1.75925 0.47816 -0.14585 0.96756 3.15114 -1.00743 2.12385 0.32874 0.68991 1.32466 -2.20762 1.97506 0.61820 0.63485 
1.99179 -2.34913 -1.70376 -0.82242 -0.37816 -0.98757 1.91087 -1.97537 0.67949 -1.61046 -1.16103 -1.53853 0.40546 0.26897 -0.34775 0.58120 2.27722 -1.07985 1.91154 -0.39470 0.20009 1.30550 -1.98041 1.44896 -0.21881 0.73420 -0.52557 -0.05685 -0.96558 -2.82056 0.32065 -2.95619 1.40301 -0.21952 -2.17413 0.59316 -2.67181 1.47678 -2.68420 
1.79584 -2.47527 -1.68100 -1.15406 -0.54468 -1.22244 1.95977 -2.06439 0.32784 -2.27299 -1.65878 -0.89756 -0.36045 -0.17077 -0.26623 -0.50285 -0.49516 -0.47028 -0.90583 0.39716 0.21725 -0.82493 -0.78717 -0.66270 -0.24589 -0.92495 -0.06272 0.34951 -0.71528 -1.78996 0.99778 -2.05449 1.19263 0.67265 -0.55600 2.64296 -1.11383 -0.28009 -0.54010 
1.82103 -2.61536 -2.20661 -1.31758 -0.84844 -1.89340 2.30803 -1.75812 -0.14544 -2.39762 -1.82372 -1.78442 -0.51949 0.20624 0.00176 -0.13408 0.48725 -0.08207 -0.14294 0.79793 0.87274 0.74950 0.66255 0.33512 -0.49890 0.19410 0.39100 0.39153 1.35017 0.98527 0.66066 1.91951 -0.38655 0.12683 2.53207 2.04104 1.21082 0.99078 2.16149 
2.00208 -2.47352 -1.81508 -0.66681 -0.62675 -1.36539 2.75770 -1.19165 1.07735 -1.61043 -1.32366 -1.39646 -0.16636 0.22024 0.12530 0.84732 0.49011 0.19038 1.01367 0.01061 0.34409 1.70714 1.25387 0.54812 0.74488 1.23654 -0.30284 -0.08216 -0.37876 -1.31093 -0.04197 -0.00613 -1.68047 -1.25347 -1.08337 -0.22063 -0.17924 -0.51526 0.07311 
2.04126 -2.49006 -1.35929 -0.82747 -0.65806 -0.87972 2.31864 -1.41403 1.56170 -1.14375 -1.27560 -1.03954 0.71705 -0.09660 -0.08041 -0.51284 -0.82368 -0.12404 -0.14907 -0.88254 -0.38073 -0.33387 0.44193 0.15588 -1.01416 0.26721 -0.28177 -0.24398 -1.64744 -1.29154 -0.08115 -1.50774 -0.14596 -0.21925 -2.39675 -1.24787 -0.50460 -1.42087 -1.98936 
1.90548 -2.55392 -2.32793 -1.49048 -0.75079 -1.51446 1.87516 -1.57237 0.74348 -1.16851 -1.16777 -2.41062 0.10085 -0.06153 -0.11868 -0.80012 -0.80143 0.10923 -0.49406 -0.13535 0.12483 -0.68961 0.00600 0.04352 -0.67599 -0.75282 0.07809 0.09854 1.16137 0.55666 0.68420 -0.06908 1.70247 0.55180 0.09336 0.31184 -0.67212 3.12938 -0.59517 
1.97973 -2.60874 -2.15940 -1.62890 -0.54883 -1.37379 2.18330 -1.28920 0.87209 -1.13775 -1.23209 -1.71552 -0.03577 -0.01851 0.01813 0.64852 -0.26702 0.56016 -0.21815 0.81993 0.17107 -0.24050 0.75376 -0.51623 2.11522 -0.32797 -0.12456 0.21672 1.06991 0.43421 0.59652 -0.30479 0.65466 -0.53208 -0.74188 0.97024 -0.42597 2.05934 0.47976 
1.88697 -2.53579 -1.67940 -1.75750 -0.19063 -1.73261 2.69508 -1.40130 0.50298 -0.41474 -1.68400 -0.29540 -0.22712 -0.18609 0.09804 0.26980 -0.36722 0.70575 -0.79886 0.51931 -0.40725 -1.43148 0.97624 -0.38246 1.38336 -0.27306 -0.04940 0.11401 -0.61259 -0.26290 -0.04454 0.02017 -1.07862 -0.37441 0.05502 -0.18388 0.68453 -1.39254 0.66969 
1.79364 -2.51070 -1.88960 -1.99612 0.15692 -2.17264 2.70261 -1.69645 -0.55939 -0.16150 -1.61454 -0.33216 -0.30883 -0.06791 0.13214 0.03593 -0.52991 0.51561 -0.19798 -0.25869 -0.20334 -0.18548 0.56988 0.16829 0.72268 0.34172 -0.16946 0.07209 -0.06964 -1.96553 -0.05636 -0.24540 -0.64663 0.41698 0.70091 -0.19307 0.21650 -2.84171 1.03224 
1.81907 -2.40366 -1.64347 -2.28741 0.32498 -1.93059 2.43639 -1.60464 0.31750 0.15514 -1.51571 0.42729 0.11460 -0.35555 0.17013 0.20016 -2.33275 0.64939 -1.04426 -0.12732 0.00973 -0.73057 0.78318 -0.16595 -1.45835 0.75918 -0.55277 0.24416 -0.31259 -0.24741 -0.11961 -0.41688 -0.17891 0.76688 -1.57799 0.33473 -0.25376 -2.68809 0.27984 
1.43810 -2.34057 -1.68945 -4.32888 0.80631 -3.21690 2.57529 -1.68672 -1.28995 0.62168 -1.78049 -1.79052 0.45035 -0.62068 0.37630 -0.27665 -0.77732 0.39601 -0.61486 -0.43760 0.56354 -1.76347 0.90461 -0.08547 -1.96541 0.62156 0.90572 -0.43588 -0.06082 4.15465 -1.30093 2.37838 -1.07824 0.37566 1.71546 -0.85142 1.07302 0.51532 -0.10028 
1.19839 -2.02736 -1.92013 -3.06473 0.72099 -2.54545 1.99880 -1.04109 -1.44597 1.05975 -1.60118 -1.53812 0.73616 0.55017 -0.26575 0.13934 1.82189 -0.65154 1.33411 -1.20556 0.38539 0.98490 -0.06824 0.90707 -0.94304 0.65890 1.44211 -1.03805 0.49043 1.65421 -1.35574 1.27520 -0.65509 -0.90290 3.00539 -1.39892 0.90757 -0.19733 -0.30514 
1.98827 -2.60632 -1.55011 -2.50699 0.15477 -1.88279 1.36973 -1.30134 -0.30506 0.55343 -0.87342 -2.73355 1.10925 0.82143 -0.66175 0.21378 0.87689 -0.95973 0.66034 -1.09269 -0.33935 1.24193 -0.49430 0.82210 -2.16274 0.31641 -0.39804 0.29323 0.37859 -0.22452 0.23699 -0.87323 0.86709 -0.61464 -0.54681 0.35127 0.10144 1.37580 -0.68067 
2.01981 -2.68911 -1.70635 -2.18784 -0.23875 -1.88511 0.90611 -1.38044 -0.20404 0.56545 -0.77908 -3.70086 1.05257 0.15213 0.02748 0.51792 1.59737 -0.41455 0.46088 -0.33847 -0.22925 0.43808 0.28303 1.00851 0.43277 -0.02177 -1.53533 1.32658 -0.47207 -0.61973 1.60703 -1.22183 1.09758 0.08268 -3.04028 1.76378 -0.62486 4.43129 -0.17878 
2.14040 -2.57884 -1.03219 -0.90961 -0.25978 -1.42191 1.03126 -1.53059 0.13303 0.83646 0.13508 -2.30079 1.08747 -0.71391 0.66482 -0.25829 0.25716 0.64729 -0.56149 0.00489 -0.25667 -1.79835 1.26948 0.19724 2.26855 0.13763 -1.08025 0.33565 -0.99640 -2.58006 1.07482 -1.48587 -0.22763 -0.41035 -2.52727 0.90851 -1.83135 0.41835 0.38963 
1.30591 -2.02429 -1.96464 -1.93068 0.40855 -2.44660 0.91100 -1.63711 -2.00239 1.83493 -0.58184 -1.43231 1.19020 -0.92811 0.36313 -0.47847 -0.98268 0.66027 -1.02499 -0.56610 -0.63960 -2.08918 1.19154 -0.82284 0.85112 0.36785 0.99104 -1.13942 1.65739 0.80564 -1.12193 1.06787 -1.15994 -0.03742 1.94619 -1.72399 0.13646 -2.49974 0.58750 
1.21229 -2.21571 -1.51066 -1.89230 0.40050 -2.44690 0.46516 -2.17018 -1.95616 2.02800 -0.68776 -1.44967 1.45532 0.27713 -0.47460 1.39910 1.06280 -0.47463 0.50638 -1.15505 -0.29409 0.14784 -0.45451 0.33370 -0.23119 0.72513 1.29693 -0.67307 2.18544 1.32243 -0.77708 1.21538 0.03014 0.04783 2.43537 -1.97312 0.55398 -0.20687 0.78623 
1.58304 -2.49889 -0.56554 -0.86788 -0.06609 -1.94023 -0.24405 -1.93120 -1.85455 1.38043 -0.24813 -1.66350 1.91533 0.36882 -0.30993 1.70697 0.33974 -0.11681 0.19039 -0.53596 -0.59177 0.34619 -0.78158 -0.26887 0.64425 1.15408 -0.22270 0.51678 -0.13870 -1.80346 1.21017 -0.79429 1.12407 -0.18883 -0.61597 0.08707 -0.57621 1.15848 -0.04224 
1.58111 -2.52565 0.19631 -1.55255 0.28369 -2.25650 -0.07080 -2.76195 -1.60997 1.24642 -0.95662 -0.80542 2.60941 0.05444 0.04218 1.26040 -0.74066 0.73553 -0.28791 -0.03098 -0.48292 -0.46813 -0.36743 -0.24251 0.92729 0.68288 -0.22774 0.53196 -1.55397 -0.02384 0.38364 -0.33319 0.37203 1.06419 -1.23358 0.16323 1.10253 -1.13101 -1.02673 
1.63748 -2.45670 0.69486 -1.60854 0.66945 -2.22814 -0.27503 -2.41412 -2.32267 1.01300 -0.49064 -0.73621 2.59821 0.14108 0.22203 0.15300 0.31590 0.26683 -0.14280 -0.16393 0.47242 -0.88740 -0.61835 0.83366 -0.48676 0.12735 0.13513 0.13853 -1.41550 1.79953 -0.98551 0.33604 0.01322 0.23031 0.43293 0.36481 0.27259 -0.80250 -0.14256 
1.72219 -2.30362 0.34932 -1.23665 0.55052 -2.39930 -0.23474 -2.28953 -2.49737 0.62807 -0.12296 -1.29218 2.73676 0.18957 0.18071 -0.15510 1.05887 -0.24998 0.04812 -0.01776 -0.25261 -0.03520 -0.00262 0.03008 0.12480 0.54033 -0.10810 -0.10247 0.28644 0.03185 -0.34169 0.49184 -0.24907 -0.99191 1.22190 0.50794 -1.68579 1.42965 0.43521 
1.82705 -2.27599 0.53976 -0.54966 0.41947 -2.18002 -0.29278 -2.66673 -2.35787 1.01038 -0.46056 -0.61141 3.13854 0.03298 0.11956 0.43944 0.34775 -0.07486 0.34904 -0.41300 -0.51949 0.33450 -0.11041 -0.85212 0.94289 0.56256 -0.22442 -0.10544 -0.03860 -0.82660 0.37991 0.01056 -0.35802 -0.29585 -0.34298 -0.03126 -0.59318 -0.09688 -0.38501 
1.75517 -2.18405 0.78876 -0.88890 0.47567 -2.05027 -0.64774 -2.80902 -2.16286 0.51766 -0.97509 -0.34929 3.29932 -0.03485 0.07528 -0.19370 0.23227 0.12993 0.05868 -0.37578 -0.54846 -0.37818 -0.03388 -0.56309 0.02792 0.15531 -0.06731 0.16620 -1.58517 1.30124 0.01807 0.09680 0.22708 0.79709 -1.07300 0.33520 1.32231 -0.94686 -1.01664 
1.79220 -2.20071 0.34606 -0.31739 0.54940 -2.12134 -0.66856 -3.21518 -2.73605 0.97650 -1.02365 -0.58349 3.29385 -0.03433 0.28576 -1.14573 1.64898 -0.05679 0.44584 -0.18592 0.27760 -0.73849 0.22479 0.47018 -0.00396 -0.45408 0.02852 0.00961 -0.62705 -0.03767 -0.19754 0.43151 0.29537 0.58634 0.59698 -1.53605 0.96612 -0.97628 -1.32530 
1.72085 -1.89829 -0.35697 0.76008 0.41888 -1.60443 -0.83366 -2.53142 -2.90136 0.74245 -0.50490 -0.35325 2.84524 -0.00633 0.08489 -0.82075 0.19461 -0.06761 0.49019 -0.08040 0.03789 0.21880 -1.56993 0.40303 -0.94836 -1.16999 0.19478 -0.32466 1.05018 -1.95719 0.27110 -0.02811 0.70327 -0.66344 1.51955 -1.68598 -0.32099 -0.64570 -0.67848 
1.78588 -2.11582 -0.47469 -0.12278 0.48179 -1.63115 -0.74897 -3.17730 -2.51725 -0.59343 -0.62062 -1.53185 2.12386 0.16045 -0.03889 -0.09554 -0.30821 0.21432 0.41773 0.51735 -0.38584 0.78105 -1.46120 0.14919 -0.64967 -1.13255 0.10290 0.29677 0.82600 -0.20720 0.28185 0.29271 0.67697 0.48636 0.16223 0.97709 -0.50617 1.89871 0.77577 
1.88130 -1.93719 -0.45252 0.45187 0.63320 -1.18670 -0.31631 -2.91726 -2.12031 -0.71875 -0.35571 -1.00292 1.71269 0.09658 0.38166 0.00525 -0.01260 0.21424 0.78290 0.59656 0.52424 0.38104 -0.59284 -0.10314 0.95035 -0.39422 -0.19630 0.58128 -0.14795 -0.75164 -0.23438 -0.05331 -0.31679 0.80793 -0.32371 0.03279 -1.22524 0.30650 0.76166 
1.88245 -1.73416 -0.46945 -0.13538 0.69604 -0.84825 -0.15240 -2.65305 -2.13621 -1.18627 -0.72376 -0.58150 1.72965 -0.03585 0.54238 -0.24349 -1.05985 -0.02006 0.36442 0.20055 0.42210 0.45734 -1.42840 -1.07604 -0.34317 -0.37089 -0.29969 0.49301 -0.23304 -0.52466 -0.33733 -0.74724 0.12666 0.61987 0.31114 -0.91819 -0.74437 -2.62630 -0.05709 
1.84545 -1.39480 -0.69601 -0.60798 0.61314 -0.82229 -0.11576 -2.49517 -1.66297 -2.14715 -1.43175 -1.34608 1.34180 -0.20311 0.87467 -0.22779 -0.53726 -0.12309 0.03566 0.72323 1.14412 0.69218 -1.51102 -0.84751 -1.67595 -0.45130 -0.62153 0.24474 0.09497 -0.16627 0.26837 -0.57144 0.23350 0.27667 -0.31873 0.79358 0.49499 -1.87824 -1.10046 
1.67935 -0.85949 -0.69724 -0.67264 0.57295 -0.81259 0.57082 -1.50894 -1.44403 -2.69729 -1.57128 -2.25745 1.27835 -0.65737 0.78713 -0.14852 -1.22612 0.24831 -0.20703 0.43406 0.69876 0.13861 -0.63483 -0.58105 -2.22140 -1.47135 -0.92004 -0.98337 0.73287 -0.15013 0.84006 -0.39815 -1.34723 -1.58328 0.57365 2.33115 1.74143 0.45507 -0.47715 
1.18808 -0.60768 -0.84453 -1.83410 0.86145 -1.02932 0.31830 -1.79640 -1.52435 -2.78198 -2.01281 -3.56749 -0.12955 -1.12315 -0.10869 0.50508 -0.68739 0.71697 -0.36249 -0.62400 -0.43916 1.26583 0.82013 0.89391 -1.22088 -0.92845 -0.54603 -1.10167 0.29161 0.60942 0.71518 -0.34584 -0.32425 -1.06668 1.81335 1.74118 2.54260 3.97970 3.00698 
0.55620 -0.96818 -0.19216 -1.36003 1.28992 -1.17508 -0.05318 -1.94810 -0.17820 -1.87716 -0.67736 -3.47833 0.34990 -1.20340 -0.31454 0.14309 -0.61671 0.96349 -0.55287 0.10981 -0.36792 1.95197 1.10636 1.96155 1.75829 1.53564 0.31709 0.06396 -0.71406 0.21225 0.21445 -0.39242 1.33265 -0.06280 -0.68132 -0.27557 -0.13074 3.86238 1.46672 
-0.01532 -0.92222 -0.70144 -2.45081 1.82495 -1.58219 0.42811 -2.16432 0.42762 -1.67562 -0.05126 -1.80919 1.40609 -0.80606 -0.04473 -0.20898 -0.47514 0.93142 -0.75491 0.70864 -0.50196 0.58451 0.54456 0.76317 2.64150 0.53827 0.64862 0.28171 -0.66469 0.97936 -0.55990 0.20855 0.89403 -0.64198 -1.85763 -1.24348 -1.40865 -0.74103 -1.65689 
-0.24986 -1.01291 -0.40114 -1.83517 2.22134 -1.92999 0.65547 -2.45006 0.40631 -1.33261 0.08581 -0.83683 0.88816 -0.55478 -0.03283 -0.52160 0.36266 0.40360 -0.34432 1.00385 -1.00990 0.09434 -0.13713 0.55290 1.01726 -0.12125 0.26231 0.24157 -0.53775 0.98741 -0.48769 1.10466 0.69759 -0.06451 0.39293 -1.16451 0.49635 -3.16335 -0.07697 
-0.57010 -0.95505 -1.22303 -2.08815 2.22854 -1.92650 1.43196 -3.17423 0.52196 -1.81275 0.50165 -0.79193 1.28484 -0.54374 0.19685 -0.74673 0.51227 0.44373 0.34974 1.40623 -0.56647 0.97744 -0.61995 1.25952 -0.52185 0.46130 0.42898 0.27874 0.71971 0.56737 -0.12101 0.86141 -0.71309 1.78925 1.75571 -0.06152 -0.16841 -2.43233 -1.01015 
-0.79360 -0.81607 -1.14787 -1.32290 2.66506 -1.58025 2.06170 -3.01653 1.38375 -1.95256 1.34533 -1.35868 1.34946 -0.12580 0.24591 0.19811 0.93002 0.28258 0.51710 0.29076 0.77935 1.85005 -0.19865 0.38450 -1.41506 -1.13140 0.74971 -0.22508 1.30093 -0.74220 -1.05353 -0.05186 -2.07891 1.60163 -0.86722 1.56395 -1.41072 1.58031 -1.12863 
-0.69590 -0.70914 -1.02492 -1.15812 2.51113 -1.40941 1.72272 -2.39488 2.37201 -2.01140 0.88614 -2.20699 0.15343 0.20597 -0.02823 0.55420 -0.22993 -0.60980 0.29788 -0.67268 1.03516 0.11023 0.94400 -0.15120 1.05846 -0.66733 0.46585 -0.28576 0.85972 -0.78902 -1.23215 -0.11065 -0.68501 0.16847 -3.60764 0.68309 -0.86703 3.40228 1.88694 
-0.58763 -0.84430 -0.59368 -1.55283 2.05526 -1.28237 1.38902 -1.98137 1.49398 -1.00857 1.19413 -0.30022 0.68213 0.34005 -0.03985 1.05783 0.14100 -0.94956 0.40645 -0.39425 0.94782 -1.75759 0.48444 -0.48253 1.98721 0.75554 0.31877 0.05141 -0.53468 0.96375 -0.58240 0.35266 -0.24493 0.25124 -1.32382 -0.83445 -0.47115 -1.01008 0.92723 
-0.35585 -0.74899 0.03292 -1.01712 1.56156 -1.00295 1.32847 -1.44705 0.61441 -1.52697 0.40361 -0.21978 0.90897 0.52474 0.02318 0.01951 0.73382 -1.19221 0.65054 -0.91761 1.28640 -1.21359 0.10954 -0.62235 0.04838 0.25990 0.04939 0.47813 -1.48511 0.67086 -0.10187 0.18849 -0.77862 0.01064 0.07161 0.30314 -0.47663 -3.12303 -0.96145 
-0.06289 -0.82112 -0.57417 -0.81900 0.86306 -0.63183 0.47141 -0.69497 0.28039 -0.89902 0.57178 -0.25184 0.94203 0.38944 0.43828 -0.42728 0.81186 -1.05143 0.59494 -1.17287 0.95846 -1.68598 0.78758 -0.95916 -1.13581 -0.20591 -0.50367 0.65858 0.62149 0.34690 0.36054 -0.12240 0.46863 -0.65694 1.27642 0.66233 0.01748 -0.15727 -0.91456 
0.03360 -0.31071 -0.39436 -0.20526 0.51013 -0.40802 0.15560 -0.48859 -1.07157 -0.73939 -0.55555 -1.35559 0.70306 0.02107 0.68176 0.64100 1.08072 -0.83167 0.52814 -0.44898 0.62946 0.06282 0.77187 -0.60488 -0.10888 -0.65466 -0.44365 -0.15038 0.92331 -0.76032 0.59715 -0.30394 1.03595 -0.54340 2.96770 -0.18535 1.73413 2.27297 -0.32705 
-0.04182 -0.13936 0.06684 0.26172 0.03139 -0.10368 0.02243 -0.06551 0.34321 -0.12716 -0.03310 -0.36072 0.28737 -0.05421 0.28789 0.49604 0.05154 -0.45428 0.29100 -0.13692 0.41506 1.28171 0.60223 0.77496 1.13716 -0.53296 0.01907 -0.56136 -0.63117 -1.44252 0.85920 -0.49462 0.45908 -0.60154 -0.31710 -0.80824 0.71503 0.22457 0.44400 
-0.02061 -0.02282 0.10168 -0.15372 0.05585 -0.11702 0.01868 -0.07353 0.21014 -0.13715 0.21941 -0.21844 0.17010 0.04014 0.12040 0.00983 -0.36180 0.02753 0.03353 0.01009 0.02792 -0.25428 -0.03638 0.11015 0.11569 -0.21066 0.06834 -0.28718 -0.37579 -0.15212 0.31933 -0.28134 0.09623 -0.70447 -1.30628 -0.19242 -1.06330 -0.91900 0.61973 
-0.00168 -0.01896 0.07667 -0.10008 0.05892 -0.07015 0.03253 -0.03759 0.08894 -0.16353 0.07705 -0.24503 0.07672 0.01413 0.00071 0.12024 -0.10058 -0.13495 0.00966 -0.04069 -0.28941 -0.02457 0.40981 -0.28834 0.21816 0.08677 -0.03268 -0.15049 0.13743 0.38519 0.04043 -0.09084 0.02358 -0.13077 0.47456 0.12924 -0.29070 -0.07248 0.53737 
-0.00648 -0.02211 0.22192 -0.25430 -0.07910 -0.10736 -0.02201 -0.36294 0.18558 0.27266 -0.06893 -0.00028 0.25687 0.00746 -0.03009 0.14725 0.02339 0.06796 -0.05732 0.03367 -0.10284 0.22028 0.09286 -0.18055 0.04321 0.32672 -0.00097 0.00467 -0.16979 0.14370 0.31259 -0.03064 0.17757 0.54279 0.01677 -0.85416 0.54448 -0.33588 -0.08520 
0.00578 -0.04905 0.22392 -0.07668 0.12688 -0.12747 0.06620 -0.14043 0.30922 -0.07067 -0.10350 -0.20182 0.40343 0.01316 0.00538 -0.04955 0.04312 0.17764 -0.02098 0.13688 0.25338 -0.00780 -0.44434 0.25614 -0.11772 0.00158 0.06747 -0.01554 0.00190 0.02312 -0.07151 -0.01235 -0.28262 0.19227 -0.28189 -0.22587 0.04948 -0.07122 -0.30482 
0.00668 -0.01672 0.17237 -0.21118 0.09854 -0.12834 0.11487 -0.10956 0.17778 -0.17168 0.18721 -0.11800 0.25845 0.07494 -0.04563 0.14916 0.04651 -0.00354 -0.06966 -0.24895 0.08943 -0.06160 -0.13301 -0.13107 -0.02800 0.02190 -0.00264 -0.04104 -0.08281 -0.05418 -0.18302 0.09568 -0.07450 -0.21637 -0.15559 0.44198 -0.29005 0.14191 -0.07065 
0.08072 -0.09468 0.37308 -0.03017 0.12334 -0.19713 -0.18275 -0.05101 0.24762 -0.20368 -0.23457 -0.22982 0.42534 0.01052 -0.03566 -0.13236 -0.01106 -0.00538 0.07470 0.06238 0.03700 -0.16339 -0.00236 -0.03391 0.02419 -0.06907 -0.10726 0.10059 -0.51827 -0.37535 0.03532 0.06140 0.49464 -0.19671 -0.10722 0.19599 0.42518 0.22427 -0.14915 
0.01720 -0.05238 0.04001 -0.22223 0.09316 -0.05365 0.17726 -0.07256 0.01439 -0.17404 0.15330 -0.09381 0.18937 -0.03233 0.05496 -0.36912 -0.32884 0.03178 -0.00826 0.24569 -0.10728 -0.16882 0.06298 0.29411 0.19627 -0.12724 -0.03466 0.05161 0.16444 0.06504 -0.04202 -0.10277 -0.09429 -0.02569 0.11748 0.02795 -0.03794 0.03546 -0.15351 
0.04839 -0.03972 0.00396 -0.35901 0.15512 -0.20539 0.06294 -0.15829 0.07880 -0.14070 0.05955 -0.03355 0.29810 -0.02414 0.01595 0.03208 0.05398 -0.04739 -0.02808 -0.03191 0.01132 -0.04591 0.02559 -0.07185 0.05965 -0.22258 -0.01590 -0.02361 0.45820 0.59028 -0.13463 0.15271 -0.27014 0.19261 0.15091 -0.00088 -0.34147 -0.33334 -0.06458 
-0.00694 -0.03643 0.07209 -0.16825 0.04576 -0.08172 0.14535 -0.06124 -0.03152 -0.14845 0.08145 -0.03416 -0.03321 -0.04823 0.03135 0.08909 0.26144 -0.10285 0.14446 -0.02445 0.08533 -0.01791 0.06210 -0.04736 -0.13707 -0.19182 0.03514 0.00429 -0.04105 -0.00812 0.05564 0.04085 -0.02059 -0.02476 0.11004 0.02592 0.01103 -0.18678 0.32780 
0.00016 -0.00837 0.09305 -0.09757 0.05227 -0.06093 0.03850 -0.07296 0.06089 -0.07860 0.01219 -0.17062 0.10627 0.01100 0.02024 -0.00898 0.04586 0.00825 0.01277 -0.05250 -0.01344 0.06413 0.05151 -0.06082 -0.12713 0.10522 0.04479 -0.07045 -0.16200 -0.22302 0.12098 -0.16240 0.01460 -0.09156 0.09484 -0.14734 0.18485 0.04429 0.09379 
0.00407 -0.01619 0.06311 -0.12239 0.05401 -0.06895 0.09285 -0.07468 0.03261 -0.09693 0.02063 -0.16129 0.07201 -0.00344 -0.03910 -0.07291 0.03842 0.01814 -0.01795 -0.00984 -0.00623 0.07693 -0.08524 0.13749 -0.09278 -0.09803 -0.01573 -0.03710 0.08502 -0.14168 -0.02240 0.00631 0.10354 -0.05533 0.05367 -0.13155 0.07276 -0.10462 0.11129 
-0.00328 -0.04747 0.02014 -0.05915 0.07041 -0.07888 0.02865 -0.07918 0.13782 -0.16384 0.14968 -0.26340 0.00824 -0.00473 -0.01685 0.07604 -0.09583 -0.01415 0.01908 0.05104 -0.06878 0.11780 -0.08003 0.01194 -0.23175 0.21651 0.01505 0.06010 0.17953 -0.16345 0.01394 -0.01427 0.13360 -0.03519 -0.10679 0.18234 -0.26899 0.21408 0.19799 
-0.00066 -0.03304 0.13916 -0.21822 0.03986 -0.04987 0.14389 -0.14346 0.15041 -0.17697 0.03256 -0.39304 0.28851 0.01161 0.02100 0.10662 -0.12503 0.03208 -0.03221 0.12376 -0.04142 -0.02986 0.09710 -0.13150 0.12131 0.09996 0.08408 0.06748 -0.24795 -0.05580 0.15877 -0.07219 -0.10927 0.11425 -0.30133 0.21424 -0.07621 0.29426 -0.47982 
0.00833 -0.02647 0.12676 -0.18417 0.10248 -0.11109 0.15241 -0.12060 0.10796 -0.06674 0.01819 -0.14209 0.10820 0.07935 0.05063 -0.17191 -0.15163 0.14462 -0.05311 -0.05823 0.04547 -0.18353 0.13421 -0.06427 0.06251 -0.26332 -0.01736 -0.02960 -0.16466 0.22890 -0.06488 0.05160 -0.25999 0.10739 0.06068 -0.10945 0.11142 -0.09759 0.03588 
0.07869 0.01759 -0.03276 -0.36985 0.18448 -0.10297 0.08566 -0.09799 -0.03312 -0.04276 -0.03170 -0.33052 0.02520 -0.00575 -0.00860 -0.05804 0.10387 -0.03281 0.01939 -0.13623 0.06597 0.03082 -0.01235 -0.02008 0.02372 0.13584 -0.15381 -0.09300 0.30843 0.42737 -0.29789 0.11521 0.04626 -0.03786 0.34384 -0.13293 0.10548 0.15640 0.38716 
0.00258 -0.03506 0.06871 -0.08030 0.06968 -0.09170 0.01618 -0.05463 0.13877 -0.07909 -0.00189 -0.11837 0.24404 -0.07446 -0.04237 0.13652 0.27574 -0.15327 0.06211 -0.01197 0.00761 0.16030 0.00128 0.04121 0.21892 0.12384 0.00438 0.01938 0.08150 -0.10060 -0.00229 0.02116 0.19582 -0.09567 -0.04811 0.05435 0.02702 -0.02584 -0.21734 
0.00423 -0.02478 0.10376 -0.09411 0.03121 -0.04086 0.07369 -0.09038 0.12718 -0.04148 0.00951 -0.11161 0.14904 -0.00137 0.01078 0.02346 0.00327 -0.03510 0.04055 0.05958 -0.02971 -0.01729 0.04200 0.00694 -0.00212 -0.08150 0.08092 0.05480 -0.16725 -0.31581 0.17055 -0.08498 0.01918 0.01452 -0.23543 -0.04501 -0.06838 -0.25592 -0.18382 
