0.01128 -0.02990 0.03350 -0.06145 0.03935 -0.05077 0.07322 -0.06879 0.10204 -0.07920 0.10956 -0.08409 0.12724 -0.00681 -0.02166 -0.01194 -0.07777 0.07443 -0.04340 0.10957 -0.02560 -0.05752 -0.07958 -0.06536 0.01479 0.20550 0.04491 -1.95550 0.32232 -1.43878 0.65083 0.68992 2.56239 -2.39027 -1.43530 -1.82885 1.49048 2.19377 2.03469 
0.00547 -0.04763 0.02865 -0.12506 0.12217 -0.08925 0.17985 -0.09068 0.04636 -0.16985 0.00624 -0.09549 0.33254 -0.07003 -1.63556 0.03161 -1.14795 0.45402 0.78443 2.20846 -2.40760 -2.06114 -2.22025 0.57752 1.59672 1.05951 0.03259 -1.21335 0.50661 -0.52766 0.21034 0.68814 1.29775 -1.71285 -1.04347 -0.87239 0.90414 1.76835 0.90781 
-0.05875 -1.66546 0.06510 -1.20940 0.49337 0.73366 2.28168 -2.47639 -1.95910 -2.29945 0.68707 1.51263 1.18675 0.02577 -1.23501 0.49467 -0.60543 0.28477 0.64474 1.40732 -1.73845 -1.10099 -0.95197 0.83878 1.78314 1.11330 0.12740 3.23947 -0.01467 2.32847 -0.91803 -1.55087 -4.44882 4.77437 4.25293 4.44531 -1.32237 -3.23036 -1.91875 
0.03125 -1.28264 0.52332 -0.73049 0.40695 0.55549 1.58717 -1.82913 -1.05463 -1.12182 0.84502 1.68766 1.44584 0.05737 1.60392 0.01694 1.18052 -0.46401 -0.76644 -2.24036 2.36677 2.19179 2.22507 -0.74486 -1.63364 -0.85924 -0.04430 2.49582 -0.97992 1.28655 -0.64626 -1.24479 -2.91574 3.50056 2.24746 1.98446 -1.60052 -3.57682 -2.45295 
-0.00138 -0.06154 0.08205 -0.02888 0.02936 -0.03278 0.04132 -0.10962 0.23269 -0.07438 -0.05779 -0.12101 0.32751 -0.01852 1.26081 -0.48525 0.68112 -0.36149 -0.60005 -1.50842 1.76211 1.14647 1.03249 -0.76174 -1.79368 -1.33965 -0.04239 -1.56549 -0.05923 -1.20237 0.48062 0.75483 2.27651 -2.32245 -2.33552 -2.23709 0.88341 1.65122 0.63613 
0.01272 -0.02183 0.03807 -0.04937 0.04546 -0.04455 0.07875 -0.06702 0.09184 -0.08933 0.08328 -0.10602 0.10619 0.01498 0.03843 -0.04229 -0.02186 0.01661 -0.01161 0.03615 0.04431 -0.14372 -0.01202 0.13856 0.01758 -0.22311 0.01940 -1.26209 0.48694 -0.68249 0.36200 0.60021 1.50714 -1.76039 -1.14935 -1.02956 0.75923 1.79626 1.33787 
0.01360 -0.02312 0.03975 -0.05074 0.04598 -0.04439 0.07747 -0.06531 0.08897 -0.08640 0.08077 -0.10344 0.10440 0.00088 -0.00128 0.00168 -0.00137 0.00052 0.00016 -0.00127 0.00172 -0.00287 0.00292 -0.00251 0.00258 -0.00179 -0.01456 -0.03877 0.04207 0.02305 -0.01817 0.01309 -0.03790 -0.04406 0.14524 0.00915 -0.13542 -0.02083 0.22453 
0.01360 -0.02312 0.03975 -0.05074 0.04598 -0.04439 0.07747 -0.06531 0.08897 -0.08640 0.08077 -0.10344 0.10440 0.00042 -0.00034 -0.00022 0.00119 -0.00155 0.00148 -0.00175 0.00025 0.00151 -0.00287 0.00314 -0.00325 0.00142 -0.00159 0.00072 0.00006 0.00195 -0.00370 0.00234 0.00267 -0.00640 0.00686 -0.00060 -0.00154 -0.00354 0.01036 
0.01402 -0.02346 0.03953 -0.04955 0.04443 -0.04291 0.07573 -0.06505 0.09048 -0.08928 0.08391 -0.10669 0.10582 -0.00071 -0.00057 0.00174 0.00058 -0.00319 0.00250 0.00139 -0.00468 0.00398 0.00232 -0.00405 -0.00096 0.00857 -0.00085 0.00069 0.00044 -0.00239 0.00310 -0.00297 0.00349 -0.00051 -0.00302 0.00575 -0.00628 0.00651 -0.00284 
0.01289 -0.02368 0.04149 -0.05016 0.04279 -0.04190 0.07887 -0.06999 0.09295 -0.08408 0.07672 -0.10439 0.11297 -0.00042 0.00034 0.00022 -0.00119 0.00155 -0.00148 0.00175 -0.00025 -0.00151 0.00287 -0.00314 0.00325 -0.00142 0.00184 0.00079 -0.00370 0.00003 0.00482 -0.00351 -0.00453 0.00962 -0.00645 -0.00752 0.01125 -0.00134 -0.01572 
0.01360 -0.02312 0.03975 -0.05074 0.04598 -0.04439 0.07747 -0.06531 0.08897 -0.08640 0.08077 -0.10344 0.10440 0.00113 0.00022 -0.00196 0.00061 0.00163 -0.00101 -0.00314 0.00494 -0.00247 -0.00519 0.00719 -0.00230 -0.00715 -0.00044 -0.00519 -0.00902 -0.01098 -0.00408 0.01423 0.03127 0.00498 -0.03145 -0.04424 0.01096 0.01137 0.02521 
0.01402 -0.02346 0.03953 -0.04955 0.04443 -0.04291 0.07573 -0.06505 0.09048 -0.08928 0.08391 -0.10669 0.10582 -0.00087 -0.00484 -0.00880 -0.01218 -0.00253 0.01274 0.03302 0.00473 -0.03297 -0.04137 0.00782 0.01462 0.02379 -0.00113 -0.00022 0.00196 -0.00061 -0.00163 0.00101 0.00314 -0.00494 0.00247 0.00519 -0.00719 0.00230 0.00715 
0.01273 -0.02796 0.03095 -0.06292 0.04345 -0.03165 0.11049 -0.06058 0.05600 -0.12777 0.08860 -0.08882 0.12818 0.00000 0.00000 0.00000 0.00000 0.00000 0.00000 0.00000 0.00000 0.00000 0.00000 0.00000 0.00000 0.00000 0.00215 0.00934 0.01738 0.02555 0.00350 -0.02400 -0.06778 -0.00920 0.06744 0.07986 -0.01251 -0.03250 -0.04615 
0.01402 -0.02346 0.03953 -0.04955 0.04443 -0.04291 0.07573 -0.06505 0.09048 -0.08928 0.08391 -0.10669 0.10582 0.00129 0.00450 0.00858 0.01337 0.00097 -0.01126 -0.03476 -0.00447 0.03448 0.03849 -0.00469 -0.01788 -0.02237 -0.00249 -0.00461 -0.00390 -0.00419 0.00240 0.00340 0.01189 0.00272 -0.00511 -0.02053 -0.01032 0.00616 0.03309 
0.01402 -0.02346 0.03953 -0.04955 0.04443 -0.04291 0.07573 -0.06505 0.09048 -0.08928 0.08391 -0.10669 0.10582 -0.00249 -0.00461 -0.00390 -0.00419 0.00240 0.00340 0.01189 0.00272 -0.00511 -0.02053 -0.01032 0.00616 0.03309 -0.00129 -0.00450 -0.00858 -0.01337 -0.00097 0.01126 0.03476 0.00447 -0.03448 -0.03849 0.00469 0.01788 0.02237 
0.01153 -0.02807 0.03563 -0.05374 0.04683 -0.03951 0.08762 -0.06233 0.08537 -0.10981 0.07359 -0.10053 0.13891 0.00000 0.00000 0.00000 0.00000 0.00000 0.00000 0.00000 0.00000 0.00000 0.00000 0.00000 0.00000 0.00000 0.00498 0.00922 0.00779 0.00839 -0.00481 -0.00680 -0.02378 -0.00544 0.01023 0.04107 0.02064 -0.01232 -0.06619 
0.01402 -0.02346 0.03953 -0.04955 0.04443 -0.04291 0.07573 -0.06505 0.09048 -0.08928 0.08391 -0.10669 0.10582 0.00249 0.00461 0.00390 0.00419 -0.00240 -0.00340 -0.01189 -0.00272 0.00511 0.02053 0.01032 -0.00616 -0.03309 -0.00216 -0.00513 -0.00314 -0.00497 0.00290 0.00313 0.01196 0.00300 -0.00598 -0.01926 -0.01186 0.00846 0.03057 
0.01402 -0.02346 0.03953 -0.04955 0.04443 -0.04291 0.07573 -0.06505 0.09048 -0.08928 0.08391 -0.10669 0.10582 -0.00216 -0.00513 -0.00314 -0.00497 0.00290 0.00313 0.01196 0.00300 -0.00598 -0.01926 -0.01186 0.00846 0.03057 -0.00291 -0.00426 -0.00368 -0.00539 0.00396 0.00192 0.01364 0.00246 -0.00663 -0.01766 -0.01346 0.00941 0.03167 
0.01187 -0.02859 0.03640 -0.05451 0.04733 -0.03978 0.08769 -0.06205 0.08450 -0.10854 0.07205 -0.09823 0.13639 -0.00042 0.00034 0.00022 -0.00119 0.00155 -0.00148 0.00175 -0.00025 -0.00151 0.00287 -0.00314 0.00325 -0.00142 0.00389 0.01060 0.00649 0.00874 -0.00425 -0.00775 -0.02217 -0.00626 0.01044 0.04139 0.02058 -0.01366 -0.06257 
0.01360 -0.02312 0.03975 -0.05074 0.04598 -0.04439 0.07747 -0.06531 0.08897 -0.08640 0.08077 -0.10344 0.10440 0.00173 0.00547 0.00336 0.00377 -0.00135 -0.00462 -0.01021 -0.00326 0.00446 0.02213 0.00872 -0.00521 -0.03199 0.00557 -0.02669 0.01794 -0.01798 0.01662 -0.03318 0.08242 -0.01913 0.04203 -0.02261 0.09004 -0.06828 0.06416 
0.01360 -0.02312 0.03975 -0.05074 0.04598 -0.04439 0.07747 -0.06531 0.08897 -0.08640 0.08077 -0.10344 0.10440 0.00515 -0.02634 0.01816 -0.01917 0.01817 -0.03466 0.08417 -0.01939 0.04051 -0.01974 0.08690 -0.06503 0.06274 -0.00131 -0.00581 -0.00357 -0.00258 -0.00020 0.00610 0.00847 0.00351 -0.00295 -0.02501 -0.00558 0.00195 0.03341 
0.01875 -0.04946 0.05791 -0.06991 0.06415 -0.07906 0.16164 -0.08469 0.12948 -0.10614 0.16767 -0.16847 0.16714 0.00042 -0.00034 -0.00022 0.00119 -0.00155 0.00148 -0.00175 0.00025 0.00151 -0.00287 0.00314 -0.00325 0.00142 -0.00086 0.03722 -0.01036 0.01018 -0.00271 0.04844 -0.11250 -0.00046 -0.03442 -0.04941 -0.14194 0.04217 -0.05465 
0.01402 -0.02346 0.03953 -0.04955 0.04443 -0.04291 0.07573 -0.06505 0.09048 -0.08928 0.08391 -0.10669 0.10582 0.00429 0.01087 0.00780 -0.00899 0.01546 0.01377 -0.02833 -0.01985 0.00610 -0.06915 -0.05504 -0.02286 0.00809 -0.01432 0.00993 0.00146 -0.01541 0.02680 -0.03574 0.04968 -0.00292 -0.04847 0.06185 -0.04605 0.04271 -0.02086 
0.02304 -0.03859 0.06571 -0.07890 0.07961 -0.06528 0.13331 -0.10454 0.13558 -0.17529 0.11263 -0.19132 0.17523 -0.01390 0.00958 0.00124 -0.01422 0.02525 -0.03426 0.04793 -0.00267 -0.04696 0.05898 -0.04291 0.03946 -0.01944 -0.27240 -0.71032 0.43055 -0.81196 0.70438 -0.73773 -1.38450 -0.12608 -0.40482 -0.25531 0.65678 -2.13044 -0.21392 
0.00012 -0.01388 0.04077 -0.06377 0.06968 -0.07717 0.12366 -0.06772 0.04352 -0.03030 0.04100 -0.06723 0.08638 -0.26812 -0.69944 0.43835 -0.82095 0.71984 -0.72396 -1.41283 -0.14592 -0.39873 -0.32446 0.60174 -2.15329 -0.20583 -0.69539 -1.05233 1.80230 -1.61968 1.97213 -0.67966 -1.31900 0.38036 -0.29820 -1.25122 0.92684 -1.67332 0.84024 
-0.24508 -0.73803 0.50406 -0.89985 0.79946 -0.78925 -1.27952 -0.25046 -0.26315 -0.49974 0.71437 -2.34461 -0.03060 -0.70929 -1.04274 1.80353 -1.63390 1.99739 -0.71392 -1.27106 0.37770 -0.34516 -1.19224 0.88394 -1.63386 0.82080 -0.54149 0.11497 1.26201 -1.26586 1.41994 0.31372 2.37490 1.27329 -0.09672 0.86868 -1.18674 3.89248 1.49443 
-0.70917 -1.05662 1.84430 -1.69766 2.06706 -0.79109 -1.14740 0.30998 -0.30164 -1.22254 0.92494 -1.70110 0.90718 -0.80960 -0.58447 1.70036 -2.08681 2.13978 -0.41024 0.96207 1.12736 -0.49545 0.54422 -0.58500 1.73919 1.28860 0.03209 0.73333 -1.45127 -0.31334 -0.73401 0.61663 1.75350 -1.20858 1.72778 3.23786 -2.18025 3.61261 -0.09167 
-1.05468 -1.32250 2.20442 -2.98666 2.93923 -1.19948 -0.31745 0.87690 -0.75859 0.04448 0.12936 -0.60542 1.25800 -0.67720 -0.30942 0.35226 -1.94723 1.26337 -0.09729 0.48244 -0.83089 1.38262 2.04562 -1.29631 1.97875 0.72914 0.58772 0.79095 -0.77852 1.06731 -1.63010 0.50537 -1.31318 -2.38805 2.01879 -0.49934 -0.51061 -1.16343 -1.40721 
-1.38636 -1.36604 2.19656 -3.64490 3.33044 -0.88838 -0.66496 -0.52091 1.08097 0.82309 -0.37137 0.27765 1.63632 -0.22188 0.20648 0.92184 -1.01951 0.50968 0.09513 -0.35111 -1.26069 1.52335 0.04488 -1.09561 0.57576 -0.11861 0.61522 0.62259 -0.37750 1.78209 -0.47864 -0.68695 -0.08825 0.67410 -0.51681 -3.79426 1.72987 -2.85627 -3.11240 
-1.27656 -1.11603 3.12626 -4.00617 3.44892 -1.10435 -0.66856 -0.38379 0.76475 0.08937 -0.96625 -0.02966 1.13939 -0.06198 0.31317 -0.02524 -0.16515 0.78474 -0.78424 0.39419 -0.15679 0.86580 -1.74863 0.43356 -0.87752 -2.38327 -0.07945 -0.43791 -1.76734 1.44637 0.43857 -0.66220 1.61048 0.74771 -1.22592 -1.23935 2.25977 -0.62016 -1.22647 
-1.44834 -1.05287 2.17133 -3.81005 4.11517 -1.67261 -0.27077 -0.67770 1.94678 -0.92554 0.06219 -0.59987 -0.74695 -0.30133 -0.23143 -0.84550 0.42686 0.94825 -0.56707 1.25937 -0.51298 0.29743 -1.19447 1.16416 -0.04440 -1.34508 0.03964 -0.85765 0.17256 0.60951 -1.30257 0.80501 0.99640 -0.34455 -1.45405 1.24779 -0.42646 0.66525 3.51104 
-1.57789 -1.34746 2.28076 -3.57931 4.39717 -1.67143 0.59081 -0.89676 1.06218 -1.10511 0.19791 -0.07406 -0.20569 -0.02234 -0.54448 0.14732 0.44436 -0.51783 0.02077 1.39058 -0.50134 -0.58824 -0.50084 0.00709 -0.21227 1.12777 0.31315 -1.15453 0.24287 -0.12156 -2.03439 0.76692 0.49594 0.43664 -0.51484 0.48868 -0.59161 -0.20451 1.55411 
-1.47068 -1.59735 2.31865 -3.36569 3.59734 -1.65185 1.11981 -1.17904 1.35854 -1.42638 0.06928 -0.81215 0.38082 0.01181 -1.38596 -0.60263 0.30530 -1.08614 0.19984 1.75531 -0.07634 -0.21741 -0.70579 0.57255 -0.24890 0.20903 0.57413 -0.47010 -0.80724 0.19422 -0.11406 0.18090 -0.44749 0.63395 -0.35474 1.01154 -0.11864 1.29356 -1.20901 
-1.56608 -2.73342 1.67813 -3.27401 3.31103 -1.47158 2.34612 -0.97311 0.84477 -1.81090 0.77046 -0.32296 0.00333 0.55179 -1.01458 -0.65992 0.63858 -0.63189 0.20166 0.94309 0.13261 -0.94299 0.51070 -0.11155 1.08128 -0.08124 1.65483 2.46196 0.85788 0.89779 -0.27144 -0.82414 -4.20704 -0.65193 -1.54334 0.95058 -2.66354 -0.40465 0.13390 
-0.91889 -2.61193 1.65873 -2.72711 2.96545 -1.45018 2.06291 -1.04643 0.41555 -0.91568 -0.04227 0.26914 0.29958 1.66665 1.07600 0.25525 1.20309 -1.35759 -0.62430 -2.45173 -0.72828 -1.76075 0.24479 -2.09100 -0.65356 0.34292 1.66097 2.07574 -0.64192 -0.16451 -0.83877 -1.51266 -3.65154 -2.10642 -1.29818 -0.06248 -0.66673 -3.42151 -1.40334 
0.10057 -1.65742 1.93338 -2.07091 1.95344 -2.09588 -0.10561 -1.70138 -0.91598 -1.56611 -1.32054 -0.97652 0.34626 2.21276 1.06116 -1.30184 0.47407 -1.47066 -1.31099 -2.70844 -1.97381 -2.24116 0.44823 -0.77827 -2.34023 -1.48458 -0.32551 -1.31085 -2.87531 -0.53172 -0.08437 -0.06176 2.73388 -0.03902 0.56700 1.10070 2.34035 -0.42288 -2.17706 
1.29386 -1.55076 0.35689 -2.25304 1.49479 -2.76117 -0.64554 -3.02024 -1.82561 -0.46745 -0.82054 -2.07109 -1.18500 1.34113 -0.23485 -2.62006 0.67138 -1.44195 -0.68605 0.28214 -0.76730 -1.19375 1.34549 0.24936 -1.07644 -1.83413 -2.33730 -1.47376 0.00428 0.23542 0.59798 1.59276 3.95832 2.98005 2.77559 0.17714 -0.13871 2.03090 1.50174 
1.44170 -1.89227 -0.68668 -1.39954 0.51149 -2.78194 0.17654 -2.46868 -2.10973 -0.22063 -1.07118 -2.05295 -1.48787 -0.12454 -0.41259 -1.29755 0.70949 -0.87268 0.28177 1.24987 1.00624 0.53443 0.62537 -0.91698 -0.30933 0.01716 -1.38738 -0.04133 2.55790 -0.56987 1.80077 1.13586 0.92500 1.17269 2.12778 -1.21481 -0.42374 1.25752 2.88449 
1.16933 -1.96336 -0.94066 -1.54355 0.62211 -2.47940 0.60434 -2.01401 -1.29118 0.15791 -1.73752 -2.38043 -1.16784 -0.04624 -0.27618 -0.06216 0.10151 0.35882 0.44981 1.20714 0.40539 0.93402 0.13067 -0.17438 0.18108 1.05036 0.25554 0.21892 0.77722 -0.92990 1.25263 -0.77377 -0.00384 -0.66011 -1.33783 -0.87775 1.52048 -0.55170 0.37125 
1.39546 -2.16845 -0.74884 -1.29803 0.87031 -2.33213 1.38368 -2.06329 -1.17571 -0.08995 -1.24556 -1.87187 -0.43752 0.13100 -0.19368 -0.52033 -0.22040 0.37995 -0.49200 1.24604 0.34613 -0.80339 -0.25239 0.60350 -0.86103 0.38840 0.07517 0.50405 -0.52996 -0.01006 0.14897 -0.89005 -0.09692 0.44872 -1.47933 0.71348 0.15457 -0.94432 -0.86935 
1.30033 -2.15703 -1.46100 -1.76395 1.00206 -2.97140 1.85037 -1.66788 -2.09457 -0.09447 -1.13403 -3.24146 -0.77944 0.02893 0.22787 -0.59211 0.09145 0.50779 -0.44024 1.11022 0.85411 -0.54530 0.84415 -0.01981 -0.76324 0.18100 -0.00667 0.30225 0.07931 0.41404 -0.21828 0.27823 -0.96328 -0.48165 0.81199 0.86374 -1.67262 1.05935 0.22727 
1.42438 -1.94058 -1.34095 -1.20658 1.37810 -2.77237 2.49390 -1.20918 -1.72101 0.75420 -1.26537 -2.63512 -0.25651 0.12433 0.10858 -0.44103 0.19363 0.16167 -0.21376 0.28275 -0.13552 0.00860 0.61136 -1.06912 0.19832 0.61567 0.04001 -0.14820 -0.04196 -0.13578 -0.60559 0.12720 -1.38186 -0.66730 0.77084 -1.50377 -0.18584 0.16429 -0.27168 
1.42466 -2.04846 -1.90202 -1.57032 1.16373 -3.18516 2.13312 -1.80339 -2.08597 0.51688 -2.20315 -3.04314 -0.16377 0.06894 0.07967 -0.63407 -0.04433 -0.09780 -0.31304 -0.27164 0.18681 0.22553 -0.65962 -0.20565 -0.59895 -0.09068 0.35706 -0.19713 0.30922 1.34757 -1.20345 1.45123 -0.03805 0.13368 1.75031 -1.21606 1.85729 0.72616 -1.19689 
1.49332 -1.86091 -1.97502 -1.25090 1.28030 -3.08541 2.22226 -1.02237 -1.49548 0.09458 -1.47102 -3.23406 -0.34719 0.48139 -0.08855 -0.13181 1.54120 -1.04178 1.23747 0.24470 -0.00183 1.75891 -0.60470 0.78817 0.92448 -0.58122 -0.19474 -0.28374 0.46305 -0.54673 -0.08838 0.21314 0.49632 -1.32391 -0.94319 1.11049 -0.72310 0.25438 0.19260 
1.90605 -2.13701 -2.03383 -0.02912 0.12195 -1.94770 2.37783 -1.80523 -0.32707 -0.08782 -1.41497 -2.11866 -0.74499 -0.12580 -0.20407 -0.17102 -0.59106 -0.18618 -0.09990 0.22468 -1.13710 -0.71766 0.45087 -0.92875 -0.34457 0.10192 -0.69010 0.23753 0.40314 -1.97497 1.38948 -1.41234 0.12909 -0.15523 -1.93365 1.14509 -1.31606 -0.66038 0.68932 
1.36752 -2.06498 -2.14604 -1.84196 1.09412 -3.18530 2.44695 -2.15947 -2.21314 0.54546 -2.39977 -3.57863 -0.24527 -0.20871 0.14898 0.27133 -0.43377 0.34771 -0.17487 0.37379 -0.15707 -0.17474 0.54039 -0.52788 0.26410 0.10810 0.43044 0.17971 0.18476 1.84038 -0.54712 0.97307 0.24040 0.50209 2.69862 -1.00200 1.34081 1.87431 -1.36299 
1.69734 -1.98803 -1.76250 -0.46289 0.46966 -2.12256 2.75162 -1.96230 -0.50181 0.45257 -1.94286 -1.85456 -0.63688 0.30464 -0.02436 0.01374 1.24932 -0.73329 0.87318 0.46508 -0.63501 1.98096 -0.55113 0.41206 1.52974 -1.26107 0.04980 -0.35042 -0.61505 -0.10241 -0.66821 -0.22617 -0.84271 -0.93223 -0.11586 -1.30412 -0.18200 -0.76424 -1.13282 
1.67216 -2.08934 -2.13230 -0.59264 0.36083 -2.31213 2.91203 -2.79448 -0.23218 -0.00567 -1.98772 -2.04889 -1.50634 -0.15891 -0.20144 -0.34372 -0.53618 -0.32050 -0.40104 -0.46892 -1.08930 -0.29061 -0.76374 -0.70988 -0.50014 -1.02471 -0.31875 0.11218 0.17789 -0.89457 0.68090 -0.89338 -0.47358 1.43677 -2.40912 1.14408 -1.32264 -0.80049 1.73416 
1.53844 -2.18947 -2.10621 -0.99906 0.14916 -2.52360 2.28270 -3.05160 -0.79242 -0.31117 -2.65274 -2.35470 -1.66159 -0.01411 0.08782 0.19163 0.35475 -0.05239 -0.02020 -0.00850 0.80175 -0.42816 0.59295 -0.91058 0.72925 0.47309 0.29770 0.34186 0.55927 1.25534 0.44848 0.80253 0.76429 1.95124 0.22383 1.38297 0.71375 2.06562 1.61663 
1.65805 -2.00152 -1.94067 -0.23789 0.30844 -2.33233 2.90353 -1.99273 -0.66034 0.58728 -2.89830 -1.31964 -1.03325 0.13880 0.14041 0.21555 0.71917 0.12798 0.40149 0.29537 0.86193 -0.06678 0.61923 0.00388 1.56548 0.59192 0.16533 -0.28605 0.73120 -0.79813 0.29346 0.24847 -0.00820 -0.89572 1.12286 -1.71059 2.61165 -1.09224 0.11527 
1.67723 -2.04906 -1.89066 -0.27990 0.27714 -2.12211 2.57807 -2.18966 -0.85920 0.30806 -2.64886 -0.78922 -1.06968 0.15122 -0.19824 0.92283 -0.44338 0.24107 0.22827 -0.01670 -0.09396 0.69470 -1.11764 1.70106 -0.36299 0.58836 0.02232 -0.61465 0.41210 -1.79269 -0.33670 -0.84300 -0.45571 -1.37272 0.88151 -2.05443 0.26425 -1.97858 -0.90529 
1.80927 -2.19976 -1.01784 -0.68126 0.54951 -2.10406 2.88683 -2.08669 0.03436 -0.53036 -1.19723 -1.68263 -0.44489 0.16112 -0.47424 0.62765 -1.07352 -0.20872 -0.44150 -0.16034 -0.51078 0.81473 -1.43520 0.26813 -0.41310 -0.31337 -0.06635 0.32437 -1.05233 -0.04232 -0.59012 -0.15984 -0.83799 0.48956 -0.29721 0.21270 -2.37932 0.90483 0.19669 
1.83835 -2.52330 -1.26301 -1.35342 0.06842 -2.56361 2.41773 -2.70044 -0.04447 -1.12713 -2.38073 -1.20232 -1.38305 0.08487 0.12613 -0.12949 -0.48570 -0.34905 0.06843 -0.85469 0.39560 0.39749 -0.90494 -0.67826 0.54184 0.78506 -0.01302 0.88776 -0.77598 0.95617 -0.12409 0.69169 -0.29378 0.70931 -1.42738 0.95069 -0.15171 0.47119 1.64088 
1.89413 -2.07363 -1.14734 -1.16696 0.20046 -2.03563 2.03214 -1.69109 0.43185 -1.43530 -1.87549 -1.14079 0.34017 0.14809 0.41352 -0.14833 -0.11735 -0.33281 0.25019 -0.45412 0.19853 -0.61265 -0.48450 0.11642 0.05809 1.32751 0.10079 0.19364 0.26320 0.57661 0.03464 0.09447 0.12774 -0.63065 -2.05766 0.80707 1.03774 -1.18121 -0.18353 
1.98645 -2.10977 -1.41134 -1.47077 -0.26439 -2.31343 1.96360 -2.50191 -0.65712 -1.61164 -2.26432 -1.14422 -0.05554 0.18566 0.31976 0.13371 0.09091 -0.31441 0.16289 -0.72695 -0.23506 -1.66017 -0.09787 0.35949 -0.63937 0.60153 -0.10938 0.20194 0.53069 0.81340 0.48690 0.44653 -0.53695 0.21701 -0.63407 -0.24040 0.61847 -1.06770 -0.46873 
2.07979 -1.75387 -1.01363 -1.07605 -0.11395 -1.87274 1.30519 -1.92615 -1.22833 -1.53317 -1.51600 -1.78016 0.94170 0.03871 0.61546 0.38237 0.69605 0.15409 0.69672 -0.99107 0.41555 -1.24672 -0.72490 0.73489 -1.00961 0.85878 -0.45932 0.20457 -0.04106 0.23354 0.51709 0.13615 0.48152 0.37378 -0.10958 -1.42747 -0.20393 0.38148 -0.93562 
2.02516 -1.49431 -1.02898 -0.77471 -0.11030 -1.61671 0.97253 -2.08636 -1.90384 -2.33654 -1.52942 -2.15383 0.80324 -0.27366 0.52434 0.09265 0.32445 0.20267 0.29904 -0.24543 0.13872 -1.76976 -1.52534 0.15555 -0.25789 -0.33410 -0.35524 -0.29359 -0.00691 -0.24052 0.14837 -0.45885 0.82094 0.34672 1.28280 -0.57440 -0.95793 1.20943 -0.87269 
1.80613 -1.22953 -0.92098 -0.75160 0.08872 -1.57370 1.05976 -1.78743 -2.99809 -3.05851 -1.36045 -2.03805 0.60760 -0.31653 0.32187 0.37546 0.45553 0.30246 0.23787 -0.17014 0.76227 0.03608 -1.29930 -0.22304 0.19982 -0.01391 0.18152 -0.35331 0.07046 0.15608 0.18368 -0.11420 -0.44800 0.29325 2.90809 0.69750 -0.90489 0.72434 1.88935 
1.70863 -1.17244 -0.65352 -0.31918 0.19217 -1.37884 0.80240 -1.32410 -1.86776 -3.63584 -1.75247 -1.95401 0.78933 -0.09215 0.17102 0.16311 0.48053 0.38636 0.18484 -0.69343 0.43197 1.13833 -0.82784 -0.74934 0.46646 1.55525 0.35786 -0.43706 -0.43797 -0.53632 0.10241 -0.29802 -0.58456 -0.78727 -1.01133 0.58508 -0.02233 0.26143 2.00926 
1.71398 -1.05850 -0.75787 -0.27107 0.47508 -1.38885 0.36633 -1.35546 -1.85975 -3.88635 -2.10979 -1.57159 2.16285 0.04134 -0.11519 -0.06251 -0.08079 0.40488 -0.06016 -0.75469 -0.02501 -0.97525 -0.71422 -0.24537 0.46126 1.99535 0.32069 -0.83017 -0.35448 -0.79288 -1.12494 -1.01158 0.90408 -0.84999 -1.41273 2.27214 1.19982 -0.36116 -1.91397 
1.74997 -1.28764 -0.71603 -0.39997 0.59705 -1.43900 0.04770 -1.34910 -2.84301 -4.35007 -1.99784 -1.49275 2.78468 0.22854 -0.65914 -0.19137 -0.31235 -0.73858 -0.82673 0.21065 -0.41802 -0.27440 1.44430 0.45047 0.10530 -0.35872 0.10752 -0.85725 -0.06387 -0.21154 -1.20487 -0.50470 1.74143 -0.03287 2.15543 3.67551 1.22752 -0.26130 -2.68768 
1.94252 -1.71765 -0.94924 -0.58342 -0.26350 -2.21559 0.57698 -1.77348 -2.13415 -2.44205 -1.65932 -1.46629 1.80413 0.14886 -0.97244 -0.12638 -0.29232 -0.79999 -0.56486 0.98674 -0.05788 1.18018 2.96129 0.98215 0.19995 -0.69233 -0.31376 -0.15422 0.52457 -0.41296 0.84150 1.05506 0.26554 0.99613 0.43135 0.50172 0.51919 0.09487 0.19430 
1.89883 -2.26008 -0.84240 -0.69229 -0.20294 -2.00386 1.03444 -1.40698 -1.66283 -1.38878 -1.01569 -1.29280 2.09236 -0.08521 -0.81337 0.33320 -0.72530 0.10292 0.22833 0.47619 0.57811 0.15695 1.94602 0.96966 0.20017 -0.16442 -0.14003 0.61140 0.58539 -0.31076 0.95185 0.92086 -0.81318 0.28885 -1.08336 -1.88312 -0.28725 0.45162 0.61397 
1.85731 -2.53101 -0.61604 -1.30872 -0.16058 -1.98726 1.05317 -1.19537 -1.97720 -0.49603 -0.68965 -1.26612 1.63971 0.00883 -0.36104 0.45901 -0.60308 0.15186 0.35600 0.17356 0.23097 0.09681 1.07817 0.69490 0.65157 -0.07836 0.19318 0.67257 0.02112 0.60642 -0.03155 0.19294 -0.37103 0.08181 0.54023 -1.63289 -0.38923 0.19936 1.37396 
1.90765 -2.62112 -0.38339 -1.29537 -0.05109 -1.64786 1.20800 -1.17601 -1.56602 -0.31060 -0.32079 -0.64122 2.01400 0.10797 -0.14079 0.35432 -0.11888 0.07137 0.42127 0.10516 0.65992 0.69718 0.31312 0.58044 0.39954 1.20954 -0.05529 0.23650 -0.37316 0.03337 -0.43999 -0.69068 -0.63863 0.64975 0.13716 -1.22214 -0.34849 -2.27459 0.60193 
1.96528 -2.67181 -0.26172 -1.42761 -0.08921 -1.56599 1.15832 -0.53544 -1.28002 -0.18291 -0.10922 -0.86658 2.84925 -0.04646 -0.12454 0.08585 -0.56971 -0.28814 -0.33468 -0.46507 0.88072 0.23397 -0.14396 0.34641 -1.62302 0.52357 -0.09916 0.08453 -0.44966 -0.03747 -0.19444 -0.37480 -0.12357 -0.70781 -0.24085 -0.17018 -0.31336 -0.99711 -1.65152 
1.86119 -2.74566 -0.29754 -1.86508 -0.33922 -1.98254 0.74292 -0.29529 -1.33205 -0.45457 0.02562 -2.26424 2.53758 0.00881 -0.05627 -0.09535 -0.15635 -0.12307 0.04647 -0.01841 -0.04789 0.45633 0.14294 0.26707 -0.59758 -0.44198 0.08628 0.23395 -0.23823 1.40138 0.39772 0.66924 0.73706 -1.65178 0.01235 0.26975 -0.12753 2.86940 -0.83748 
1.97409 -2.72807 -0.35707 -1.58396 -0.21229 -1.51952 1.13991 -0.58333 -0.82369 -0.03997 0.15785 -1.46416 2.40727 0.03981 0.10941 -0.15238 0.83167 0.10959 0.33455 0.27198 -0.77106 0.24632 0.12579 0.21888 1.24639 -0.31391 -0.18110 0.15304 0.01926 0.76210 0.09751 -0.55071 -0.14848 -1.22310 -0.67521 -0.06111 -0.69978 1.01518 0.06437 
1.90100 -2.63624 -0.44992 -1.03341 -0.22963 -1.64799 1.01491 -1.06635 -1.08573 -0.32878 0.24450 -1.01786 2.22367 -0.17229 0.09677 -0.07609 0.60575 -0.02556 -0.50424 -0.16689 -1.27099 -0.21888 0.08183 -0.43271 0.41760 -0.37761 -0.13294 -0.11920 0.18518 -0.45604 -0.00257 -0.31075 -0.59091 -0.64036 -1.17796 -0.20603 -1.00467 -1.65023 0.55895 
1.80181 -2.63130 -0.43316 -0.97821 -0.23784 -2.02376 0.97302 -1.85432 -1.04257 0.04186 -0.27486 -1.04656 2.02966 -0.09312 -0.00979 0.03280 0.37563 0.10702 0.02380 -0.31893 -1.41142 -0.93164 -0.08024 -0.78579 -0.40384 0.24504 0.18214 -0.01668 0.13149 -0.60827 0.35163 1.18831 -0.07396 0.42604 -0.50419 -0.47225 0.03272 -1.28862 0.27830 
1.80788 -2.64603 -0.41712 -0.65779 -0.12262 -1.62419 0.69598 -2.47776 -2.01737 -0.40902 -0.54129 -1.42170 2.46871 0.00986 0.08009 0.05541 -0.00252 0.32607 0.68407 -0.24085 -0.84495 -0.72307 -0.39043 -0.39999 -0.87102 -0.09931 0.01997 0.34152 0.10143 -0.76892 0.19130 0.08698 1.01508 1.68013 1.44757 -0.01228 0.49006 0.46553 -1.12799 
1.81166 -2.55122 -0.37775 -0.98072 0.08823 -1.33968 0.73217 -2.69927 -1.76564 -0.34857 -0.67484 -1.91758 1.93035 -0.07316 0.33173 0.13423 -0.39329 0.29832 0.11078 0.69615 0.26872 0.51592 -0.09252 -0.29573 0.06169 -0.88295 -0.13009 0.40264 -0.05272 0.06871 0.25728 -0.62230 0.34157 0.76936 0.12609 0.57212 -0.14082 1.11121 -0.27888 
1.73472 -2.31430 -0.28289 -1.05107 0.17570 -1.51340 1.39213 -2.20904 -1.50145 -0.50154 -0.83701 -1.36001 1.58576 -0.12023 0.48273 0.00269 0.06619 0.58336 0.06177 0.10072 -0.07559 -0.59698 0.18169 -0.54080 0.24019 -0.37819 0.00389 0.44209 -0.09102 1.02306 0.53658 0.26738 -1.25540 -0.95857 -1.83126 -0.05480 -0.21710 -0.66147 1.04318 
1.69143 -2.06849 -0.37506 -0.91453 0.67159 -1.27791 0.83290 -2.77486 -2.36262 -0.16688 -1.21564 -1.67739 1.55217 -0.06927 0.77382 0.04321 0.62977 0.83490 0.37816 -0.55925 -0.68985 -1.31533 -0.14732 -0.51282 -0.59979 0.16023 -0.04189 0.32887 0.31555 0.92732 -0.14292 0.06916 -0.92028 0.30006 0.95416 -0.57031 0.17242 -0.56142 0.71009 
1.66545 -1.54048 -0.23968 -0.42130 1.01060 -1.13524 0.83289 -2.89889 -2.81678 -0.64885 -1.34984 -1.95980 1.74598 -0.16212 0.81159 0.31823 0.99351 0.44044 0.13093 -0.81955 0.22447 0.35718 -0.38862 -0.36838 -0.32124 0.33190 -0.19893 -0.24226 0.21413 0.16604 -0.46784 -0.35651 -1.05104 1.30190 2.68337 -1.12742 -0.33534 1.11980 0.82219 
1.52931 -1.25690 -0.05682 0.07898 1.11202 -1.14698 0.01334 -2.55038 -2.00544 -0.55550 -1.58402 -1.99863 1.88407 -0.26820 0.53156 0.25734 0.79581 0.36706 0.02165 -1.61029 0.61205 1.36804 -1.27474 -0.84817 0.52001 0.98241 0.00579 -0.23920 0.18573 -0.12912 -0.10162 0.22983 0.14887 -0.06162 0.49123 -1.36659 -0.78266 0.00530 -0.78833 
1.39724 -1.00892 0.01765 0.37451 1.37767 -1.11359 -0.77740 -2.28684 -1.44874 -1.92360 -2.19801 -1.43979 2.72839 -0.15632 0.57239 0.50397 0.86439 0.33882 0.36076 -0.67068 0.16285 0.84841 -1.75521 -1.15104 -0.31593 -0.45643 0.33610 0.15631 0.19750 -0.56294 0.00486 0.19344 1.20408 -0.43283 -0.25893 1.09781 0.06431 -0.50696 -2.27277 
1.37299 -0.68450 0.44714 0.94336 1.45084 -0.78623 -0.65733 -2.38754 -1.15702 -2.31070 -2.73506 -2.31456 1.42764 0.06790 0.68787 0.45483 0.23287 0.37192 0.21509 -0.40621 0.17922 1.10911 -0.17693 -0.78386 0.01305 -1.29035 0.16509 -0.12757 -0.65068 -1.54423 -0.42150 -0.61776 0.15065 0.10529 -0.50204 0.92743 0.77585 0.85567 0.40861 
1.46514 -0.32105 0.47249 0.60738 1.74959 -0.89851 -1.18362 -2.10762 -0.33963 -2.10053 -2.98186 -1.42674 1.43804 0.00876 0.44482 -0.14671 -0.67984 -0.08269 -0.25700 -0.52003 0.26814 0.34637 -0.82777 -0.37519 0.53974 -0.04782 -0.61150 -0.59179 -0.90811 -0.76262 -0.99328 -0.12117 0.76577 0.05791 -1.62728 -0.21715 1.98606 -0.38140 -0.04541 
1.38175 -0.23968 0.30043 0.26352 1.36815 -1.04323 -1.17736 -2.11940 -0.81065 -3.13847 -3.11025 -1.77483 1.37982 -0.54360 0.09608 -0.45328 -0.52975 -0.62135 0.09392 0.35956 0.23714 -0.51817 -0.39409 1.20221 -0.36835 -1.33577 -0.82848 -0.10138 0.22797 0.53600 -0.15278 1.12714 1.44137 0.24016 -0.98865 1.99227 2.30690 -0.40988 -1.32324 
0.92155 -0.22498 0.01921 0.07762 1.12824 -0.80458 -0.82406 -1.87048 -0.85781 -2.49462 -1.77966 -1.79509 0.10228 -0.81972 0.34344 0.08125 -0.14385 -0.23547 0.87014 0.92134 0.50830 -0.64228 1.16450 1.93171 0.12986 -1.37105 -0.11447 0.09396 0.70665 0.25188 -0.16393 0.22208 -0.18211 0.56405 -0.04971 0.82278 -0.40679 0.92243 1.04203 
0.56203 0.10376 0.38168 0.11967 1.13269 -0.17309 -0.25603 -1.61110 -1.45293 -1.97398 -1.17854 -1.64497 0.00877 -0.65807 0.19003 0.25337 -0.27788 -0.78528 0.31600 0.17745 0.80118 -0.56788 0.42870 0.79542 0.55408 -0.29373 0.37740 -0.46849 -0.43818 -0.05792 -0.69561 -0.97262 -0.69537 0.53394 1.53496 -0.25145 -1.22048 0.16928 0.88784 
0.26348 -0.03494 0.27258 -0.20025 0.34295 -0.48858 -0.64661 -1.06930 -1.42569 -2.06592 -0.98424 -1.24102 -0.19146 -0.44232 -0.12505 -0.35692 -0.20177 -0.93107 -0.10248 0.22597 1.04224 0.89269 0.91305 0.71123 0.29914 -0.48321 0.31144 -0.16929 -0.54036 0.28741 0.53924 -0.09500 0.86245 0.39646 2.32943 1.56661 0.20185 0.74640 0.62000 
0.11972 -0.02129 0.02476 -0.08210 0.20162 -0.27557 -0.03006 -0.56886 -0.56024 -1.06093 -0.46731 -1.34582 -0.47445 -0.34663 0.02075 -0.28699 0.00954 -0.24604 0.22100 1.03990 1.19765 1.76154 1.99530 0.99726 1.30048 0.32626 0.29171 0.18283 0.49481 -0.17785 0.81011 0.15966 -0.13536 -1.15371 -0.63852 -0.17643 -0.60421 1.17375 0.59839 
-0.08315 -0.01420 -0.01441 -0.19072 0.09691 -0.26758 0.39329 0.12835 0.33585 -0.07062 0.01302 0.05946 0.13481 -0.15061 0.05777 0.13788 -0.37962 -0.12096 0.05718 0.09061 -0.11147 0.25417 0.73662 0.10703 1.47289 0.11518 0.46289 -0.11748 0.39620 -0.01365 0.27084 -0.18191 -1.18539 -1.65844 -1.92751 -2.08654 -0.71443 -1.58315 -0.30751 
-0.03090 0.03648 0.16264 -0.46172 0.08066 -0.21839 0.06055 -0.68033 -0.30608 -0.32431 -0.36028 0.12707 -0.35927 0.11626 -0.09673 0.10922 -0.00411 0.02480 0.03909 -0.14549 -0.46079 -0.16597 -0.09123 0.28284 -0.28267 0.01875 0.21311 -0.14994 -0.33193 0.64678 0.10121 0.08365 0.05324 0.75881 0.22437 -0.65590 0.47355 -1.69300 0.65536 
0.03311 -0.11093 0.09481 -0.19483 0.12170 -0.22849 0.24780 -0.33244 0.16988 -0.16185 0.29586 -0.22321 0.15356 0.06250 -0.09217 -0.19405 0.26716 -0.01975 0.14083 0.14385 0.64734 0.47853 0.08072 0.58057 -0.22010 0.77054 -0.22222 0.18459 -0.10917 0.08397 -0.11780 0.05705 0.00984 0.71544 0.22081 0.17843 -0.45220 0.51742 0.03005 
0.03161 -0.05569 -0.03141 -0.19456 0.06090 -0.07757 0.20440 -0.03300 0.17246 -0.24359 0.22029 -0.09304 0.41127 -0.10595 0.08786 0.00005 0.07986 -0.09300 0.09615 -0.13564 0.25465 0.05484 0.08720 -0.16936 0.23475 0.04880 -0.09458 0.09633 0.32542 -0.10498 -0.02168 -0.09622 -0.22928 -0.75466 -0.41998 0.17713 -0.91795 0.22876 -0.86811 
-0.07284 -0.02307 0.09486 -0.11497 0.02871 -0.13234 0.11216 -0.07779 0.22473 -0.07465 0.12651 0.01154 0.20235 -0.03208 0.00417 0.13137 0.16218 -0.04143 0.04460 -0.08543 -0.10733 0.05855 0.25785 -0.33737 0.00866 -0.09757 0.14019 -0.12546 -0.11299 -0.09875 0.25436 -0.09262 0.15011 -0.18482 -0.27239 -0.17141 0.07797 -0.33328 0.03187 
-0.00047 -0.05152 0.09996 -0.03237 0.01947 -0.03297 0.11896 -0.14032 0.23100 0.01425 -0.11708 -0.08438 0.31370 0.03424 -0.03760 -0.11294 -0.01889 0.16136 0.00353 0.01446 0.06983 -0.21755 -0.08421 -0.09138 -0.09853 0.08067 -0.00360 -0.02302 -0.21501 -0.38611 0.02103 -0.15307 0.42703 0.19860 -0.50838 -0.31438 0.56399 -0.00231 0.05367 
-0.03860 -0.06067 -0.01808 -0.13386 0.19006 -0.12882 0.12662 -0.00796 0.00718 -0.15885 0.03513 -0.08699 0.28302 -0.03568 -0.01885 -0.08364 -0.22392 -0.02041 -0.10847 0.34160 0.09128 -0.44983 -0.05654 0.22662 0.00634 -0.04390 -0.02868 0.06443 0.16879 0.17215 -0.33827 0.11451 -0.16523 -0.18676 0.60047 0.01661 0.09457 -0.10300 0.15083 
-0.03616 -0.07037 0.01632 -0.25630 -0.00094 -0.14144 0.46056 -0.04905 -0.21882 -0.04228 0.10953 -0.07804 0.26980 0.00556 0.02683 0.05585 0.15326 -0.17691 0.11803 -0.15077 -0.11693 0.38292 -0.06759 0.00319 -0.20153 0.23150 0.11113 0.03319 0.20742 0.35949 0.15204 0.09687 -0.72211 -0.31467 0.78738 -0.40065 -0.39102 -0.26832 0.14210 
-0.03305 -0.03384 0.03776 0.01940 0.01315 -0.01078 -0.02415 -0.12488 0.39010 -0.22645 0.03832 -0.28852 0.51453 0.07544 0.01434 0.12378 0.13556 0.13163 -0.01160 -0.38052 -0.22340 0.33755 -0.45719 -0.16440 -0.26197 0.09819 0.03528 -0.00989 -0.05693 -0.22748 0.21723 -0.15887 0.26022 0.17550 -0.68898 0.21476 0.03473 0.38504 -0.62979 
0.03929 -0.05603 0.14010 -0.12074 0.13069 -0.15304 0.08004 -0.27245 0.11873 -0.49947 -0.05487 -0.34001 0.36799 0.04084 0.01694 -0.00108 -0.07422 0.04032 -0.04084 0.10946 0.05858 -0.30607 0.14717 0.03792 0.18351 -0.39829 -0.12332 0.00628 -0.20318 -0.12018 -0.24899 0.13610 0.42005 0.39039 -0.30118 0.89222 0.33782 0.39249 -0.28449 
0.00779 -0.01691 0.03668 -0.05483 0.05347 -0.05162 0.08531 -0.06630 0.08404 -0.07928 0.07624 -0.10501 0.11624 -0.04787 0.02062 -0.07940 0.01538 -0.11737 0.12450 0.03953 0.16699 0.03637 0.43504 0.17342 0.13052 -0.18629 -0.04220 -0.05424 -0.07394 0.12870 -0.05026 0.05557 -0.12687 -0.06053 0.33303 -0.31432 -0.10377 -0.28532 0.76664 
-0.00858 -0.03541 0.06070 -0.10535 0.01332 -0.02853 0.11958 -0.10546 0.15510 -0.06443 0.11855 -0.20949 0.18170 -0.00137 -0.03730 -0.07502 0.05447 -0.00994 0.01473 -0.01741 -0.00195 0.02696 -0.16715 -0.06585 -0.10181 0.36835 0.05022 -0.06129 0.13729 0.01192 0.31908 -0.02397 0.38405 0.06429 0.25540 -0.70045 -0.51893 -0.52752 0.42893 
0.00642 -0.05421 -0.03834 -0.00036 0.04354 -0.03690 0.06790 -0.06825 0.11100 -0.24642 0.01038 -0.20682 0.48459 0.00235 -0.04067 0.05789 0.02731 0.20171 0.10053 0.42358 0.23128 0.29177 -0.26541 -0.34552 -0.39700 0.24264 0.00147 0.05131 0.16695 -0.15632 0.08847 -0.05495 0.07189 -0.01072 0.00864 0.21537 0.10669 0.09606 -0.51416 
-0.00624 -0.07608 0.11859 -0.07805 0.21504 0.07200 0.54315 0.12582 0.44687 -0.32984 -0.22697 -0.60649 0.42434 0.00010 0.01401 0.09193 -0.10185 0.07854 -0.04022 0.05448 -0.01267 0.03560 0.04822 0.04084 -0.00575 -0.14581 -0.00117 0.08149 -0.13713 -0.00480 -0.32156 -0.24151 -0.90593 -0.42823 -0.64813 0.52343 0.67954 0.89937 -0.61074 
0.00652 -0.04020 0.05359 -0.10220 0.12208 -0.07712 0.12238 -0.08092 0.14660 -0.19821 0.05123 -0.21257 0.33878 0.00117 0.04082 -0.07924 0.02251 -0.11984 -0.14098 -0.48235 -0.19695 -0.35636 0.25802 0.33402 0.50237 -0.36810 0.02928 -0.05348 -0.03250 0.10244 -0.07778 -0.04363 0.04135 -0.01981 0.11637 -0.15607 0.02908 -0.11628 0.11281 
