0.01080 -0.02968 0.12478 -0.05097 0.02286 -0.03104 0.12405 -0.19850 0.13755 -0.10235 0.09528 -0.05153 0.17225 0.01519 -0.02964 0.17252 -0.10069 0.06246 -0.08373 0.17335 -0.09390 0.16130 -0.21306 0.35687 -0.04401 0.17092 -0.03610 -1.18233 1.99164 -0.48896 0.16875 -0.09232 3.90157 -0.84790 -1.08768 -0.27957 3.17656 0.04474 1.61610 
0.02578 -0.05718 0.28510 -0.14759 0.08495 -0.11456 0.29222 -0.28451 0.30040 -0.32902 0.47819 -0.10129 0.34713 -0.08872 -1.02526 1.23310 -0.31277 0.20576 -0.08815 3.11341 -1.16508 -1.64894 -1.24872 1.67897 -0.30525 0.65637 -0.25363 -1.27531 1.53497 -0.45310 0.06730 0.11888 4.52453 -1.60175 -2.21435 0.86597 1.94135 -0.46919 -0.41069 
-0.07792 -1.05494 1.35788 -0.36374 0.22862 -0.11919 3.23746 -1.36358 -1.51139 -1.35108 1.77425 -0.35678 0.82862 -0.23844 -1.30495 1.70749 -0.55380 0.12976 0.03514 4.69788 -1.69565 -2.05306 0.65291 2.29822 -0.51320 -0.23978 0.18781 2.03764 -2.42581 0.60052 -0.38516 0.13654 -6.18597 2.27873 3.36730 2.40362 -3.20068 0.56200 -1.26886 
-0.21265 -1.36213 1.99259 -0.70139 0.21471 -0.07942 4.99011 -1.98016 -1.75266 0.32389 2.77641 -0.61449 0.10735 0.09909 1.01238 -1.19271 0.28775 -0.17941 0.04839 -3.07256 1.11365 1.71836 1.15489 -1.52171 0.25674 -0.61249 0.46154 2.63932 -3.56304 1.19370 -0.32195 0.01579 -9.55754 3.48012 3.92311 -1.06949 -4.96222 1.07691 0.28760 
0.02117 -0.04256 0.16517 -0.07599 0.04921 -0.07080 0.16489 -0.24993 0.20697 -0.19618 0.25254 -0.10004 0.21613 0.22310 1.33437 -1.85555 0.63990 -0.19219 0.05093 -4.85966 1.78447 1.87006 -0.41658 -2.66400 0.56371 0.04783 -0.10689 -0.99305 1.12910 -0.26703 0.15806 -0.01269 3.02659 -1.01634 -1.81931 -1.08052 1.44047 -0.21144 0.51942 
0.01045 -0.02775 0.13704 -0.06149 0.02252 -0.02849 0.13045 -0.19569 0.11740 -0.09269 0.11241 -0.05078 0.15518 -0.00780 0.01933 -0.06361 0.02072 -0.02135 0.03570 -0.04598 0.09730 -0.10095 0.07437 -0.08124 0.04530 -0.09307 -0.22059 -1.32951 1.82064 -0.63501 0.19851 -0.05875 4.85086 -1.74200 -1.88320 0.39138 2.71649 -0.56601 -0.08160 
0.01337 -0.02323 0.10156 -0.05527 0.02786 -0.03510 0.11891 -0.15263 0.10603 -0.12181 0.17131 -0.05474 0.12306 0.00252 0.00487 -0.03491 0.00489 0.00631 -0.00782 -0.00879 0.04247 -0.01314 -0.02520 0.05249 -0.00229 -0.03377 0.00441 -0.01645 0.06831 -0.03190 0.02954 -0.04594 0.06919 -0.10259 0.08621 -0.04151 0.02732 -0.03119 0.07887 
0.01297 -0.02289 0.10212 -0.05661 0.02883 -0.03631 0.12166 -0.15323 0.10425 -0.11789 0.16490 -0.05307 0.12141 -0.00340 0.00288 0.00470 -0.01118 0.00819 -0.01024 0.02321 -0.00528 -0.01474 0.03286 -0.05391 0.01411 -0.01419 0.00729 -0.01972 0.09738 -0.04448 0.00938 -0.01422 0.08779 -0.14779 0.07051 -0.06038 0.07683 -0.03584 0.09657 
0.00997 -0.02035 0.10626 -0.06645 0.03605 -0.04533 0.14212 -0.15791 0.09129 -0.08895 0.11739 -0.04063 0.10887 0.00981 -0.01485 0.06247 -0.03959 0.01569 -0.02204 0.07900 -0.10532 0.05736 -0.08559 0.12932 -0.03813 0.06280 0.00499 -0.00798 -0.00778 0.02546 -0.01458 0.01839 -0.05596 0.01159 0.04453 -0.06649 0.08210 -0.02995 0.05300 
0.02278 -0.03774 0.16459 -0.09620 0.04453 -0.05835 0.20066 -0.25855 0.16162 -0.20348 0.29422 -0.09121 0.18421 0.00159 -0.00510 -0.00308 0.01428 -0.00639 0.00815 -0.03276 0.00631 0.02979 -0.03363 0.02819 -0.01584 0.03881 -0.01223 0.01908 -0.05134 0.05819 -0.00655 0.02412 -0.07885 0.11404 -0.06170 0.03927 -0.26569 -0.00112 -0.11227 
0.01156 -0.02545 0.10318 -0.05218 0.02966 -0.03718 0.10937 -0.15160 0.12108 -0.12258 0.14558 -0.05647 0.14768 -0.00242 0.00423 0.01112 0.01860 0.00915 0.00209 0.00015 0.00872 -0.00434 -0.04632 -0.13636 -0.03925 -0.04947 -0.00250 -0.02042 -0.01211 -0.08974 0.01234 -0.05462 0.06358 -0.13988 -0.01606 -0.04508 0.14317 0.00635 0.03099 
0.02036 -0.03351 0.17571 -0.07760 0.05367 -0.05626 0.20081 -0.24983 0.15728 -0.24980 0.15786 -0.13046 0.13474 -0.00091 -0.02553 -0.01519 -0.07546 0.00595 -0.04647 0.03082 -0.13357 0.01373 -0.07872 0.17136 -0.00949 0.06979 -0.00565 0.00584 -0.08024 0.00305 -0.03599 0.01991 -0.07712 0.07690 -0.04402 0.18140 0.13513 0.11615 0.04611 
0.01066 -0.05098 0.08799 -0.12763 0.03562 -0.08365 0.14019 -0.28517 0.13481 -0.20130 0.31694 -0.06596 0.21747 -0.00807 0.01007 -0.06911 0.02165 -0.02684 0.02200 -0.07697 0.08562 -0.04836 0.13508 -0.00123 0.07690 -0.00336 -0.00012 0.04573 0.02797 0.15221 -0.02075 0.08571 -0.08111 0.21773 0.02196 0.20438 -0.31794 0.02792 -0.11297 
0.01229 -0.02345 0.10660 -0.05596 0.02684 -0.03427 0.12384 -0.16421 0.10892 -0.11473 0.15662 -0.05356 0.13138 -0.00102 0.02020 0.01278 0.07675 -0.01479 0.03924 -0.05029 0.08416 0.03570 0.12566 -0.14658 0.01843 -0.04317 0.00843 -0.00899 0.06267 -0.02143 0.02852 -0.02382 0.07467 -0.07532 0.04471 -0.14000 0.01267 -0.07760 -0.00365 
0.00963 -0.03078 0.10077 -0.05088 0.02082 -0.04441 0.08990 -0.20101 0.17051 -0.07564 0.17036 -0.04752 0.17430 0.00036 0.00108 -0.00645 0.00022 0.00168 -0.00182 -0.00230 0.01030 -0.00365 -0.00492 0.01144 -0.00070 -0.00701 0.00476 -0.01265 -0.01198 -0.08115 0.02183 -0.02992 0.07930 -0.03578 -0.10018 -0.17184 0.14753 -0.02565 -0.00806 
0.01265 -0.02237 0.10015 -0.05574 0.02852 -0.03609 0.12155 -0.15391 0.10528 -0.11965 0.16806 -0.05426 0.12437 0.00374 0.00755 0.00079 -0.00439 0.00704 0.00932 0.02901 0.04838 -0.06448 -0.04618 0.00095 -0.00722 -0.05123 -0.00034 -0.00406 0.02058 -0.00019 -0.00567 0.00642 0.00421 -0.02936 0.01157 0.01248 -0.03077 0.00159 0.01957 
0.01337 -0.02323 0.10156 -0.05527 0.02786 -0.03510 0.11891 -0.15263 0.10603 -0.12181 0.17131 -0.05474 0.12306 0.00002 -0.00298 0.01414 0.00003 -0.00399 0.00459 0.00191 -0.01906 0.00793 0.00756 -0.01933 0.00089 0.01255 -0.00414 -0.00721 -0.00023 0.00306 -0.00607 -0.01053 -0.02627 -0.04898 0.06271 0.05010 -0.00736 0.00889 0.04958 
0.01267 -0.02535 0.11429 -0.05570 0.02453 -0.03150 0.12346 -0.17297 0.11320 -0.11209 0.14874 -0.05338 0.13692 -0.00040 0.00034 0.00057 -0.00133 0.00097 -0.00121 0.00274 -0.00060 -0.00177 0.00392 -0.00641 0.00167 -0.00165 -0.00007 0.00437 -0.01985 -0.00115 0.00660 -0.00758 -0.00142 0.02850 -0.01323 -0.00845 0.02405 0.00011 -0.02105 
0.01297 -0.02289 0.10212 -0.05661 0.02883 -0.03631 0.12166 -0.15323 0.10425 -0.11789 0.16490 -0.05307 0.12141 -0.00005 0.00139 -0.00571 -0.00112 0.00262 -0.00299 0.00049 0.00944 -0.00531 -0.00089 0.00472 0.00100 -0.00849 -0.00500 0.00357 0.00472 -0.00782 0.00434 -0.00543 0.01775 -0.01443 -0.00281 0.01800 -0.02941 0.00398 0.00890 
0.01261 -0.02396 0.10857 -0.05683 0.02715 -0.03449 0.12395 -0.16353 0.10790 -0.11298 0.15346 -0.05237 0.12843 -0.00540 0.00391 0.00529 -0.00915 0.00532 -0.00665 0.02049 -0.01503 -0.00458 0.02192 -0.03582 0.00565 0.00725 0.00009 -0.00266 -0.00472 0.00645 0.00092 -0.00054 -0.02000 0.01407 0.01559 -0.01581 0.00208 -0.00628 0.01943 
0.00757 -0.01898 0.10741 -0.06575 0.03415 -0.04296 0.14215 -0.16825 0.09967 -0.09597 0.12908 -0.04743 0.12866 0.00003 -0.00127 -0.01044 0.00533 0.00354 -0.00352 -0.01951 0.02350 0.01029 -0.01670 0.00681 -0.00527 0.01094 0.01080 -0.00782 -0.01058 0.01830 -0.01063 0.01329 -0.04098 0.03006 0.00916 -0.04384 0.07164 -0.01130 -0.01449 
0.01264 -0.02523 0.09814 -0.05149 0.03069 -0.03801 0.10444 -0.14002 0.11819 -0.12967 0.16026 -0.05765 0.13936 0.00540 -0.00391 -0.00529 0.00915 -0.00532 0.00665 -0.02049 0.01503 0.00458 -0.02192 0.03582 -0.00565 -0.00725 -0.00160 0.00260 0.01263 -0.01052 0.00025 -0.00121 0.03021 -0.02588 -0.01716 0.03196 -0.03178 0.01179 -0.01742 
0.01297 -0.02289 0.10212 -0.05661 0.02883 -0.03631 0.12166 -0.15323 0.10425 -0.11789 0.16490 -0.05307 0.12141 -0.00157 0.00133 0.00219 -0.00518 0.00379 -0.00473 0.01070 -0.00237 -0.00688 0.01526 -0.02497 0.00651 -0.00649 -0.00804 0.00615 0.00894 -0.01784 0.01168 -0.01460 0.03853 -0.01914 -0.01603 0.04746 -0.07772 0.01662 -0.00379 
0.01107 -0.02390 0.10033 -0.05668 0.03448 -0.04274 0.11514 -0.14240 0.11131 -0.11442 0.13530 -0.05114 0.13287 -0.00264 0.00224 0.00365 -0.00869 0.00637 -0.00796 0.01804 -0.00411 -0.01145 0.02554 -0.04190 0.01097 -0.01103 0.00387 -0.00066 -0.00096 0.00659 -0.01041 0.01238 -0.00693 -0.00786 0.00159 -0.02266 0.06098 -0.01012 -0.00332 
0.01033 -0.02065 0.10577 -0.06529 0.03520 -0.04427 0.13969 -0.15733 0.09280 -0.09235 0.12300 -0.04211 0.11038 0.00230 0.00067 0.00123 0.00140 -0.00662 0.00765 0.00377 -0.01023 -0.00528 -0.00740 0.03601 -0.00361 -0.00981 0.01238 -0.00946 -0.13322 0.00153 -0.01459 0.00531 0.02073 -0.03167 -0.00200 -0.12565 0.08483 -0.04518 0.03819 
0.01337 -0.02323 0.10156 -0.05527 0.02786 -0.03510 0.11891 -0.15263 0.10603 -0.12181 0.17131 -0.05474 0.12306 0.00974 -0.00722 -0.12957 -0.00715 -0.00823 -0.00265 0.03876 -0.03577 -0.01345 -0.10011 0.04293 -0.03422 0.02716 -0.00533 -0.00345 0.00599 -0.00043 0.01059 -0.01434 -0.00546 0.02469 0.00586 0.00937 -0.05254 0.00539 0.00841 
0.02007 -0.02787 -0.02379 -0.07245 0.02697 -0.04691 0.17846 -0.19311 0.07935 -0.19246 0.16593 -0.07632 0.13754 -0.00304 -0.00277 0.00723 0.00097 0.00397 -0.00669 -0.00169 0.01446 0.00057 0.00197 -0.01653 0.00178 -0.00140 -0.01753 0.01165 0.25996 0.02365 0.00809 0.01529 -0.09338 0.06467 0.04302 0.17784 -0.05223 0.05698 -0.03332 
0.01034 -0.02600 0.10879 -0.05430 0.03183 -0.04179 0.11723 -0.13817 0.10660 -0.11984 0.15478 -0.05296 0.12167 -0.00778 0.00442 0.13039 0.01649 -0.00014 0.01264 -0.05462 0.02890 0.02957 0.07773 -0.00930 0.02276 -0.00616 0.00571 0.00447 -0.00800 -0.00216 -0.00963 0.01521 0.00567 -0.03922 0.00250 0.00097 0.02162 -0.00286 0.00981 
0.01229 -0.02345 0.10660 -0.05596 0.02684 -0.03427 0.12384 -0.16421 0.10892 -0.11473 0.15662 -0.05356 0.13138 0.00268 0.00170 -0.00078 -0.00119 -0.00566 0.00852 0.00398 -0.02476 0.00307 0.00294 0.00509 -0.00108 0.00841 0.00886 -0.00420 -0.13543 -0.01581 0.00116 -0.01347 0.04969 -0.01732 -0.03246 -0.08482 0.02399 -0.02394 -0.00216 
0.01301 -0.02430 0.10801 -0.05549 0.02618 -0.03327 0.12121 -0.16293 0.10967 -0.11690 0.15987 -0.05404 0.13008 0.00108 0.00022 -0.00504 0.00068 0.00102 -0.00083 -0.00493 0.01158 -0.00290 -0.00709 0.01468 -0.00118 -0.00832 -0.00589 -0.00648 0.00245 -0.00464 0.00270 -0.02019 -0.04310 0.03549 0.01908 0.02586 0.08405 0.00138 -0.01140 
0.01337 -0.02323 0.10156 -0.05527 0.02786 -0.03510 0.11891 -0.15263 0.10603 -0.12181 0.17131 -0.05474 0.12306 -0.00322 -0.00478 0.00167 -0.00583 -0.00296 -0.01167 -0.03911 0.01073 0.02215 0.02881 0.08913 0.00030 -0.00299 -0.00148 0.00012 0.00561 -0.00201 -0.00005 -0.00038 0.00767 -0.01218 0.00112 0.01101 -0.02109 0.00285 0.00666 
0.00980 -0.02909 0.10968 -0.06133 0.02322 -0.04494 0.08210 -0.15221 0.13183 -0.08809 0.24900 -0.05374 0.12709 -0.00040 0.00034 0.00057 -0.00133 0.00097 -0.00121 0.00274 -0.00060 -0.00177 0.00392 -0.00641 0.00167 -0.00165 -0.00741 -0.00141 -0.05824 0.01750 0.06236 -0.07056 0.04617 0.02270 0.07859 0.05928 -0.58464 0.06275 0.11823 
0.01297 -0.02289 0.10212 -0.05661 0.02883 -0.03631 0.12166 -0.15323 0.10425 -0.11789 0.16490 -0.05307 0.12141 -0.01062 -0.00620 -0.05657 0.01167 0.05940 -0.08222 0.00706 0.03343 0.10074 0.08809 -0.49551 0.06306 0.11524 -0.00741 -0.03898 -0.14722 -0.07188 0.03754 0.02421 0.18879 -0.03275 -0.06728 -0.16154 -0.31705 0.08575 0.25321 
-0.00082 -0.03528 0.05311 -0.04966 0.08262 -0.12716 0.08916 -0.11878 0.23257 0.00000 -0.24651 0.00931 0.24233 -0.00782 -0.03864 -0.14665 -0.07321 0.03851 0.02299 0.19153 -0.03334 -0.06905 -0.15762 -0.32346 0.08742 0.25156 -0.05976 -0.58284 -0.67852 -0.36814 0.59212 -0.22075 -0.56252 -0.56886 -0.56579 -1.40489 0.12029 -0.73494 1.00528 
0.00515 -0.06153 -0.04453 -0.12982 0.06735 -0.01332 0.31318 -0.18657 0.03520 -0.27551 -0.15856 0.03435 0.37297 -0.07038 -0.58904 -0.73509 -0.35647 0.65152 -0.30297 -0.55546 -0.53544 -0.46505 -1.31680 -0.37522 -0.67188 1.12052 -0.07835 -1.69999 -2.27642 -0.36264 1.62855 -0.82660 -1.70610 -0.93402 1.05136 -0.25908 0.09828 -0.84596 2.09389 
-0.07120 -0.62432 -0.68197 -0.40613 0.73413 -0.43013 -0.46630 -0.65422 -0.23248 -1.31679 -0.62173 -0.66257 1.36285 -0.08617 -1.73863 -2.42308 -0.43586 1.66706 -0.80361 -1.51458 -0.96736 0.98231 -0.41670 -0.22518 -0.75854 2.34545 0.22805 -0.77288 -2.45735 -2.27592 0.14389 -0.89210 1.83293 2.29087 2.17931 0.65321 1.37233 1.14728 0.48129 
-0.08102 -1.80016 -2.46761 -0.56568 1.73441 -0.81692 -1.20139 -1.15393 1.01751 -0.69222 -0.38374 -0.72419 2.71842 0.15767 -1.36192 -3.19244 -2.63239 0.79540 -1.19508 1.27747 1.75544 1.71426 -0.66358 0.99711 0.47540 1.60181 0.04874 1.50309 2.67151 -1.30318 -1.72434 0.52223 3.43205 2.73931 -0.34857 -1.35828 -0.18195 0.96445 -3.65958 
0.08646 -1.98625 -3.87441 -3.03852 1.52954 -1.62521 0.81117 1.10122 1.48178 -1.98037 0.37538 -0.18717 2.96466 -0.03743 -0.23554 0.24843 -1.73903 -0.05728 -0.28138 1.91748 1.77195 0.63373 -1.77498 -0.40713 0.20591 -1.31413 -0.99025 1.63356 5.86095 2.93131 0.03801 1.86037 -0.95501 -2.54179 -1.31380 0.41304 -1.15872 -0.79388 -1.68183 
-0.11845 -2.03570 -2.21917 -2.30471 1.67713 -1.09830 0.71608 0.61802 1.65124 -2.46720 -0.79086 -0.51828 1.40430 -0.83259 0.27164 2.66852 0.29892 0.83341 0.66529 0.32246 -0.78636 0.40046 -0.25054 -0.16161 -0.31849 -0.08002 -0.74655 0.30449 2.20748 1.80751 0.99301 0.37246 -1.76427 -3.39354 -1.79237 1.54471 1.48337 0.33556 2.26686 
-0.74612 -1.71461 -1.20589 -2.73961 2.36295 -0.95993 1.13363 0.31486 1.88224 -2.23091 0.21378 -0.50566 2.88464 -0.78398 0.06895 2.45592 0.06848 0.93573 0.09108 0.15321 -1.62159 -1.15863 -0.23027 1.07624 0.54147 0.95273 0.62083 -0.55198 -0.93455 0.31886 -0.66405 -0.75893 -0.00452 0.14745 -1.76826 0.53034 0.44319 0.03569 -0.69747 
-0.90243 -1.96675 0.23674 -2.23623 2.61286 -1.00722 0.86929 -1.00357 0.49261 -2.69746 0.28538 0.02318 2.35703 -0.21175 -0.28034 1.73397 0.61778 0.16936 -0.09364 0.31794 -0.63891 -1.36779 0.27981 0.28159 -0.28280 -0.77749 0.65175 -0.25069 -3.93193 -0.31209 -1.03610 -0.31167 1.27058 1.67610 1.25240 1.92072 0.60749 -0.78282 -0.49311 
-0.95787 -1.99494 0.52807 -2.12183 2.53231 -1.05357 1.45158 -0.32405 0.51445 -1.95110 0.49537 -0.78846 2.10715 -0.13223 -0.18174 -1.47602 -0.24361 -0.10037 -0.22059 1.42378 0.05451 0.09377 1.69045 1.68373 -0.24136 0.45962 0.24543 0.01526 -3.06311 -1.06961 -0.34377 -0.07445 -0.21465 0.10394 1.39155 0.49768 -0.13899 0.78541 0.90401 
-1.03467 -2.14849 -1.23928 -2.47984 2.51249 -1.22781 2.29308 -0.94906 0.58638 -1.00701 1.96911 -0.21817 2.81665 0.03367 -0.26507 -1.32915 -0.45183 -0.17441 -0.16809 0.10330 -0.53497 0.02376 0.77748 0.14259 0.50260 0.12652 0.33101 -0.05443 3.31358 0.48663 0.01614 0.74799 -1.58938 2.17202 0.69917 -2.39871 -3.20803 0.21018 -1.87936 
-0.92420 -2.26002 -0.80107 -2.57366 2.35790 -1.22166 1.55488 -0.85902 0.53821 -1.17362 0.63796 -0.28586 2.23366 0.19878 -0.23617 1.83757 0.24302 -0.08423 0.52740 -0.16559 2.22653 0.79293 -0.70826 -1.52429 -0.03118 -1.41974 -0.00858 0.24462 3.98751 0.34862 0.32155 0.66289 -0.43874 1.00350 0.09390 -0.26995 -1.37899 -0.25619 -0.15442 
-0.83589 -2.38466 0.59829 -2.23682 2.42826 -0.70041 2.12748 1.27746 1.37931 -1.71527 0.44482 -0.24935 1.39691 0.02509 -0.02046 2.65836 -0.10321 0.14714 0.49480 -0.33545 0.46853 0.11766 0.50754 -1.23639 0.24641 -0.02791 -0.26700 0.25369 -1.36622 -1.12240 -0.09081 -0.93190 0.07509 -3.90229 -2.55393 0.97477 1.35188 0.50319 2.00942 
-0.89911 -2.28047 1.85729 -2.67686 2.50504 -0.72685 1.21943 -0.39049 0.65587 -0.66608 -0.59843 -0.03945 2.20576 -0.06822 0.01752 0.47135 -0.87938 -0.17505 -0.40450 -0.09050 -1.67577 -1.76100 0.26652 -0.17242 0.47202 0.58968 0.06097 -0.20114 -4.18879 0.27124 -0.44615 -0.91770 1.20216 -0.42729 -0.80122 -0.75591 2.50332 -0.06251 -0.13679 
-0.90411 -2.36713 1.06964 -3.11620 2.25321 -1.10491 2.03699 -0.39830 -0.38168 -1.44875 0.27240 0.22267 1.98659 0.08606 -0.22159 -1.53043 0.16803 -0.29901 -0.42290 0.86671 0.04124 -0.68356 -0.24837 1.26693 0.18391 -0.16470 0.35342 0.07045 -1.28448 1.49847 0.33769 0.55460 -0.49992 0.90096 0.83292 -0.51071 -1.65925 -0.96865 -1.46005 
-0.81304 -2.50206 0.32686 -2.50884 2.20603 -1.14975 2.08614 -0.34926 -0.02769 -0.91445 0.66850 0.14446 2.04106 0.28520 0.08797 -0.81313 0.61909 0.16265 0.15010 -0.59041 -0.77480 -0.92808 -0.24419 -1.83167 -0.49664 -0.87036 0.23921 0.96992 2.10358 0.53899 0.29245 0.61263 -2.89595 -0.18151 0.35486 0.36005 -2.38852 -0.36710 -0.33135 
-0.61891 -2.27916 0.25651 -2.49711 2.41586 -0.95482 1.44657 -1.17310 -1.30976 -1.69294 -1.55927 -0.27397 1.11623 0.32527 0.74833 0.57315 0.70702 -0.00656 0.18973 -2.02924 -0.14027 -0.32870 0.11168 -1.12159 -0.18319 -0.49604 1.58405 1.87828 1.92859 0.57213 -2.07447 -1.50787 -2.21214 1.84305 1.16059 0.60923 -0.38023 -0.66155 0.19406 
-0.48777 -1.75374 0.90001 -1.80182 2.19948 -0.96002 0.05690 -0.48953 -0.35640 -0.80278 -0.45309 -0.03873 1.54502 1.86925 1.96626 1.11545 1.19122 -1.91182 -1.35777 -2.80255 1.06825 0.23251 0.36504 -2.21190 -1.15819 -0.67630 1.96651 -0.24859 -0.08418 0.10673 -3.04765 -2.06665 1.55054 0.77178 -1.74713 -1.90457 -1.09537 -1.82406 0.09767 
1.25035 -0.31290 1.37196 -1.30589 0.50404 -2.31259 -1.35598 -0.10486 -1.07725 -1.32791 -3.77117 -1.43216 0.43993 2.29179 0.49974 0.48897 0.81375 -3.05421 -1.87692 -0.47870 0.63151 -2.07583 -1.79289 -2.21696 -2.00725 -0.39837 -1.38848 -3.06046 0.60991 -1.58843 0.24480 1.07935 3.62256 -0.55738 -1.94882 -0.83678 5.23839 0.29614 3.06019 
1.80402 -1.25400 1.38898 -0.98807 -0.85473 -2.83694 -0.42179 0.14199 -2.43223 -2.59567 -2.67005 -2.04598 1.14665 0.48078 -1.09420 1.72537 -0.39722 -1.66702 -0.27842 0.82001 0.51087 -1.71631 -0.47174 3.02649 -0.86205 2.38389 -2.32341 -1.06355 -0.33726 -1.17955 2.83362 1.99818 0.48952 -0.20902 1.55653 1.23321 3.73117 2.00808 1.44331 
1.73112 -1.40711 3.09732 -1.70311 -1.16298 -2.59102 -0.53597 0.40602 -2.79356 -1.79965 -0.74467 -2.29420 2.82382 -0.03162 -0.56382 0.15171 -0.36580 -0.22059 0.12126 0.01083 0.42250 -0.51930 -0.55968 1.51421 0.00083 1.04495 -0.28293 0.59249 -4.57466 0.88498 1.70161 0.13084 -0.45123 -0.49993 2.24366 -0.64382 -4.17231 1.07441 -3.45647 
1.77239 -1.81782 1.54069 -1.35387 -1.07532 -2.71568 -0.41096 0.56448 -2.95154 -3.15535 -1.15584 -2.04516 2.19160 0.19785 -0.50172 -2.84930 0.48777 0.03459 -0.14759 0.36878 0.01094 0.52735 -1.11556 -1.14581 0.21237 -1.07258 0.18888 0.56988 -1.75008 0.41509 0.35523 -0.09949 -0.00884 -0.23937 1.70413 0.76202 -2.35449 0.10029 -1.23135 
1.92897 -1.90883 0.24803 -1.21534 -1.12840 -2.73860 -0.16720 0.41695 -2.26620 -2.91522 -1.89049 -2.08183 1.75124 0.15726 0.00606 -1.59837 0.04929 0.13464 0.02176 0.00199 0.18313 1.18483 0.20234 -0.84027 0.10112 -0.18640 -0.06258 0.77383 2.32119 -0.34011 0.34891 0.24592 0.10716 1.28038 0.59012 2.03345 1.05216 -0.13577 1.58019 
1.92965 -1.81176 -0.05768 -1.30458 -0.94069 -2.69392 -0.40897 0.74761 -1.76671 -2.95301 -1.99611 -1.94404 2.00520 0.13527 0.27211 -0.52811 0.14766 0.38350 0.09834 0.47594 1.29131 1.11748 0.91789 -0.09365 0.07660 0.50760 -0.18728 0.11965 1.27802 -0.34276 0.04164 -0.13872 -0.18727 0.81285 -1.18943 0.11149 1.07115 -0.52941 0.25220 
2.06424 -1.63672 -0.28008 -1.06768 -0.74490 -2.64027 0.30874 1.70827 -1.14873 -1.99733 -1.98414 -2.00523 2.25884 -0.03002 0.12571 -0.32036 -0.29347 0.17628 -0.11696 -0.18528 0.99597 -0.00460 0.31383 0.23087 -0.42829 0.06580 -0.19550 -0.21358 1.40464 -0.57572 -0.16520 0.15540 -1.29164 0.45765 -1.88985 -1.00471 2.44436 -0.69238 0.12693 
1.89964 -1.68605 -0.37804 -1.59805 -0.76441 -2.81088 -0.59426 1.74358 -1.77131 -2.63918 -1.76524 -2.37232 2.07099 -0.06023 0.05852 0.87653 -0.42805 0.21830 0.25373 -0.81570 1.74896 -0.77237 -0.08682 2.35070 -0.61578 0.63454 0.00225 -0.19348 0.47350 -0.14559 -0.11737 0.34781 -0.56516 -0.82726 -0.81436 -0.46707 0.83842 -0.11677 -0.11914 
2.00401 -1.57820 0.59645 -1.49574 -0.52660 -2.38654 -0.50695 3.45723 -1.92110 -2.08415 0.36656 -2.62101 2.89338 -0.02776 -0.06777 0.15315 -0.43905 0.05891 0.23085 -0.75044 0.16871 -0.81896 -0.15324 1.06929 -0.54506 -0.05334 0.09499 -0.11082 -1.47169 0.40804 -0.37553 -0.07482 0.74744 -3.41855 0.96121 0.26036 -2.73116 0.73231 -1.41815 
1.87188 -1.75382 -0.22489 -2.03710 -0.70549 -2.58002 -1.34470 1.91229 -2.59027 -2.79242 -0.69595 -2.91738 2.01765 0.03476 -0.05229 -0.59516 -0.02001 -0.15723 0.17891 -0.06826 -1.66959 0.18884 0.17354 -0.38045 0.11653 -0.78361 0.12327 0.15277 -0.34083 0.65692 -0.03623 0.02416 0.88782 -0.62175 1.50108 0.62161 -0.66193 0.85042 -0.21974 
2.03877 -1.63049 0.00129 -1.51575 -0.68383 -2.20762 -0.57521 1.78765 -1.73226 -1.91061 -0.01389 -2.50448 2.10977 0.09550 0.08500 -0.18768 0.21787 0.02268 0.25501 0.13738 -0.45304 0.68212 0.46837 0.40736 0.30536 -0.27309 -0.09859 0.06229 -0.99697 -0.04985 0.20109 -0.55719 -0.60036 0.86650 -0.20518 -0.53882 -0.46275 -0.08565 -0.01188 
1.96738 -1.66882 -0.41257 -1.81923 -0.68281 -2.32501 -1.20733 1.45925 -1.90816 -2.32405 -0.28859 -2.61202 1.74456 -0.06383 0.00999 -1.59212 -0.06986 0.04386 -0.37828 -0.66861 -0.80308 -0.01634 -0.36528 -0.84321 0.03088 -0.79549 0.01661 0.14251 -1.28240 0.33337 0.26236 -0.49844 0.19437 0.57572 0.29719 -0.02037 0.06939 0.14764 -0.66062 
1.97494 -1.62049 -1.59083 -1.58560 -0.63997 -2.58590 -1.24383 0.98457 -1.74860 -2.27589 -0.85710 -2.47360 1.31428 0.11211 0.22751 -1.47008 0.55124 0.28504 -0.24343 0.33175 0.12268 0.97931 0.44800 0.47675 0.45300 -0.93370 0.02850 0.15782 1.46825 0.21137 0.19733 0.43976 0.52354 1.08304 0.93751 0.59961 2.18781 0.03017 0.21266 
2.07949 -1.44131 -1.88265 -1.26800 -0.39777 -2.56844 -0.87557 1.58193 -0.92884 -1.87605 0.18816 -2.15903 0.81086 -0.03533 0.16781 -0.12388 0.14151 0.24119 0.06148 -0.14508 0.27996 0.92117 0.23433 1.34460 0.06105 -0.58283 -0.19132 -0.24022 2.05039 -0.28778 -0.18533 0.50270 -0.58518 -0.20503 -0.40048 -0.27390 0.15730 -0.50262 1.26815 
1.93961 -1.45268 -1.71471 -1.44409 -0.39877 -2.52443 -1.38891 1.26452 -0.82744 -2.04156 0.48750 -2.41255 0.73145 -0.07920 -0.01271 0.58031 0.26345 0.09972 0.25927 -0.25343 -0.08235 0.57884 0.17410 0.63405 -0.04962 0.33444 -0.08174 -0.19486 1.36907 0.10611 -0.32625 0.43278 0.64595 -1.58283 -0.02337 0.07417 -2.07383 0.27634 1.02190 
2.00029 -1.45403 -1.30234 -1.00454 -0.29806 -2.30917 -1.12900 1.49958 -0.35001 -1.70195 0.82221 -2.20865 1.14531 -0.11707 -0.02705 1.24520 0.24762 -0.08505 0.49426 0.50088 -1.30288 0.89780 0.30850 -0.72923 0.33739 0.43908 -0.11192 -0.12109 0.01085 -0.95299 -0.46213 0.08481 0.29412 -2.72963 -0.56091 -0.49750 -3.50314 0.10765 -0.57230 
1.82254 -1.47973 -0.46951 -1.19647 -0.48383 -2.03017 -0.88803 -0.03835 0.07036 -1.73306 -0.24173 -2.07516 1.17053 -0.19113 -0.13381 0.59116 -0.68953 -0.36242 0.34407 0.04069 -2.81197 0.01792 -0.32340 -2.86909 0.05802 -0.23785 0.10689 -0.24889 -0.53707 -0.36808 -0.11391 -0.16271 -0.63929 1.39184 -0.58791 -0.68997 -0.86172 -0.00820 0.13145 
1.80916 -1.58783 -0.71118 -1.69408 -0.66047 -1.96510 -1.08831 -1.31239 -0.33208 -2.02535 -2.04688 -2.15063 0.90745 -0.01018 -0.27594 0.70813 -0.12046 -0.19896 0.33155 -0.13841 0.08896 0.30989 -0.38147 -1.59095 0.32919 0.57052 0.02215 -0.38468 0.14476 0.62510 0.16826 -0.39872 -0.51604 4.19645 0.38318 -0.59469 2.23748 0.06967 0.73875 
1.81235 -1.75567 0.23862 -1.31693 -0.68279 -1.69862 -1.02644 0.05061 0.38025 -2.11454 -1.83268 -1.74596 1.74105 -0.16898 -0.51848 0.73592 -0.06443 -0.19415 -0.05464 -0.47535 1.38447 0.40111 -0.91809 -0.63161 0.12769 0.50089 -0.06555 -0.06671 -0.59665 0.17267 0.33189 -0.45863 0.65606 2.58245 -0.23500 0.09272 3.11779 -0.59880 -0.70042 
1.64018 -2.10632 0.02473 -1.75851 -0.85463 -2.01974 -1.56366 0.07208 0.06903 -2.94344 -2.67849 -2.02294 1.40835 -0.07573 -0.34265 0.11148 0.05221 0.13293 -0.12708 0.51765 2.67141 0.07489 -0.28875 1.52684 -0.26961 -0.12990 0.28873 0.48334 -0.85408 0.79807 0.42767 0.30426 1.88227 0.58919 1.32768 1.85274 2.93606 0.32640 -0.56168 
1.73662 -2.09831 0.35010 -1.26472 -0.54986 -1.82569 -0.50879 2.72202 0.45513 -2.40329 -0.30584 -2.01557 1.61116 0.11975 -0.03514 -0.11816 0.73364 0.23352 0.24962 1.40692 1.97366 1.72878 0.93465 2.30445 0.45409 -0.06079 0.11931 0.23818 -0.71315 -0.03553 -0.43176 0.19543 0.46998 -4.17572 0.87940 1.48457 -1.49323 0.61481 0.10498 
1.75994 -2.14146 -0.09342 -1.02487 -0.62111 -1.77012 -0.15674 2.04574 1.79781 -2.00879 -0.37404 -1.56885 1.34756 0.04357 -0.10447 -0.60166 0.01669 -0.29883 0.06836 0.98763 -1.50431 0.95428 1.19581 0.03360 0.34520 -0.02492 -0.20349 -0.26200 0.13022 -1.27540 -0.35712 -0.19825 -1.60244 -2.98285 -2.67124 -0.23658 -2.90262 -1.23314 0.44041 
1.78020 -2.20278 -0.25157 -1.24803 -0.84870 -1.75734 0.47885 1.21771 1.40942 -1.20748 -0.27224 -1.67037 1.58624 -0.08373 -0.29714 0.01206 -0.54177 -0.12360 0.05137 -0.19552 -1.00920 -0.94246 0.69807 -0.59816 -0.77905 0.37962 -0.16434 -0.38464 1.46575 -0.62037 0.39853 -0.09782 -2.41199 2.42740 -2.56631 -1.17240 0.06784 -1.39393 0.09563 
1.67620 -2.43860 -0.08137 -1.56663 -0.74470 -1.71876 -0.35226 1.03654 0.85535 -1.31072 -0.97220 -2.34789 1.72718 -0.12077 -0.48910 0.86409 -0.60368 0.09970 -0.02946 -1.42435 0.92309 -1.61203 0.02341 0.10144 -1.04873 0.07071 0.06191 0.06045 1.54527 0.18822 0.18130 0.05553 -0.19782 1.97998 -0.03019 -0.41477 2.88491 1.05206 -0.75778 
1.65943 -2.69189 0.61253 -1.85171 -0.74900 -1.78680 -0.94551 2.14080 -0.20261 -1.18407 -0.17079 -2.71910 1.65696 -0.02182 -0.23669 1.55733 -0.35355 0.05770 0.10689 -0.39334 0.97079 -0.97264 0.28330 2.28674 0.27301 -0.37816 0.04616 0.46766 -0.15973 0.61176 0.06908 0.24435 1.81342 -2.10507 0.65968 -0.55987 0.77085 1.90890 0.51348 
1.65439 -2.67529 1.47596 -1.92019 -0.68700 -1.61186 -0.74561 2.00733 -0.11729 -1.02742 1.31454 -2.07489 1.34902 -0.07461 -0.02145 0.70436 0.00808 0.16878 0.21489 0.38907 -1.18197 -0.95235 -0.53646 0.87229 0.86017 0.58420 0.12796 0.42634 -1.91018 0.21354 -0.01641 0.09610 1.62039 -1.23871 1.40380 -0.23197 -2.70583 0.12880 1.76766 
1.58482 -2.71334 1.31689 -1.84363 -0.58021 -1.57191 -0.55643 0.95883 -1.15496 -1.72052 0.70150 -1.85893 2.24115 0.10614 0.18965 -0.35286 -0.14001 0.04129 0.20299 1.22705 -0.26792 0.43116 0.05132 -0.41909 0.40181 1.38950 0.21606 0.40816 -0.90107 -0.20237 -0.19930 -0.16667 0.76167 2.29223 2.91989 1.40328 -0.97968 -0.64480 0.60847 
1.76052 -2.48564 1.12310 -2.06020 -0.64571 -1.40887 0.48144 1.73941 0.31387 -0.97610 0.89545 -1.67308 2.73852 0.14145 0.38671 -0.19670 -0.19428 -0.03052 0.04821 1.15074 1.11026 1.96754 0.86683 -0.10739 0.21537 1.19266 -0.17388 -0.18526 0.18232 0.04582 -0.12226 -0.77352 -1.75382 0.16998 -0.46003 0.44874 -0.90250 -0.60977 -1.39480 
1.72628 -2.32662 1.12018 -2.03792 -0.61073 -1.52370 0.59431 2.06909 0.81258 -0.85370 0.59411 -1.64356 3.43382 -0.06774 0.00439 -0.17053 -0.09419 -0.08097 -0.57053 -0.52677 -0.09794 -0.02887 0.50007 -1.32159 -0.20796 -0.00531 -0.21010 -0.20590 0.79094 0.34347 0.41846 -0.33376 -1.76435 -0.98903 -1.74005 0.21765 0.12868 -0.51678 -1.20190 
1.69278 -2.48125 0.95257 -2.15439 -0.72668 -1.97940 -0.04533 1.64146 0.28500 -0.47603 -0.42614 -1.88104 2.73321 -0.06865 0.18081 0.59423 0.14919 0.38795 -0.28554 -0.61361 0.12122 0.22749 1.08448 0.02130 -0.30140 -0.00924 -0.12156 0.10732 -0.44832 -0.75950 0.16503 0.49586 0.26319 -0.83572 0.09145 -0.14518 0.56143 -0.17950 -0.76323 
1.65763 -2.14581 1.71442 -1.88873 -0.22278 -1.80924 -0.01930 2.19031 1.04007 0.23078 0.61541 -1.94496 3.42458 -0.18930 0.11171 -0.61885 -0.85369 0.08406 -0.07467 -0.26358 -0.93366 0.06258 0.35489 -0.76016 -0.38746 -0.76853 -0.06682 -0.23694 -1.25869 -0.86711 -0.62814 0.28258 1.10885 -0.68442 -0.89065 -1.12755 0.51160 0.53635 -1.07330 
1.50348 -2.36954 0.33371 -3.00808 -0.64263 -2.05407 -0.30891 0.70780 0.34758 -0.12114 -1.18631 -2.26850 1.96468 -0.13547 -0.05613 -0.66446 -0.71793 -0.24020 -0.00296 0.49524 -0.56320 -0.66316 -0.04307 0.53290 0.23495 -1.08254 0.25360 -0.12491 -0.32466 1.31778 0.11310 -0.05927 0.70230 0.69123 -0.94617 0.08153 2.01047 0.93017 0.68922 
1.52216 -2.20194 1.04996 -2.60665 -0.46298 -1.81220 0.47594 1.62711 0.37691 0.18771 1.14831 -1.71001 2.34204 0.06430 -0.01320 -0.94351 0.46409 0.19716 -0.13395 0.43872 -0.24243 -0.88359 0.43641 1.25030 0.54271 -0.07931 0.12601 -0.06687 -1.70450 0.36790 0.27764 -0.24602 -1.28073 -0.95733 0.23163 -0.27345 -2.48436 -0.43121 0.69185 
1.56778 -2.38274 -0.60980 -2.54400 -0.44547 -2.18802 0.12981 0.46537 -0.53601 0.31527 0.06400 -1.72579 1.88537 -0.00946 -0.12300 -2.36896 -0.35002 0.03744 -0.24898 -0.78549 -1.52053 -0.43153 -0.31652 -1.95146 -0.19626 -0.39069 -0.05501 0.08737 -0.09916 -0.45066 -0.17451 0.24487 -0.48983 -0.77052 1.00777 -1.27730 -2.49109 -0.74695 0.29107 
