0.01340 -0.02645 0.03605 -0.03904 0.06840 -0.04399 0.07589 -0.07996 0.05013 -0.06136 0.06820 -0.07421 0.09592 0.00115 0.00734 0.00950 -0.00949 -0.04660 0.03497 0.00924 -0.03025 -0.00637 0.00119 0.02373 0.00176 -0.01933 -0.01002 -0.01093 0.01616 -0.00481 -0.00268 0.00926 0.00377 -0.04478 0.01044 0.04075 -0.04727 0.00365 0.03490 
0.00988 -0.02908 0.03688 -0.04672 0.05806 -0.02984 0.09710 -0.10219 0.05154 -0.06483 0.04243 -0.05672 0.13442 -0.00345 -0.00690 0.00910 0.00053 -0.00652 0.00206 0.00499 -0.02103 0.01022 0.01888 -0.04180 0.01345 0.03331 -0.03345 -0.07918 -0.05213 0.04202 0.29014 -0.09473 -0.22403 0.14585 0.06433 -0.07143 0.04684 -0.09159 0.04483 
0.00995 -0.03335 0.04515 -0.03852 0.06187 -0.04193 0.08087 -0.10100 0.06035 -0.04248 0.02640 -0.06077 0.12923 -0.03230 -0.07184 -0.04262 0.03253 0.24354 -0.05975 -0.21479 0.11560 0.05797 -0.07024 0.07057 -0.08983 0.02550 0.00690 0.01379 -0.01819 -0.00105 0.01305 -0.00413 -0.00997 0.04207 -0.02044 -0.03776 0.08360 -0.02689 -0.06661 
-0.02242 -0.10092 -0.00575 -0.01419 0.30160 -0.08959 -0.11768 0.01341 0.10950 -0.13507 0.11300 -0.14654 0.15992 0.00345 0.00690 -0.00910 -0.00053 0.00652 -0.00206 -0.00499 0.02103 -0.01022 -0.01888 0.04180 -0.01345 -0.03331 0.06812 0.14630 0.08442 -0.05738 -0.47674 0.10536 0.40836 -0.20897 -0.11734 0.14395 -0.11537 0.16216 -0.08950 
0.01340 -0.02645 0.03605 -0.03904 0.06840 -0.04399 0.07589 -0.07996 0.05013 -0.06136 0.06820 -0.07421 0.09592 0.03582 0.07446 0.04179 -0.02485 -0.23320 0.04560 0.19357 -0.09337 -0.05938 0.07371 -0.04480 0.07233 -0.06400 -0.00466 -0.00575 0.00967 -0.00213 0.00017 -0.00220 0.00995 -0.02196 0.00777 0.02478 -0.04948 0.02022 0.02949 
0.01340 -0.02645 0.03605 -0.03904 0.06840 -0.04399 0.07589 -0.07996 0.05013 -0.06136 0.06820 -0.07421 0.09592 -0.00121 0.00114 0.00057 -0.00266 0.00669 -0.00426 0.00497 -0.00093 -0.00245 0.00590 -0.00768 0.00678 -0.00382 -0.16684 -0.71875 0.65623 0.67834 0.05581 -0.41054 0.52264 -0.56927 -0.27359 -0.39149 0.24999 -0.68223 -0.31854 
0.01219 -0.02531 0.03662 -0.04170 0.07508 -0.04826 0.08085 -0.08089 0.04767 -0.05546 0.06052 -0.06744 0.09210 -0.13102 -0.64429 0.69803 0.65349 -0.17739 -0.36494 0.71621 -0.66264 -0.33296 -0.31778 0.20518 -0.60990 -0.38254 -0.14901 -0.47337 0.67873 0.40773 -0.00402 0.04719 0.94132 0.22042 0.10185 0.65976 0.79387 -0.11928 0.19164 
-0.11762 -0.67074 0.73408 0.61445 -0.10899 -0.40893 0.79210 -0.74260 -0.28284 -0.37914 0.27338 -0.68411 -0.28662 -0.15021 -0.47223 0.67930 0.40507 0.00267 0.04293 0.94629 0.21949 0.09940 0.66565 0.78619 -0.11251 0.18782 0.26156 1.27765 -1.39312 -1.30885 0.33753 0.74885 -1.42650 1.30805 0.67506 0.62857 -0.44310 1.23337 0.81966 
-0.13802 -0.49754 0.71593 0.36337 0.07775 -0.00533 1.02714 0.13860 0.14707 0.61019 0.84671 -0.17995 0.27992 0.13054 0.63336 -0.69509 -0.65536 0.16014 0.38391 -0.71029 0.64541 0.34210 0.31079 -0.23792 0.62347 0.43712 0.29183 0.92438 -1.35328 -0.81944 0.01365 -0.08410 -1.83663 -0.48375 -0.23240 -1.39076 -1.62247 0.20089 -0.22349 
0.01292 -0.03738 0.03898 -0.04091 0.05115 -0.02502 0.08181 -0.09719 0.05926 -0.06835 0.03547 -0.06064 0.15050 0.14162 0.45216 -0.67398 -0.41437 0.01632 -0.04117 -0.89034 -0.26426 -0.13300 -0.72510 -0.83628 0.08838 -0.03567 -0.14192 -0.63032 0.69313 0.65204 -0.12889 -0.42779 0.63955 -0.61792 -0.33556 -0.33737 0.28706 -0.70482 -0.47187 
0.00360 -0.04538 0.04194 -0.05099 0.09407 -0.04650 0.13680 -0.12566 0.01407 -0.11491 0.01043 -0.09157 0.24425 -0.01137 0.00304 -0.00197 -0.00332 0.03125 -0.04388 -0.07075 0.02749 0.00654 -0.02659 0.04915 -0.08135 -0.03475 -0.13140 -0.43363 0.66789 0.42724 -0.04430 0.04515 0.82772 0.31026 0.16992 0.77661 0.89670 -0.07336 -0.11136 
0.00155 -0.03434 0.03701 -0.04423 0.08239 -0.06890 0.01106 -0.06970 0.06580 -0.09494 0.08461 -0.14199 0.11574 0.01022 0.01853 -0.00609 0.01287 -0.02798 0.00398 -0.06262 0.04601 0.03691 0.05151 0.06042 0.01502 -0.14703 0.03010 -0.00867 0.02717 -0.02477 -0.00036 0.03408 0.19422 -0.09369 0.00807 0.02213 -0.03840 0.10702 0.08072 
0.01382 -0.02685 0.03585 -0.03812 0.06609 -0.04252 0.07418 -0.07965 0.05098 -0.06340 0.07085 -0.07655 0.09722 0.01873 -0.00563 0.02521 -0.02809 0.03089 -0.00980 0.12348 -0.06620 0.01461 -0.00446 0.01075 0.02567 0.04597 -0.01803 -0.03659 0.01910 -0.01539 -0.00028 0.02507 0.08084 -0.10795 -0.02137 -0.03250 -0.10504 -0.01826 0.23423 
0.02028 -0.03998 0.06222 -0.07232 0.11328 -0.07870 0.13454 -0.13589 0.08041 -0.09940 0.09536 -0.11632 0.16171 -0.00781 -0.01806 0.01301 -0.00252 -0.02826 0.02905 0.01821 -0.06195 0.01554 0.01901 -0.04463 -0.00324 0.08721 -0.02793 0.01674 -0.04974 0.06117 -0.06638 0.03892 -0.18475 0.12240 -0.03975 0.04686 -0.05489 0.02013 -0.09717 
0.00601 -0.04491 0.04886 -0.04064 0.03783 -0.01347 0.09239 -0.14160 0.06652 -0.04439 0.02622 -0.07979 0.18443 -0.00920 0.01111 -0.02453 0.03308 -0.03549 0.02912 -0.06128 0.05621 -0.02514 0.04241 -0.04414 0.04580 -0.05120 0.01462 0.03042 -0.03065 -0.00803 0.05361 -0.06095 -0.01873 0.11147 -0.04781 -0.06781 0.06842 -0.03683 -0.22900 
0.01107 -0.02887 0.03769 -0.03924 0.07780 -0.04958 0.07326 -0.07969 0.05527 -0.05699 0.05122 -0.07052 0.11051 0.00682 0.01236 -0.01764 -0.01055 0.02536 -0.03190 -0.00052 0.04952 -0.03227 -0.04880 0.02380 -0.04007 -0.14179 0.01005 -0.01183 0.02389 -0.03078 0.02969 -0.02522 0.05599 -0.05362 0.02581 -0.04574 0.04946 -0.05160 0.05671 
0.01283 -0.03255 0.03122 -0.05119 0.06319 -0.04537 0.09188 -0.09207 0.03425 -0.09319 0.05002 -0.11986 0.04264 0.00084 -0.00073 -0.00064 0.00230 -0.00579 0.00390 -0.00528 0.00259 0.00067 -0.00334 0.00532 -0.00580 0.00551 -0.00625 -0.00626 0.02247 0.02270 -0.02015 0.03327 -0.01547 -0.03741 0.04814 0.08063 -0.00562 0.08572 0.19507 
0.01191 -0.02960 0.03705 -0.03694 0.07200 -0.04568 0.06798 -0.07710 0.05594 -0.06033 0.05655 -0.07632 0.11602 0.00057 0.00610 0.00483 0.01215 0.00521 0.00137 -0.01599 0.01211 0.01587 0.03183 0.01818 0.04565 0.05328 0.00106 0.00348 -0.00056 -0.00348 -0.00012 -0.00074 0.01148 -0.00514 -0.00564 0.00026 0.00898 0.00558 -0.02431 
0.01340 -0.02645 0.03605 -0.03904 0.06840 -0.04399 0.07589 -0.07996 0.05013 -0.06136 0.06820 -0.07421 0.09592 0.00190 0.00275 -0.00120 -0.00118 -0.00592 0.00316 0.00620 -0.00255 -0.00497 -0.00308 0.01430 -0.00022 -0.01880 -0.00178 -0.00495 -0.00426 -0.01481 0.00148 -0.00564 0.02095 -0.01304 -0.01833 -0.02593 -0.02585 -0.03887 -0.05710 
0.01382 -0.02685 0.03585 -0.03812 0.06609 -0.04252 0.07418 -0.07965 0.05098 -0.06340 0.07085 -0.07655 0.09722 -0.00121 0.00114 0.00057 -0.00266 0.00669 -0.00426 0.00497 -0.00093 -0.00245 0.00590 -0.00768 0.00678 -0.00382 -0.00232 -0.00236 0.00140 0.00026 0.00822 -0.00463 -0.00449 0.00224 0.00411 0.00512 -0.01695 0.00256 0.01749 
0.01219 -0.02531 0.03662 -0.04170 0.07508 -0.04826 0.08085 -0.08089 0.04767 -0.05546 0.06052 -0.06744 0.09210 -0.00042 0.00039 0.00020 -0.00092 0.00231 -0.00147 0.00171 -0.00031 -0.00085 0.00204 -0.00265 0.00233 -0.00131 0.00283 -0.00268 -0.00135 0.00623 -0.01569 0.01000 -0.01164 0.00217 0.00576 -0.01384 0.01800 -0.01589 0.00894 
0.01340 -0.02645 0.03605 -0.03904 0.06840 -0.04399 0.07589 -0.07996 0.05013 -0.06136 0.06820 -0.07421 0.09592 0.00162 -0.00154 -0.00077 0.00358 -0.00900 0.00574 -0.00668 0.00124 0.00331 -0.00794 0.01033 -0.00911 0.00513 0.00083 -0.00079 -0.00040 0.00184 -0.00462 0.00294 -0.00342 0.00062 0.00170 -0.00408 0.00530 -0.00467 0.00261 
0.01382 -0.02685 0.03585 -0.03812 0.06609 -0.04252 0.07418 -0.07965 0.05098 -0.06340 0.07085 -0.07655 0.09722 0.00042 -0.00039 -0.00020 0.00092 -0.00231 0.00147 -0.00171 0.00031 0.00085 -0.00204 0.00265 -0.00233 0.00131 -0.00333 -0.00472 -0.00227 -0.00648 0.01101 -0.00116 0.01669 0.00275 -0.00582 -0.00778 -0.01769 0.01285 0.02426 
0.01382 -0.02685 0.03585 -0.03812 0.06609 -0.04252 0.07418 -0.07965 0.05098 -0.06340 0.07085 -0.07655 0.09722 -0.00171 -0.00626 -0.00304 -0.00290 0.00201 0.00457 0.01001 0.00399 -0.00251 -0.01572 -0.00737 0.00374 0.02939 -0.00193 0.00064 0.00181 -0.00178 0.00140 -0.00177 0.00714 -0.00840 0.00125 0.00578 -0.00981 0.00602 0.00216 
0.01211 -0.03311 0.03281 -0.04103 0.06810 -0.03795 0.08419 -0.07566 0.04846 -0.07912 0.06348 -0.07281 0.12661 -0.00151 0.00025 0.00161 -0.00086 -0.00091 -0.00030 0.00542 -0.00809 0.00211 0.00374 -0.00716 0.00368 0.00346 -0.02802 -0.06112 -0.02445 -0.03892 -0.02235 -0.34175 -0.30380 -0.10966 0.21406 0.11251 0.13018 -0.06592 0.13525 
0.01230 -0.02660 0.03746 -0.03898 0.06518 -0.04282 0.07960 -0.08774 0.05308 -0.05966 0.06369 -0.07287 0.10069 -0.02973 -0.06737 -0.02749 -0.04183 -0.02034 -0.33718 -0.29379 -0.10567 0.21154 0.09679 0.12281 -0.06218 0.16464 -0.12437 -1.16685 0.84472 0.11906 0.92646 -0.39398 -1.04003 -1.38823 1.01400 0.57216 -0.69688 -0.95808 2.34871 
-0.01762 -0.10048 0.00532 -0.08286 0.04775 -0.37513 -0.20960 -0.18134 0.26000 0.01767 0.18629 -0.13499 0.29125 -0.12588 -1.16660 0.84633 0.11820 0.92555 -0.39428 -1.03460 -1.39632 1.01610 0.57590 -0.70404 -0.95440 2.35217 -0.73490 -2.47795 2.40831 -1.50830 2.37723 0.87421 -0.88329 -1.55117 0.33676 1.66382 -1.41251 -2.67086 2.80619 
-0.11358 -1.19320 0.88378 0.07921 0.99072 -0.43710 -0.95500 -1.48406 1.06919 0.51623 -0.64035 -1.02727 2.45286 -0.76463 -2.54532 2.38082 -1.55013 2.35689 0.53703 -1.17708 -1.65685 0.54831 1.76060 -1.28970 -2.73305 2.97083 -0.88502 -0.08478 1.76639 -1.97750 0.91171 0.33850 1.34951 1.12700 -1.40895 1.18873 -0.75482 -0.06058 -1.42396 
-0.78225 -2.64580 2.38614 -1.63299 2.40464 0.16190 -1.38668 -1.83819 0.80831 1.77828 -1.10340 -2.86803 3.26208 -1.01090 -1.25138 2.61272 -1.85931 1.83726 -0.05579 0.31491 -0.26932 -0.39285 1.76463 -1.45886 -1.01499 0.92821 0.43854 3.23434 -1.47317 0.85752 -1.57794 -1.63636 2.80622 1.27571 -0.43134 -2.32328 1.18554 3.64187 -4.34042 
-1.12448 -2.44457 3.49650 -1.78009 2.82798 -0.49289 -0.64009 -1.75338 0.67634 2.28086 -2.09922 -2.04225 3.38107 -0.32609 0.68902 0.90765 -0.69261 0.77894 -1.09933 1.62915 -0.38114 0.11697 -0.56268 -0.10415 0.90882 -1.36959 0.15753 1.64043 -2.31456 1.04461 -1.03043 -1.00390 2.00259 -0.22452 1.25783 -3.90182 2.66288 1.57974 -2.69912 
-1.10834 -1.95678 3.29378 -2.32560 3.18358 -0.93743 0.24246 -2.21933 0.92528 1.21560 -1.20756 -1.95921 1.89249 -0.85337 0.38905 0.29816 -0.81469 0.80683 -1.05969 2.31750 -0.49384 0.86498 -2.13719 1.20401 0.56476 -1.77091 -0.43507 -0.19301 -0.80762 -0.03060 -2.90402 -0.79353 -1.37767 -1.08812 0.73616 0.14845 3.32538 1.34684 3.85872 
-1.97784 -2.05552 3.79466 -2.59479 3.63481 -1.55258 1.67741 -2.24722 1.54133 0.14368 -0.89520 -1.47749 1.61015 -0.76116 0.49601 0.10003 -0.72321 -2.12508 -1.89286 0.25147 -1.46926 0.85313 -0.41423 3.22123 2.25566 2.48914 0.77202 -0.07340 -1.22078 -0.03283 -4.29997 -0.12288 -1.17109 1.56314 0.59064 2.39656 0.33040 -2.89074 -0.57176 
-1.86950 -1.46077 3.39381 -3.04881 1.05850 -2.83028 0.49394 -3.68858 1.77841 0.80137 2.01367 0.29645 4.38163 -0.08135 0.31565 -0.92262 -0.84752 -3.49315 -1.18257 1.14641 1.06930 1.45563 0.25937 1.53441 -2.32599 -2.34267 1.09731 -0.27717 -0.75389 0.45298 2.96729 3.63738 3.95473 3.27942 -0.93110 -2.52858 -5.89137 -5.47296 -3.82741 
-2.05919 -1.73986 2.87204 -3.44231 0.14166 -2.73515 2.82382 -1.17792 2.99695 0.40305 0.63921 -3.80348 -0.73252 0.33615 0.21884 -0.65386 -0.27023 0.84221 1.74452 4.20621 1.81016 -0.07797 -2.94281 -2.67014 -3.21729 -1.33827 0.67244 0.39611 0.60620 2.32259 5.62855 2.49615 -1.49613 -1.62551 -1.48995 -1.48994 -4.05041 -0.32870 2.49707 
-1.53336 -1.24193 2.73995 -3.31904 1.90070 -1.08577 4.70015 -1.87842 1.70044 -2.14144 -0.65647 -2.92084 3.04336 0.59109 0.71177 -0.31642 1.47508 2.13540 1.31359 -0.34972 -0.55621 -0.03432 -1.23057 -2.51599 -2.65468 0.15440 0.35558 0.92780 1.47248 1.61795 -0.41890 -2.36137 -5.54860 -1.77287 0.16958 2.52415 2.88849 3.75088 2.07900 
-1.46810 -1.02810 2.55561 -1.96723 2.27706 -1.42157 2.47409 -1.73413 2.96263 -0.82752 -1.87678 -6.45816 -0.57813 0.69173 1.14665 0.81862 1.34772 0.42331 -0.61685 -1.34239 0.03729 0.09161 -0.41866 0.21834 0.53359 0.74073 0.10650 -0.45732 -0.07662 -2.13517 -3.01457 -2.49973 -1.82700 -1.37545 -0.65768 3.30221 8.10880 8.50032 1.88346 
-0.84163 -0.09528 3.55857 -1.97131 2.32401 -1.70262 3.35775 -1.84113 1.79205 -2.56010 -0.43813 -2.38725 3.78408 0.69759 0.25445 -0.39305 -0.66009 -0.87917 -1.18614 -2.17672 -1.93166 -0.69200 2.07165 5.59281 5.84564 2.03785 -1.59001 -2.72786 -1.58425 -0.89979 1.25701 1.17955 1.12736 -0.38124 -0.40427 0.93192 -0.60125 -1.15980 -3.45965 
-0.77051 -0.77365 2.16257 -2.62732 1.39790 -2.60771 0.29737 -3.66579 2.27063 1.24413 3.71603 -0.61253 1.45973 -0.89828 -1.58122 -0.76563 0.44794 1.68032 0.56270 -0.21503 -0.34395 -0.31266 0.51326 -0.38291 -0.62621 -2.71893 -1.65986 -1.92971 0.20332 1.06444 3.10236 1.96507 3.98326 3.64050 -0.46179 -4.74520 -9.66906 -7.22676 -1.14803 
-1.73991 -1.67650 2.79294 -1.52338 4.00433 -1.13992 3.14272 -2.18508 1.47938 -2.04683 -0.82104 -3.01346 1.06515 -0.96227 -1.67526 -0.18973 0.40434 2.22319 0.77893 1.80654 1.70884 -1.15379 -2.67355 -4.07625 -1.38112 0.88982 2.26129 2.33723 0.84025 -0.67608 -2.55337 -1.58804 -2.66458 -0.10178 -1.03086 -0.09763 0.08059 1.85113 2.62301 
-1.73278 -2.44891 1.97284 -2.22298 3.62109 -1.82878 2.10391 -1.95695 1.11684 -1.42942 -0.36022 -1.99365 2.34955 1.36300 0.75601 0.07462 -0.22814 -0.87305 -1.02534 -2.87962 -0.44572 -1.34353 0.41563 -0.30232 1.22491 -0.09591 3.44604 2.60211 0.06828 -0.08090 -3.58463 -1.25905 -4.97090 -3.56932 -1.26271 2.89649 3.10255 1.75888 -2.51109 
-0.37691 -0.92049 2.86756 -1.75152 3.13128 -2.16526 0.26310 -2.63080 0.13586 -1.63120 -1.12336 -1.78855 0.96924 2.48377 0.92685 -0.12145 0.32344 -1.36143 -0.48013 -3.16436 -1.86048 -2.41650 0.22294 -0.97370 0.37775 -1.62127 -0.01780 -1.97472 -1.39157 0.39143 -0.58925 1.04233 1.56872 0.08008 0.22887 0.24824 0.27714 -1.19803 0.12069 
0.75099 -1.52206 1.85139 -1.89953 2.25966 -2.30891 -1.06046 -3.81743 -1.29966 -1.20648 -1.33392 -1.61590 0.72828 1.34521 -1.21872 -1.31695 0.16329 -1.46229 0.01699 -1.31090 -0.36565 -1.11466 0.66387 -0.02518 0.02688 0.02478 -1.99689 -1.76170 -0.78898 -0.25358 -0.13915 0.55851 4.03840 3.39130 3.05502 0.78690 1.17459 -0.25898 1.08427 
0.96830 -2.13921 1.55060 -1.58823 1.66898 -2.14828 -1.04780 -2.99645 -0.97880 -0.96733 -1.14854 -1.76166 0.99402 0.48688 -0.83486 -0.91043 0.06986 -1.50059 0.07839 0.87404 1.53082 0.63852 1.00984 0.20089 0.11878 -0.53699 -1.06950 0.67716 -0.00701 -0.44532 0.80701 -0.33464 3.32423 1.14663 1.22563 0.46055 -0.65653 0.12818 -0.99319 
1.23788 -2.35692 0.94096 -1.82967 0.75907 -2.23052 -0.18642 -2.28660 -0.66114 -0.19664 -1.13303 -1.49712 0.19129 0.27570 -0.54156 -1.32396 -0.28203 -0.65529 -0.31765 2.01333 0.78099 0.11098 1.12442 -0.68171 0.15506 -0.96841 -0.57033 0.39657 -0.18771 -0.30133 1.32189 -0.70919 0.50337 -1.63724 -1.22380 -1.34383 -1.31013 -0.49240 -0.71273 
1.24400 -2.68077 0.22665 -1.87026 1.01369 -2.46593 0.96554 -2.21547 -0.86783 0.15709 -1.83025 -1.60660 0.02561 -0.08345 -0.43829 -1.09814 -0.23147 -0.17870 -0.63081 1.37740 -0.10641 -0.58528 -0.33399 -1.10924 -0.37362 -1.24972 -0.32128 0.54637 0.91582 0.18607 0.72103 -0.08875 -0.72530 -0.16615 -0.32395 -1.76090 0.54342 -0.55938 -0.07456 
1.15443 -2.79521 -0.15718 -2.06115 0.58037 -2.86132 1.19098 -2.39302 -1.24641 -0.53063 -2.24227 -1.87073 -1.05843 -0.04557 0.00481 -0.40814 -0.09596 0.06574 -0.40640 1.28804 0.61483 -0.21298 -0.63648 -0.13829 -0.40432 -1.04297 0.29873 0.47147 1.08440 0.54648 0.67337 1.06819 -0.34584 1.41789 0.29781 0.55647 1.73175 -0.26428 2.01271 
1.19843 -2.67596 -0.18149 -1.96622 1.07943 -2.87233 2.25357 -1.60063 -1.08080 -0.47939 -1.96854 -2.01092 -1.01736 0.21528 0.03318 -0.01374 0.31500 0.49468 0.43738 1.03157 1.31148 -0.28747 0.22248 0.62250 -0.63789 0.76299 0.33980 -0.06274 -0.01868 0.20453 -0.12750 0.69364 -1.08042 -0.02675 -0.54696 0.75708 0.31109 -0.03451 1.64664 
1.36971 -2.76203 -0.17092 -1.74615 1.07505 -2.42394 2.22255 -1.08154 -1.53388 -0.30815 -1.61977 -2.50863 -0.29544 0.29423 -0.05793 -0.42682 0.10857 -0.06176 0.28724 0.20761 0.58808 -0.75994 0.12060 0.17280 -0.43882 0.60367 -0.09970 0.04167 -0.71712 -0.35042 -1.08579 -0.77876 -0.57596 -2.04220 0.13079 -0.77600 -0.97607 1.21430 -1.85873 
1.49266 -2.73389 -0.60831 -1.85765 1.01767 -2.58508 2.46118 -1.01255 -1.84074 -0.35878 -1.79574 -2.44974 -0.41368 0.11558 0.07485 -0.73087 -0.03542 -0.59111 -0.34137 0.45560 -0.73072 -0.15667 -0.55351 -0.35357 0.57641 -1.09574 -0.24321 0.23548 0.07096 0.25683 -0.56548 -0.30906 0.26325 -1.32204 1.20364 -0.89102 -0.05445 1.65119 -1.77115 
1.48529 -2.68718 -0.90179 -1.78157 0.48394 -2.76531 2.67815 -1.81227 -1.69056 -0.86166 -1.97334 -1.93222 -1.39118 0.05102 0.17755 -0.35586 0.36540 -0.62724 -0.02181 0.47086 -0.73396 0.44370 -0.77042 0.11835 1.21237 -1.16748 0.17466 0.35227 0.71258 0.56119 0.92677 0.73024 -0.18728 1.42410 0.73301 0.22574 1.19542 0.43434 1.11815 
1.54368 -2.55634 -0.96417 -1.49226 0.39043 -2.60690 2.93205 -1.74651 -1.39704 -1.12920 -1.67739 -1.23737 -1.58116 0.29024 0.42712 -0.01828 0.52577 0.33566 0.38887 0.26832 0.69338 0.57633 -0.32778 0.84185 1.01074 0.02241 0.11537 -0.00341 0.28833 -0.13195 0.28279 0.06053 -0.97369 0.91936 0.01047 0.15150 0.23090 -1.47200 1.45276 
1.77553 -2.26005 -0.92007 -1.25580 0.81960 -2.37644 2.94647 -1.11889 -1.11422 -1.18944 -1.13148 -0.92148 -1.36878 0.16639 0.17414 -0.06753 0.23344 -0.34445 0.03872 -0.50283 0.18540 0.45417 -0.61892 0.34925 -0.25963 0.28528 -0.33504 -0.48642 -0.10420 -0.70349 -1.76905 -0.29444 -1.51728 -1.36310 -0.31166 -0.74140 -1.23231 -1.52770 0.02022 
1.71007 -2.38220 -1.03169 -1.25881 0.04598 -2.56818 2.42922 -1.56111 -0.94286 -1.74812 -1.32815 -1.49700 -1.29588 -0.04481 -0.05930 -0.12248 -0.17772 -1.43338 0.09443 -1.24896 -0.66972 0.26467 -1.06917 -0.39046 -0.51695 0.04263 0.01238 0.31764 0.41720 -0.39039 -0.02434 0.57190 0.15059 0.67336 -0.43065 0.02636 -0.26339 0.81717 0.80278 
1.73072 -2.31935 -1.04255 -1.43352 -0.61378 -2.28201 1.69751 -1.78861 -0.84955 -2.25861 -1.52194 -1.43843 -1.32615 0.17877 0.49178 0.34968 -0.15695 -0.36879 0.61062 -0.35224 0.85877 0.02352 -0.59256 0.08586 0.55754 1.08806 0.40656 0.98441 0.49214 0.28991 1.65410 0.18276 2.25956 2.08366 -0.27823 1.18523 0.70967 1.38069 1.55510 
1.88884 -1.89041 -0.68201 -1.41576 -0.32282 -1.95756 2.07698 -0.70234 -0.91934 -2.34068 -1.24229 -0.93946 -0.20781 0.36175 0.92511 0.36965 0.11219 0.22072 0.27719 1.01060 1.41394 -0.01355 0.11606 0.31922 0.86374 1.59773 -0.18295 0.23883 -0.20982 -0.16901 -0.39309 -1.13845 0.11238 -1.02846 -0.31568 0.69801 -0.51607 -0.77583 -0.93802 
2.09248 -1.39424 -0.67290 -1.32133 -0.39306 -2.00482 2.70811 -0.37467 -0.86310 -2.14255 -1.20272 -0.57469 0.27158 -0.00418 0.73061 0.13986 -0.32596 -0.76188 -0.52783 -0.23986 -0.16969 -0.29216 0.10545 -0.43021 -0.21828 0.15005 -0.58728 -0.30572 -0.16043 -0.03558 -0.16173 -0.75148 -2.52554 -1.12759 -0.35659 -0.61574 -0.79525 -1.79960 -2.64356 
1.88467 -1.15980 -0.54215 -1.74172 -1.08470 -2.48539 1.83712 -0.87204 -1.21150 -2.23522 -1.67249 -1.15774 -0.05777 -0.22552 0.61939 0.20923 0.07661 0.05899 -0.47429 -1.51495 0.28635 -0.37015 -0.49968 -0.47604 -0.93586 -1.04583 0.00461 -0.02257 -0.02567 0.74529 2.42512 0.73278 -0.74754 0.94601 0.58261 -0.04430 -0.12846 0.07284 0.24438 
1.86695 -0.77485 -0.46367 -1.24471 -0.33407 -2.47912 1.19316 -0.08832 -1.23325 -2.64223 -1.67876 -1.51055 -0.77425 0.00043 0.70804 0.11420 0.41933 1.66324 0.20495 -0.98739 0.77631 0.29045 0.06116 -0.55867 -0.14544 0.39443 0.22302 -0.34525 -0.17874 -0.24309 0.27516 0.64627 0.64378 -0.60712 0.33934 0.63936 -0.20508 0.88775 2.23842 
1.88510 -0.45176 -0.42795 -1.32239 0.57854 -2.28044 0.84973 -0.09572 -0.92104 -2.17406 -2.23116 -1.30318 0.33666 -0.00251 0.27414 0.03049 -0.16648 0.33414 0.17198 -0.87117 -0.32077 -0.03081 0.13968 -0.68112 -0.04811 1.19259 0.05208 -0.44767 -0.07162 -0.57609 -2.21215 -0.22475 0.88085 -0.65562 -0.57854 -0.38031 0.84866 0.23574 0.41750 
1.86445 -0.50071 -0.43319 -1.41119 0.00007 -2.30713 0.32200 -0.40909 -1.26406 -2.50256 -2.35988 -1.55866 0.41834 0.05251 0.26037 0.04258 -0.15676 -0.54892 -0.01980 -0.10654 0.12069 -0.28808 -0.31915 0.28999 0.09030 0.81194 0.09209 -0.34811 -0.01834 0.01672 -1.12755 -0.26050 1.06018 0.40374 0.05396 -0.59715 1.26550 0.44236 0.05541 
1.93761 -0.19139 -0.38537 -1.47914 0.02962 -2.30024 0.74318 0.02497 -1.20913 -2.49322 -1.94117 -1.21288 1.14860 0.08959 -0.07397 0.01215 -0.14976 -0.79340 -0.08852 0.18902 0.08296 0.02315 -0.45747 0.58438 0.39425 1.24800 -0.04046 -0.94172 0.08906 -0.49351 -0.43708 -0.23565 0.07582 0.27215 -0.36278 -0.23067 1.09759 -0.13228 -0.06843 
1.95404 -0.57468 -0.42104 -1.56095 -0.79333 -2.39565 0.51102 -0.32613 -1.24091 -2.96003 -1.77550 -1.16441 1.66635 0.01205 -0.68135 0.13164 -0.65026 -0.98599 -0.25545 -0.03072 0.39284 -0.65087 -0.54982 1.38758 -0.04197 0.74350 -0.17074 -0.63517 -0.01033 -0.21728 0.18004 -0.13135 0.46010 0.44120 -0.55743 0.46938 1.30287 -0.55432 -1.59364 
1.94967 -0.87274 -0.25373 -2.12941 -0.95637 -2.55569 0.71246 0.41781 -1.85999 -3.04304 -0.55359 -1.25486 1.89210 -0.08115 -0.70914 0.00182 -0.36704 -0.61337 -0.21987 0.64912 0.52416 -0.53428 0.01191 1.88726 -0.16007 -0.34564 -0.15460 -0.30612 -0.15972 0.89704 1.40864 1.23211 -0.12489 -0.54105 1.47328 0.91939 0.33377 -0.31949 -1.55046 
1.87289 -1.28382 -0.41922 -1.92799 -1.40670 -2.61552 1.16014 0.19804 -1.77518 -2.94812 0.11176 -1.32448 1.32071 -0.14255 -0.98747 -0.02808 0.24677 0.42264 0.97666 -0.15561 -0.14820 0.82242 0.36957 1.72135 -0.36147 -0.80696 0.13944 -0.23712 0.14415 0.59109 1.59019 1.67166 -1.12214 -0.07630 1.34994 0.79788 -0.28509 -0.24651 -0.67419 
1.80712 -1.86022 -0.28181 -1.88263 -0.53373 -1.57904 0.55686 0.26961 -1.03758 -2.67347 1.16776 -1.61632 1.08515 0.05829 -0.94626 0.14597 0.22405 0.97682 1.45180 -0.47302 0.44787 0.81566 0.80979 1.60217 -0.40658 -1.01983 0.24115 0.55075 0.06697 -0.34923 0.03062 -0.97461 0.25422 0.93566 -1.22504 0.29585 -1.28227 0.25017 0.40634 
1.93117 -2.23008 -0.27325 -1.70394 -0.42988 -1.16372 0.68712 0.64590 -0.95952 -2.13833 1.71393 -1.73106 0.30088 0.09861 -0.43672 0.03889 -0.10245 0.45326 0.00205 0.09862 0.78746 -0.40263 0.66542 0.43908 -0.11130 -0.40062 -0.11746 0.78096 -0.02885 -0.67331 -0.58218 -1.89170 0.48176 -0.46302 -1.08087 -0.22231 -1.70618 0.28243 1.33997 
1.90573 -2.29694 -0.24292 -1.98509 -0.08047 -1.57699 0.65548 1.05707 -1.44021 -2.00805 1.60684 -1.72762 0.68453 -0.05917 -0.16530 0.11712 -0.44926 0.39464 -0.43990 0.00874 -0.01515 -0.26520 0.58748 -0.10401 -0.12415 0.32014 -0.21812 0.23716 0.16170 -0.13167 -1.08040 -0.09111 0.09610 -1.97459 1.02793 0.01691 -0.82387 0.11315 0.42996 
1.87200 -2.39537 -0.15613 -2.15320 -0.03523 -1.60363 0.69586 0.63075 -1.22472 -1.55085 1.60992 -1.85521 0.62102 -0.11952 -0.19957 0.20059 -0.23412 -0.62713 -0.08906 0.19472 -1.18713 0.62531 0.68233 -0.38480 0.00185 0.02935 -0.05344 0.12045 0.15906 0.40498 -0.74901 0.59544 -0.09933 -0.55222 0.82912 -0.56831 0.20215 0.43777 0.47765 
1.78621 -2.49651 -0.04233 -2.21921 -0.70760 -1.66604 0.85020 -0.13007 -0.81490 -1.32572 1.22204 -1.72577 0.71387 -0.11261 -0.04485 0.27618 -0.04428 -0.35436 0.15553 -0.09059 -0.56737 0.56392 0.01916 0.09813 0.31362 0.79779 -0.04316 0.17089 0.10666 0.26513 0.67874 0.22612 -0.33160 0.89030 -0.74644 -0.90552 0.70265 0.04326 0.56961 
1.75938 -2.44023 0.12005 -2.19748 -0.38960 -1.44809 0.60527 0.06338 -0.66081 -1.53169 1.70805 -1.54159 1.41881 -0.16267 -0.02868 0.30725 0.03101 0.05161 0.13706 -0.13688 -0.29683 -0.12114 -0.22318 0.31785 0.04511 0.59895 -0.09064 0.00114 -0.17297 -0.14873 0.79063 -0.02126 -0.14456 0.25595 -1.04003 -0.09432 -0.71338 -0.41714 -0.87401 
1.62354 -2.52519 0.26492 -2.18820 -0.65599 -1.52898 0.71332 -0.42690 -0.93603 -1.54890 1.53989 -1.68065 1.31283 -0.20325 -0.04371 0.10320 -0.19301 0.43626 0.13428 -0.23515 -0.31142 -0.47611 -0.07516 -0.61525 -0.10352 -0.07622 -0.02178 0.21325 -0.22820 -0.46624 1.26261 -0.28866 0.22196 0.17802 -0.18262 0.62810 -1.18610 0.53421 -1.48753 
1.55613 -2.48394 0.22325 -2.39049 0.04667 -1.31382 0.37012 -0.24804 -1.13692 -1.60684 1.09280 -1.64510 1.34259 -0.18445 0.18457 0.07905 -0.43523 1.31422 -0.15160 0.08508 -0.11881 -0.30375 0.40492 -0.86824 0.57933 -0.88858 -0.04834 0.42279 0.01774 -0.01809 0.30048 -0.67330 1.06091 -0.49148 0.24998 0.59613 0.28801 0.92052 -1.56429 
1.43908 -2.34062 0.34397 -2.62343 0.65823 -1.68058 0.79840 -0.54571 -1.23979 -1.14398 0.67165 -1.10133 0.42425 -0.25159 0.37908 0.12094 -0.21110 0.73674 -0.53903 0.82575 -0.80291 -0.22614 0.52097 -0.32724 0.81700 -1.64051 0.08034 0.07759 -0.15503 0.47405 -0.95919 -0.16058 0.37285 -0.32763 -0.25237 -0.35330 0.99063 -0.40671 -0.12816 
1.30454 -2.10486 0.34419 -2.60159 0.78340 -1.85285 1.19587 -1.05095 -1.36306 -1.08587 0.76557 -0.82810 -0.29792 -0.10412 0.26216 -0.07598 0.03882 0.35504 -0.31218 0.45794 -0.44644 -0.55613 0.05162 0.12239 0.17262 -1.01674 0.32876 -0.13528 -0.29093 0.74335 -0.84313 0.48879 -1.14440 1.14626 0.08547 -1.42071 0.60997 -1.56941 1.02510 
1.33497 -2.07846 0.26798 -2.58461 1.01327 -1.99276 1.25634 -0.99215 -1.79591 -1.09237 0.79404 -0.92871 -0.59249 0.07717 0.24379 -0.16999 0.53224 -0.10639 -0.05024 -0.31865 0.34335 -0.14067 -0.89974 0.28274 -0.75240 -0.61541 0.19424 0.23525 0.11747 0.80789 0.07804 0.23718 -0.14625 0.79211 0.71932 -0.28001 -0.27533 -0.11057 1.10716 
1.38171 -1.86107 0.17421 -2.06935 0.67701 -1.90309 0.87723 -0.70760 -1.50373 -1.98561 1.04830 -1.58050 -0.91333 0.09013 0.49741 0.04149 0.84671 0.43308 -0.07500 0.31168 0.34567 0.16320 -0.22839 -0.15294 0.06205 0.09042 -0.14039 0.03599 0.19455 -0.01736 0.97803 -0.41993 0.97155 -0.71563 -0.48335 1.45117 -0.82659 0.72354 1.13886 
1.42510 -1.58105 0.30948 -1.73791 1.44635 -2.06776 1.56802 -0.64648 -1.63272 -1.32076 0.64110 -0.86666 -0.50206 -0.06322 0.27978 0.02456 0.51488 0.87164 -0.47016 0.65290 -0.37228 -0.62402 0.55143 -0.54385 -0.02886 0.52345 -0.07544 -0.30405 -0.31981 -0.54852 -0.10990 0.60425 -0.45080 -1.41062 -0.74606 0.05949 0.26287 -0.82621 0.16091 
1.31849 -1.58129 0.19877 -1.55447 1.54865 -2.37325 1.53013 -1.07987 -2.12775 -1.43419 0.50445 -1.60936 -0.38988 0.01469 0.19336 -0.27832 0.29819 0.32317 0.52925 -0.13912 -1.06495 -0.58287 -0.16890 0.10993 -0.76416 0.25133 0.27164 0.04577 -0.39708 0.15976 -1.26381 1.72961 -0.30612 -0.49801 0.73171 -0.41005 0.86371 -0.43707 0.48486 
1.43979 -1.38769 0.03115 -1.43972 1.76952 -1.53851 1.42890 -1.71143 -2.21558 -1.48966 0.75103 -1.63083 -0.25073 0.20842 0.32555 -0.37252 0.67465 -0.39217 1.25945 0.34678 -0.87028 0.10768 0.14138 0.31986 -0.46593 1.00832 0.09022 0.21132 0.19359 0.37422 -0.91737 -0.19854 0.49902 0.43423 1.02380 0.52607 -0.66656 1.04193 0.84203 
1.52691 -1.25574 -0.17375 -0.87982 1.15649 -1.11380 1.87690 -1.95016 -2.02007 -1.29281 0.82430 -2.07529 0.61844 0.10491 0.40468 -0.08473 0.67241 -0.59420 0.33071 0.35990 -0.63072 0.44094 0.35717 -0.55663 0.27777 1.09336 -0.21565 0.27078 0.51663 -0.67759 0.55126 -1.02398 -0.62826 0.31019 0.26400 0.11659 -1.35436 1.14153 -0.56358 
1.54470 -0.98302 -0.05358 -0.76730 1.17532 -1.20780 1.78881 -2.34215 -1.77465 -1.13250 0.19440 -1.35306 0.84262 -0.00723 0.59633 0.14411 -0.00294 0.15909 0.23547 -0.28148 -0.56010 0.37168 0.25796 -1.03451 0.67560 0.44474 -0.14489 0.20496 0.30655 -0.50330 0.80762 0.41808 -0.38059 0.62052 -0.27953 -0.23664 0.57778 -0.27386 -0.49783 
1.51968 -0.65942 -0.02965 -0.88276 1.31558 -0.87833 1.59542 -2.51026 -1.64839 -1.03485 -0.21020 -1.39968 1.06318 -0.03998 0.60963 0.22182 0.16911 0.21342 0.74879 -0.02069 -0.01020 0.16141 0.12052 0.02115 0.00391 0.59552 -0.05914 -0.09272 0.05891 0.45772 0.30974 0.10701 0.48763 0.37836 -0.34012 -0.32793 0.53300 0.23299 0.13747 
1.50472 -0.37339 0.16824 -0.59819 1.38874 -0.45901 1.76812 -2.35234 -1.61324 -1.01197 0.21554 -1.34915 1.43815 -0.06637 0.50361 0.20302 0.45478 0.46883 0.34249 0.20615 -0.18174 0.03156 -0.06996 -0.50150 0.90859 0.58221 -0.20362 0.01586 0.01599 0.12938 0.22073 -0.82995 -0.86597 -0.18178 0.01363 -0.51933 -0.83865 0.58383 -0.59581 
1.45331 -0.15581 0.17337 -0.42799 1.78441 -0.53585 1.80158 -2.69200 -1.61683 -1.10481 -0.71170 -0.49109 1.64538 -0.24360 0.62549 0.23781 0.29849 0.43415 -0.08116 -0.88666 -0.19198 0.17504 -0.39881 -0.81750 0.58774 -0.00029 -0.24561 0.15600 0.18966 0.00172 -0.02871 -0.02052 -1.21539 0.65834 0.66963 0.23406 0.44067 -1.76234 -1.09810 
1.26112 0.25210 0.40605 -0.29970 1.82290 -0.54017 0.88147 -2.54432 -1.43820 -1.41078 -0.60196 -0.76141 1.43786 -0.31198 0.65960 0.39268 0.45650 0.44012 0.32197 -1.00924 0.47660 0.70119 0.16410 -0.06084 -0.85374 -0.51590 0.02712 -0.56399 0.13600 0.13111 -0.21432 0.40304 0.96232 1.21623 0.32575 0.24311 0.22433 -0.82977 -0.56459 
1.14134 0.50380 0.56605 0.02851 2.22453 -0.21388 0.79234 -2.21540 -0.91564 -0.94071 -0.77254 -1.34483 1.12949 -0.21648 0.06149 0.37381 0.42960 0.21983 0.32188 0.07567 1.02425 0.50079 -0.15570 -0.59317 -0.24203 -0.56487 0.14943 -0.72423 -0.33397 -0.25782 -0.38558 -0.50056 0.33895 -0.29731 -0.56598 -0.68015 0.03015 0.52318 -1.01287 
1.04464 0.31359 0.77986 0.12990 2.04272 -0.21829 0.95714 -1.52008 -0.93741 -1.56649 -1.19513 -1.00344 0.87299 -0.16255 -0.06463 0.05870 0.19868 0.05453 -0.17859 -0.67029 0.17929 0.13521 -0.51606 -0.03069 -0.33057 -1.52877 -0.02351 0.06538 -0.47668 -0.40116 -0.30692 -0.44353 -0.77295 -1.44423 -0.33403 0.41093 1.19639 -0.05809 -0.76919 
0.97879 0.43917 0.62476 0.22719 2.27906 -0.39247 0.12204 -2.03611 -0.78043 -1.45677 -0.80323 -1.67540 -0.39929 -0.23999 0.12687 -0.10287 0.02844 -0.08709 -0.12165 -0.69728 -0.41998 0.16676 0.25523 0.60322 -0.30012 -1.33406 -0.46409 -0.13093 -0.02155 -0.19226 -0.98553 0.65636 1.15446 0.82037 -0.35481 0.51181 0.05038 0.44310 1.27100 
0.80465 0.44046 0.67699 0.15833 1.95563 -0.33994 0.25985 -1.94006 -0.77065 -1.31125 -0.59192 -1.30357 -0.46108 -0.62664 -0.19556 0.03716 0.00642 -0.93099 0.47777 0.48417 0.99966 -0.21960 -0.00425 0.01969 0.11253 -0.25777 -0.47859 -0.59322 -0.16178 -0.12793 -1.23397 0.23124 0.09739 1.64706 1.10532 1.06284 0.03290 0.76384 1.69145 
0.35215 0.24360 0.66191 0.23361 1.34807 0.08530 0.60622 -1.03645 -1.00003 -1.46102 -0.78353 -1.56287 -0.65706 -0.71858 -0.46635 -0.26465 -0.09949 -1.32106 0.10959 -0.59989 1.22708 1.27208 1.31807 0.63611 0.46372 0.35738 0.19696 -0.30042 -0.56898 -0.27402 0.10369 -0.76358 -0.78854 -0.42400 1.16981 1.15063 0.28300 0.32390 1.31623 
0.08607 -0.02589 0.41234 0.05884 0.63457 -0.23035 -0.34003 -0.71298 0.50143 0.00682 0.04420 -0.83985 -0.10370 -0.42968 -0.49598 -0.53182 -0.26761 -0.82730 -0.28581 -0.30437 0.57566 0.95021 1.14638 0.30270 0.43644 1.05846 0.61392 0.42685 -0.09847 -0.16423 1.02377 -0.01876 1.49028 -0.42470 -1.66637 -1.37970 -0.85335 0.11070 -0.15964 
-0.07754 -0.25237 0.13009 -0.03400 0.52077 -0.20051 0.30184 -0.46079 -0.04982 -0.31465 -0.48084 -1.12644 0.40140 -0.10466 -0.03950 -0.36312 -0.26372 -0.29730 0.09083 0.89039 0.80238 -0.39429 -0.06163 -0.21723 0.57442 0.19775 0.40608 0.58634 0.50336 0.01774 0.46780 0.25783 0.04429 -0.46190 -0.88540 -0.65805 0.29554 0.58640 -1.17394 
-0.01859 -0.06539 0.04922 -0.20487 0.33727 -0.13952 0.55035 0.08940 0.10714 -0.05481 -0.17304 -0.26543 0.09405 -0.02361 0.09036 -0.02846 -0.24987 -0.35950 -0.02798 -0.26008 0.11376 0.06481 0.48833 0.59824 1.02284 -0.11549 0.10041 -0.08243 0.36762 0.57062 0.57592 -0.01620 -0.90124 -1.25321 0.03648 -0.18818 0.28880 -0.43269 -0.32418 
-0.10114 -0.16202 0.10163 -0.28386 0.16127 -0.22849 0.04176 -0.34703 0.01499 0.17368 0.11740 -0.10360 0.28591 -0.00425 -0.12193 0.00450 0.30690 0.27862 0.07463 -0.01085 -0.45083 -0.35781 -0.24981 0.07156 0.14173 -0.12643 0.11017 0.07372 0.21138 0.76725 0.55972 0.03825 0.40703 -0.35495 0.06417 -1.02717 -1.29420 -1.34086 -0.02749 
-0.02284 -0.18733 0.05372 0.10202 0.61589 -0.06490 0.53950 -0.36144 -0.25068 -0.30462 -0.10147 -0.12370 -0.03238 0.08657 0.16408 0.18292 0.51738 0.20022 0.01027 0.14695 -0.24119 0.12898 -0.53885 -0.69596 -0.31802 -0.14298 -0.00584 0.25809 -0.08087 -0.33916 -0.81533 -0.15988 -0.35483 0.57249 0.78798 0.40443 0.29249 -0.05452 0.73783 
-0.01458 0.00207 0.28455 0.23352 0.36148 -0.21822 0.18871 -0.58823 0.14397 -0.36517 -0.57856 -0.42162 0.14293 -0.01009 0.13615 -0.07637 -0.03226 -0.53671 -0.08525 -0.36568 0.12166 0.43017 0.15461 0.36406 0.08721 0.61140 -0.03773 -0.28135 -0.42815 -0.67470 -0.20840 0.13759 0.39139 0.82705 0.13565 1.12892 1.38187 0.69814 0.43352 
-0.03294 -0.05118 -0.02265 0.06976 0.07918 -0.15015 0.17382 -0.23978 0.17949 -0.15001 0.26258 -0.03649 0.57903 0.04883 -0.11727 -0.24524 -0.15732 -0.00818 0.14786 0.53834 0.58585 0.26463 0.59007 0.68592 0.38012 0.29053 -0.06071 -0.20066 0.21711 -0.27816 0.60071 0.07908 0.53012 0.03409 -0.48331 -0.06287 -0.51494 0.16792 -0.56900 
0.03426 -0.11520 0.03931 0.07619 0.35331 -0.07036 0.72705 -0.00237 0.40860 0.22490 0.10736 -0.04150 0.43346 -0.07080 -0.06451 0.14074 -0.31042 0.06400 -0.00617 0.16444 0.15575 -0.05314 0.09174 -0.15089 0.25513 0.04241 -0.20492 -0.60765 0.30747 0.12657 0.47133 -0.54952 -1.10690 -1.26598 -0.48070 -1.05649 -0.44693 0.02861 0.44181 
-0.10374 -0.11568 0.11809 -0.24065 0.14318 -0.15632 0.33825 -0.08402 0.12635 -0.05827 0.11170 0.21864 0.62143 -0.15608 -0.72492 0.06224 -0.03075 0.46315 -0.40166 -0.56857 -0.68012 -0.21607 -0.46642 0.23898 0.40873 0.73234 0.11451 -0.74958 -0.26068 0.46673 0.85016 -0.13462 -0.48343 -0.27912 0.34040 -0.61916 0.41685 -0.87785 0.47861 
-0.12183 -0.84012 0.10155 0.04544 0.81646 -0.47201 0.15848 -0.68250 0.19253 -0.24151 0.34634 0.36723 1.16580 0.04371 -0.81409 -0.11994 0.15631 0.91416 -0.14079 -0.31899 -0.12337 0.28727 -0.52742 0.26597 -0.62272 0.52102 0.14811 1.34212 -0.16687 -0.12153 -0.69111 0.96117 0.96514 0.58961 0.07190 0.75717 0.26123 -1.00003 -1.96406 
-0.06003 -0.92977 -0.00185 -0.08434 1.05734 -0.29711 0.01926 -0.20739 0.41362 -0.58568 0.37766 -0.40407 1.14245 -0.00797 0.61721 -0.10464 -0.15228 -0.22796 0.55951 0.39658 -0.09052 -0.14417 0.29075 0.50022 -0.59131 -1.23172 -0.06859 1.54304 0.18590 -0.26871 -1.28528 0.21867 0.41291 0.18969 -0.28729 1.33949 -0.29076 1.52608 -0.36405 
-0.12980 -0.22291 -0.00309 -0.10684 0.58850 0.08750 0.55506 -0.77301 0.04837 0.04924 0.84656 -0.22408 -0.06592 -0.02489 0.72895 0.06596 -0.11240 -0.37112 0.07788 0.09392 0.06632 -0.00002 0.81207 -0.02479 0.90336 0.15697 0.07620 -0.55633 0.25197 -0.11040 -0.04016 -1.16085 -0.51999 0.56929 0.10621 -0.89116 -1.81667 0.51797 1.95806 
-0.08492 -0.20082 0.06411 -0.19674 0.68622 -0.21923 0.11318 -0.14107 0.41359 0.22639 0.35287 0.49929 1.29942 0.06823 0.06087 0.14733 -0.26269 -0.26811 -0.60134 -0.12341 0.47877 -0.03796 -0.60041 -1.31645 -0.07334 0.72634 -0.00242 -0.69519 0.18087 0.36271 -0.03776 -0.17027 -0.11534 -0.14522 -0.19601 -0.99194 -0.50341 -1.68936 -1.31984 
-0.06158 -0.16203 0.14424 -0.36953 0.32039 -0.51384 0.43165 -0.29424 0.01041 -0.55117 -0.46989 -0.29741 0.66042 -0.02730 0.03376 0.24682 0.25031 -0.40889 -0.09239 -0.02142 -0.07889 -0.19603 -0.17987 -0.52820 -0.78600 -1.16287 -0.16270 -0.20276 -0.22276 0.58259 0.57053 0.72411 -0.50041 -0.63814 0.26825 1.07593 1.87582 0.07297 -1.33324 
-0.11222 -0.16706 0.31093 0.05357 0.27733 -0.31161 0.09176 -0.21996 0.21756 0.04652 -0.17534 -0.28671 0.13655 -0.09448 -0.14189 -0.07543 0.31991 0.30241 0.12278 -0.62383 -0.15936 0.23029 0.47552 0.55936 -0.00037 -0.60690 0.12340 0.04987 -0.44914 -0.39257 0.24292 0.30901 0.26208 0.19920 0.07127 -0.08154 0.70288 1.18081 1.09822 
-0.15605 -0.30392 0.06881 -0.04962 0.62280 -0.39106 -0.19218 -0.45360 0.24070 -0.07565 0.08947 -0.29778 0.05353 0.09610 0.08363 -0.20232 -0.14226 -0.16597 0.21662 0.24065 0.12031 -0.12476 -0.26141 0.17467 0.39481 -0.06465 0.20865 0.39452 0.02960 -0.34030 -0.73977 0.09382 0.72230 0.18270 -0.41047 -0.61229 -0.57253 0.01023 0.77260 
-0.01612 -0.08342 0.10862 -0.08869 0.11136 -0.09499 0.33241 -0.09965 0.09280 -0.21489 -0.00067 0.10810 0.07190 0.11418 0.25264 -0.04583 -0.02039 -0.43736 0.21659 0.09847 0.02333 -0.18018 -0.13676 -0.01317 0.00987 0.16571 -0.07524 -0.01640 0.13098 0.12850 0.21163 -0.30339 -0.40935 -0.20855 0.06858 0.36677 -0.07231 -0.45674 0.24136 
-0.04187 -0.05129 0.02298 -0.07001 0.18544 -0.17447 -0.09370 -0.43027 0.06052 -0.21241 0.07630 -0.28791 0.21923 0.02086 0.06724 -0.07134 -0.01376 0.04566 -0.08677 -0.16869 -0.08824 -0.05618 0.10536 0.10237 -0.06193 0.17671 -0.05408 -0.24859 0.09051 0.04229 0.35422 -0.09096 0.14256 0.27080 0.20592 0.22822 0.04196 0.13190 -0.25676 
0.00474 -0.01619 0.03728 -0.10245 0.15702 -0.18176 0.16372 -0.18789 0.03663 -0.10953 0.10170 0.04617 0.24861 0.06009 0.00404 0.04468 0.02190 -0.08314 0.12563 0.24104 0.29413 0.02574 0.09146 0.02878 0.14176 -0.09106 -0.04262 -0.06627 0.07211 0.06448 -0.16078 0.22530 0.15142 0.15471 0.04138 -0.11751 -0.12552 -0.11142 -0.35574 
0.01822 -0.04725 0.06766 -0.04812 0.10230 -0.04883 0.14733 -0.13614 0.08626 -0.12096 0.10508 -0.14615 0.12818 -0.02176 0.00097 0.00077 0.05073 -0.11512 0.13853 -0.01727 0.06648 -0.01479 -0.01215 -0.02316 -0.17335 -0.17904 -0.06834 0.01509 -0.07537 -0.01809 0.02759 -0.12547 -0.32531 -0.26002 -0.04357 -0.01296 -0.03827 -0.05916 0.06140 
-0.01702 -0.01522 0.03806 -0.05172 0.04190 -0.04323 0.14645 -0.12142 0.02183 -0.12167 0.07854 -0.12718 0.06957 -0.00824 0.01913 -0.03069 0.00381 -0.05555 0.00017 -0.08427 0.03411 -0.01783 0.07849 -0.00948 0.08261 -0.02966 0.07394 -0.05882 0.06387 -0.10189 0.25399 -0.22639 0.06301 -0.17114 0.13214 -0.01898 0.12284 0.09165 0.34228 
0.00997 -0.02812 0.03697 -0.04431 0.04674 -0.04867 0.06306 -0.10202 0.06843 -0.04246 0.09560 -0.06354 0.09852 0.05218 -0.05785 0.06465 -0.05117 0.13887 -0.08786 0.04574 -0.10467 0.11735 -0.03113 0.09968 -0.08170 0.16325 0.00518 -0.04481 0.03032 0.02978 0.09650 -0.01293 0.04449 0.00634 0.05521 -0.12156 -0.07383 -0.11241 0.14989 
0.03515 -0.07308 0.10270 -0.10289 0.18077 -0.13109 0.19220 -0.22608 0.13918 -0.15280 0.17823 -0.20888 0.23281 -0.00307 -0.02568 -0.00037 0.03359 0.04094 -0.01276 -0.03978 0.04045 0.03738 -0.04307 -0.08331 -0.02981 0.12024 -0.07376 0.10002 -0.12465 0.09844 -0.30362 0.17259 -0.14338 0.24335 -0.18563 0.14952 -0.21395 0.21142 -0.28965 
0.00691 -0.05380 0.03660 -0.01072 0.08769 -0.06143 0.02328 -0.06157 0.10581 -0.08554 0.01229 -0.09335 0.21876 -0.02158 0.04217 -0.06000 0.04727 -0.16475 0.08473 -0.09763 0.13869 -0.06828 0.11839 -0.11426 0.12971 -0.12641 0.00794 0.04986 0.00097 -0.05948 -0.05893 0.03092 0.08056 -0.05502 -0.08439 0.06045 0.13866 0.03659 -0.21717 
0.01357 -0.03091 0.04270 -0.05561 0.01601 -0.04637 0.09456 -0.08740 0.07090 -0.03442 0.06397 -0.07917 0.10640 0.00487 0.02418 0.00060 -0.02589 -0.01799 0.01816 0.04078 -0.01456 -0.04701 0.01738 0.05535 0.00678 -0.09693 0.01991 -0.04219 0.05098 -0.02565 0.23026 -0.08922 0.06133 -0.11846 0.05891 -0.15332 0.10971 -0.13282 0.14097 
